TITLE = "1D Euler Filtered MacCormack Result"
VARIABLES = "x", "rho", "u", "p", "E", "rho_conserved", "rhou", "rhoE", "nu"
ZONE T="t=0.15000000", I=501, F=POINT
0.0000000000 0.6842308216 -1.1357072039 2.3515961379 9.2370310676 0.6842308216 -0.7770858733 6.3202613568 0.0000000000
0.0020000000 0.6842308216 -1.1357072039 2.3515961379 9.2370310676 0.6842308216 -0.7770858733 6.3202613568 0.1009411569
0.0040000000 0.6802500723 -1.1228259169 2.3323867833 9.2021681209 0.6802500723 -0.7638024111 6.2597755294 0.0106517044
0.0060000000 0.6770031653 -1.1123784511 2.3168781528 9.1743329407 0.6770031653 -0.7530837324 6.2110524400 0.0041330965
0.0080000000 0.6734935921 -1.1009335512 2.3000129484 9.1436473558 0.6734935921 -0.7414716920 6.1581879024 0.0031343295
0.0100000000 0.6701643823 -1.0901257762 2.2841748923 9.1151371597 0.6701643823 -0.7305634675 6.1086402644 0.0016092918
0.0120000000 0.6667456046 -1.0788921557 2.2678158213 9.0853066222 0.6667456046 -0.7193466027 6.0575882568 0.0015884467
0.0140000000 0.6634022357 -1.0679428873 2.2519686672 9.0566885916 0.6634022357 -0.7084756990 6.0082274599 0.0005862474
0.0160000000 0.6600359272 -1.0567998281 2.2359328813 9.0273946600 0.6600359272 -0.6975258544 5.9584048047 0.0009093921
0.0180000000 0.6567017962 -1.0457873078 2.2201856676 8.9988668962 0.6567017962 -0.6867704035 5.9095720546 0.0001153761
0.0200000000 0.6533729526 -1.0346833920 2.2044007632 8.9699803678 0.6533729526 -0.6760341429 5.8607425580 0.0006011103
0.0220000000 0.6500588384 -1.0236383550 2.1888037766 8.9416318283 0.6500588384 -0.6654251600 5.8125867995 0.0001034095
0.0240000000 0.6467612162 -1.0125499886 2.1732380317 8.9130939242 0.6467612162 -0.6548780621 5.7646434664 0.0004440052
0.0260000000 0.6434709910 -1.0014895066 2.1578091797 8.8849655897 0.6434709910 -0.6444294452 5.7172176128 0.0001980553
0.0280000000 0.6402003164 -0.9904106884 2.1424404682 8.8567461433 0.6402003164 -0.6340612360 5.6700916831 0.0003643295
0.0300000000 0.6369346014 -0.9793465619 2.1271825306 8.8288571101 0.6369346014 -0.6237797121 5.6234045846 0.0002463783
0.0320000000 0.6336887937 -0.9682755963 2.1119987012 8.8009393417 0.6336887937 -0.6135853946 5.5770566348 0.0003319320
0.0340000000 0.6304481542 -0.9572121358 2.0969144473 8.7733015650 0.6304481542 -0.6034726243 5.5311117782 0.0002767139
0.0360000000 0.6272269923 -0.9461459887 2.0819125259 8.7456785946 0.6272269923 -0.5934483027 5.4855256803 0.0003210118
0.0380000000 0.6240123068 -0.9350831538 2.0670057037 8.7182997800 0.6240123068 -0.5835033959 5.4403263571 0.0002947238
0.0400000000 0.6208161801 -0.9240190699 2.0521855860 8.6909685266 0.6208161801 -0.5736459893 5.3954938817 0.0003170104
0.0420000000 0.6176279239 -0.9129562665 2.0374582396 8.6638548501 0.6176279239 -0.5638672835 5.3510386839 0.0003044222
0.0440000000 0.6144571161 -0.9018928929 2.0228194003 8.6368135151 0.6144571161 -0.5541745061 5.3069515250 0.0003153521
0.0460000000 0.6112954932 -0.8908300332 2.0082717187 8.6099680560 0.6112954932 -0.5445603846 5.2632346695 0.0003097130
0.0480000000 0.6081500073 -0.8797670174 1.9938129961 8.5832170376 0.6081500073 -0.5350303180 5.2198835037 0.0003150114
0.0500000000 0.6050150714 -0.8687043327 1.9794442105 8.5566413813 0.6050150714 -0.5255792139 5.1768969965 0.0003128992
0.0520000000 0.6018949302 -0.8576417748 1.9651641982 8.5301802185 0.6018949302 -0.5162102362 5.1342722272 0.0003155594
0.0540000000 0.5987865009 -0.8465796008 1.9509731638 8.5038776799 0.5987865009 -0.5069204369 5.0920071600 0.0003151008
0.0560000000 0.5956918654 -0.8355177787 1.9368704222 8.4777040000 0.5956918654 -0.4977111442 5.0500993104 0.0003166358
0.0580000000 0.5926096524 -0.8244564829 1.9228558520 8.4516788451 0.5926096524 -0.4885808697 5.0085464627 0.0003168821
0.0600000000 0.5895406838 -0.8133957476 1.9089289693 8.4257903562 0.5895406838 -0.4795298852 4.9673462080 0.0003179834
0.0620000000 0.5864844521 -0.8023357169 1.8950895278 8.4000459275 0.5864844521 -0.4705574233 4.9264963334 0.0003185230
0.0640000000 0.5834412230 -0.7912764569 1.8813371257 8.3744416284 0.5834412230 -0.4616633038 4.8859944658 0.0003194689
0.0660000000 0.5804108296 -0.7802180997 1.8676714717 8.3489799960 0.5804108296 -0.4528470345 4.8458384055 0.0003201461
0.0680000000 0.5773933407 -0.7691607319 1.8540922010 8.3236599569 0.5773933407 -0.4441082845 4.8060258291 0.0003210422
0.0700000000 0.5743887011 -0.7581044821 1.8405990075 8.2984824353 0.5743887011 -0.4354466487 4.7665545468 0.0003218021
0.0720000000 0.5713969210 -0.7470494531 1.8271915475 8.2734472594 0.5713969210 -0.4268617573 4.7274222900 0.0003226922
0.0740000000 0.5684179783 -0.7359957750 1.8138695117 8.2485548721 0.5684179783 -0.4183532305 4.6886268844 0.0003235156
0.0760000000 0.5654518683 -0.7249435650 1.8006325721 8.2238053757 0.5654518683 -0.4099206932 4.6501661145 0.0003244231
0.0780000000 0.5624985791 -0.7138929587 1.7874804218 8.1991990763 0.5624985791 -0.4015637749 4.6120378303 0.0003253043
0.0800000000 0.5595581036 -0.7028440870 1.7744127465 8.1747361679 0.5595581036 -0.3932821044 4.5742398671 0.0003262453
0.0820000000 0.5566304339 -0.6917970945 1.7614292461 8.1504169223 0.5566304339 -0.3850753169 4.5367701080 0.0003271849
0.0840000000 0.5537155643 -0.6807521263 1.7485296191 8.1262415736 0.5537155643 -0.3769430478 4.4996264383 0.0003281726
0.0860000000 0.5508134899 -0.6697093389 1.7357135750 8.1022103914 0.5508134899 -0.3688849382 4.4628067815 0.0003291754
0.0880000000 0.5479242073 -0.6586688927 1.7229808259 8.0783236355 0.5479242073 -0.3609006309 4.4263090743 0.0003302224
0.0900000000 0.5450477147 -0.6476309590 1.7103310937 8.0545815873 0.5450477147 -0.3529897742 4.3901312872 0.0003312966
0.0920000000 0.5421840118 -0.6365957157 1.6977641052 8.0309845298 0.5421840118 -0.3451520191 4.3542714114 0.0003324157
0.0940000000 0.5393331003 -0.6255633518 1.6852795970 8.0075327625 0.5393331003 -0.3373870219 4.3187274707 0.0003335723
0.0960000000 0.5364949836 -0.6145340652 1.6728773129 7.9842265933 0.5364949836 -0.3296944432 4.2834975154 0.0003347780
0.0980000000 0.5336696675 -0.6035080659 1.6605570066 7.9610663460 0.5336696675 -0.3220739488 4.2485796295 0.0003360307
0.1000000000 0.5308571597 -0.5924855753 1.6483184413 7.9380523575 0.5308571597 -0.3145252097 4.2139719281 0.0003373394
0.1020000000 0.5280574709 -0.5814668282 1.6361613910 7.9151849811 0.5280574709 -0.3070479027 4.1796725626 0.0003387057
0.1040000000 0.5252706141 -0.5704520734 1.6240856411 7.8924645868 0.5252706141 -0.2996417109 4.1456797205 0.0003401372
0.1060000000 0.5224966056 -0.5594415753 1.6120909896 7.8698915646 0.5224966056 -0.2923063242 4.1119916292 0.0003416381
0.1080000000 0.5197354648 -0.5484356148 1.6001772477 7.8474663248 0.5197354648 -0.2850414392 4.0786065577 0.0003432161
0.1100000000 0.5169872145 -0.5374344913 1.5883442414 7.8251893007 0.5169872145 -0.2778467606 4.0455228198 0.0003448776
0.1120000000 0.5142518817 -0.5264385240 1.5765918124 7.8030609503 0.5142518817 -0.2707220015 4.0127387765 0.0003466311
0.1140000000 0.5115294972 -0.5154480540 1.5649198196 7.7810817592 0.5115294972 -0.2636668839 3.9802528402 0.0003484853
0.1160000000 0.5088200968 -0.5044634461 1.5533281407 7.7592522435 0.5088200968 -0.2566811395 3.9480634778 0.0003504502
0.1180000000 0.5061237212 -0.4934850913 1.5418166736 7.7375729520 0.5061237212 -0.2497645107 3.9161692153 0.0003525369
0.1200000000 0.5034404166 -0.4825134090 1.5303853389 7.7160444700 0.5034404166 -0.2429167516 3.8845686421 0.0003547577
0.1220000000 0.5007702353 -0.4715488503 1.5190340811 7.6946674229 0.5007702353 -0.2361376287 3.8532604163 0.0003571266
0.1240000000 0.4981132366 -0.4605919005 1.5077628717 7.6734424808 0.4981132366 -0.2294269223 3.8222432702 0.0003596593
0.1260000000 0.4954694869 -0.4496430834 1.4965717114 7.6523703623 0.4954694869 -0.2227844278 3.7915160171 0.0003623733
0.1280000000 0.4928390609 -0.4387029643 1.4854606334 7.6314518401 0.4928390609 -0.2162099569 3.7610775580 0.0003652887
0.1300000000 0.4902220423 -0.4277721555 1.4744297062 7.6106877467 0.4902220423 -0.2097033397 3.7309268904 0.0003684281
0.1320000000 0.4876185249 -0.4168513203 1.4634790378 7.5900789816 0.4876185249 -0.2032644259 3.7010631167 0.0003718168
0.1340000000 0.4850286136 -0.4059411795 1.4526087797 7.5696265181 0.4850286136 -0.1968930875 3.6714854552 0.0003754841
0.1360000000 0.4824524256 -0.3950425172 1.4418191314 7.5493314115 0.4824524256 -0.1905892206 3.6421932511 0.0003794632
0.1380000000 0.4798900921 -0.3841561884 1.4311103462 7.5291948091 0.4798900921 -0.1843527486 3.6131859902 0.0003837921
0.1400000000 0.4773417595 -0.3732831272 1.4204827374 7.5092179608 0.4773417595 -0.1781836247 3.5844633139 0.0003885144
0.1420000000 0.4748075916 -0.3624243561 1.4099366848 7.4894022323 0.4748075916 -0.1720818356 3.5560250362 0.0003936802
0.1440000000 0.4722877714 -0.3515809969 1.3994726430 7.4697491179 0.4722877714 -0.1660474055 3.5278711636 0.0003993471
0.1460000000 0.4697825038 -0.3407542831 1.3890911506 7.4502602571 0.4697825038 -0.1600804003 3.5000019175 0.0004055821
0.1480000000 0.4672920182 -0.3299455740 1.3787928407 7.4309374536 0.4672920182 -0.1541809332 3.4724177599 0.0004124626
0.1500000000 0.4648165717 -0.3191563710 1.3685784528 7.4117826969 0.4648165717 -0.1483491702 3.4451194233 0.0004200790
0.1520000000 0.4623564527 -0.3083883367 1.3584488470 7.3927981864 0.4623564527 -0.1425853374 3.4181079450 0.0004285368
0.1540000000 0.4599119854 -0.2976433165 1.3484050203 7.3739863598 0.4599119854 -0.1368897286 3.3913847070 0.0004379595
0.1560000000 0.4574835345 -0.2869233641 1.3384481249 7.3553499268 0.4574835345 -0.1312627147 3.3649514821 0.0004484921
0.1580000000 0.4550715111 -0.2762307711 1.3285794907 7.3368919080 0.4550715111 -0.1257047544 3.3388104874 0.0004603061
0.1600000000 0.4526763793 -0.2655681014 1.3188006503 7.3186156798 0.4526763793 -0.1202164066 3.3129644472 0.0004736041
0.1620000000 0.4502986641 -0.2549382318 1.3091133690 7.3005250258 0.4502986641 -0.1147983452 3.2874166660 0.0004886270
0.1640000000 0.4479389606 -0.2443443988 1.2995196795 7.2826241995 0.4479389606 -0.1094513760 3.2621711142 0.0005056622
0.1660000000 0.4455979448 -0.2337902547 1.2900219234 7.2649179969 0.4455979448 -0.1041764570 3.2372325288 0.0005250531
0.1680000000 0.4432763864 -0.2232799327 1.2806227988 7.2474118413 0.4432763864 -0.0989747217 3.2126065317 0.0005472120
0.1700000000 0.4409751634 -0.2128181241 1.2713254175 7.2301118825 0.4409751634 -0.0938475070 3.1882997689 0.0005726358
0.1720000000 0.4386952802 -0.2024101695 1.2621333714 7.2130251153 0.4386952802 -0.0887963860 3.1643200744 0.0006019249
0.1740000000 0.4364378882 -0.1920621662 1.2530508122 7.1961595186 0.4364378882 -0.0838232062 3.1406766637 0.0006358072
0.1760000000 0.4342043103 -0.1817810952 1.2440825434 7.1795242192 0.4342043103 -0.0789301350 3.1173803618 0.0006751678
0.1780000000 0.4319960697 -0.1715749706 1.2352341306 7.1631296837 0.4319960697 -0.0741197130 3.0944438704 0.0007210856
0.1800000000 0.4298149244 -0.1614530161 1.2265120293 7.1469879436 0.4298149244 -0.0693949159 3.0718820824 0.0007748778
0.1820000000 0.4276629060 -0.1514258705 1.2179237347 7.1311128588 0.4276629060 -0.0647592278 3.0497124480 0.0008381561
0.1840000000 0.4255423664 -0.1415058274 1.2094779559 7.1155204222 0.4255423664 -0.0602167247 3.0279553984 0.0009128928
0.1860000000 0.4234560302 -0.1317071112 1.2011848143 7.1002291081 0.4234560302 -0.0557721705 3.0066348316 0.0010015015
0.1880000000 0.4214070547 -0.1220461896 1.1930560691 7.0852602633 0.4214070547 -0.0514311253 2.9857786591 0.0011069306
0.1900000000 0.4193990955 -0.1125421208 1.1851053642 7.0706385391 0.4193990955 -0.0472000637 2.9654194082 0.0012327715
0.1920000000 0.4174363776 -0.1032169267 1.1773484932 7.0563923495 0.4174363776 -0.0430865000 2.9455948610 0.0013833756
0.1940000000 0.4155237659 -0.0940959744 1.1698036649 7.0425543311 0.4155237659 -0.0390991137 2.9263486969 0.0015639758
0.1960000000 0.4136668322 -0.0852083355 1.1624917486 7.0291617588 0.4136668322 -0.0352478622 2.9077310774 0.0017807972
0.1980000000 0.4118719055 -0.0765870701 1.1554364583 7.0162568523 0.4118719055 -0.0315440625 2.8897990795 0.0020411354
0.2000000000 0.4101460928 -0.0682693630 1.1486644197 7.0038868708 0.4101460928 -0.0280004125 2.8726168343 0.0023533679
0.2020000000 0.4084972475 -0.0602964012 1.1422050404 6.9921038543 0.4084972475 -0.0246309139 2.8562551787 0.0027268512
0.2040000000 0.4069338616 -0.0527128581 1.1360900829 6.9809638322 0.4069338616 -0.0214506469 2.8407905698 0.0031716438
0.2060000000 0.4054648481 -0.0455658246 1.1303528234 6.9705252962 0.4054648481 -0.0184753402 2.8263029804 0.0036979906
0.2080000000 0.4040991866 -0.0389030330 1.1250266866 6.9608467456 0.4040991866 -0.0157206840 2.8128725076 0.0043155146
0.2100000000 0.4028454113 -0.0327702717 1.1201432879 6.9519831853 0.4028454113 -0.0132013536 2.8005745258 0.0050320985
0.2120000000 0.4017109494 -0.0272080125 1.1157299042 6.9439816197 0.4017109494 -0.0109297565 2.7894734490 0.0058525093
0.2140000000 0.4007013515 -0.0222474718 1.1118065467 6.9368758546 0.4007013515 -0.0089145920 2.7796155303 0.0067769160
0.2160000000 0.3998195106 -0.0179065802 1.1083829939 6.9306812486 0.3998195106 -0.0071594001 2.7710215849 0.0077995502
0.2180000000 0.3990650050 -0.0141865642 1.1054563112 6.9253903517 0.3990650050 -0.0056613613 2.7636809356 0.0089078140
0.2200000000 0.3984337239 -0.0110699435 1.1030094521 6.9209704848 0.3984337239 -0.0044106388 2.7575480431 0.0100820917
0.2220000000 0.3979179010 -0.0085206047 1.1010114266 6.9173641192 0.3979179010 -0.0033905011 2.7525430110 0.0112963478
0.2240000000 0.3975066078 -0.0064862081 1.0994192180 6.9144923707 0.3975066078 -0.0025783106 2.7485564068 0.0125193176
0.2260000000 0.3971866408 -0.0049026211 1.0981812096 6.9122611765 0.3971866408 -0.0019472556 2.7454577973 0.0137158068
0.2280000000 0.3969436443 -0.0036995578 1.0972414959 6.9105690338 0.3969436443 -0.0014685160 2.7431064561 0.0148474304
0.2300000000 0.3967632518 -0.0028063439 1.0965442656 6.9093148464 0.3967632518 -0.0011134541 2.7413622263 0.0158721000
0.2320000000 0.3966320551 -0.0021568169 1.0960375078 6.9084045452 0.3966320551 -0.0008554627 2.7400946920 0.0167417241
0.2340000000 0.3965382724 -0.0016927283 1.0956755680 6.9077556416 0.3965382724 -0.0006712315 2.7391894880 0.0173979112
0.2360000000 0.3964720854 -0.0013654752 1.0954204247 6.9072994858 0.3964720854 -0.0005413728 2.7385514313 0.0177660526
0.2380000000 0.3964256842 -0.0011363653 1.0952418476 6.9069815210 0.3964256842 -0.0004504844 2.7381048750 0.0177493595
0.2400000000 0.3963931045 -0.0009758344 1.0951167572 6.9067601089 0.3963931045 -0.0003868140 2.7377920817 0.0172268660
0.2420000000 0.3963699482 -0.0008620737 1.0950281373 6.9066045566 0.3963699482 -0.0003417001 2.7375704905 0.0160635658
0.2440000000 0.3963530637 -0.0007794525 1.0949637965 6.9064928777 0.3963530637 -0.0003089384 2.7374096116 0.0141453469
0.2460000000 0.3963402394 -0.0007170004 1.0949151803 6.9064096466 0.3963402394 -0.0002841761 2.7372880527 0.0114496495
0.2480000000 0.3963299397 -0.0006671002 1.0948763499 6.9063441553 0.3963299397 -0.0002643918 2.7371909628 0.0081423912
0.2500000000 0.3963210975 -0.0006244574 1.0948431777 6.9062889629 0.3963210975 -0.0002474856 2.7371080214 0.0046496917
0.2520000000 0.3963129683 -0.0005853790 1.0948127850 6.9062388808 0.3963129683 -0.0002319933 2.7370320305 0.0016247556
0.2540000000 0.3963050518 -0.0005473833 1.0947832376 6.9061904237 0.3963050518 -0.0002169308 2.7369581535 0.0002273053
0.2560000000 0.3962970805 -0.0005091437 1.0947535015 6.9061417307 0.3962970805 -0.0002017722 2.7368838052 0.0004093607
0.2580000000 0.3962890503 -0.0004706407 1.0947235615 6.9060927769 0.3962890503 -0.0001865098 2.7368089477 0.0010913973
0.2600000000 0.3962812129 -0.0004331243 1.0946943918 6.9060453222 0.3962812129 -0.0001716390 2.7367360168 0.0037644152
0.2620000000 0.3962739579 -0.0003985285 1.0946674995 6.9060020866 0.3962739579 -0.0001579265 2.7366687802 0.0066817448
0.2640000000 0.3962676045 -0.0003684384 1.0946441197 6.9059652993 0.3962676045 -0.0001460002 2.7366103261 0.0088418820
0.2660000000 0.3962622519 -0.0003433469 1.0946246363 6.9059356541 0.3962622519 -0.0001360554 2.7365616141 0.0095327510
0.2680000000 0.3962577824 -0.0003226699 1.0946085940 6.9059123315 0.3962577824 -0.0001278604 2.7365215057 0.0085377133
0.2700000000 0.3962539614 -0.0003052447 1.0945950868 6.9058936992 0.3962539614 -0.0001209544 2.7364877354 0.0062035377
0.2720000000 0.3962505373 -0.0002898230 1.0945831415 6.9058780052 0.3962505373 -0.0001148425 2.7364578704 0.0033907697
0.2740000000 0.3962473014 -0.0002753692 1.0945719514 6.9058637980 0.3962473014 -0.0001091143 2.7364298936 0.0012013558
0.2760000000 0.3962441215 -0.0002612293 1.0945610068 6.9058501625 0.3962441215 -0.0001035106 2.7364025306 0.0004861000
0.2780000000 0.3962409632 -0.0002472338 1.0945501757 6.9058368662 0.3962409632 -0.0000979642 2.7363754515 0.0014051138
0.2800000000 0.3962378852 -0.0002336755 1.0945396862 6.9058243256 0.3962378852 -0.0000925911 2.7363492262 0.0033454119
0.2820000000 0.3962349907 -0.0002210680 1.0945299385 6.9058132685 0.3962349907 -0.0000875949 2.7363248560 0.0052594373
0.2840000000 0.3962323561 -0.0002097924 1.0945212296 6.9058042353 0.3962323561 -0.0000831265 2.7363030826 0.0062118256
0.2860000000 0.3962299893 -0.0001998897 1.0945135913 6.9057972894 0.3962299893 -0.0000792023 2.7362839863 0.0058052075
0.2880000000 0.3962278386 -0.0001911043 1.0945068247 6.9057920776 0.3962278386 -0.0000757208 2.7362670689 0.0043093488
0.2900000000 0.3962258267 -0.0001830547 1.0945006323 6.9057880713 0.3962258267 -0.0000725310 2.7362515874 0.0025064067
0.2920000000 0.3962238838 -0.0001753976 1.0944947467 6.9057847963 0.3962238838 -0.0000694967 2.7362368728 0.0013010655
0.2940000000 0.3962219705 -0.0001679390 1.0944890168 6.9057819901 0.3962219705 -0.0000665411 2.7362225476 0.0012352492
0.2960000000 0.3962200861 -0.0001606797 1.0944834432 6.9057796641 0.3962200861 -0.0000636645 2.7362086130 0.0021886929
0.2980000000 0.3962182596 -0.0001537656 1.0944781396 6.9057780342 0.3962182596 -0.0000609247 2.7361953537 0.0034755027
0.3000000000 0.3962165230 -0.0001473592 1.0944732326 6.9057773385 0.3962165230 -0.0000583862 2.7361830859 0.0042781450
0.3020000000 0.3962148878 -0.0001415190 1.0944687679 6.9057776684 0.3962148878 -0.0000560720 2.7361719238 0.0041321418
0.3040000000 0.3962133385 -0.0001361721 1.0944646886 6.9057789307 0.3962133385 -0.0000539532 2.7361617252 0.0031705401
0.3060000000 0.3962118450 -0.0001311706 1.0944608796 6.9057809274 0.3962118450 -0.0000519713 2.7361522025 0.0020123935
0.3080000000 0.3962103785 -0.0001263751 1.0944572323 6.9057834736 0.3962103785 -0.0000500711 2.7361430839 0.0013598727
0.3100000000 0.3962089246 -0.0001217176 1.0944536937 6.9057864860 0.3962089246 -0.0000482256 2.7361342371 0.0015374179
0.3120000000 0.3962074867 -0.0001172188 1.0944502798 6.9057900062 0.3962074867 -0.0000464429 2.7361257023 0.0022925022
0.3140000000 0.3962060782 -0.0001129479 1.0944470449 6.9057941444 0.3962060782 -0.0000447506 2.7361176149 0.0030090245
0.3160000000 0.3962047086 -0.0001089563 1.0944440289 6.9057989846 0.3962047086 -0.0000431690 2.7361100746 0.0031625196
0.3180000000 0.3962033757 -0.0001052357 1.0944412253 6.9058045270 0.3962033757 -0.0000416947 2.7361030653 0.0026726730
0.3200000000 0.3962020668 -0.0001017272 1.0944385883 6.9058107020 0.3962020668 -0.0000403045 2.7360964728 0.0019184346
0.3220000000 0.3962007674 -0.0000983627 1.0944360649 6.9058174282 0.3962007674 -0.0000389714 2.7360901643 0.0014312970
0.3240000000 0.3961994688 -0.0000951036 1.0944336251 6.9058246673 0.3961994688 -0.0000376800 2.7360840645 0.0014955887
0.3260000000 0.3961981710 -0.0000919546 1.0944312726 6.9058324434 0.3961981710 -0.0000364322 2.7360781831 0.0019558372
0.3280000000 0.3961968790 -0.0000889457 1.0944290307 6.9058408160 0.3961968790 -0.0000352400 2.7360725783 0.0023747684
0.3300000000 0.3961955961 -0.0000860977 1.0944269158 6.9058498320 0.3961955961 -0.0000341115 2.7360672911 0.0023981053
0.3320000000 0.3961943196 -0.0000834023 1.0944249214 6.9058594972 0.3961943196 -0.0000330435 2.7360623049 0.0020223806
0.3340000000 0.3961930421 -0.0000808280 1.0944230231 6.9058697871 0.3961930421 -0.0000320235 2.7360575590 0.0015625866
0.3360000000 0.3961917559 -0.0000783436 1.0944211965 6.9058806791 0.3961917559 -0.0000310391 2.7360529925 0.0013668268
0.3380000000 0.3961904574 -0.0000759367 1.0944194321 6.9058921794 0.3961904574 -0.0000300854 2.7360485813 0.0015257267
0.3400000000 0.3961891467 -0.0000736152 1.0944177360 6.9059043237 0.3961891467 -0.0000291655 2.7360443411 0.0018227478
0.3420000000 0.3961878250 -0.0000713923 1.0944161186 6.9059171562 0.3961878250 -0.0000282847 2.7360402976 0.0019526174
0.3440000000 0.3961864912 -0.0000692699 1.0944145815 6.9059307055 0.3961864912 -0.0000274438 2.7360364547 0.0017946820
0.3460000000 0.3961851412 -0.0000672352 1.0944131147 6.9059449815 0.3961851412 -0.0000266376 2.7360327876 0.0014961706
0.3480000000 0.3961837697 -0.0000652705 1.0944117045 6.9059599899 0.3961837697 -0.0000258591 2.7360292620 0.0013102445
0.3500000000 0.3961823727 -0.0000633658 1.0944103430 6.9059757495 0.3961823727 -0.0000251044 2.7360258583 0.0013558723
0.3520000000 0.3961809485 -0.0000615222 1.0944090312 6.9059922974 0.3961809485 -0.0000243739 2.7360225788 0.0015254564
0.3540000000 0.3961794962 -0.0000597457 1.0944077738 6.9060096790 0.3961794962 -0.0000236700 2.7360194352 0.0016128982
0.3560000000 0.3961780137 -0.0000580373 1.0944065716 6.9060279344 0.3961780137 -0.0000229931 2.7360164297 0.0015196165
0.3580000000 0.3961764974 -0.0000563904 1.0944054194 6.9060470957 0.3961764974 -0.0000223405 2.7360135492 0.0013338978
0.3600000000 0.3961749428 -0.0000547954 1.0944043099 6.9060671941 0.3961749428 -0.0000217086 2.7360107754 0.0012208594
0.3620000000 0.3961733459 -0.0000532469 1.0944032388 6.9060882707 0.3961733459 -0.0000210950 2.7360080975 0.0012507449
0.3640000000 0.3961717040 -0.0000517452 1.0944022063 6.9061103781 0.3961717040 -0.0000205000 2.7360055162 0.0013424241
0.3660000000 0.3961700141 -0.0000502925 1.0944012141 6.9061335747 0.3961700141 -0.0000199244 2.7360030358 0.0013661880
0.3680000000 0.3961682729 -0.0000488880 1.0944002617 6.9061579182 0.3961682729 -0.0000193679 2.7360006548 0.0012823981
0.3700000000 0.3961664757 -0.0000475271 1.0943993455 6.9061834657 0.3961664757 -0.0000188287 2.7359983642 0.0011688205
0.3720000000 0.3961646176 -0.0000462048 1.0943984615 6.9062102790 0.3961646176 -0.0000183047 2.7359961542 0.0011221908
0.3740000000 0.3961626938 -0.0000449187 1.0943976079 6.9062384298 0.3961626938 -0.0000177951 2.7359940202 0.0011535863
0.3760000000 0.3961606997 -0.0000436691 1.0943967850 6.9062679992 0.3961606997 -0.0000173000 2.7359919629 0.0011899883
0.3780000000 0.3961586305 -0.0000424563 1.0943959929 6.9062990735 0.3961586305 -0.0000168194 2.7359899826 0.0011663521
0.3800000000 0.3961564804 -0.0000412784 1.0943952302 6.9063317433 0.3961564804 -0.0000163527 2.7359880758 0.0010952454
0.3820000000 0.3961542430 -0.0000401322 1.0943944945 6.9063661053 0.3961542430 -0.0000158985 2.7359862364 0.0010402345
0.3840000000 0.3961519116 -0.0000390154 1.0943937838 6.9064022665 0.3961519116 -0.0000154560 2.7359844599 0.0010364263
0.3860000000 0.3961494790 -0.0000379272 1.0943930979 6.9064403461 0.3961494790 -0.0000150249 2.7359827449 0.0010555928
0.3880000000 0.3961469379 -0.0000368677 1.0943924364 6.9064804744 0.3961469379 -0.0000146050 2.7359810913 0.0010491901
0.3900000000 0.3961442798 -0.0000358357 1.0943917988 6.9065227917 0.3961442798 -0.0000141961 2.7359794973 0.0010078085
0.3920000000 0.3961414956 -0.0000348295 1.0943911836 6.9065674503 0.3961414956 -0.0000137974 2.7359779593 0.0009651142
0.3940000000 0.3961385752 -0.0000338473 1.0943905895 6.9066146177 0.3961385752 -0.0000134082 2.7359764739 0.0009504199
0.3960000000 0.3961355076 -0.0000328881 1.0943900157 6.9066644792 0.3961355076 -0.0000130281 2.7359750395 0.0009546823
0.3980000000 0.3961322812 -0.0000319516 1.0943894621 6.9067172384 0.3961322812 -0.0000126570 2.7359736554 0.0009486619
0.4000000000 0.3961288829 -0.0000310369 1.0943889280 6.9067731191 0.3961288829 -0.0000122946 2.7359723202 0.0009223742
0.4020000000 0.3961252983 -0.0000301430 1.0943884126 6.9068323670 0.3961252983 -0.0000119404 2.7359710317 0.0008936366
0.4040000000 0.3961215114 -0.0000292686 1.0943879150 6.9068952546 0.3961215114 -0.0000115939 2.7359697877 0.0008804448
0.4060000000 0.3961175048 -0.0000284129 1.0943874346 6.9069620840 0.3961175048 -0.0000112549 2.7359685866 0.0008782527
0.4080000000 0.3961132591 -0.0000275754 1.0943869711 6.9070331912 0.3961132591 -0.0000109230 2.7359674279 0.0008701207
0.4100000000 0.3961087526 -0.0000267555 1.0943865240 6.9071089498 0.3961087526 -0.0000105981 2.7359663102 0.0008507932
0.4120000000 0.3961039613 -0.0000259523 1.0943860927 6.9071897771 0.3961039613 -0.0000102798 2.7359652320 0.0008310444
0.4140000000 0.3960988580 -0.0000251649 1.0943856766 6.9072761418 0.3960988580 -0.0000099678 2.7359641917 0.0008203578
0.4160000000 0.3960934124 -0.0000243927 1.0943852753 6.9073685713 0.3960934124 -0.0000096618 2.7359631883 0.0008148687
0.4180000000 0.3960875904 -0.0000236352 1.0943848883 6.9074676596 0.3960875904 -0.0000093616 2.7359622209 0.0008054812
0.4200000000 0.3960813533 -0.0000228918 1.0943845154 6.9075740780 0.3960813533 -0.0000090670 2.7359612886 0.0007911978
0.4220000000 0.3960746573 -0.0000221618 1.0943841560 6.9076885884 0.3960746573 -0.0000087777 2.7359603901 0.0007785558
0.4240000000 0.3960674524 -0.0000214446 1.0943838097 6.9078120597 0.3960674524 -0.0000084935 2.7359595244 0.0007708650
0.4260000000 0.3960596817 -0.0000207398 1.0943834763 6.9079454866 0.3960596817 -0.0000082142 2.7359586908 0.0007642988
0.4280000000 0.3960512795 -0.0000200468 1.0943831553 6.9080900126 0.3960512795 -0.0000079396 2.7359578884 0.0007548839
0.4300000000 0.3960421700 -0.0000193651 1.0943828465 6.9082469590 0.3960421700 -0.0000076694 2.7359571164 0.0007442199
0.4320000000 0.3960322651 -0.0000186942 1.0943825495 6.9084178607 0.3960322651 -0.0000074035 2.7359563739 0.0007360387
0.4340000000 0.3960214622 -0.0000180336 1.0943822641 6.9086045113 0.3960214622 -0.0000071417 2.7359556602 0.0007304471
0.4360000000 0.3960096404 -0.0000173829 1.0943819899 6.9088090174 0.3960096404 -0.0000068838 2.7359549747 0.0007246019
0.4380000000 0.3959966572 -0.0000167416 1.0943817267 6.9090338694 0.3959966572 -0.0000066296 2.7359543168 0.0007173831
0.4400000000 0.3959823428 -0.0000161094 1.0943814743 6.9092820306 0.3959823428 -0.0000063790 2.7359536857 0.0007104093
0.4420000000 0.3959664939 -0.0000154858 1.0943812323 6.9095570529 0.3959664939 -0.0000061319 2.7359530808 0.0007048974
0.4440000000 0.3959488650 -0.0000148704 1.0943810006 6.9098632268 0.3959488650 -0.0000058879 2.7359525016 0.0007000884
0.4460000000 0.3959291570 -0.0000142629 1.0943807790 6.9102057768 0.3959291570 -0.0000056471 2.7359519476 0.0006951374
0.4480000000 0.3959070027 -0.0000136628 1.0943805673 6.9105911222 0.3959070027 -0.0000054092 2.7359514182 0.0006905856
0.4500000000 0.3958819469 -0.0000130697 1.0943803652 6.9110272243 0.3958819469 -0.0000051741 2.7359509129 0.0006871620
0.4520000000 0.3958534194 -0.0000124834 1.0943801725 6.9115240568 0.3958534194 -0.0000049416 2.7359504313 0.0006844470
0.4540000000 0.3958206985 -0.0000119036 1.0943799892 6.9120942481 0.3958206985 -0.0000047117 2.7359499730 0.0006816326
0.4560000000 0.3957828597 -0.0000113297 1.0943798150 6.9127539771 0.3957828597 -0.0000044841 2.7359495376 0.0006787801
0.4580000000 0.3957387045 -0.0000107617 1.0943796498 6.9135242353 0.3957387045 -0.0000042588 2.7359491246 0.0006765265
0.4600000000 0.3956866570 -0.0000101990 1.0943794935 6.9144326335 0.3956866570 -0.0000040356 2.7359487338 0.0006750797
0.4620000000 0.3956246157 -0.0000096414 1.0943793459 6.9155160117 0.3956246157 -0.0000038144 2.7359483647 0.0006742042
0.4640000000 0.3955497376 -0.0000090887 1.0943792068 6.9168242491 0.3955497376 -0.0000035950 2.7359480170 0.0006738481
0.4660000000 0.3954581240 -0.0000085404 1.0943790762 6.9184258071 0.3954581240 -0.0000033774 2.7359476905 0.0006741636
0.4680000000 0.3953443715 -0.0000079964 1.0943789539 6.9204156740 0.3953443715 -0.0000031613 2.7359473848 0.0006750871
0.4700000000 0.3952009633 -0.0000074563 1.0943788399 6.9229261922 0.3952009633 -0.0000029467 2.7359470998 0.0006763963
0.4720000000 0.3950175274 -0.0000069198 1.0943787341 6.9261403497 0.3950175274 -0.0000027335 2.7359468352 0.0006781296
0.4740000000 0.3947801603 -0.0000063868 1.0943786363 6.9303041687 0.3947801603 -0.0000025214 2.7359465907 0.0006805984
0.4760000000 0.3944713403 -0.0000058568 1.0943785465 6.9357291310 0.3944713403 -0.0000023103 2.7359463662 0.0006839893
0.4780000000 0.3940714390 -0.0000053296 1.0943784646 6.9427669473 0.3940714390 -0.0000021003 2.7359461615 0.0006881296
0.4800000000 0.3935630596 -0.0000048051 1.0943783906 6.9517346961 0.3935630596 -0.0000018911 2.7359459765 0.0006925960
0.4820000000 0.3929387464 -0.0000042828 1.0943783244 6.9627794049 0.3929387464 -0.0000016829 2.7359458110 0.0006969004
0.4840000000 0.3922102670 -0.0000037626 1.0943782660 6.9757114877 0.3922102670 -0.0000014757 2.7359456649 0.0007007028
0.4860000000 0.3914148078 -0.0000032442 1.0943782152 6.9898876684 0.3914148078 -0.0000012698 2.7359455380 0.0007040341
0.4880000000 0.3906124553 -0.0000027273 1.0943781720 7.0042452376 0.3906124553 -0.0000010653 2.7359454301 0.0007073415
0.4900000000 0.3898732109 -0.0000022117 1.0943781364 7.0175258638 0.3898732109 -0.0000008623 2.7359453410 0.0007112113
0.4920000000 0.3892585204 -0.0000016971 1.0943781083 7.0286072813 0.3892585204 -0.0000006606 2.7359452707 0.0007160806
0.4940000000 0.3888068746 -0.0000011834 1.0943780875 7.0367717184 0.3888068746 -0.0000004601 2.7359452189 0.0007221798
0.4960000000 0.3885309028 -0.0000006702 1.0943780742 7.0417698193 0.3885309028 -0.0000002604 2.7359451855 0.0007297063
0.4980000000 0.3884258981 -0.0000001573 1.0943780682 7.0436734111 0.3884258981 -0.0000000611 2.7359451706 0.0007369343
0.5000000000 0.3884848039 0.0000003555 1.0943780696 7.0426053903 0.3884848039 0.0000001381 2.7359451740 0.0007351848
0.5020000000 0.3887121833 0.0000008685 1.0943780783 7.0384858344 0.3887121833 0.0000003376 2.7359451957 0.0007266880
0.5040000000 0.3891193807 0.0000013818 1.0943780943 7.0311204526 0.3891193807 0.0000005377 2.7359452358 0.0007201473
0.5060000000 0.3897035880 0.0000018958 1.0943781178 7.0205802022 0.3897035880 0.0000007388 2.7359452944 0.0007150452
0.5080000000 0.3904328283 0.0000024107 1.0943781487 7.0074675413 0.3904328283 0.0000009412 2.7359453717 0.0007107381
0.5100000000 0.3912445775 0.0000029267 1.0943781871 6.9929287842 0.3912445775 0.0000011451 2.7359454677 0.0007067204
0.5120000000 0.3920611326 0.0000034441 1.0943782331 6.9783647381 0.3920611326 0.0000013503 2.7359455827 0.0007027186
0.5140000000 0.3928131632 0.0000039632 1.0943782867 6.9650051799 0.3928131632 0.0000015568 2.7359457167 0.0006986423
0.5160000000 0.3934573731 0.0000044841 1.0943783480 6.9536017290 0.3934573731 0.0000017643 2.7359458700 0.0006944939
0.5180000000 0.3939802337 0.0000050072 1.0943784171 6.9443738764 0.3939802337 0.0000019727 2.7359460428 0.0006903145
0.5200000000 0.3943902893 0.0000055326 1.0943784940 6.9371541579 0.3943902893 0.0000021820 2.7359462350 0.0006861811
0.5220000000 0.3947067725 0.0000060608 1.0943785788 6.9315923548 0.3947067725 0.0000023922 2.7359464470 0.0006823048
0.5240000000 0.3949507072 0.0000065918 1.0943786715 6.9273117600 0.3949507072 0.0000026035 2.7359466788 0.0006790703
0.5260000000 0.3951403047 0.0000071261 1.0943787723 6.9239885128 0.3951403047 0.0000028158 2.7359469306 0.0006767916
0.5280000000 0.3952896625 0.0000076638 1.0943788811 6.9213730134 0.3952896625 0.0000030294 2.7359472027 0.0006753953
0.5300000000 0.3954091104 0.0000082053 1.0943789981 6.9192828981 0.3954091104 0.0000032444 2.7359474953 0.0006745318
0.5320000000 0.3955060627 0.0000087508 1.0943791234 6.9175875334 0.3955060627 0.0000034610 2.7359478085 0.0006740152
0.5340000000 0.3955858384 0.0000093006 1.0943792571 6.9161933446 0.3955858384 0.0000036792 2.7359481427 0.0006739193
0.5360000000 0.3956522938 0.0000098550 1.0943793993 6.9150325708 0.3956522938 0.0000038992 2.7359484982 0.0006742806
0.5380000000 0.3957082670 0.0000104144 1.0943795501 6.9140553881 0.3957082670 0.0000041211 2.7359488752 0.0006750951
0.5400000000 0.3957558810 0.0000109789 1.0943797096 6.9132245545 0.3957558810 0.0000043450 2.7359492741 0.0006766190
0.5420000000 0.3957967488 0.0000115490 1.0943798781 6.9125117972 0.3957967488 0.0000045711 2.7359496952 0.0006791404
0.5440000000 0.3958321129 0.0000121250 1.0943800556 6.9118953455 0.3958321129 0.0000047994 2.7359501389 0.0006823171
0.5460000000 0.3958629429 0.0000127071 1.0943802422 6.9113582224 0.3958629429 0.0000050303 2.7359506056 0.0006853955
0.5480000000 0.3958900039 0.0000132957 1.0943804383 6.9108870370 0.3958900039 0.0000052636 2.7359510957 0.0006883472
0.5500000000 0.3959139056 0.0000138912 1.0943806439 6.9104711179 0.3959139056 0.0000054997 2.7359516097 0.0006920268
0.5520000000 0.3959351389 0.0000144939 1.0943808592 6.9101018813 0.3959351389 0.0000057387 2.7359521480 0.0006967723
0.5540000000 0.3959541020 0.0000151042 1.0943810844 6.9097723636 0.3959541020 0.0000059806 2.7359527110 0.0007017959
0.5560000000 0.3959711207 0.0000157225 1.0943813198 6.9094768699 0.3959711207 0.0000062257 2.7359532995 0.0007066953
0.5580000000 0.3959864635 0.0000163491 1.0943815655 6.9092107071 0.3959864635 0.0000064740 2.7359539137 0.0007124716
0.5600000000 0.3960003536 0.0000169845 1.0943818218 6.9089699793 0.3960003536 0.0000067259 2.7359545545 0.0007197353
0.5620000000 0.3960129771 0.0000176290 1.0943820889 6.9087514307 0.3960129771 0.0000069813 2.7359552223 0.0007269512
0.5640000000 0.3960244911 0.0000182832 1.0943823671 6.9085523224 0.3960244911 0.0000072406 2.7359559179 0.0007324972
0.5660000000 0.3960350284 0.0000189474 1.0943826567 6.9083703358 0.3960350284 0.0000075038 2.7359566419 0.0007379145
0.5680000000 0.3960447020 0.0000196221 1.0943829579 6.9082034966 0.3960447020 0.0000077712 2.7359573949 0.0007463770
0.5700000000 0.3960536088 0.0000203077 1.0943832711 6.9080501149 0.3960536088 0.0000080429 2.7359581777 0.0007576047
0.5720000000 0.3960618322 0.0000210048 1.0943835964 6.9079087373 0.3960618322 0.0000083192 2.7359589912 0.0007674751
0.5740000000 0.3960694443 0.0000217139 1.0943839344 6.9077781077 0.3960694443 0.0000086002 2.7359598362 0.0007743296
0.5760000000 0.3960765076 0.0000224356 1.0943842854 6.9076571351 0.3960765076 0.0000088862 2.7359607135 0.0007823992
0.5780000000 0.3960830768 0.0000231702 1.0943846496 6.9075448673 0.3960830768 0.0000091773 2.7359616241 0.0007955290
0.5800000000 0.3960891998 0.0000239185 1.0943850275 6.9074404708 0.3960891998 0.0000094739 2.7359625688 0.0008099531
0.5820000000 0.3960949188 0.0000246812 1.0943854196 6.9073432126 0.3960949188 0.0000097761 2.7359635490 0.0008187481
0.5840000000 0.3961002710 0.0000254587 1.0943858262 6.9072524457 0.3961002710 0.0000100842 2.7359645656 0.0008232793
0.5860000000 0.3961052894 0.0000262517 1.0943862477 6.9071675963 0.3961052894 0.0000103984 2.7359656194 0.0008336046
0.5880000000 0.3961100033 0.0000270607 1.0943866846 6.9070881545 0.3961100033 0.0000107190 2.7359667115 0.0008541193
0.5900000000 0.3961144390 0.0000278866 1.0943871373 6.9070136661 0.3961144390 0.0000110463 2.7359678435 0.0008746816
0.5920000000 0.3961186200 0.0000287303 1.0943876067 6.9069437262 0.3961186200 0.0000113806 2.7359690170 0.0008832622
0.5940000000 0.3961225672 0.0000295926 1.0943880932 6.9068779718 0.3961225672 0.0000117223 2.7359702332 0.0008847910
0.5960000000 0.3961262994 0.0000304738 1.0943885971 6.9068160765 0.3961262994 0.0000120715 2.7359714930 0.0008974568
0.5980000000 0.3961298337 0.0000313748 1.0943891190 6.9067577464 0.3961298337 0.0000124285 2.7359727978 0.0009272271
0.6000000000 0.3961331857 0.0000322968 1.0943896598 6.9067027166 0.3961331857 0.0000127938 2.7359741497 0.0009555794
0.6020000000 0.3961363693 0.0000332411 1.0943902204 6.9066507477 0.3961363693 0.0000131680 2.7359755512 0.0009622532
0.6040000000 0.3961393973 0.0000342085 1.0943908014 6.9066016220 0.3961393973 0.0000135513 2.7359770038 0.0009558012
0.6060000000 0.3961422811 0.0000351993 1.0943914031 6.9065551404 0.3961422811 0.0000139439 2.7359785079 0.0009676026
0.6080000000 0.3961450314 0.0000362144 1.0943920260 6.9065111222 0.3961450314 0.0000143461 2.7359800653 0.0010106782
0.6100000000 0.3961476580 0.0000372555 1.0943926716 6.9064694036 0.3961476580 0.0000147587 2.7359816792 0.0010564761
0.6120000000 0.3961501700 0.0000383247 1.0943933413 6.9064298361 0.3961501700 0.0000151823 2.7359833534 0.0010666581
0.6140000000 0.3961525755 0.0000394231 1.0943940359 6.9063922829 0.3961525755 0.0000156175 2.7359850902 0.0010452795
0.6160000000 0.3961548818 0.0000405507 1.0943947556 6.9063566167 0.3961548818 0.0000160644 2.7359868894 0.0010421108
0.6180000000 0.3961570959 0.0000417081 1.0943955007 6.9063227208 0.3961570959 0.0000165230 2.7359887522 0.0010935962
0.6200000000 0.3961592242 0.0000428976 1.0943962730 6.9062904900 0.3961592242 0.0000169943 2.7359906827 0.0011707444
0.6220000000 0.3961612733 0.0000441224 1.0943970749 6.9062598297 0.3961612733 0.0000174796 2.7359926876 0.0012050764
0.6240000000 0.3961632487 0.0000453849 1.0943979082 6.9062306519 0.3961632487 0.0000179798 2.7359947710 0.0011713752
0.6260000000 0.3961651552 0.0000466850 1.0943987730 6.9062028720 0.3961651552 0.0000184950 2.7359969329 0.0011287402
0.6280000000 0.3961669974 0.0000480221 1.0943996686 6.9061764102 0.3961669974 0.0000190248 2.7359991721 0.0011605753
0.6300000000 0.3961687797 0.0000493979 1.0944005966 6.9061511956 0.3961687797 0.0000195699 2.7360014919 0.0012736980
0.6320000000 0.3961705071 0.0000508176 1.0944015607 6.9061271675 0.3961705071 0.0000201324 2.7360039022 0.0013762594
0.6340000000 0.3961721842 0.0000522864 1.0944025651 6.9061042712 0.3961721842 0.0000207144 2.7360064133 0.0013730439
0.6360000000 0.3961738146 0.0000538060 1.0944036111 6.9060824515 0.3961738146 0.0000213165 2.7360090284 0.0012796181
0.6380000000 0.3961754009 0.0000553743 1.0944046971 6.9060616512 0.3961754009 0.0000219379 2.7360117433 0.0012222802
0.6400000000 0.3961769459 0.0000569899 1.0944058219 6.9060418170 0.3961769459 0.0000225781 2.7360145554 0.0013082816
0.6420000000 0.3961784532 0.0000586572 1.0944069890 6.9060229074 0.3961784532 0.0000232387 2.7360174731 0.0014992636
0.6440000000 0.3961799272 0.0000603859 1.0944082057 6.9060048914 0.3961799272 0.0000239237 2.7360205150 0.0016325805
0.6460000000 0.3961813720 0.0000621843 1.0944094788 6.9059877402 0.3961813720 0.0000246363 2.7360236977 0.0015841621
0.6480000000 0.3961827898 0.0000640533 1.0944108087 6.9059714172 0.3961827898 0.0000253768 2.7360270226 0.0014101928
0.6500000000 0.3961841817 0.0000659870 1.0944121910 6.9059558778 0.3961841817 0.0000261430 2.7360304783 0.0013124206
0.6520000000 0.3961855488 0.0000679820 1.0944136228 6.9059410825 0.3961855488 0.0000269335 2.7360340579 0.0014441243
0.6540000000 0.3961868946 0.0000700457 1.0944151099 6.9059270089 0.3961868946 0.0000277512 2.7360377758 0.0017432968
0.6560000000 0.3961882241 0.0000721955 1.0944166659 6.9059136515 0.3961882241 0.0000286030 2.7360416657 0.0019685117
0.6580000000 0.3961895424 0.0000744474 1.0944183031 6.9059010053 0.3961895424 0.0000294953 2.7360457590 0.0019196550
0.6600000000 0.3961908513 0.0000768043 1.0944200239 6.9058890488 0.3961908513 0.0000304292 2.7360500610 0.0016411218
0.6620000000 0.3961921499 0.0000792548 1.0944218192 6.9058777410 0.3961921499 0.0000314001 2.7360545493 0.0014089841
0.6640000000 0.3961934373 0.0000817870 1.0944236799 6.9058670414 0.3961934373 0.0000324035 2.7360592010 0.0014937879
0.6660000000 0.3961947160 0.0000844069 1.0944256103 6.9058569349 0.3961947160 0.0000334416 2.7360640273 0.0019036658
0.6680000000 0.3961959928 0.0000871421 1.0944276323 6.9058474393 0.3961959928 0.0000345254 2.7360690822 0.0023485311
0.6700000000 0.3961972757 0.0000900277 1.0944297728 6.9058385843 0.3961972757 0.0000356687 2.7360744337 0.0024733580
0.6720000000 0.3961985696 0.0000930822 1.0944320464 6.9058303783 0.3961985696 0.0000368790 2.7360801177 0.0021665004
0.6740000000 0.3961998730 0.0000962936 1.0944344437 6.9058227876 0.3961998730 0.0000381515 2.7360861111 0.0016810580
0.6760000000 0.3962011807 0.0000996318 1.0944369412 6.9058157529 0.3962011807 0.0000394743 2.7360923550 0.0014550059
0.6780000000 0.3962024905 0.0001030807 1.0944395263 6.9058092348 0.3962024905 0.0000408408 2.7360988178 0.0017589502
0.6800000000 0.3962038082 0.0001066647 1.0944422179 6.9058032516 0.3962038082 0.0000422610 2.7361055470 0.0024563011
0.6820000000 0.3962051472 0.0001104460 1.0944450646 6.9057978762 0.3962051472 0.0000437593 2.7361126639 0.0030815842
0.6840000000 0.3962065219 0.0001144928 1.0944481194 6.9057931917 0.3962065219 0.0000453628 2.7361203011 0.0031826881
0.6860000000 0.3962079393 0.0001188367 1.0944514069 6.9057892303 0.3962079393 0.0000470841 2.7361285202 0.0026677756
0.6880000000 0.3962093944 0.0001234490 1.0944549048 6.9057859402 0.3962093944 0.0000489116 2.7361372649 0.0019043330
0.6900000000 0.3962108743 0.0001282630 1.0944585610 6.9057832160 0.3962108743 0.0000508192 2.7361464058 0.0014861853
0.6920000000 0.3962123712 0.0001332359 1.0944623421 6.9057809849 0.3962123712 0.0000527897 2.7361558588 0.0018124545
0.6940000000 0.3962138925 0.0001384016 1.0944662746 6.9057792830 0.3962138925 0.0000548366 2.7361656904 0.0027823379
0.6960000000 0.3962154625 0.0001438771 1.0944704496 6.9057782634 0.3962154625 0.0000570063 2.7361761282 0.0038409243
0.6980000000 0.3962171126 0.0001498161 1.0944749869 6.9057781323 0.3962171126 0.0000593597 2.7361874717 0.0043412684
0.7000000000 0.3962188665 0.0001563333 1.0944799758 6.9057790421 0.3962188665 0.0000619422 2.7361999443 0.0039613272
0.7020000000 0.3962207258 0.0001634343 1.0944854206 6.9057809918 0.3962207258 0.0000647561 2.7362135567 0.0029171305
0.7040000000 0.3962226678 0.0001710039 1.0944912315 6.9057838106 0.3962226678 0.0000677556 2.7362280846 0.0018595380
0.7060000000 0.3962246619 0.0001788878 1.0944972884 6.9057872722 0.3962246619 0.0000708798 2.7362432273 0.0015008752
0.7080000000 0.3962266960 0.0001870226 1.0945035418 6.9057912776 0.3962266960 0.0000741034 2.7362588614 0.0021817091
0.7100000000 0.3962287934 0.0001955216 1.0945100799 6.9057959766 0.3962287934 0.0000774713 2.7362752073 0.0036533927
0.7120000000 0.3962310121 0.0002046703 1.0945171253 6.9058017623 0.3962310121 0.0000810967 2.7362928215 0.0052140246
0.7140000000 0.3962334288 0.0002148476 1.0945249731 6.9058091599 0.3962334288 0.0000851298 2.7363124418 0.0060938608
0.7160000000 0.3962361120 0.0002263918 1.0945338870 6.9058186389 0.3962361120 0.0000897046 2.7363347276 0.0058454022
0.7180000000 0.3962390893 0.0002394379 1.0945439721 6.9058303835 0.3962390893 0.0000948747 2.7363599417 0.0045593810
0.7200000000 0.3962423252 0.0002538089 1.0945550906 6.9058441402 0.3962423252 0.0001005698 2.7363877393 0.0028512319
0.7220000000 0.3962457364 0.0002690896 1.0945669190 6.9058593204 0.3962457364 0.0001066256 2.7364173118 0.0016046073
0.7240000000 0.3962492470 0.0002849018 1.0945791625 6.9058753876 0.3962492470 0.0001128921 2.7364479223 0.0015445743
0.7260000000 0.3962528488 0.0003012033 1.0945917883 6.9058922774 0.3962528488 0.0001193527 2.7364794886 0.0028611774
0.7280000000 0.3962566296 0.0003184287 1.0946051348 6.9059105958 0.3962566296 0.0001261795 2.7365128572 0.0051098851
0.7300000000 0.3962607682 0.0003374641 1.0946198929 6.9059315844 0.3962607682 0.0001337238 2.7365497548 0.0074431907
0.7320000000 0.3962655110 0.0003595318 1.0946370149 6.9059569576 0.3962655110 0.0001424700 2.7365925629 0.0090133770
0.7340000000 0.3962711303 0.0003859823 1.0946575534 6.9059886113 0.3962711303 0.0001529537 2.7366439131 0.0092976154
0.7360000000 0.3962778505 0.0004179283 1.0946823757 6.9060281069 0.3962778505 0.0001656157 2.7367059738 0.0082278269
0.7380000000 0.3962857477 0.0004557468 1.0947117758 6.9060759730 0.3962857477 0.0001806060 2.7367794806 0.0061770839
0.7400000000 0.3962946816 0.0004987410 1.0947452109 6.9061312287 0.3962946816 0.0001976484 2.7368630766 0.0038496596
0.7420000000 0.3963043419 0.0005453692 1.0947814800 6.9061917056 0.3963043419 0.0002161322 2.7369537589 0.0020576484
0.7440000000 0.3963144150 0.0005940749 1.0948193700 6.9062552138 0.3963144150 0.0002354404 2.7370484949 0.0014320774
0.7460000000 0.3963247675 0.0006441949 1.0948583642 6.9063208184 0.3963247675 0.0002553104 2.7371459926 0.0022116574
0.7480000000 0.3963355451 0.0006964510 1.0948990252 6.9063895309 0.3963355451 0.0002760283 2.7372476592 0.0042096371
0.7500000000 0.3963471929 0.0007530516 1.0949430746 6.9064644524 0.3963471929 0.0002984699 2.7373577988 0.0069436785
0.7520000000 0.3963604678 0.0008177501 1.0949934385 6.9065508571 0.3963604678 0.0003241238 2.7374837287 0.0098447088
0.7540000000 0.3963764973 0.0008961398 1.0950544778 6.9066566068 0.3963764973 0.0003552088 2.7376363537 0.0124450711
0.7560000000 0.3963969073 0.0009962859 1.0951324815 6.9067930406 0.3963969073 0.0003949247 2.7378314005 0.0144728144
0.7580000000 0.3964240183 0.0011296974 1.0952364256 6.9069763450 0.3964240183 0.0004478392 2.7380913170 0.0158434338
0.7600000000 0.3964611018 0.0013125971 1.0953789659 6.9072293451 0.3964611018 0.0005203937 2.7384477562 0.0165957374
0.7620000000 0.3965126794 0.0015674028 1.0955775977 6.9075835995 0.3965126794 0.0006214951 2.7389444813 0.0168243792
0.7640000000 0.3965848329 0.0019242539 1.0958558564 6.9080815714 0.3965848329 0.0007631299 2.7396403753 0.0166348322
0.7660000000 0.3966854683 0.0024223099 1.0962443484 6.9087784995 0.3966854683 0.0009608951 2.7406120347 0.0161221507
0.7680000000 0.3968244602 0.0031104353 1.0967813162 6.9097434382 0.3968244602 0.0012342968 2.7419552102 0.0153652704
0.7700000000 0.3970135835 0.0040468213 1.0975123954 6.9110588485 0.3970135835 0.0016066430 2.7437842393 0.0144287164
0.7720000000 0.3972661569 0.0052971528 1.0984892579 6.9128181974 0.3972661569 0.0021043795 2.7462287184 0.0133665304
0.7740000000 0.3975963614 0.0069311455 1.0997670102 6.9151213206 0.3975963614 0.0027557982 2.7494270759 0.0122257927
0.7760000000 0.3980182756 0.0090176626 1.1014004964 6.9180678191 0.3980182756 0.0035891945 2.7535174240 0.0110487225
0.7780000000 0.3985447539 0.0116190598 1.1034399969 6.9217493585 0.3985447539 0.0046307153 2.7586268945 0.0098732452
0.7800000000 0.3991863425 0.0147857406 1.1059270610 6.9262421893 0.3991863425 0.0059022657 2.7648612871 0.0087324203
0.7820000000 0.3999504380 0.0185519593 1.1088912582 6.9316012893 0.3999504380 0.0074198642 2.7722969720 0.0076533596
0.7840000000 0.4008408383 0.0229336365 1.1123484289 6.9378571696 0.4008408383 0.0091927381 2.7809764836 0.0066562679
0.7860000000 0.4018577391 0.0279284412 1.1163006346 6.9450157081 0.4018577391 0.0112232602 2.7909083106 0.0057540562
0.7880000000 0.4029981225 0.0335178548 1.1207376068 6.9530606570 0.4029981225 0.0135076326 2.8020703905 0.0049526929
0.7900000000 0.4042564081 0.0396705612 1.1256392095 6.9619579737 0.4042564081 0.0160370786 2.8144161236 0.0042522014
0.7920000000 0.4056252176 0.0463463854 1.1309783408 6.9716609530 0.4056252176 0.0187992627 2.8278814909 0.0036480473
0.7940000000 0.4070961207 0.0535001126 1.1367237730 6.9821152685 0.4070961207 0.0217796883 2.8423920404 0.0031326287
0.7960000000 0.4086602746 0.0610847413 1.1428425930 6.9932633209 0.4086602746 0.0249629071 2.8578689089 0.0026966356
0.7980000000 0.4103089153 0.0690539695 1.1493020870 7.0050476092 0.4103089153 0.0283334593 2.8742334864 0.0023301450
0.8000000000 0.4120336991 0.0773638992 1.1560710508 7.0174130893 0.4120336991 0.0318765335 2.8914106734 0.0020234070
0.8020000000 0.4138269098 0.0859740593 1.1631205962 7.0303086395 0.4138269098 0.0355783793 2.9093308993 0.0017673462
0.8040000000 0.4156815630 0.0948478990 1.1704245599 7.0436878178 0.4156815630 0.0394265229 2.9279311612 0.0015538295
0.8060000000 0.4175914349 0.1039529012 1.1779596263 7.0575091087 0.4175914349 0.0434098412 2.9471553552 0.0013757670
0.8080000000 0.4195510423 0.1132604500 1.1857052610 7.0717358300 0.4195510423 0.0475185399 2.9669541381 0.0012271021
0.8100000000 0.4215555932 0.1227455529 1.1936435317 7.0863358359 0.4215555932 0.0517440744 2.9872845068 0.0011027374
0.8120000000 0.4236009225 0.1323864928 1.2017588706 7.1012811127 0.4236009225 0.0560790405 3.0081092302 0.0009984284
0.8140000000 0.4256834225 0.1421644565 1.2100378153 7.1165473326 0.4256834225 0.0605170524 3.0293962252 0.0009106674
0.8160000000 0.4277999747 0.1520631726 1.2184687527 7.1321134082 0.4277999747 0.0650526214 3.0511179357 0.0008365703
0.8180000000 0.4299478851 0.1620685724 1.2270416771 7.1479610728 0.4299478851 0.0696810400 3.0732507461 0.0007737735
0.8200000000 0.4321248263 0.1721684857 1.2357479716 7.1640744989 0.4321248263 0.0743982770 3.0957744482 0.0007203426
0.8220000000 0.4343287857 0.1823523710 1.2445802134 7.1804399581 0.4343287857 0.0792008839 3.1186717679 0.0006746950
0.8240000000 0.4365580210 0.1926110816 1.2535320044 7.1970455226 0.4365580210 0.0840859126 3.1419279503 0.0006355354
0.8260000000 0.4388110207 0.2029366635 1.2625978242 7.2138808086 0.4388110207 0.0890508445 3.1655304012 0.0006018017
0.8280000000 0.4410864716 0.2133221831 1.2717729045 7.2309367552 0.4410864716 0.0940935291 3.1894683798 0.0005726216
0.8300000000 0.4433832297 0.2237615804 1.2810531216 7.2482054359 0.4433832297 0.0992121322 3.2137327356 0.0005472768
0.8320000000 0.4457002965 0.2342495437 1.2904349049 7.2656798977 0.4457002965 0.1044050911 3.2383156848 0.0005251742
0.8340000000 0.4480367986 0.2447814045 1.2999151598 7.2833540236 0.4480367986 0.1096710768 3.2632106196 0.0005058227
0.8360000000 0.4503919699 0.2553530471 1.3094912012 7.3012224173 0.4503919699 0.1150089619 3.2884119474 0.0004888142
0.8380000000 0.4527651374 0.2659608331 1.3191606978 7.3192803048 0.4527651374 0.1204177932 3.3139149528 0.0004738083
0.8400000000 0.4551557081 0.2766015364 1.3289216248 7.3375234501 0.4551557081 0.1258967682 3.3397156816 0.0004605203
0.8420000000 0.4575631588 0.2872722884 1.3387722227 7.3559480833 0.4575631588 0.1314452157 3.3658108408 0.0004487111
0.8440000000 0.4599870267 0.2979705314 1.3487109637 7.3745508401 0.4599870267 0.1370625788 3.3921977139 0.0004381794
0.8460000000 0.4624269018 0.3086939783 1.3587365213 7.3933287099 0.4624269018 0.1427484000 3.4188740889 0.0004287552
0.8480000000 0.4648824201 0.3194405790 1.3688477457 7.4122789913 0.4648824201 0.1485023095 3.4458381961 0.0004202939
0.8500000000 0.4673532583 0.3302084904 1.3790436420 7.4313992536 0.4673532583 0.1543240139 3.4730886548 0.0004126727
0.8520000000 0.4698391283 0.3409960518 1.3893233513 7.4506873032 0.4698391283 0.1602132877 3.5006244274 0.0004057865
0.8540000000 0.4723397733 0.3518017628 1.3996861349 7.4701411564 0.4723397733 0.1661699649 3.5284447805 0.0003995455
0.8560000000 0.4748549644 0.3626242649 1.4101313604 7.4897590144 0.4748549644 0.1721939324 3.5565492501 0.0003938724
0.8580000000 0.4773844968 0.3734623249 1.4206584895 7.5095392420 0.4773844968 0.1782851240 3.5849376123 0.0003887005
0.8600000000 0.4799281877 0.3843148210 1.4312670678 7.5294803487 0.4799281877 0.1844435156 3.6136098578 0.0003839722
0.8620000000 0.4824858733 0.3951807306 1.4419567152 7.5495809730 0.4824858733 0.1906691200 3.6425661691 0.0003796375
0.8640000000 0.4850574075 0.4060591193 1.4527271187 7.5698398686 0.4850574075 0.1969619837 3.6718069015 0.0003756530
0.8660000000 0.4876426590 0.4169491315 1.4635780247 7.5902558918 0.4876426590 0.2033221832 3.7013325656 0.0003719805
0.8680000000 0.4902415107 0.4278499826 1.4745092333 7.6108279907 0.4902415107 0.2097498219 3.7311438121 0.0003685869
0.8700000000 0.4928538578 0.4387609514 1.4855205929 7.6315551950 0.4928538578 0.2162450276 3.7612414191 0.0003654433
0.8720000000 0.4954796066 0.4496813736 1.4966119951 7.6524366090 0.4954796066 0.2228079501 3.7916262803 0.0003625239
0.8740000000 0.4981186732 0.4606106365 1.5077833712 7.6734714035 0.4981186732 0.2294387591 3.8222993945 0.0003598063
0.8760000000 0.5007709831 0.4715481739 1.5190346878 7.6946588090 0.5007709831 0.2361376426 3.8532618567 0.0003572704
0.8780000000 0.5034364698 0.4824934613 1.5303659439 7.7159981101 0.5034364698 0.2429048049 3.8845148498 0.0003548986
0.8800000000 0.5061150743 0.4934460126 1.5417771678 7.7374886400 0.5061150743 0.2497404653 3.9160596378 0.0003526752
0.8820000000 0.5088067441 0.5044053761 1.5532684145 7.7591297768 0.5088067441 0.2566448572 3.9478975590 0.0003505863
0.8840000000 0.5115114331 0.5153711316 1.5648397634 7.7809209386 0.5115114331 0.2636182261 3.9800300202 0.0003486195
0.8860000000 0.5142291006 0.5263428875 1.5764913163 7.8028615798 0.5142291006 0.2706608296 4.0124584921 0.0003467636
0.8880000000 0.5169597109 0.5373202780 1.5882231955 7.8249511876 0.5169597109 0.2777729356 4.0451845041 0.0003450089
0.8900000000 0.5197032332 0.5483029615 1.6000355417 7.8471892801 0.5197032332 0.2849548219 4.0782096407 0.0003433460
0.8920000000 0.5224596407 0.5592906179 1.6119285132 7.8695754024 0.5224596407 0.2922067753 4.1115355370 0.0003417674
0.8940000000 0.5252289104 0.5702829474 1.6239022840 7.8921091249 0.5252289104 0.2995290911 4.1451638764 0.0003402652
0.8960000000 0.5280110231 0.5812796680 1.6359570425 7.9147900402 0.5280110231 0.3069220722 4.1790963864 0.0003388340
0.8980000000 0.5308059626 0.5922805150 1.6480929909 7.9376177625 0.5308059626 0.3143860289 4.2133348369 0.0003374662
0.9000000000 0.5336137157 0.6032852387 1.6603103436 7.9605919247 0.5336137157 0.3219212779 4.2478810365 0.0003361589
0.9020000000 0.5364342723 0.6142936039 1.6726093267 7.9837121775 0.5364342723 0.3295281423 4.2827368319 0.0003349039
0.9040000000 0.5392676242 0.6253053880 1.6849901767 8.0069781862 0.5392676242 0.3372069510 4.3179041035 0.0003337013
0.9060000000 0.5421137660 0.6363203812 1.6974531405 8.0303896326 0.5421137660 0.3449580383 4.3533847665 0.0003325408
0.9080000000 0.5449726942 0.6473383839 1.7099984733 8.0539462092 0.5449726942 0.3527817431 4.3891807649 0.0003314274
0.9100000000 0.5478444074 0.6583592077 1.7226264399 8.0776476245 0.5478444074 0.3606784100 4.4252940758 0.0003303461
0.9120000000 0.5507289056 0.6693826724 1.7353373116 8.1014935921 0.5507289056 0.3686483866 4.4617267001 0.0003293096
0.9140000000 0.5536261911 0.6804086085 1.7481313691 8.1254838440 0.5536261911 0.3766920263 4.4984806716 0.0003282938
0.9160000000 0.5565362672 0.6914368516 1.7610088972 8.1496181091 0.5565362672 0.3848096844 4.5355580412 0.0003273245
0.9180000000 0.5594591386 0.7024672488 1.7739701907 8.1738961438 0.5594591386 0.3930017219 4.5729608958 0.0003263615
0.9200000000 0.5623948118 0.7134996491 1.7870155451 8.1983176818 0.5623948118 0.4012685009 4.6106913300 0.0003254532
0.9220000000 0.5653432935 0.7245339142 1.8001452688 8.2228825116 0.5653432935 0.4096103893 4.6487514813 0.0003245301
0.9240000000 0.5683045935 0.7355699035 1.8133596653 8.2475903492 0.5683045935 0.4180277550 4.6871434809 0.0003236800
0.9260000000 0.5712787180 0.7466074926 1.8266590563 8.2724410489 0.5712787180 0.4265209712 4.7258695171 0.0003227820
0.9280000000 0.5742656839 0.7576465481 1.8400437499 8.2974342412 0.5742656839 0.4350904131 4.7649317495 0.0003219926
0.9300000000 0.5772654890 0.7686869598 1.8535140823 8.3225699616 0.5772654890 0.4437364537 4.8043324186 0.0003210999
0.9320000000 0.5802781713 0.7797285974 1.8670703615 8.3478475378 0.5802781713 0.4524594846 4.8440737033 0.0003203840
0.9340000000 0.5833036932 0.7907713667 1.8807129419 8.3732675723 0.5833036932 0.4612598587 4.8841578993 0.0003194628
0.9360000000 0.5863421609 0.8018151353 1.8944421224 8.3988284038 0.5863421609 0.4701380191 4.9245871957 0.0003188572
0.9380000000 0.5893934198 0.8128598292 1.9082582866 8.4245323731 0.5893934198 0.4790942345 4.9653639453 0.0003178329
0.9400000000 0.5924577789 0.8239053050 1.9221617032 8.4503748899 0.5924577789 0.4881291070 5.0064903385 0.0003174410
0.9420000000 0.5955347525 0.8349515211 1.9361528149 8.4763630816 0.5955347525 0.4972426475 5.0479687897 0.0003161252
0.9440000000 0.5986251698 0.8459983020 1.9502318067 8.5024848930 0.5986251698 0.5064358772 5.0898014629 0.0003162240
0.9460000000 0.6017277736 0.8570456742 1.9643992600 8.5287585347 0.6017277736 0.5157081854 5.1319908847 0.0003141454
0.9480000000 0.6048444710 0.8680933742 1.9786551399 8.5551563956 0.6048444710 0.5250614777 5.1745390447 0.0003154094
0.9500000000 0.6079725903 0.8791415939 1.9930003628 8.5817172359 0.6079725903 0.5344939921 5.2174488572 0.0003114952
0.9520000000 0.6111157650 0.8901898373 2.0074343597 8.6083879050 0.6111157650 0.5440090434 5.2607215603 0.0003153773
0.9540000000 0.6142693417 0.9012387075 2.0219588100 8.6352370688 0.6142693417 0.5536033075 5.3043613896 0.0003073934
0.9560000000 0.6174390678 0.9122871332 2.0365719456 8.6621781400 0.6174390678 0.5632817170 5.3483671954 0.0003167684
0.9580000000 0.6206181054 0.9233367040 2.0512770680 8.6893160438 0.6206181054 0.5730394759 5.3927468604 0.0003002133
0.9600000000 0.6238143282 0.9343850171 2.0660698515 8.7165248414 0.6238143282 0.5828827618 5.4374930884 0.0003207389
0.9620000000 0.6270187626 0.9454359179 2.0809569339 8.7439527044 0.6270187626 0.5928060594 5.4826224052 0.0002865852
0.9640000000 0.6302412211 0.9564840204 2.0959286720 8.7714247598 0.6302412211 0.6028156570 5.5281134517 0.0003301006
0.9660000000 0.6334708899 0.9675380672 2.1109986761 8.7991450011 0.6334708899 0.6129072005 5.5740022143 0.0002606286
0.9680000000 0.6367188703 0.9785859701 2.1261465062 8.8268735749 0.6367188703 0.6230841534 5.6202369709 0.0003531839
0.9700000000 0.6399736783 0.9896466402 2.1414008414 8.8548913135 0.6399736783 0.6333478005 5.6668973649 0.0002136602
0.9720000000 0.6432460604 1.0006929291 2.1567195799 8.8828649099 0.6432460604 0.6436917843 5.7138678582 0.0004115399
0.9740000000 0.6465267870 1.0117647690 2.1721641548 8.9111926646 0.6465267870 0.6541330253 5.7613247617 0.0001283988
0.9760000000 0.6498222241 1.0228023500 2.1876475132 8.9393930985 0.6498222241 0.6646396979 5.8090163056 0.0005451340
0.9780000000 0.6531321987 1.0338910156 2.2032999599 8.9680564185 0.6531321987 0.6752675122 5.8573264068 0.0000475125
0.9800000000 0.6564481758 1.0449029347 2.2189364033 8.9964502197 0.6564481758 0.6859246254 5.9057033352 0.0008184817
0.9820000000 0.6597940318 1.0560234148 2.2348304184 9.0255020693 0.6597940318 0.6967579465 5.9549723990 0.0004403486
0.9840000000 0.6631228185 1.0669800724 2.2505834554 9.0540144121 0.6631228185 0.7075388330 6.0039235560 0.0013898186
0.9860000000 0.6665170725 1.0781746913 2.2667805957 9.0835654164 0.6665170725 0.7186218388 6.0543514288 0.0013097557
0.9880000000 0.6698387456 1.0890137268 2.2825564493 9.1120274754 0.6698387456 0.7294635887 6.1035890540 0.0026848879
0.9900000000 0.6733119021 1.1003829938 2.2992043209 9.1423427905 0.6733119021 0.7409009666 6.1556482143 0.0033545484
0.9920000000 0.6765766861 1.1109426717 2.3147667861 9.1703282232 0.6765766861 0.7516379113 6.2044302799 0.0058912544
0.9940000000 0.6802156028 1.1227640884 2.3322833135 9.2021527876 0.6802156028 0.7637216512 6.2594479055 0.0093097142
0.9960000000 0.6832474716 1.1324828122 2.3467922239 9.2281628250 0.6832474716 0.7737660181 6.3051189178 0.0199282873
0.9980000000 0.6877285576 1.1469194201 2.3684533452 9.2674074259 0.6877285576 0.7887692385 6.3734607417 0.1009417631
1.0000000000 0.6877285576 1.1469194201 2.3684533452 9.2674074259 0.6877285576 0.7887692385 6.3734607417 0.0000000000
