TITLE = "1D Euler Filtered MacCormack Result"
VARIABLES = "x", "rho", "u", "p", "E", "rho_conserved", "rhou", "rhoE", "nu"
ZONE T="t=0.20000000", I=501, F=POINT
0.0000000000 1.0000000000 -0.2000000000 0.5000000000 1.2700000000 1.0000000000 -0.2000000000 1.2700000000 0.0000000000
0.0020000000 1.0000000000 -0.2000000000 0.5000000000 1.2700000000 1.0000000000 -0.2000000000 1.2700000000 0.0000000000
0.0040000000 1.0000000000 -0.2000000000 0.5000000000 1.2700000000 1.0000000000 -0.2000000000 1.2700000000 0.0000000000
0.0060000000 1.0000000000 -0.2000000000 0.5000000000 1.2700000000 1.0000000000 -0.2000000000 1.2700000000 0.0000000000
0.0080000000 1.0000000000 -0.2000000000 0.5000000000 1.2700000000 1.0000000000 -0.2000000000 1.2700000000 0.0000000000
0.0100000000 1.0000000000 -0.2000000000 0.5000000000 1.2700000000 1.0000000000 -0.2000000000 1.2700000000 0.0000000000
0.0120000000 1.0000000000 -0.2000000000 0.5000000000 1.2700000000 1.0000000000 -0.2000000000 1.2700000000 0.0000000000
0.0140000000 1.0000000000 -0.2000000000 0.5000000000 1.2700000000 1.0000000000 -0.2000000000 1.2700000000 0.0000000000
0.0160000000 1.0000000000 -0.2000000000 0.5000000000 1.2700000000 1.0000000000 -0.2000000000 1.2700000000 0.0000000000
0.0180000000 1.0000000000 -0.2000000000 0.5000000000 1.2700000000 1.0000000000 -0.2000000000 1.2700000000 0.0000000000
0.0200000000 1.0000000000 -0.2000000000 0.5000000000 1.2700000000 1.0000000000 -0.2000000000 1.2700000000 0.0000000000
0.0220000000 1.0000000000 -0.2000000000 0.5000000000 1.2700000000 1.0000000000 -0.2000000000 1.2700000000 0.0000000000
0.0240000000 1.0000000000 -0.2000000000 0.5000000000 1.2700000000 1.0000000000 -0.2000000000 1.2700000000 0.0000000000
0.0260000000 1.0000000000 -0.2000000000 0.5000000000 1.2700000000 1.0000000000 -0.2000000000 1.2700000000 0.0000000000
0.0280000000 1.0000000000 -0.2000000000 0.5000000000 1.2700000000 1.0000000000 -0.2000000000 1.2700000000 0.0000000000
0.0300000000 1.0000000000 -0.2000000000 0.5000000000 1.2700000000 1.0000000000 -0.2000000000 1.2700000000 0.0000000000
0.0320000000 1.0000000000 -0.2000000000 0.5000000000 1.2700000000 1.0000000000 -0.2000000000 1.2700000000 0.0000000000
0.0340000000 1.0000000000 -0.2000000000 0.5000000000 1.2700000000 1.0000000000 -0.2000000000 1.2700000000 0.0000000000
0.0360000000 1.0000000000 -0.2000000000 0.5000000000 1.2700000000 1.0000000000 -0.2000000000 1.2700000000 0.0000000000
0.0380000000 1.0000000000 -0.2000000000 0.5000000000 1.2700000000 1.0000000000 -0.2000000000 1.2700000000 0.0000000000
0.0400000000 1.0000000000 -0.2000000000 0.5000000000 1.2700000000 1.0000000000 -0.2000000000 1.2700000000 0.0000000000
0.0420000000 1.0000000000 -0.2000000000 0.5000000000 1.2700000000 1.0000000000 -0.2000000000 1.2700000000 0.0000000000
0.0440000000 1.0000000000 -0.2000000000 0.5000000000 1.2700000000 1.0000000000 -0.2000000000 1.2700000000 0.0000000000
0.0460000000 1.0000000000 -0.2000000000 0.5000000000 1.2700000000 1.0000000000 -0.2000000000 1.2700000000 0.0000000000
0.0480000000 1.0000000000 -0.2000000000 0.5000000000 1.2700000000 1.0000000000 -0.2000000000 1.2700000000 0.0000000000
0.0500000000 1.0000000000 -0.2000000000 0.5000000000 1.2700000000 1.0000000000 -0.2000000000 1.2700000000 0.0000000000
0.0520000000 1.0000000000 -0.2000000000 0.5000000000 1.2700000000 1.0000000000 -0.2000000000 1.2700000000 0.0000000000
0.0540000000 1.0000000000 -0.2000000000 0.5000000000 1.2700000000 1.0000000000 -0.2000000000 1.2700000000 0.0000000000
0.0560000000 1.0000000000 -0.2000000000 0.5000000000 1.2700000000 1.0000000000 -0.2000000000 1.2700000000 0.0000000000
0.0580000000 1.0000000000 -0.2000000000 0.5000000000 1.2700000000 1.0000000000 -0.2000000000 1.2700000000 0.0000000000
0.0600000000 1.0000000000 -0.2000000000 0.5000000000 1.2700000000 1.0000000000 -0.2000000000 1.2700000000 0.0000000000
0.0620000000 1.0000000000 -0.2000000000 0.5000000000 1.2700000000 1.0000000000 -0.2000000000 1.2700000000 0.0000000000
0.0640000000 1.0000000000 -0.2000000000 0.5000000000 1.2700000000 1.0000000000 -0.2000000000 1.2700000000 0.0000000000
0.0660000000 1.0000000000 -0.2000000000 0.5000000000 1.2700000000 1.0000000000 -0.2000000000 1.2700000000 0.0000000000
0.0680000000 1.0000000000 -0.2000000000 0.5000000000 1.2700000000 1.0000000000 -0.2000000000 1.2700000000 0.0000000000
0.0700000000 1.0000000000 -0.2000000000 0.5000000000 1.2700000000 1.0000000000 -0.2000000000 1.2700000000 0.0000000000
0.0720000000 1.0000000000 -0.2000000000 0.5000000000 1.2700000000 1.0000000000 -0.2000000000 1.2700000000 0.0000000000
0.0740000000 1.0000000000 -0.2000000000 0.5000000000 1.2700000000 1.0000000000 -0.2000000000 1.2700000000 0.0000000000
0.0760000000 1.0000000000 -0.2000000000 0.5000000000 1.2700000000 1.0000000000 -0.2000000000 1.2700000000 0.0000000000
0.0780000000 1.0000000000 -0.2000000000 0.5000000000 1.2700000000 1.0000000000 -0.2000000000 1.2700000000 0.0000000000
0.0800000000 1.0000000000 -0.2000000000 0.5000000000 1.2700000000 1.0000000000 -0.2000000000 1.2700000000 0.0000000000
0.0820000000 1.0000000000 -0.2000000000 0.5000000000 1.2700000000 1.0000000000 -0.2000000000 1.2700000000 0.0000000000
0.0840000000 1.0000000000 -0.2000000000 0.5000000000 1.2700000000 1.0000000000 -0.2000000000 1.2700000000 0.0000000000
0.0860000000 1.0000000000 -0.2000000000 0.5000000000 1.2700000000 1.0000000000 -0.2000000000 1.2700000000 0.0000000000
0.0880000000 1.0000000000 -0.2000000000 0.5000000000 1.2700000000 1.0000000000 -0.2000000000 1.2700000000 0.0000000000
0.0900000000 1.0000000000 -0.2000000000 0.5000000000 1.2700000000 1.0000000000 -0.2000000000 1.2700000000 0.0000000000
0.0920000000 1.0000000000 -0.2000000000 0.5000000000 1.2700000000 1.0000000000 -0.2000000000 1.2700000000 0.0000000000
0.0940000000 1.0000000000 -0.2000000000 0.5000000000 1.2700000000 1.0000000000 -0.2000000000 1.2700000000 0.0000000000
0.0960000000 1.0000000000 -0.2000000000 0.5000000000 1.2700000000 1.0000000000 -0.2000000000 1.2700000000 0.0000000000
0.0980000000 1.0000000000 -0.2000000000 0.5000000000 1.2700000000 1.0000000000 -0.2000000000 1.2700000000 0.0000000000
0.1000000000 1.0000000000 -0.2000000000 0.5000000000 1.2700000000 1.0000000000 -0.2000000000 1.2700000000 0.0000000000
0.1020000000 1.0000000000 -0.2000000000 0.5000000000 1.2700000000 1.0000000000 -0.2000000000 1.2700000000 0.0000000000
0.1040000000 1.0000000000 -0.2000000000 0.5000000000 1.2700000000 1.0000000000 -0.2000000000 1.2700000000 0.0000000000
0.1060000000 1.0000000000 -0.2000000000 0.5000000000 1.2700000000 1.0000000000 -0.2000000000 1.2700000000 0.0000000000
0.1080000000 1.0000000000 -0.2000000000 0.5000000000 1.2700000000 1.0000000000 -0.2000000000 1.2700000000 0.0000000000
0.1100000000 1.0000000000 -0.2000000000 0.5000000000 1.2700000000 1.0000000000 -0.2000000000 1.2700000000 0.0000000000
0.1120000000 1.0000000000 -0.2000000000 0.5000000000 1.2700000000 1.0000000000 -0.2000000000 1.2700000000 0.0000000000
0.1140000000 1.0000000000 -0.2000000000 0.5000000000 1.2700000000 1.0000000000 -0.2000000000 1.2700000000 0.0000000000
0.1160000000 1.0000000000 -0.2000000000 0.5000000000 1.2700000000 1.0000000000 -0.2000000000 1.2700000000 0.0000000000
0.1180000000 1.0000000000 -0.2000000000 0.5000000000 1.2700000000 1.0000000000 -0.2000000000 1.2700000000 0.0000000000
0.1200000000 1.0000000000 -0.2000000000 0.5000000000 1.2700000000 1.0000000000 -0.2000000000 1.2700000000 0.0000000000
0.1220000000 1.0000000000 -0.2000000000 0.5000000000 1.2700000000 1.0000000000 -0.2000000000 1.2700000000 0.0000000000
0.1240000000 1.0000000000 -0.2000000000 0.5000000000 1.2700000000 1.0000000000 -0.2000000000 1.2700000000 0.0000000000
0.1260000000 1.0000000000 -0.2000000000 0.5000000000 1.2700000000 1.0000000000 -0.2000000000 1.2700000000 0.0000000000
0.1280000000 1.0000000000 -0.2000000000 0.5000000000 1.2700000000 1.0000000000 -0.2000000000 1.2700000000 0.0000000000
0.1300000000 1.0000000000 -0.2000000000 0.5000000000 1.2700000000 1.0000000000 -0.2000000000 1.2700000000 0.0000000000
0.1320000000 1.0000000000 -0.2000000000 0.5000000000 1.2700000000 1.0000000000 -0.2000000000 1.2700000000 0.0000000000
0.1340000000 1.0000000000 -0.2000000000 0.5000000000 1.2700000000 1.0000000000 -0.2000000000 1.2700000000 0.0000000000
0.1360000000 1.0000000000 -0.2000000000 0.5000000000 1.2700000000 1.0000000000 -0.2000000000 1.2700000000 0.0000000000
0.1380000000 1.0000000000 -0.2000000000 0.5000000000 1.2700000000 1.0000000000 -0.2000000000 1.2700000000 0.0000000000
0.1400000000 1.0000000000 -0.2000000000 0.5000000000 1.2700000000 1.0000000000 -0.2000000000 1.2700000000 0.0000000000
0.1420000000 1.0000000000 -0.2000000000 0.5000000000 1.2700000000 1.0000000000 -0.2000000000 1.2700000000 0.0000000000
0.1440000000 1.0000000000 -0.2000000000 0.5000000000 1.2700000000 1.0000000000 -0.2000000000 1.2700000000 0.0000000000
0.1460000000 1.0000000000 -0.2000000000 0.5000000000 1.2700000000 1.0000000000 -0.2000000000 1.2700000000 0.0000000000
0.1480000000 1.0000000000 -0.2000000000 0.5000000000 1.2700000000 1.0000000000 -0.2000000000 1.2700000000 0.0000000000
0.1500000000 1.0000000000 -0.2000000000 0.5000000000 1.2700000000 1.0000000000 -0.2000000000 1.2700000000 0.0000000000
0.1520000000 1.0000000000 -0.2000000000 0.5000000000 1.2700000000 1.0000000000 -0.2000000000 1.2700000000 0.0000000000
0.1540000000 1.0000000000 -0.2000000000 0.5000000000 1.2700000000 1.0000000000 -0.2000000000 1.2700000000 0.0000000000
0.1560000000 1.0000000000 -0.2000000000 0.5000000000 1.2700000000 1.0000000000 -0.2000000000 1.2700000000 0.0000000000
0.1580000000 1.0000000000 -0.2000000000 0.5000000000 1.2700000000 1.0000000000 -0.2000000000 1.2700000000 0.0000000000
0.1600000000 1.0000000000 -0.2000000000 0.5000000000 1.2700000000 1.0000000000 -0.2000000000 1.2700000000 0.0000000000
0.1620000000 1.0000000000 -0.2000000000 0.5000000000 1.2700000000 1.0000000000 -0.2000000000 1.2700000000 0.0000000000
0.1640000000 1.0000000000 -0.2000000000 0.5000000000 1.2700000000 1.0000000000 -0.2000000000 1.2700000000 0.0000000000
0.1660000000 1.0000000000 -0.2000000000 0.5000000000 1.2700000000 1.0000000000 -0.2000000000 1.2700000000 0.0000000000
0.1680000000 1.0000000000 -0.2000000000 0.5000000000 1.2700000000 1.0000000000 -0.2000000000 1.2700000000 0.0000000000
0.1700000000 1.0000000000 -0.2000000000 0.5000000000 1.2700000000 1.0000000000 -0.2000000000 1.2700000000 0.0000000000
0.1720000000 1.0000000000 -0.2000000000 0.5000000000 1.2700000000 1.0000000000 -0.2000000000 1.2700000000 0.0000000000
0.1740000000 1.0000000000 -0.2000000000 0.5000000000 1.2700000000 1.0000000000 -0.2000000000 1.2700000000 0.0000000000
0.1760000000 1.0000000000 -0.2000000000 0.5000000000 1.2700000000 1.0000000000 -0.2000000000 1.2700000000 0.0000000000
0.1780000000 1.0000000000 -0.2000000000 0.5000000000 1.2700000000 1.0000000000 -0.2000000000 1.2700000000 0.0000000000
0.1800000000 1.0000000000 -0.2000000000 0.5000000000 1.2700000000 1.0000000000 -0.2000000000 1.2700000000 0.0000000000
0.1820000000 1.0000000000 -0.2000000000 0.5000000000 1.2700000000 1.0000000000 -0.2000000000 1.2700000000 0.0000000000
0.1840000000 1.0000000000 -0.2000000000 0.5000000000 1.2700000000 1.0000000000 -0.2000000000 1.2700000000 0.0000000000
0.1860000000 1.0000000000 -0.2000000000 0.5000000000 1.2700000000 1.0000000000 -0.2000000000 1.2700000000 0.0000000000
0.1880000000 1.0000000000 -0.2000000000 0.5000000000 1.2700000000 1.0000000000 -0.2000000000 1.2700000000 0.0000000001
0.1900000000 1.0000000000 -0.2000000000 0.5000000000 1.2700000000 1.0000000000 -0.2000000000 1.2700000000 0.0000000002
0.1920000000 1.0000000000 -0.2000000000 0.5000000000 1.2700000000 1.0000000000 -0.2000000000 1.2700000000 0.0000000005
0.1940000000 1.0000000000 -0.2000000000 0.5000000000 1.2700000000 1.0000000000 -0.2000000000 1.2700000000 0.0000000013
0.1960000000 1.0000000000 -0.2000000000 0.5000000000 1.2700000000 1.0000000000 -0.2000000000 1.2700000000 0.0000000036
0.1980000000 1.0000000000 -0.2000000000 0.5000000000 1.2700000000 1.0000000000 -0.2000000000 1.2700000000 0.0000000095
0.2000000000 1.0000000000 -0.2000000000 0.5000000000 1.2700000000 1.0000000000 -0.2000000000 1.2700000000 0.0000000247
0.2020000000 1.0000000000 -0.2000000000 0.5000000000 1.2700000000 1.0000000000 -0.2000000000 1.2700000000 0.0000000637
0.2040000000 1.0000000000 -0.2000000000 0.5000000000 1.2700000000 1.0000000000 -0.2000000000 1.2700000000 0.0000001624
0.2060000000 1.0000000000 -0.2000000000 0.5000000000 1.2700000000 1.0000000000 -0.2000000000 1.2700000000 0.0000004093
0.2080000000 1.0000000000 -0.2000000000 0.5000000000 1.2700000000 1.0000000000 -0.2000000000 1.2700000000 0.0000010192
0.2100000000 1.0000000000 -0.2000000000 0.5000000000 1.2700000000 1.0000000000 -0.2000000000 1.2699999999 0.0000025074
0.2120000000 0.9999999999 -0.1999999999 0.4999999999 1.2699999999 0.9999999999 -0.1999999999 1.2699999998 0.0000060926
0.2140000000 0.9999999997 -0.1999999998 0.4999999998 1.2699999998 0.9999999997 -0.1999999997 1.2699999995 0.0000146151
0.2160000000 0.9999999993 -0.1999999994 0.4999999995 1.2699999995 0.9999999993 -0.1999999993 1.2699999987 0.0000345884
0.2180000000 0.9999999984 -0.1999999986 0.4999999989 1.2699999989 0.9999999984 -0.1999999983 1.2699999968 0.0000806545
0.2200000000 0.9999999961 -0.1999999968 0.4999999973 1.2699999974 0.9999999961 -0.1999999960 1.2699999925 0.0001848302
0.2220000000 0.9999999909 -0.1999999924 0.4999999936 1.2699999939 0.9999999909 -0.1999999906 1.2699999824 0.0004140460
0.2240000000 0.9999999790 -0.1999999824 0.4999999853 1.2699999860 0.9999999790 -0.1999999782 1.2699999593 0.0008971882
0.2260000000 0.9999999524 -0.1999999602 0.4999999667 1.2699999682 0.9999999524 -0.1999999506 1.2699999078 0.0018450635
0.2280000000 0.9999998946 -0.1999999118 0.4999999262 1.2699999297 0.9999998946 -0.1999998908 1.2699997958 0.0034978789
0.2300000000 0.9999997739 -0.1999998109 0.4999998418 1.2699998491 0.9999997739 -0.1999997657 1.2699995621 0.0059145683
0.2320000000 0.9999995341 -0.1999996102 0.4999996739 1.2699996891 0.9999995341 -0.1999995170 1.2699990974 0.0087392350
0.2340000000 0.9999990831 -0.1999992329 0.4999993582 1.2699993881 0.9999990831 -0.1999990495 1.2699982237 0.0113571071
0.2360000000 0.9999982791 -0.1999985602 0.4999987954 1.2699988516 0.9999982791 -0.1999982160 1.2699966660 0.0133539926
0.2380000000 0.9999969078 -0.1999974129 0.4999978355 1.2699979365 0.9999969078 -0.1999967945 1.2699940095 0.0146722521
0.2400000000 0.9999946480 -0.1999955222 0.4999962536 1.2699964285 0.9999946480 -0.1999944519 1.2699896315 0.0154402467
0.2420000000 0.9999910196 -0.1999924864 0.4999937137 1.2699940071 0.9999910196 -0.1999906904 1.2699826020 0.0158135962
0.2440000000 0.9999853102 -0.1999877096 0.4999897172 1.2699901971 0.9999853102 -0.1999847718 1.2699715412 0.0159177297
0.2460000000 0.9999764741 -0.1999803167 0.4999835320 1.2699843006 0.9999764741 -0.1999756120 1.2699544231 0.0158412146
0.2480000000 0.9999629935 -0.1999690378 0.4999740957 1.2699753048 0.9999629935 -0.1999616376 1.2699283074 0.0156431033
0.2500000000 0.9999426938 -0.1999520534 0.4999598863 1.2699617587 0.9999426938 -0.1999405949 1.2698889820 0.0153616145
0.2520000000 0.9999125021 -0.1999267920 0.4999387529 1.2699416119 0.9999125021 -0.1999092988 1.2698304947 0.0150210403
0.2540000000 0.9998681389 -0.1998896725 0.4999077005 1.2699120094 0.9998681389 -0.1998633148 1.2697445574 0.0146366166
0.2560000000 0.9998037361 -0.1998357835 0.4998626224 1.2698690367 0.9998037361 -0.1997965629 1.2696198072 0.0142177812
0.2580000000 0.9997113788 -0.1997584994 0.4997979802 1.2698074145 0.9997113788 -0.1997008449 1.2694409212 0.0137703056
0.2600000000 0.9995805768 -0.1996490367 0.4997064352 1.2697201479 0.9995805768 -0.1995652992 1.2691875978 0.0132976813
0.2620000000 0.9993976860 -0.1994959661 0.4995784440 1.2695981415 0.9993976860 -0.1993758069 1.2688334447 0.0128020327
0.2640000000 0.9991453143 -0.1992847109 0.4994018468 1.2694298069 0.9991453143 -0.1991143851 1.2683448434 0.0122847303
0.2660000000 0.9988017711 -0.1989970763 0.4991614856 1.2692007002 0.9988017711 -0.1987586322 1.2676799073 0.0117468214
0.2680000000 0.9983406364 -0.1986108739 0.4988389104 1.2688932429 0.9983406364 -0.1982813062 1.2667876876 0.0111893444
0.2700000000 0.9977305496 -0.1980997216 0.4984122426 1.2684865931 0.9977305496 -0.1976501441 1.2656078257 0.0106135680
0.2720000000 0.9969353260 -0.1974331055 0.4978562720 1.2679567394 0.9969353260 -0.1968280374 1.2640708653 0.0100211783
0.2740000000 0.9959145053 -0.1965767899 0.4971428620 1.2672768885 0.9959145053 -0.1957736765 1.2620994354 0.0094144192
0.2760000000 0.9946244115 -0.1954936387 0.4962417185 1.2664181992 0.9946244115 -0.1944427453 1.2596104561 0.0087961896
0.2780000000 0.9930197535 -0.1941448751 0.4951215415 1.2653508806 0.9930197535 -0.1927896960 1.2565184195 0.0081700927
0.2800000000 0.9910557217 -0.1924917461 0.4937515267 1.2640456222 0.9910557217 -0.1907700464 1.2527396463 0.0075404326
0.2820000000 0.9886904498 -0.1904974926 0.4921031194 1.2624752655 0.9886904498 -0.1883430516 1.2481972380 0.0069121539
0.2840000000 0.9858876248 -0.1881294566 0.4901518658 1.2606165672 0.9858876248 -0.1854745031 1.2428262732 0.0062907247
0.2860000000 0.9826189653 -0.1853611093 0.4878791567 1.2584518625 0.9826189653 -0.1821393414 1.2365786670 0.0056819633
0.2880000000 0.9788662661 -0.1821737634 0.4852736502 1.2559704246 0.9788662661 -0.1783237516 1.2294270798 0.0050918181
0.2900000000 0.9746227417 -0.1785577554 0.4823321803 1.2531693388 0.9746227417 -0.1740264492 1.2213673368 0.0045261119
0.2920000000 0.9698934870 -0.1745129480 0.4790600278 1.2500537707 0.9698934870 -0.1692589716 1.2124190106 0.0039902674
0.2940000000 0.9646949963 -0.1700484936 0.4754705152 1.2466365943 0.9646949963 -0.1640449309 1.2026240847 0.0034890345
0.2960000000 0.9590538233 -0.1651819090 0.4715839919 1.2429374378 0.9590538233 -0.1584183414 1.1920439018 0.0030262427
0.2980000000 0.9530045787 -0.1599375981 0.4674263576 1.2389812869 0.9530045787 -0.1524212633 1.1807548394 0.0026046031
0.3000000000 0.9465875424 -0.1543450317 0.4630273255 1.2347968355 0.9465875424 -0.1461010842 1.1688433020 0.0022255808
0.3020000000 0.9398461851 -0.1484368090 0.4584186399 1.2304147869 0.9398461851 -0.1395077687 1.1564006436 0.0018893553
0.3040000000 0.9328248657 -0.1422468147 0.4536324363 1.2258662851 0.9328248657 -0.1326913658 1.1435185528 0.0015948751
0.3060000000 0.9255668987 -0.1358086322 0.4486998812 1.2211816080 0.9255668987 -0.1256999745 1.1302852737 0.0013400006
0.3080000000 0.9181131004 -0.1291543136 0.4436501623 1.2163891930 0.9181131004 -0.1185782673 1.1167828532 0.0011217188
0.3100000000 0.9105008375 -0.1223135374 0.4385098440 1.2115150086 0.9105008375 -0.1113665783 1.1030854300 0.0009364006
0.3120000000 0.9027635372 -0.1153131351 0.4333025498 1.2065822409 0.9027635372 -0.1041004937 1.0892584517 0.0007800690
0.3140000000 0.8949305749 -0.1081769276 0.4280489133 1.2016112346 0.8949305749 -0.0968108400 1.0753586330 0.0006486463
0.3160000000 0.8870274401 -0.1009257992 0.4227667205 1.1966196213 0.8870274401 -0.0895239533 1.0614344394 0.0005381551
0.3180000000 0.8790760841 -0.0935779336 0.4174711758 1.1916225661 0.8790760841 -0.0822621235 1.0475268992 0.0004448596
0.3200000000 0.8710953687 -0.0861491474 0.4121752342 1.1866330785 0.8710953687 -0.0750441233 1.0336705791 0.0003653432
0.3220000000 0.8631015554 -0.0786532710 0.4068899561 1.1816623459 0.8631015554 -0.0678857606 1.0198946087 0.0002965266
0.3240000000 0.8551087976 -0.0711025470 0.4016248589 1.1767200645 0.8551087976 -0.0608004135 1.0062236795 0.0002356352
0.3260000000 0.8471296169 -0.0635080270 0.3963882526 1.1718147529 0.8471296169 -0.0537995306 0.9926789826 0.0001801263
0.3280000000 0.8391753577 -0.0558799663 0.3911875550 1.1669540468 0.8391753577 -0.0468930907 0.9792790796 0.0001275809
0.3300000000 0.8312566305 -0.0482282219 0.3860295931 1.1621449775 0.8312566305 -0.0400900292 0.9660407182 0.0000755627
0.3320000000 0.8233837582 -0.0405626724 0.3809209012 1.1573942439 0.8233837582 -0.0333986456 0.9529796223 0.0000214803
0.3340000000 0.8155672306 -0.0328936765 0.3758680248 1.1527085028 0.8155672306 -0.0268270046 0.9401112814 0.0000367130
0.3360000000 0.8078179863 -0.0252323989 0.3708777128 1.1480945658 0.8078179863 -0.0203831857 0.9274514403 0.0000993355
0.3380000000 0.8001474894 -0.0175908275 0.3659569220 1.1435592997 0.8001474894 -0.0140752564 0.9150161027 0.0001687097
0.3400000000 0.7925680579 -0.0099821703 0.3611130397 1.1391098560 0.7925680579 -0.0079115494 0.9028220864 0.0002479008
0.3420000000 0.7850933103 -0.0024213511 0.3563541609 1.1347539103 0.7850933103 -0.0019009865 0.8908877038 0.0003405731
0.3440000000 0.7777386638 0.0050744278 0.3516893911 1.1304999121 0.7777386638 0.0039465787 0.8792334911 0.0004512535
0.3460000000 0.7705218970 0.0124850334 0.3471291826 1.1263573596 0.7705218970 0.0096199916 0.8678830094 0.0005856319
0.3480000000 0.7634637867 0.0197866534 0.3426857121 1.1223371007 0.7634637867 0.0151063933 0.8568637328 0.0007509193
0.3500000000 0.7565888097 0.0269509540 0.3383732933 1.1184516581 0.7565888097 0.0203907902 0.8462080088 0.0009562423
0.3520000000 0.7499258780 0.0339441836 0.3342088031 1.1147155571 0.7499258780 0.0254556217 0.8359540429 0.0012130536
0.3540000000 0.7435090233 0.0407263112 0.3302120746 1.1111456146 0.7435090233 0.0302803798 0.8261467906 0.0015354464
0.3560000000 0.7373778746 0.0472503813 0.3264061596 1.1077611108 0.7373778746 0.0348413857 0.8168385334 0.0019402141
0.3580000000 0.7315776636 0.0534623927 0.3228173053 1.1045837115 0.7315776636 0.0391118924 0.8080887709 0.0024463845
0.3600000000 0.7261583703 0.0593021548 0.3194744155 1.1016369548 0.7261583703 0.0430627561 0.7999628958 0.0030738927
0.3620000000 0.7211725367 0.0647056876 0.3164077203 1.0989450822 0.7211725367 0.0466639649 0.7925290126 0.0038411214
0.3640000000 0.7166713335 0.0696096781 0.3136464141 1.0965310269 0.7166713335 0.0498872609 0.7858523533 0.0047613161
0.3660000000 0.7126987992 0.0739581272 0.3112152245 1.0944135500 0.7126987992 0.0527098684 0.7799872229 0.0058384830
0.3680000000 0.7092848600 0.0777105252 0.3091302834 1.0926038485 0.7092848600 0.0551188990 0.7749673677 0.0070640880
0.3700000000 0.7064386166 0.0808498502 0.3073951887 1.0911023858 0.7064386166 0.0571154563 0.7707968599 0.0084161721
0.3720000000 0.7041439879 0.0833879431 0.3059984964 1.0898969585 0.7041439879 0.0587171188 0.7674443908 0.0098618525
0.3740000000 0.7023595400 0.0853660791 0.3049137123 1.0889628646 0.7023595400 0.0599576801 0.7648434567 0.0113626415
0.3760000000 0.7010230505 0.0868500211 0.3041020967 1.0882653913 0.7010230505 0.0608838667 0.7628991244 0.0128806109
0.3780000000 0.7000596456 0.0879208487 0.3035175716 1.0877640083 0.7000596456 0.0615498382 0.7614996861 0.0143832558
0.3800000000 0.6993911628 0.0886642649 0.3031123296 1.0874170913 0.6993911628 0.0620110033 0.7605299039 0.0158459615
0.3820000000 0.6989443339 0.0891611723 0.3028417150 1.0871859956 0.6989443339 0.0623186962 0.7598824916 0.0172522493
0.3840000000 0.6986562629 0.0894813073 0.3026674751 1.0870377393 0.6986562629 0.0625166757 0.7594657246 0.0185925852
0.3860000000 0.6984768463 0.0896803576 0.3025591761 1.0869461423 0.6984768463 0.0626396533 0.7592067135 0.0198624456
0.3880000000 0.6983686822 0.0897999530 0.3024941175 1.0868917043 0.6983686822 0.0627134748 0.7590511272 0.0210599239
0.3900000000 0.6983054063 0.0898694620 0.3024563051 1.0868606985 0.6983054063 0.0627563312 0.7589607017 0.0221827245
0.3920000000 0.6982693616 0.0899085622 0.3024350307 1.0868439401 0.6982693616 0.0627803944 0.7589098242 0.0232238450
0.3940000000 0.6982492559 0.0899298402 0.3024234474 1.0868355597 0.6982492559 0.0627934440 0.7588821208 0.0241643087
0.3960000000 0.6982381643 0.0899410146 0.3024173577 1.0868319610 0.6982381643 0.0628002489 0.7588675533 0.0249594734
0.3980000000 0.6982320009 0.0899466387 0.3024142855 1.0868310249 0.6982320009 0.0628036215 0.7588602012 0.0255119273
0.4000000000 0.6982284392 0.0899493037 0.3024128219 1.0868315476 0.6982284392 0.0628051619 0.7588566951 0.0256185524
0.4020000000 0.6982261974 0.0899504358 0.3024121915 1.0868328685 0.6982261974 0.0628057507 0.7588551810 0.0248823765
0.4040000000 0.6982245905 0.0899507959 0.3024119804 1.0868346370 0.6982245905 0.0628058576 0.7588546693 0.0224933883
0.4060000000 0.6982232649 0.0899507778 0.3024119746 1.0868366705 0.6982232649 0.0628057257 0.7588546485 0.0132993043
0.4080000000 0.6982220549 0.0899505635 0.3024120752 1.0868388877 0.6982220549 0.0628054673 0.7588548815 0.0046748606
0.4100000000 0.6982208542 0.0899502662 0.3024122206 1.0868412436 0.6982208542 0.0628051517 0.7588552215 0.0011261103
0.4120000000 0.6982195549 0.0899499954 0.3024123512 1.0868437017 0.6982195549 0.0628048457 0.7588555257 0.0052084933
0.4140000000 0.6982180895 0.0899498203 0.3024124294 1.0868462385 0.6982180895 0.0628045917 0.7588557042 0.0051954612
0.4160000000 0.6982164690 0.0899497259 0.3024124632 1.0868488645 0.6982164690 0.0628043800 0.7588557765 0.0016405840
0.4180000000 0.6982147414 0.0899496528 0.3024124852 1.0868516158 0.6982147414 0.0628041735 0.7588558198 0.0023927067
0.4200000000 0.6982129481 0.0899495426 0.3024125269 1.0868545361 0.6982129481 0.0628039353 0.7588559098 0.0030203038
0.4220000000 0.6982110940 0.0899493857 0.3024125936 1.0868576363 0.6982110940 0.0628036590 0.7588560592 0.0004742341
0.4240000000 0.6982091335 0.0899492233 0.3024126628 1.0868609100 0.6982091335 0.0628033693 0.7588562142 0.0028274142
0.4260000000 0.6982070074 0.0899491077 0.3024127062 1.0868643520 0.6982070074 0.0628030973 0.7588563067 0.0038782565
0.4280000000 0.6982047012 0.0899490484 0.3024127184 1.0868679673 0.6982047012 0.0628028485 0.7588563243 0.0016734593
0.4300000000 0.6982022383 0.0899490101 0.3024127188 1.0868717848 0.6982022383 0.0628026002 0.7588563128 0.0016136371
0.4320000000 0.6981996414 0.0899489484 0.3024127314 1.0868758519 0.6981996414 0.0628023235 0.7588563301 0.0024817214
0.4340000000 0.6981969119 0.0899488512 0.3024127628 1.0868801888 0.6981969119 0.0628020102 0.7588563914 0.0005513465
0.4360000000 0.6981940099 0.0899487474 0.3024127973 1.0868848037 0.6981940099 0.0628016767 0.7588564593 0.0019644505
0.4380000000 0.6981908815 0.0899486736 0.3024128150 1.0868897121 0.6981908815 0.0628013437 0.7588564862 0.0024847220
0.4400000000 0.6981875102 0.0899486337 0.3024128136 1.0868949322 0.6981875102 0.0628010126 0.7588564666 0.0005260349
0.4420000000 0.6981839016 0.0899485996 0.3024128085 1.0869005079 0.6981839016 0.0628006642 0.7588564373 0.0015924950
0.4440000000 0.6981800531 0.0899485431 0.3024128150 1.0869064949 0.6981800531 0.0628002786 0.7588564343 0.0014163052
0.4460000000 0.6981759424 0.0899484674 0.3024128313 1.0869129222 0.6981759424 0.0627998560 0.7588564538 0.0004401910
0.4480000000 0.6981715109 0.0899483991 0.3024128430 1.0869198312 0.6981715109 0.0627994097 0.7588564608 0.0017280867
0.4500000000 0.6981667110 0.0899483549 0.3024128409 1.0869272646 0.6981667110 0.0627989471 0.7588564334 0.0009451792
0.4520000000 0.6981615212 0.0899483226 0.3024128317 1.0869352783 0.6981615212 0.0627984577 0.7588563873 0.0007840781
0.4540000000 0.6981559100 0.0899482791 0.3024128279 1.0869439642 0.6981559100 0.0627979226 0.7588563524 0.0011682902
0.4560000000 0.6981498362 0.0899482198 0.3024128320 1.0869533943 0.6981498362 0.0627973349 0.7588563342 0.0000551022
0.4580000000 0.6981432202 0.0899481620 0.3024128344 1.0869636602 0.6981432202 0.0627966995 0.7588563099 0.0011212448
0.4600000000 0.6981359739 0.0899481198 0.3024128277 1.0869748723 0.6981359739 0.0627960182 0.7588562610 0.0006257888
0.4620000000 0.6981280217 0.0899480855 0.3024128158 1.0869871622 0.6981280217 0.0627952790 0.7588561971 0.0006071237
0.4640000000 0.6981192523 0.0899480425 0.3024128079 1.0870007330 0.6981192523 0.0627944602 0.7588561390 0.0007659860
0.4660000000 0.6981095213 0.0899479894 0.3024128046 1.0870158120 0.6981095213 0.0627935478 0.7588560881 0.0002028888
0.4680000000 0.6980985913 0.0899479395 0.3024127986 1.0870327419 0.6980985913 0.0627925299 0.7588560258 0.0007681247
0.4700000000 0.6980861424 0.0899479001 0.3024127860 1.0870520062 0.6980861424 0.0627913826 0.7588559416 0.0001321976
0.4720000000 0.6980716463 0.0899478620 0.3024127718 1.0870744415 0.6980716463 0.0627900521 0.7588558450 0.0006084362
0.4740000000 0.6980544586 0.0899478155 0.3024127612 1.0871010660 0.6980544586 0.0627884737 0.7588557460 0.0003078511
0.4760000000 0.6980328968 0.0899477652 0.3024127516 1.0871344820 0.6980328968 0.0627864991 0.7588556317 0.0004074720
0.4780000000 0.6980055143 0.0899477206 0.3024127379 1.0871769178 0.6980055143 0.0627840050 0.7588554837 0.0003358538
0.4800000000 0.6979685641 0.0899476804 0.3024127207 1.0872341933 0.6979685641 0.0627806533 0.7588552887 0.0003182244
0.4820000000 0.6979134981 0.0899476356 0.3024127048 1.0873195971 0.6979134981 0.0627756690 0.7588550236 0.0003904000
0.4840000000 0.6978448481 0.0899475856 0.3024126906 1.0874261079 0.6978448481 0.0627694592 0.7588547071 0.0001496959
0.4860000000 0.6977102120 0.0899475379 0.3024126739 1.0876351022 0.6977102120 0.0627573157 0.7588541177 0.0002710922
0.4880000000 0.6975679288 0.0899474938 0.3024126540 1.0878560472 0.6975679288 0.0627444869 0.7588534897 0.0001950074
0.4900000000 0.6972434073 0.0899474468 0.3024126343 1.0883604159 0.6972434073 0.0627152643 0.7588521248 0.0003302238
0.4920000000 0.6968353797 0.0899473955 0.3024126157 1.0889952584 0.6968353797 0.0626785275 0.7588504244 0.0000568447
0.4940000000 0.6961582440 0.0899473450 0.3024125951 1.0900504835 0.6961582440 0.0626175858 0.7588476305 0.0001446211
0.4960000000 0.6950047648 0.0899472965 0.3024125720 1.0918528075 0.6950047648 0.0625137996 0.7588429037 0.0002001564
0.4980000000 0.6930809017 0.0899472450 0.3024125491 1.0948722706 0.6930809017 0.0623407177 0.7588350606 0.0002397726
0.5000000000 0.6904807411 0.0899471904 0.3024125262 1.0989799377 0.6904807411 0.0621068027 0.7588244818 0.0000428350
0.5020000000 0.6859052822 0.0899471365 0.3024125014 1.1062838082 0.6859052822 0.0616952160 0.7588059076 0.0000061730
0.5040000000 0.6785929968 0.0899470823 0.3024124753 1.1181610519 0.6785929968 0.0610374601 0.7587762591 0.0002338381
0.5060000000 0.6684925761 0.0899470249 0.3024124496 1.1349944034 0.6684925761 0.0601289184 0.7587353326 0.0001151032
0.5080000000 0.6541395534 0.0899469660 0.3024124232 1.1598093983 0.6541395534 0.0588378682 0.7586772019 0.0000023815
0.5100000000 0.6337098939 0.0899469070 0.3024123956 1.1970690284 0.6337098939 0.0570002449 0.7585944869 0.0001685580
0.5120000000 0.6056387850 0.0899468456 0.3024123685 1.2523650741 0.6056387850 0.0544752983 0.7584808619 0.0001481026
0.5140000000 0.5705087810 0.0899467822 0.3024123421 1.3292322735 0.5705087810 0.0513154291 0.7583386841 0.0000274275
0.5160000000 0.5310523350 0.0899467184 0.3024123159 1.4276916903 0.5310523350 0.0477664149 0.7581790058 0.0001490938
0.5180000000 0.4913464346 0.0899466525 0.3024122910 1.5427369952 0.4913464346 0.0441949670 0.7580183222 0.0001230549
0.5200000000 0.4551424388 0.0899465849 0.3024122672 1.6651310510 0.4551424388 0.0409385080 0.7578718075 0.0000557048
0.5220000000 0.4248181551 0.0899465165 0.3024122440 1.7837022033 0.4248181551 0.0382109132 0.7577490792 0.0001416539
0.5240000000 0.4011487897 0.0899464460 0.3024122216 1.8887088610 0.4011487897 0.0360819080 0.7576532737 0.0000775743
0.5260000000 0.3836993628 0.0899463745 0.3024121995 1.9744172216 0.3836993628 0.0345123666 0.7575826298 0.0000866567
0.5280000000 0.3714351408 0.0899463017 0.3024121774 2.0394757473 0.3714351408 0.0334092172 0.7575329613 0.0001192155
0.5300000000 0.3631369823 0.0899462272 0.3024121553 2.0859878585 0.3631369823 0.0326628015 0.7574993360 0.0000791777
0.5320000000 0.3577040293 0.0899461516 0.3024121326 2.1176090783 0.3577040293 0.0321741009 0.7574772998 0.0001207616
0.5340000000 0.3542460977 0.0899460743 0.3024121095 2.1382402138 0.3542460977 0.0318630458 0.7574632518 0.0001098751
0.5360000000 0.3520993135 0.0899459953 0.3024120858 2.1512524361 0.3520993135 0.0316699232 0.7574545058 0.0001107056
0.5380000000 0.3507977680 0.0899459148 0.3024120613 2.1592189182 0.3507977680 0.0315528262 0.7574491771 0.0001293452
0.5400000000 0.3500260023 0.0899458324 0.3024120360 2.1639706319 0.3500260023 0.0314833801 0.7574459894 0.0001097335
0.5420000000 0.3495786678 0.0899457484 0.3024120099 2.1667343629 0.3495786678 0.0314431149 0.7574441120 0.0001211362
0.5440000000 0.3493256727 0.0899456627 0.3024119830 2.1683004658 0.3493256727 0.0314203291 0.7574430187 0.0001263523
0.5460000000 0.3491866139 0.0899455751 0.3024119553 2.1691621440 0.3491866139 0.0314077908 0.7574423841 0.0001364870
0.5480000000 0.3491130515 0.0899454855 0.3024119266 2.1696181474 0.3491130515 0.0314011429 0.7574420120 0.0001510692
0.5500000000 0.3490763279 0.0899453936 0.3024118969 2.1698457500 0.3490763279 0.0313978077 0.7574417864 0.0001445987
0.5520000000 0.3490598504 0.0899452997 0.3024118663 2.1699477591 0.3490598504 0.0313962929 0.7574416402 0.0001548526
0.5540000000 0.3490541892 0.0899452034 0.3024118346 2.1699826516 0.3490541892 0.0313957501 0.7574415351 0.0001721169
0.5560000000 0.3490540874 0.0899451046 0.3024118018 2.1699830397 0.3490540874 0.0313957064 0.7574414497 0.0001782610
0.5580000000 0.3490566758 0.0899450032 0.3024117679 2.1699667262 0.3490566758 0.0313959038 0.7574413720 0.0001633490
0.5600000000 0.3490604234 0.0899448992 0.3024117328 2.1699432121 0.3490604234 0.0313962046 0.7574412963 0.0001404715
0.5620000000 0.3490645385 0.0899447931 0.3024116969 2.1699174112 0.3490645385 0.0313965377 0.7574412197 0.0001632370
0.5640000000 0.3490686298 0.0899446846 0.3024116598 2.1698917507 0.3490686298 0.0313968678 0.7574411402 0.0002254389
0.5660000000 0.3490725178 0.0899445727 0.3024116213 2.1698673418 0.3490725178 0.0313971785 0.7574410563 0.0002582969
0.5680000000 0.3490761323 0.0899444569 0.3024115812 2.1698446184 0.3490761323 0.0313974631 0.7574409670 0.0002185163
0.5700000000 0.3490794575 0.0899443376 0.3024115397 2.1698236793 0.3490794575 0.0313977206 0.7574408729 0.0001571317
0.5720000000 0.3490825035 0.0899442159 0.3024114971 2.1698044652 0.3490825035 0.0313979521 0.7574407749 0.0001768046
0.5740000000 0.3490852907 0.0899440915 0.3024114534 2.1697868492 0.3490852907 0.0313981593 0.7574406729 0.0002777579
0.5760000000 0.3490878419 0.0899439628 0.3024114079 2.1697706840 0.3490878419 0.0313983439 0.7574405655 0.0003304870
0.5780000000 0.3490901802 0.0899438290 0.3024113603 2.1697558249 0.3490901802 0.0313985075 0.7574404518 0.0002412959
0.5800000000 0.3490923274 0.0899436911 0.3024113111 2.1697421394 0.3490923274 0.0313986525 0.7574403332 0.0001093736
0.5820000000 0.3490943038 0.0899435514 0.3024112611 2.1697295072 0.3490943038 0.0313987815 0.7574402118 0.0001473688
0.5840000000 0.3490961271 0.0899434096 0.3024112102 2.1697178187 0.3490961271 0.0313988959 0.7574400874 0.0003978066
0.5860000000 0.3490978113 0.0899432616 0.3024111569 2.1697069754 0.3490978113 0.0313989958 0.7574399562 0.0006084903
0.5880000000 0.3490993684 0.0899431039 0.3024110996 2.1696968916 0.3490993684 0.0313990807 0.7574398145 0.0004874067
0.5900000000 0.3491008105 0.0899429377 0.3024110391 2.1696874968 0.3491008105 0.0313991524 0.7574396637 0.0000806431
0.5920000000 0.3491021503 0.0899427697 0.3024109778 2.1696787312 0.3491021503 0.0313992143 0.7574395105 0.0001877595
0.5940000000 0.3491033987 0.0899426047 0.3024109175 2.1696705408 0.3491033987 0.0313992690 0.7574393598 0.0000607472
0.5960000000 0.3491045629 0.0899424394 0.3024108571 2.1696628712 0.3491045629 0.0313993160 0.7574392082 0.0006864586
0.5980000000 0.3491056469 0.0899422633 0.3024107924 2.1696556674 0.3491056469 0.0313993520 0.7574390453 0.0010812575
0.6000000000 0.3491066546 0.0899420688 0.3024107206 2.1696488844 0.3491066546 0.0313993747 0.7574388638 0.0007824337
0.6020000000 0.3491075928 0.0899418598 0.3024106431 2.1696424912 0.3491075928 0.0313993862 0.7574386674 0.0000050499
0.6040000000 0.3491084711 0.0899416498 0.3024105652 2.1696364658 0.3491084711 0.0313993918 0.7574384695 0.0005006349
0.6060000000 0.3491092974 0.0899414483 0.3024104905 2.1696307873 0.3491092974 0.0313993958 0.7574382798 0.0001441638
0.6080000000 0.3491100742 0.0899412504 0.3024104171 2.1696254254 0.3491100742 0.0313993966 0.7574380933 0.0008580313
0.6100000000 0.3491108001 0.0899410387 0.3024103383 2.1696203395 0.3491108001 0.0313993880 0.7574378927 0.0015822776
0.6120000000 0.3491114737 0.0899407988 0.3024102487 2.1696154971 0.3491114737 0.0313993648 0.7574376636 0.0013033425
0.6140000000 0.3491120988 0.0899405333 0.3024101491 2.1696108827 0.3491120988 0.0313993284 0.7574374089 0.0002076403
0.6160000000 0.3491126847 0.0899402622 0.3024100473 2.1696064954 0.3491126847 0.0313992864 0.7574371483 0.0007476545
0.6180000000 0.3491132401 0.0899400045 0.3024099506 2.1696023344 0.3491132401 0.0313992464 0.7574369007 0.0006492946
0.6200000000 0.3491137673 0.0899397599 0.3024098589 2.1695983858 0.3491137673 0.0313992084 0.7574366660 0.0005779749
0.6220000000 0.3491142617 0.0899395067 0.3024097639 2.1695946153 0.3491142617 0.0313991645 0.7574364223 0.0019006839
0.6240000000 0.3491147169 0.0899392182 0.3024096552 2.1695909874 0.3491147169 0.0313991047 0.7574361434 0.0021607497
0.6260000000 0.3491151316 0.0899388854 0.3024095294 2.1695874844 0.3491151316 0.0313990258 0.7574358202 0.0010969018
0.6280000000 0.3491155134 0.0899385271 0.3024093938 2.1695841129 0.3491155134 0.0313989351 0.7574354714 0.0004568352
0.6300000000 0.3491158745 0.0899381763 0.3024092610 2.1695808905 0.3491158745 0.0313988451 0.7574351300 0.0012757661
0.6320000000 0.3491162224 0.0899378520 0.3024091383 2.1695778253 0.3491162224 0.0313987631 0.7574348145 0.0005489357
0.6340000000 0.3491165541 0.0899375411 0.3024090208 2.1695748983 0.3491165541 0.0313986844 0.7574345123 0.0013404874
0.6360000000 0.3491168590 0.0899372057 0.3024088938 2.1695720671 0.3491168590 0.0313985948 0.7574341855 0.0029311013
0.6380000000 0.3491171265 0.0899368086 0.3024087431 2.1695692927 0.3491171265 0.0313984802 0.7574337972 0.0030252999
0.6400000000 0.3491173542 0.0899363398 0.3024085647 2.1695665611 0.3491173542 0.0313983370 0.7574333375 0.0015278201
0.6420000000 0.3491175525 0.0899358295 0.3024083703 2.1695638934 0.3491175525 0.0313981767 0.7574328364 0.0005651332
0.6440000000 0.3491177390 0.0899353297 0.3024081799 2.1695613279 0.3491177390 0.0313980190 0.7574323455 0.0019416101
0.6460000000 0.3491179259 0.0899348759 0.3024080072 2.1695588908 0.3491179259 0.0313978773 0.7574319001 0.0015607038
0.6480000000 0.3491181116 0.0899344610 0.3024078494 2.1695565717 0.3491181116 0.0313977492 0.7574314933 0.0006951871
0.6500000000 0.3491182810 0.0899340349 0.3024076872 2.1695543213 0.3491182810 0.0313976157 0.7574310752 0.0032854369
0.6520000000 0.3491184147 0.0899335338 0.3024074962 2.1695520789 0.3491184147 0.0313974527 0.7574305825 0.0044897589
0.6540000000 0.3491184995 0.0899329143 0.3024072597 2.1695498035 0.3491184995 0.0313972441 0.7574299720 0.0035689684
0.6560000000 0.3491185388 0.0899321861 0.3024069812 2.1695475007 0.3491185388 0.0313969934 0.7574292532 0.0010066988
0.6580000000 0.3491185554 0.0899314194 0.3024066880 2.1695452285 0.3491185554 0.0313967272 0.7574284961 0.0018882180
0.6600000000 0.3491185789 0.0899307047 0.3024064147 2.1695430615 0.3491185789 0.0313964798 0.7574277906 0.0039534599
0.6620000000 0.3491186285 0.0899301014 0.3024061842 2.1695410491 0.3491186285 0.0313962737 0.7574271956 0.0038168865
0.6640000000 0.3491187020 0.0899296017 0.3024059936 2.1695391828 0.3491187020 0.0313961058 0.7574267035 0.0002998298
0.6660000000 0.3491187724 0.0899291186 0.3024058092 2.1695373831 0.3491187724 0.0313959435 0.7574262279 0.0045687357
0.6680000000 0.3491188003 0.0899285263 0.3024055829 2.1695355358 0.3491188003 0.0313957392 0.7574256435 0.0077198396
0.6700000000 0.3491187483 0.0899277057 0.3024052688 2.1695335353 0.3491187483 0.0313954481 0.7574248322 0.0076933216
0.6720000000 0.3491185984 0.0899265997 0.3024048448 2.1695313300 0.3491185984 0.0313950484 0.7574237371 0.0046452144
0.6740000000 0.3491183740 0.0899252812 0.3024043392 2.1695289823 0.3491183740 0.0313945679 0.7574224307 0.0000692370
0.6760000000 0.3491181384 0.0899239481 0.3024038280 2.1695266629 0.3491181384 0.0313940814 0.7574211098 0.0049404083
0.6780000000 0.3491179592 0.0899228123 0.3024033925 2.1695245543 0.3491179592 0.0313936687 0.7574199848 0.0099589978
0.6800000000 0.3491178846 0.0899220249 0.3024030910 2.1695227873 0.3491178846 0.0313933871 0.7574192060 0.0152707251
0.6820000000 0.3491179319 0.0899216401 0.3024029443 2.1695214081 0.3491179319 0.0313932570 0.7574188273 0.0161992330
0.6840000000 0.3491180704 0.0899215610 0.3024029150 2.1695203326 0.3491180704 0.0313932419 0.7574187522 0.0054331161
0.6860000000 0.3491181888 0.0899214346 0.3024028676 2.1695192470 0.3491181888 0.0313932084 0.7574186301 0.0280684104
0.6880000000 0.3491181016 0.0899206743 0.3024025764 2.1695176345 0.3491181016 0.0313929351 0.7574178779 0.0346713679
0.6900000000 0.3491174048 0.0899180065 0.3024015518 2.1695143796 0.3491174048 0.0313919411 0.7574152299 0.0329056858
0.6920000000 0.3491152836 0.0899108607 0.3023988057 2.1695072294 0.3491152836 0.0313892556 0.7574081317 0.0275068890
0.6940000000 0.3491105516 0.0898954945 0.3023928992 2.1694929031 0.3491105516 0.0313834657 0.7573928642 0.0197004358
0.6960000000 0.3491023794 0.0898692906 0.3023828265 2.1694691064 0.3491023794 0.0313735832 0.7573668271 0.0100868404
0.6980000000 0.3490915387 0.0898346822 0.3023695232 2.1694379718 0.3490915387 0.0313605274 0.7573324396 0.0005277370
0.7000000000 0.3490803482 0.0897989824 0.3023558008 2.1694059064 0.3490803482 0.0313470600 0.7572969692 0.0071248969
0.7020000000 0.3490708913 0.0897687617 0.3023441851 2.1693786660 0.3490708913 0.0313356616 0.7572669445 0.0143858737
0.7040000000 0.3490642863 0.0897475481 0.3023360319 2.1693593411 0.3490642863 0.0313276638 0.7572458702 0.0239228220
0.7060000000 0.3490607470 0.0897360160 0.3023316001 2.1693485208 0.3490607470 0.0313233208 0.7572344152 0.0420485331
0.7080000000 0.3490597206 0.0897324202 0.3023302189 2.1693446726 0.3490597206 0.0313219735 0.7572308454 0.0731024274
0.7100000000 0.3490617789 0.0897385650 0.3023325816 2.1693493785 0.3490617789 0.0313243031 0.7572369531 0.0514453841
0.7120000000 0.3490721658 0.0897709947 0.3023450480 2.1693771405 0.3490721658 0.0313365555 0.7572691768 0.0372086606
0.7140000000 0.3491013567 0.0898627513 0.3023803210 2.1694569196 0.3491013567 0.0313712084 0.7573603539 0.0300114175
0.7160000000 0.3491664612 0.0900677879 0.3024591525 2.1696360351 0.3491664612 0.0314486508 0.7575641365 0.0251078498
0.7180000000 0.3492922901 0.0904642915 0.3026116473 2.1699831541 0.3492922901 0.0315984796 0.7579583854 0.0212022629
0.7200000000 0.3495105300 0.0911519736 0.3028762839 2.1705860925 0.3495105300 0.0318585746 0.7586426956 0.0178528314
0.7220000000 0.3498565220 0.0922417121 0.3032960456 2.1715430445 0.3498565220 0.0322713646 0.7597284969 0.0149025704
0.7240000000 0.3503641792 0.0938392507 0.3039123079 2.1729487040 0.3503641792 0.0328779120 0.7613233891 0.0123020979
0.7260000000 0.3510606081 0.0960279694 0.3047583620 2.1748795429 0.3510606081 0.0337116373 0.7635145350 0.0100392951
0.7280000000 0.3519622565 0.0988566049 0.3058547648 2.1773832168 0.3519622565 0.0347937937 0.7663567103 0.0081074381
0.7300000000 0.3530736800 0.1023354498 0.3072078279 2.1804750770 0.3530736800 0.0361319539 0.7698683595 0.0064917565
0.7320000000 0.3543888350 0.1064407258 0.3088111324 2.1841415455 0.3543888350 0.0377214048 0.7740353778 0.0051664216
0.7340000000 0.3558939333 0.1111239837 0.3106489212 2.1883477496 0.3558939333 0.0395483517 0.7788196881 0.0040970762
0.7360000000 0.3575706991 0.1163227542 0.3126999806 2.1930462846 0.3575706991 0.0415936085 0.7841690930 0.0032453578
0.7380000000 0.3593991900 0.1219697214 0.3149410112 2.1981848356 0.3593991900 0.0438358191 0.7900258494 0.0025731560
0.7400000000 0.3613598144 0.1279992337 0.3173490444 2.2037116564 0.3613598144 0.0462537793 0.7963328351 0.0020455812
0.7420000000 0.3634345356 0.1343511458 0.3199028930 2.2095788713 0.3634345356 0.0488278463 0.8030372709 0.0016325045
0.7440000000 0.3656074360 0.1409725698 0.3225838384 2.2157440548 0.3656074360 0.0515406198 0.8100925027 0.0013089769
0.7460000000 0.3678648528 0.1478182366 0.3253758055 2.2221706521 0.3678648528 0.0543771338 0.8174584798 0.0010549465
0.7480000000 0.3701952655 0.1548500635 0.3282652399 2.2288277241 0.3701952655 0.0573247604 0.8251014710 0.0008546281
0.7500000000 0.3725890639 0.1620363449 0.3312408393 2.2356893602 0.3725890639 0.0603729700 0.8329934059 0.0006957656
0.7520000000 0.3750382761 0.1693508258 0.3342932364 2.2427339753 0.3750382761 0.0635130418 0.8411110840 0.0005689239
0.7540000000 0.3775363011 0.1767718017 0.3374146842 2.2499436107 0.3775363011 0.0667377722 0.8494353886 0.0004668712
0.7560000000 0.3800776665 0.1842813095 0.3405987709 2.2573032983 0.3800776665 0.0700412101 0.8579505702 0.0003840713
0.7580000000 0.3826578200 0.1918644336 0.3438401734 2.2648005100 0.3826578200 0.0734184259 0.8666436259 0.0003162816
0.7600000000 0.3852729546 0.1995087269 0.3471344501 2.2724246942 0.3852729546 0.0768653167 0.8755037760 0.0002602405
0.7620000000 0.3879198642 0.2072037354 0.3504778697 2.2801668925 0.3879198642 0.0803784449 0.8845220313 0.0002134283
0.7640000000 0.3905958258 0.2149406110 0.3538672710 2.2880194253 0.3905958258 0.0839549054 0.8936908369 0.0001738855
0.7660000000 0.3932985035 0.2227117973 0.3572999486 2.2959756353 0.3932985035 0.0875922166 0.9030037815 0.0001400760
0.7680000000 0.3960258703 0.2305107756 0.3607735590 2.3040296767 0.3960258703 0.0912882305 0.9124553579 0.0001107831
0.7700000000 0.3987761435 0.2383318567 0.3642860436 2.3121763424 0.3987761435 0.0950410587 0.9220407649 0.0000850312
0.7720000000 0.4015477318 0.2461700109 0.3678355642 2.3204109191 0.4015477318 0.0988490095 0.9317557415 0.0000620269
0.7740000000 0.4043391908 0.2540207267 0.3714204494 2.3287290656 0.4043391908 0.1027105351 0.9415964259 0.0000411130
0.7760000000 0.4071491845 0.2618798916 0.3750391473 2.3371267076 0.4071491845 0.1066241843 0.9515592331 0.0000217316
0.7780000000 0.4099764524 0.2697436904 0.3786901843 2.3455999447 0.4099764524 0.1105885612 0.9616407440 0.0000033837
0.7800000000 0.4128197795 0.2776085130 0.3823721270 2.3541449582 0.4128197795 0.1146022851 0.9718376026 0.0000142102
0.7820000000 0.4156779776 0.2854708970 0.3860835582 2.3627579584 0.4156779776 0.1186639652 0.9821464498 0.0000312061
0.7840000000 0.4185498748 0.2933275069 0.3898230669 2.3714351798 0.4185498748 0.1227721913 0.9925638975 0.0000480101
0.7860000000 0.4214342918 0.3011750604 0.3935892160 2.3801727977 0.4214342918 0.1269254983 1.0030864374 0.0000650482
0.7880000000 0.4243300135 0.3090102496 0.3973805043 2.3889668402 0.4243300135 0.1311223234 1.0137103316 0.0000827483
0.7900000000 0.4272357590 0.3168296622 0.4011953260 2.3978130982 0.4272357590 0.1353609612 1.0244314989 0.0001015587
0.7920000000 0.4301501497 0.3246297006 0.4050319287 2.4067070286 0.4301501497 0.1396395143 1.0352453887 0.0001219681
0.7940000000 0.4330716753 0.3324064948 0.4088883653 2.4156436464 0.4330716753 0.1439558376 1.0461468408 0.0001445292
0.7960000000 0.4359986539 0.3401558067 0.4127624397 2.4246174018 0.4359986539 0.1483074738 1.0571299234 0.0001698836
0.7980000000 0.4389291873 0.3478729209 0.4166516442 2.4336220378 0.4389291873 0.1526915784 1.0681877432 0.0001987901
0.8000000000 0.4418611077 0.3555525194 0.4205530848 2.4426504217 0.4418611077 0.1571048301 1.0793122210 0.0002321569
0.8020000000 0.4447919155 0.3631885351 0.4244633933 2.4516943472 0.4447919155 0.1615433242 1.0904938250 0.0002710754
0.8040000000 0.4477187064 0.3707739819 0.4283786243 2.4607443004 0.4477187064 0.1660024475 1.1017212550 0.0003168560
0.8060000000 0.4506380857 0.3783007584 0.4322941333 2.4697891869 0.4506380857 0.1704767296 1.1129810713 0.0003710611
0.8080000000 0.4535460712 0.3857594258 0.4362044381 2.4788160186 0.4535460712 0.1749596720 1.1242572664 0.0004355331
0.8100000000 0.4564379839 0.3931389629 0.4401030619 2.4878095634 0.4564379839 0.1794435556 1.1355307813 0.0005124095
0.8120000000 0.4593083312 0.4004265060 0.4439823649 2.4967519674 0.4593083312 0.1839192303 1.1467789796 0.0006041205
0.8140000000 0.4621506884 0.4076070911 0.4478333710 2.5056223706 0.4621506884 0.1883758977 1.1579751034 0.0007133601
0.8160000000 0.4649575872 0.4146634205 0.4516456042 2.5143965466 0.4649575872 0.1928009035 1.1690877516 0.0008430257
0.8180000000 0.4677204282 0.4215756898 0.4554069549 2.5230466131 0.4677204282 0.1971795621 1.1800804422 0.0009961240
0.8200000000 0.4704294335 0.4283215159 0.4591036026 2.5315408731 0.4704294335 0.2014950481 1.1909113387 0.0011756412
0.8220000000 0.4730736629 0.4348760186 0.4627200260 2.5398438575 0.4730736629 0.2057283910 1.2015332368 0.0013843871
0.8240000000 0.4756411167 0.4412121036 0.4662391349 2.5479166449 0.4756411167 0.2098586177 1.2118939183 0.0016248209
0.8260000000 0.4781189457 0.4473009938 0.4696425539 2.5557175257 0.4781189457 0.2138630796 1.2219369688 0.0018988772
0.8280000000 0.4804937825 0.4531130321 0.4729110808 2.5632030571 0.4804937825 0.2177179947 1.2316031323 0.0022078073
0.8300000000 0.4827521971 0.4586187570 0.4760253223 2.5703295172 0.4827521971 0.2213992126 1.2408322216 0.0025520541
0.8320000000 0.4848812604 0.4637902095 0.4789664913 2.5770547124 0.4848812604 0.2248831814 1.2495655371 0.0029311739
0.8340000000 0.4868691854 0.4686023911 0.4817173174 2.5833400334 0.4868691854 0.2281480644 1.2577486578 0.0033438127
0.8360000000 0.4887059919 0.4730347538 0.4842630008 2.5891525954 0.4887059919 0.2311749186 1.2653343873 0.0037877403
0.8380000000 0.4903841321 0.4770725759 0.4865921162 2.5944672568 0.4903841321 0.2339488211 1.2722855739 0.0042599380
0.8400000000 0.4918990075 0.4807080697 0.4886973683 2.5992682924 0.4918990075 0.2364598224 1.2785774932 0.0047567306
0.8420000000 0.4932493139 0.4839410864 0.4905761062 2.6035505197 0.4932493139 0.2387036088 1.2841995074 0.0052739522
0.8440000000 0.4944371689 0.4867793219 0.4922305304 2.6073197294 0.4944371689 0.2406817898 1.2891557853 0.0058071296
0.8460000000 0.4954680032 0.4892379891 0.4936675625 2.6105923591 0.4954680032 0.2424017695 1.2934649834 0.0063516708
0.8480000000 0.4963502261 0.4913389870 0.4948983896 2.6133944396 0.4963502261 0.2438762173 1.2971589209 0.0069030444
0.8500000000 0.4970947035 0.4931096591 0.4959377400 2.6157599404 0.4970947035 0.2451221998 1.3002804121 0.0074569388
0.8520000000 0.4977141107 0.4945812789 0.4968029721 2.6177287046 0.4977141107 0.2461600814 1.3028805141 0.0080093913
0.8540000000 0.4982222271 0.4957874228 0.4975130803 2.6193441984 0.4982222271 0.2470123140 1.3050155001 0.0085568829
0.8560000000 0.4986332463 0.4967623843 0.4980877149 2.6206512996 0.4986332463 0.2477022403 1.3067438649 0.0090963943
0.8580000000 0.4989611561 0.4975397617 0.4985463006 2.6216943111 0.4989611561 0.2482530147 1.3081236244 0.0096254236
0.8600000000 0.4992192322 0.4981513092 0.4989073139 2.6225153329 0.4992192322 0.2486867141 1.3092100909 0.0101419689
0.8620000000 0.4994196654 0.4986260981 0.4991877485 2.6231530605 0.4994196654 0.2490236791 1.3100542239 0.0106444765
0.8640000000 0.4995733256 0.4989899931 0.4994027742 2.6236420212 0.4995733256 0.2492820903 1.3107015697 0.0111317604
0.8660000000 0.4996896502 0.4992654152 0.4995655735 2.6240122086 0.4996896502 0.2494777607 1.3111917427 0.0116028927
0.8680000000 0.4997766370 0.4994713429 0.4996873249 2.6242890511 0.4997766370 0.2496241081 1.3115583566 0.0120570640
0.8700000000 0.4998409143 0.4996234923 0.4997772969 2.6244936290 0.4998409143 0.2497322632 1.3118292950 0.0124934057
0.8720000000 0.4998878634 0.4997346156 0.4998430173 2.6246430621 0.4998878634 0.2498112693 1.3120272126 0.0129107595
0.8740000000 0.4999217712 0.4998148669 0.4998904839 2.6247509894 0.4999217712 0.2498683335 1.3121701636 0.0133073648
0.8760000000 0.4999459922 0.4998721895 0.4999243911 2.6248280857 0.4999459922 0.2499090977 1.3122722816 0.0136804194
0.8780000000 0.4999631081 0.4999126957 0.4999483523 2.6248825672 0.4999631081 0.2499379051 1.3123444468 0.0140254403
0.8800000000 0.4999750753 0.4999410165 0.4999651059 2.6249206604 0.4999750753 0.2499580474 1.3123949049 0.0143353131
0.8820000000 0.4999833546 0.4999606093 0.4999766966 2.6249470145 0.4999833546 0.2499719826 1.3124298139 0.0145988670
0.8840000000 0.4999890215 0.4999740200 0.4999846302 2.6249650533 0.4999890215 0.2499815210 1.3124537085 0.0147987440
0.8860000000 0.4999928579 0.4999830987 0.4999900012 2.6249772654 0.4999928579 0.2499879785 1.3124698850 0.0149082750
0.8880000000 0.4999954251 0.4999891737 0.4999935951 2.6249854370 0.4999954251 0.2499922994 1.3124807094 0.0148871111
0.8900000000 0.4999971210 0.4999931870 0.4999959694 2.6249908355 0.4999971210 0.2499951540 1.3124878604 0.0146757544
0.8920000000 0.4999982251 0.4999957998 0.4999975151 2.6249943501 0.4999982251 0.2499970124 1.3124925159 0.0141906457
0.8940000000 0.4999989315 0.4999974714 0.4999985041 2.6249965986 0.4999989315 0.2499982014 1.3124954944 0.0133257996
0.8960000000 0.4999993739 0.4999985183 0.4999991234 2.6249980069 0.4999993739 0.2499989461 1.3124973599 0.0119759894
0.8980000000 0.4999996438 0.4999991571 0.4999995013 2.6249988661 0.4999996438 0.2499994004 1.3124984980 0.0101033981
0.9000000000 0.4999998034 0.4999995348 0.4999997248 2.6249993742 0.4999998034 0.2499996691 1.3124991711 0.0078393269
0.9020000000 0.4999998946 0.4999997506 0.4999998524 2.6249996645 0.4999998946 0.2499998226 1.3124995556 0.0055178920
0.9040000000 0.4999999449 0.4999998697 0.4999999229 2.6249998247 0.4999999449 0.2499999073 1.3124997678 0.0035244581
0.9060000000 0.4999999718 0.4999999333 0.4999999606 2.6249999103 0.4999999718 0.2499999526 1.3124998812 0.0020720259
0.9080000000 0.4999999858 0.4999999665 0.4999999802 2.6249999549 0.4999999858 0.2499999762 1.3124999403 0.0011443646
0.9100000000 0.4999999930 0.4999999834 0.4999999902 2.6249999777 0.4999999930 0.2499999882 1.3124999704 0.0006050569
0.9120000000 0.4999999966 0.4999999919 0.4999999952 2.6249999891 0.4999999966 0.2499999942 1.3124999855 0.0003104957
0.9140000000 0.4999999983 0.4999999961 0.4999999977 2.6249999947 0.4999999983 0.2499999972 1.3124999930 0.0001559928
0.9160000000 0.4999999992 0.4999999981 0.4999999989 2.6249999975 0.4999999992 0.2499999987 1.3124999966 0.0000771123
0.9180000000 0.4999999996 0.4999999991 0.4999999995 2.6249999988 0.4999999996 0.2499999994 1.3124999984 0.0000376118
0.9200000000 0.4999999998 0.4999999996 0.4999999998 2.6249999994 0.4999999998 0.2499999997 1.3124999993 0.0000181287
0.9220000000 0.4999999999 0.4999999998 0.4999999999 2.6249999997 0.4999999999 0.2499999999 1.3124999997 0.0000086418
0.9240000000 0.5000000000 0.4999999999 0.4999999999 2.6249999999 0.5000000000 0.2499999999 1.3124999998 0.0000040766
0.9260000000 0.5000000000 0.5000000000 0.5000000000 2.6249999999 0.5000000000 0.2500000000 1.3124999999 0.0000019032
0.9280000000 0.5000000000 0.5000000000 0.5000000000 2.6250000000 0.5000000000 0.2500000000 1.3125000000 0.0000008799
0.9300000000 0.5000000000 0.5000000000 0.5000000000 2.6250000000 0.5000000000 0.2500000000 1.3125000000 0.0000004026
0.9320000000 0.5000000000 0.5000000000 0.5000000000 2.6250000000 0.5000000000 0.2500000000 1.3125000000 0.0000001825
0.9340000000 0.5000000000 0.5000000000 0.5000000000 2.6250000000 0.5000000000 0.2500000000 1.3125000000 0.0000000820
0.9360000000 0.5000000000 0.5000000000 0.5000000000 2.6250000000 0.5000000000 0.2500000000 1.3125000000 0.0000000364
0.9380000000 0.5000000000 0.5000000000 0.5000000000 2.6250000000 0.5000000000 0.2500000000 1.3125000000 0.0000000161
0.9400000000 0.5000000000 0.5000000000 0.5000000000 2.6250000000 0.5000000000 0.2500000000 1.3125000000 0.0000000070
0.9420000000 0.5000000000 0.5000000000 0.5000000000 2.6250000000 0.5000000000 0.2500000000 1.3125000000 0.0000000031
0.9440000000 0.5000000000 0.5000000000 0.5000000000 2.6250000000 0.5000000000 0.2500000000 1.3125000000 0.0000000013
0.9460000000 0.5000000000 0.5000000000 0.5000000000 2.6250000000 0.5000000000 0.2500000000 1.3125000000 0.0000000005
0.9480000000 0.5000000000 0.5000000000 0.5000000000 2.6250000000 0.5000000000 0.2500000000 1.3125000000 0.0000000002
0.9500000000 0.5000000000 0.5000000000 0.5000000000 2.6250000000 0.5000000000 0.2500000000 1.3125000000 0.0000000001
0.9520000000 0.5000000000 0.5000000000 0.5000000000 2.6250000000 0.5000000000 0.2500000000 1.3125000000 0.0000000000
0.9540000000 0.5000000000 0.5000000000 0.5000000000 2.6250000000 0.5000000000 0.2500000000 1.3125000000 0.0000000000
0.9560000000 0.5000000000 0.5000000000 0.5000000000 2.6250000000 0.5000000000 0.2500000000 1.3125000000 0.0000000000
0.9580000000 0.5000000000 0.5000000000 0.5000000000 2.6250000000 0.5000000000 0.2500000000 1.3125000000 0.0000000000
0.9600000000 0.5000000000 0.5000000000 0.5000000000 2.6250000000 0.5000000000 0.2500000000 1.3125000000 0.0000000000
0.9620000000 0.5000000000 0.5000000000 0.5000000000 2.6250000000 0.5000000000 0.2500000000 1.3125000000 0.0000000000
0.9640000000 0.5000000000 0.5000000000 0.5000000000 2.6250000000 0.5000000000 0.2500000000 1.3125000000 0.0000000000
0.9660000000 0.5000000000 0.5000000000 0.5000000000 2.6250000000 0.5000000000 0.2500000000 1.3125000000 0.0000000000
0.9680000000 0.5000000000 0.5000000000 0.5000000000 2.6250000000 0.5000000000 0.2500000000 1.3125000000 0.0000000000
0.9700000000 0.5000000000 0.5000000000 0.5000000000 2.6250000000 0.5000000000 0.2500000000 1.3125000000 0.0000000000
0.9720000000 0.5000000000 0.5000000000 0.5000000000 2.6250000000 0.5000000000 0.2500000000 1.3125000000 0.0000000000
0.9740000000 0.5000000000 0.5000000000 0.5000000000 2.6250000000 0.5000000000 0.2500000000 1.3125000000 0.0000000000
0.9760000000 0.5000000000 0.5000000000 0.5000000000 2.6250000000 0.5000000000 0.2500000000 1.3125000000 0.0000000000
0.9780000000 0.5000000000 0.5000000000 0.5000000000 2.6250000000 0.5000000000 0.2500000000 1.3125000000 0.0000000000
0.9800000000 0.5000000000 0.5000000000 0.5000000000 2.6250000000 0.5000000000 0.2500000000 1.3125000000 0.0000000000
0.9820000000 0.5000000000 0.5000000000 0.5000000000 2.6250000000 0.5000000000 0.2500000000 1.3125000000 0.0000000000
0.9840000000 0.5000000000 0.5000000000 0.5000000000 2.6250000000 0.5000000000 0.2500000000 1.3125000000 0.0000000000
0.9860000000 0.5000000000 0.5000000000 0.5000000000 2.6250000000 0.5000000000 0.2500000000 1.3125000000 0.0000000000
0.9880000000 0.5000000000 0.5000000000 0.5000000000 2.6250000000 0.5000000000 0.2500000000 1.3125000000 0.0000000000
0.9900000000 0.5000000000 0.5000000000 0.5000000000 2.6250000000 0.5000000000 0.2500000000 1.3125000000 0.0000000000
0.9920000000 0.5000000000 0.5000000000 0.5000000000 2.6250000000 0.5000000000 0.2500000000 1.3125000000 0.0000000000
0.9940000000 0.5000000000 0.5000000000 0.5000000000 2.6250000000 0.5000000000 0.2500000000 1.3125000000 0.0000000000
0.9960000000 0.5000000000 0.5000000000 0.5000000000 2.6250000000 0.5000000000 0.2500000000 1.3125000000 0.0000000000
0.9980000000 0.5000000000 0.5000000000 0.5000000000 2.6250000000 0.5000000000 0.2500000000 1.3125000000 0.0000000000
1.0000000000 0.5000000000 0.5000000000 0.5000000000 2.6250000000 0.5000000000 0.2500000000 1.3125000000 0.0000000000
