TITLE = "1D Euler Filtered MacCormack Result"
VARIABLES = "x", "rho", "u", "p", "E", "rho_conserved", "rhou", "rhoE", "nu"
ZONE T="t=0.16000000", I=101, F=POINT
0.0000000000 0.4429461968 0.7133952256 3.5052347328 20.0381035171 0.4429461968 0.3159957020 8.8758017445 0.0000000000
0.0100000000 0.4429461968 0.7133952256 3.5052347328 20.0381035171 0.4429461968 0.3159957020 8.8758017445 0.0848091099
0.0200000000 0.4421953323 0.7190396857 3.4969205122 20.0287341872 0.4421953323 0.3179559927 8.8566127689 0.0193112151
0.0300000000 0.4410020321 0.7280286486 3.4837164202 20.0138811509 0.4410020321 0.3210621135 8.8261622587 0.0090983157
0.0400000000 0.4395261537 0.7391667640 3.4674128325 19.9956325935 0.4395261537 0.3248831247 8.7886034852 0.0101449895
0.0500000000 0.4376534064 0.7533427865 3.4467566532 19.9726112211 0.4376534064 0.3297030367 8.7410813352 0.0085534269
0.0600000000 0.4353662769 0.7707202366 3.4215790334 19.9447084809 0.4353662769 0.3355456000 8.6832534757 0.0074819361
0.0700000000 0.4326428054 0.7915080993 3.3916671937 19.9117840534 0.4326428054 0.3424402846 8.6146901138 0.0063700347
0.0800000000 0.4294838034 0.8157520676 3.3570657632 19.8740083953 0.4294838034 0.3503523007 8.5355647148 0.0053334604
0.0900000000 0.4259078522 0.8433697552 3.3180187143 19.8317899594 0.4259078522 0.3591978010 8.4465150664 0.0043723454
0.1000000000 0.4219501272 0.8741549674 3.2749533441 19.7857489875 0.4219501272 0.3688497997 8.3485993027 0.0035007764
0.1100000000 0.4176582522 0.9078041978 3.2284312485 19.7366529416 0.4176582522 0.3791519146 8.2431759712 0.0027251040
0.1200000000 0.4130875101 0.9439485094 3.1790926874 19.6853451550 0.4130875101 0.3899333394 8.1317702158 0.0020458499
0.1300000000 0.4082962178 0.9821854185 3.1276035960 19.6326782160 0.4082962178 0.4010225916 8.0159482609 0.0014568610
0.1400000000 0.4033421350 1.0221043042 3.0746149247 19.5794632606 0.4033421350 0.4122577322 7.8972225130 0.0009450150
0.1500000000 0.3982804309 1.0633009974 3.0207397857 19.5264406269 0.3982804309 0.4234919794 7.7769991864 0.0004895373
0.1600000000 0.3931634551 1.1053789136 2.9665505452 19.4742723759 0.3931634551 0.4345945928 7.6565722124 0.0000612655
0.1700000000 0.3880422529 1.1479351572 2.9125957034 19.4235589974 0.3880422529 0.4454473446 7.5371615922 0.0003695220
0.1800000000 0.3829684630 1.1905437175 2.8594197181 19.3748537521 0.3829684630 0.4559406976 7.4199579617 0.0008241828
0.1900000000 0.3779952162 1.2327492697 2.8075695384 19.3286519815 0.3779952162 0.4659733268 7.3061379852 0.0013304303
0.2000000000 0.3731785178 1.2740525691 2.7576103971 19.2854068236 0.3731785178 0.4754490494 7.1968995342 0.0019232407
0.2100000000 0.3685785342 1.3138980623 2.7101388862 19.2455346734 0.3685785342 0.4842746218 7.0934909590 0.0026418343
0.2200000000 0.3642598406 1.3516710647 2.6657852107 19.2094112008 0.3642598406 0.4923594866 6.9972170623 0.0035273485
0.2300000000 0.3602897039 1.3867126758 2.6251967034 19.1773597696 0.3602897039 0.4996182994 6.9094052730 0.0046219034
0.2400000000 0.3567338280 1.4183610318 2.5889950533 19.1496190797 0.3567338280 0.5059773603 6.8313169186 0.0059584345
0.2500000000 0.3536487886 1.4460228082 2.5577048073 19.1263164343 0.3536487886 0.5113842144 6.7639986371 0.0075617015
0.2600000000 0.3510726925 1.4692688171 2.5316606739 19.1074129832 0.3510726925 0.5158201596 6.7080909226 0.0094301645
0.2700000000 0.3490156175 1.4879277185 2.5109204284 19.0926956210 0.3490156175 0.5193100114 6.6636489512 0.0115519464
0.2800000000 0.3474546394 1.5021440833 2.4952160250 19.0817563988 0.3474546394 0.5219269307 6.6300447881 0.0138991426
0.2900000000 0.3463355055 1.5123660127 2.4839761005 19.0740431024 0.3463355055 0.5237860475 6.6060183593 0.0164543907
0.3000000000 0.3455817145 1.5192637543 2.4764158174 19.0689166082 0.3455817145 0.5250297730 6.5898688956 0.0192428399
0.3100000000 0.3451079083 1.5236032972 2.4716694255 19.0657312155 0.3451079083 0.5258075470 6.5797346199 0.0223661784
0.3200000000 0.3448327284 1.5261231416 2.4689167710 19.0639055904 0.3448327284 0.5262572068 6.5738585785 0.0261204051
0.3300000000 0.3446878372 1.5274474072 2.4674710497 19.0629658200 0.3446878372 0.5264925432 6.5707724593 0.0312573287
0.3400000000 0.3446216036 1.5280491441 2.4668141778 19.0625595085 0.3446216036 0.5265987464 6.5693698263 0.0398849414
0.3500000000 0.3445983457 1.5282557272 2.4665884722 19.0624455346 0.3445983457 0.5266343954 6.5688871960 0.0602582076
0.3600000000 0.3445950775 1.5282781715 2.4665636355 19.0624693615 0.3445950775 0.5266371350 6.5688331076 0.0773812602
0.3700000000 0.3446019811 1.5282067705 2.4666411622 19.0625641893 0.3446019811 0.5266230806 6.5689973841 0.0401874986
0.3800000000 0.3446216376 1.5280177663 2.4668469752 19.0627477196 0.3446216376 0.5265879849 6.5694353362 0.0227349735
0.3900000000 0.3446555751 1.5276971233 2.4671964301 19.0630305223 0.3446555751 0.5265293306 6.5701797470 0.0112418343
0.4000000000 0.3446996382 1.5272827410 2.4676481877 19.0633863478 0.3446996382 0.5264538082 6.5711423769 0.0016723717
0.4100000000 0.3447451475 1.5268549873 2.4681145813 19.0637527323 0.3447451475 0.5263758478 6.5721362475 0.0060538072
0.4200000000 0.3447844447 1.5264830776 2.4685201812 19.0640859561 0.3447844447 0.5263076203 6.5730002910 0.0038334846
0.4300000000 0.3448205350 1.5261397104 2.4688945699 19.0644028666 0.3448205350 0.5262443114 6.5737975952 0.0049810235
0.4400000000 0.3448613828 1.5257527623 2.4693164425 19.0647504979 0.3448613828 0.5261732073 6.5746962185 0.0059388352
0.4500000000 0.3449083278 1.5253082308 2.4698016366 19.0651527324 0.3449083278 0.5260915112 6.5757299477 0.0016555652
0.4600000000 0.3449569825 1.5248462256 2.4703057718 19.0655767644 0.3449569825 0.5260063528 6.5768038304 0.0012718130
0.4700000000 0.3450041363 1.5243989030 2.4707934656 19.0659818282 0.3450041363 0.5259239268 6.5778425926 0.0006918407
0.4800000000 0.3450506078 1.5239557529 2.4712775354 19.0664022959 0.3450506078 0.5258418589 6.5788737016 0.0011499922
0.4900000000 0.3450983677 1.5234963440 2.4717792480 19.0668588568 0.3450983677 0.5257561015 6.5799418692 0.0004046752
0.5000000000 0.3451464776 1.5230362843 2.4722807860 19.0672948948 0.3451464776 0.5256706088 6.5810096702 0.0020986839
0.5100000000 0.3451922269 1.5225991503 2.4727585470 19.0677160009 0.3451922269 0.5255893913 6.5820273479 0.0028144563
0.5200000000 0.3452350601 1.5221785031 2.4732180663 19.0681812860 0.3452350601 0.5255093870 6.5830047118 0.0018329390
0.5300000000 0.3452759880 1.5217677846 2.4736654913 19.0686728469 0.3452759880 0.5254298753 6.5839548570 0.0008984985
0.5400000000 0.3453159789 1.5213800358 2.4740901698 19.0690831810 0.3453159789 0.5253568364 6.5848591258 0.0018938115
0.5500000000 0.3453542979 1.5210146607 2.4744894199 19.0694301127 0.3453542979 0.5252889502 6.5857096470 0.0056295659
0.5600000000 0.3453878764 1.5206656299 2.4748681947 19.0698994873 0.3453878764 0.5252194726 6.5865120868 0.0083724960
0.5700000000 0.3454152566 1.5203391058 2.4752270988 19.0705806619 0.3454152566 0.5251483223 6.5872695123 0.0011109583
0.5800000000 0.3454430975 1.5200311843 2.4755643379 19.0711093449 0.3454430975 0.5250842806 6.5879830853 0.0149475043
0.5900000000 0.3454827195 1.5197369508 2.4758802889 19.0708937474 0.3454827195 0.5250428548 6.5886642359 0.0244221456
0.6000000000 0.3455544053 1.5194652723 2.4761838734 19.0689605431 0.3455544053 0.5250579185 6.5893633200 0.0280797784
0.6100000000 0.3456973360 1.5192096887 2.4764686865 19.0632250335 0.3456973360 0.5251867422 6.5901061099 0.0290001225
0.6200000000 0.3459888379 1.5189513361 2.4767154122 19.0495264857 0.3459888379 0.5255402076 6.5909235308 0.0294639713
0.6300000000 0.3465903351 1.5187390645 2.4769790810 19.0200481192 0.3465903351 0.5263802812 6.5921648504 0.0286514984
0.6400000000 0.3478063833 1.5185616094 2.4772490200 18.9592507012 0.3478063833 0.5281654212 6.5941484160 0.0272441656
0.6500000000 0.3501733589 1.5182658456 2.4773589520 18.8392262724 0.3501733589 0.5316562509 6.5969951437 0.0264007248
0.6600000000 0.3546772171 1.5181136207 2.4775983034 18.6160887349 0.3546772171 0.5384403143 6.6027025460 0.0250369037
0.6700000000 0.3629601809 1.5181922208 2.4780708082 18.2209294907 0.3629601809 0.5510433231 6.6134718637 0.0230840335
0.6800000000 0.3774477564 1.5176068500 2.4777762145 17.5629505092 0.3774477564 0.5728173007 6.6290962659 0.0216733964
0.6900000000 0.4018815216 1.5173630207 2.4778229345 16.5650846944 0.4018815216 0.6098001596 6.6572014423 0.0198781498
0.7000000000 0.4413331466 1.5183722911 2.4793830841 15.1975769028 0.4413331466 0.6701080210 6.7071944357 0.0170026347
0.7100000000 0.5007045837 1.5172533525 2.4783677484 13.5254300070 0.5007045837 0.7596957083 6.7722448011 0.0139362043
0.7200000000 0.5836175531 1.5159669817 2.4767975293 11.7587551044 0.5836175531 0.8847449405 6.8626158816 0.0094589289
0.7300000000 0.6878902915 1.5182397159 2.4804282302 10.1671473655 0.6878902915 1.0443823607 6.9938819648 0.0027936958
0.7400000000 0.8000058346 1.5184960002 2.4814011696 8.9072371524 0.8000058346 1.2148056599 7.1258416919 0.0021889756
0.7500000000 0.9068170340 1.5161311401 2.4775890841 7.9797815595 0.9068170340 1.3748535436 7.2362018455 0.0043055129
0.7600000000 1.0034452831 1.5166539894 2.4786433382 7.3254522385 1.0034452831 1.5218792917 7.3506904951 0.0063618292
0.7700000000 1.0868702416 1.5190714556 2.4835680580 6.8664490347 1.0868702416 1.6510335600 7.4629391215 0.0097991082
0.7800000000 1.1533382253 1.5177909578 2.4813562002 6.5304841654 1.1533382253 1.7505263297 7.5318570179 0.0120832393
0.7900000000 1.2032432043 1.5135247684 2.4727827334 6.2831236761 1.2032432043 1.8211383922 7.5601258652 0.0092880219
0.8000000000 1.2430254684 1.5136627369 2.4730151415 6.1193695640 1.2430254684 1.8815213326 7.6065322187 0.0069169385
0.8100000000 1.2768780596 1.5192268419 2.4847053247 6.0188305240 1.2768780596 1.9398674219 7.6853126404 0.0137744285
0.8200000000 1.3016841394 1.5220067358 2.4907165554 5.9418946117 1.3016841394 1.9811720280 7.7344699742 0.0298434495
0.8300000000 1.3139129030 1.5152189214 2.4762415514 5.8595227614 1.3139129030 1.9908656916 7.6989025613 0.0849175820
0.8400000000 1.3137903488 1.4973706896 2.4380618013 5.7604256645 1.3137903488 1.9672311606 7.5679916431 0.0802560224
0.8500000000 1.2802355626 1.4437652837 2.3261759832 5.5847055975 1.2802355626 1.8483596603 7.1497387127 0.0486022153
0.8600000000 1.1501417436 1.2714376174 1.9945532118 5.1437276832 1.1501417436 1.4623334781 5.9160159260 0.0207986294
0.8700000000 0.9244392108 0.9366252539 1.4645297909 4.3992231987 0.9244392108 0.8658531106 4.0668144220 0.0060389633
0.8800000000 0.7226225493 0.5513235944 1.0123262772 3.6542438951 0.7226225493 0.3983988613 2.6406390391 0.0209084566
0.8900000000 0.5982074726 0.2566896283 0.7515519597 3.1737947141 0.5982074726 0.1535536538 1.8985877144 0.0302301675
0.9000000000 0.5382943389 0.1002506550 0.6369589108 2.9632528952 0.5382943389 0.0539643600 1.5951022583 0.0360418420
0.9100000000 0.5138656598 0.0357876928 0.5939374608 2.8901964796 0.5138656598 0.0183900663 1.4851727209 0.0392488367
0.9200000000 0.5048359731 0.0123464822 0.5788420296 2.8665618711 0.5048359731 0.0062329484 1.4471435516 0.0407887569
0.9300000000 0.5016588961 0.0042117534 0.5736669610 2.8588586054 0.5016588961 0.0021128636 1.4341718520 0.0414394110
0.9400000000 0.5005649182 0.0014308124 0.5719050713 2.8562992304 0.5005649182 0.0007162145 1.4297631907 0.0416787373
0.9500000000 0.5001914571 0.0004844515 0.5713063347 2.8554384031 0.5001914571 0.0002423185 1.4282658954 0.0417312468
0.9600000000 0.5000644296 0.0001629689 0.5711030382 2.8551472925 0.5000644296 0.0000814949 1.4277576021 0.0416560577
0.9700000000 0.5000213524 0.0000540017 0.5710341415 2.8550487849 0.5000213524 0.0000270020 1.4275853546 0.0414260876
0.9800000000 0.5000068694 0.0000173724 0.5710109832 2.8550156916 0.5000068694 0.0000086863 1.4275274582 0.0424127821
0.9900000000 0.5000024024 0.0000060753 0.5710038409 2.8550054873 0.5000024024 0.0000030377 1.4275096024 0.0684787407
1.0000000000 0.5000024024 0.0000060753 0.5710038409 2.8550054873 0.5000024024 0.0000030377 1.4275096024 0.0000000000
