TITLE = "1D Euler Filtered MacCormack Result"
VARIABLES = "x", "rho", "u", "p", "E", "rho_conserved", "rhou", "rhoE", "nu"
ZONE T="t=0.20000000", I=501, F=POINT
0.0000000000 1.0000000000 0.0000000000 1.0000000000 2.5000000000 1.0000000000 0.0000000000 2.5000000000 0.0000000000
0.0020000000 1.0000000000 0.0000000000 1.0000000000 2.5000000000 1.0000000000 0.0000000000 2.5000000000 0.0000000000
0.0040000000 1.0000000000 0.0000000000 1.0000000000 2.5000000000 1.0000000000 0.0000000000 2.5000000000 0.0000000000
0.0060000000 1.0000000000 0.0000000000 1.0000000000 2.5000000000 1.0000000000 0.0000000000 2.5000000000 0.0000000000
0.0080000000 1.0000000000 0.0000000000 1.0000000000 2.5000000000 1.0000000000 0.0000000000 2.5000000000 0.0000000000
0.0100000000 1.0000000000 0.0000000000 1.0000000000 2.5000000000 1.0000000000 0.0000000000 2.5000000000 0.0000000000
0.0120000000 1.0000000000 0.0000000000 1.0000000000 2.5000000000 1.0000000000 0.0000000000 2.5000000000 0.0000000000
0.0140000000 1.0000000000 0.0000000000 1.0000000000 2.5000000000 1.0000000000 0.0000000000 2.5000000000 0.0000000000
0.0160000000 1.0000000000 0.0000000000 1.0000000000 2.5000000000 1.0000000000 0.0000000000 2.5000000000 0.0000000000
0.0180000000 1.0000000000 0.0000000000 1.0000000000 2.5000000000 1.0000000000 0.0000000000 2.5000000000 0.0000000000
0.0200000000 1.0000000000 0.0000000000 1.0000000000 2.5000000000 1.0000000000 0.0000000000 2.5000000000 0.0000000000
0.0220000000 1.0000000000 0.0000000000 1.0000000000 2.5000000000 1.0000000000 0.0000000000 2.5000000000 0.0000000000
0.0240000000 1.0000000000 0.0000000000 1.0000000000 2.5000000000 1.0000000000 0.0000000000 2.5000000000 0.0000000000
0.0260000000 1.0000000000 0.0000000000 1.0000000000 2.5000000000 1.0000000000 0.0000000000 2.5000000000 0.0000000000
0.0280000000 1.0000000000 0.0000000000 1.0000000000 2.5000000000 1.0000000000 0.0000000000 2.5000000000 0.0000000000
0.0300000000 1.0000000000 0.0000000000 1.0000000000 2.5000000000 1.0000000000 0.0000000000 2.5000000000 0.0000000000
0.0320000000 1.0000000000 0.0000000000 1.0000000000 2.5000000000 1.0000000000 0.0000000000 2.5000000000 0.0000000000
0.0340000000 1.0000000000 0.0000000000 1.0000000000 2.5000000000 1.0000000000 0.0000000000 2.5000000000 0.0000000000
0.0360000000 1.0000000000 0.0000000000 1.0000000000 2.5000000000 1.0000000000 0.0000000000 2.5000000000 0.0000000000
0.0380000000 1.0000000000 0.0000000000 1.0000000000 2.5000000000 1.0000000000 0.0000000000 2.5000000000 0.0000000000
0.0400000000 1.0000000000 0.0000000000 1.0000000000 2.5000000000 1.0000000000 0.0000000000 2.5000000000 0.0000000000
0.0420000000 1.0000000000 0.0000000000 1.0000000000 2.5000000000 1.0000000000 0.0000000000 2.5000000000 0.0000000000
0.0440000000 1.0000000000 0.0000000000 1.0000000000 2.5000000000 1.0000000000 0.0000000000 2.5000000000 0.0000000000
0.0460000000 1.0000000000 0.0000000000 1.0000000000 2.5000000000 1.0000000000 0.0000000000 2.5000000000 0.0000000000
0.0480000000 1.0000000000 0.0000000000 1.0000000000 2.5000000000 1.0000000000 0.0000000000 2.5000000000 0.0000000000
0.0500000000 1.0000000000 0.0000000000 1.0000000000 2.5000000000 1.0000000000 0.0000000000 2.5000000000 0.0000000000
0.0520000000 1.0000000000 0.0000000000 1.0000000000 2.5000000000 1.0000000000 0.0000000000 2.5000000000 0.0000000000
0.0540000000 1.0000000000 0.0000000000 1.0000000000 2.5000000000 1.0000000000 0.0000000000 2.5000000000 0.0000000000
0.0560000000 1.0000000000 0.0000000000 1.0000000000 2.5000000000 1.0000000000 0.0000000000 2.5000000000 0.0000000000
0.0580000000 1.0000000000 0.0000000000 1.0000000000 2.5000000000 1.0000000000 0.0000000000 2.5000000000 0.0000000000
0.0600000000 1.0000000000 0.0000000000 1.0000000000 2.5000000000 1.0000000000 0.0000000000 2.5000000000 0.0000000000
0.0620000000 1.0000000000 0.0000000000 1.0000000000 2.5000000000 1.0000000000 0.0000000000 2.5000000000 0.0000000000
0.0640000000 1.0000000000 0.0000000000 1.0000000000 2.5000000000 1.0000000000 0.0000000000 2.5000000000 0.0000000000
0.0660000000 1.0000000000 0.0000000000 1.0000000000 2.5000000000 1.0000000000 0.0000000000 2.5000000000 0.0000000000
0.0680000000 1.0000000000 0.0000000000 1.0000000000 2.5000000000 1.0000000000 0.0000000000 2.5000000000 0.0000000000
0.0700000000 1.0000000000 0.0000000000 1.0000000000 2.5000000000 1.0000000000 0.0000000000 2.5000000000 0.0000000000
0.0720000000 1.0000000000 0.0000000000 1.0000000000 2.5000000000 1.0000000000 0.0000000000 2.5000000000 0.0000000000
0.0740000000 1.0000000000 0.0000000000 1.0000000000 2.5000000000 1.0000000000 0.0000000000 2.5000000000 0.0000000000
0.0760000000 1.0000000000 0.0000000000 1.0000000000 2.5000000000 1.0000000000 0.0000000000 2.5000000000 0.0000000000
0.0780000000 1.0000000000 0.0000000000 1.0000000000 2.5000000000 1.0000000000 0.0000000000 2.5000000000 0.0000000000
0.0800000000 1.0000000000 0.0000000000 1.0000000000 2.5000000000 1.0000000000 0.0000000000 2.5000000000 0.0000000000
0.0820000000 1.0000000000 0.0000000000 1.0000000000 2.5000000000 1.0000000000 0.0000000000 2.5000000000 0.0000000000
0.0840000000 1.0000000000 0.0000000000 1.0000000000 2.5000000000 1.0000000000 0.0000000000 2.5000000000 0.0000000000
0.0860000000 1.0000000000 0.0000000000 1.0000000000 2.5000000000 1.0000000000 0.0000000000 2.5000000000 0.0000000000
0.0880000000 1.0000000000 0.0000000000 1.0000000000 2.5000000000 1.0000000000 0.0000000000 2.5000000000 0.0000000000
0.0900000000 1.0000000000 0.0000000000 1.0000000000 2.5000000000 1.0000000000 0.0000000000 2.5000000000 0.0000000000
0.0920000000 1.0000000000 0.0000000000 1.0000000000 2.5000000000 1.0000000000 0.0000000000 2.5000000000 0.0000000000
0.0940000000 1.0000000000 0.0000000000 1.0000000000 2.5000000000 1.0000000000 0.0000000000 2.5000000000 0.0000000000
0.0960000000 1.0000000000 0.0000000000 1.0000000000 2.5000000000 1.0000000000 0.0000000000 2.5000000000 0.0000000000
0.0980000000 1.0000000000 0.0000000000 1.0000000000 2.5000000000 1.0000000000 0.0000000000 2.5000000000 0.0000000000
0.1000000000 1.0000000000 0.0000000000 1.0000000000 2.5000000000 1.0000000000 0.0000000000 2.5000000000 0.0000000000
0.1020000000 1.0000000000 0.0000000000 1.0000000000 2.5000000000 1.0000000000 0.0000000000 2.5000000000 0.0000000000
0.1040000000 1.0000000000 0.0000000000 1.0000000000 2.5000000000 1.0000000000 0.0000000000 2.5000000000 0.0000000000
0.1060000000 1.0000000000 0.0000000000 1.0000000000 2.5000000000 1.0000000000 0.0000000000 2.5000000000 0.0000000000
0.1080000000 1.0000000000 0.0000000000 1.0000000000 2.5000000000 1.0000000000 0.0000000000 2.5000000000 0.0000000000
0.1100000000 1.0000000000 0.0000000000 1.0000000000 2.5000000000 1.0000000000 0.0000000000 2.5000000000 0.0000000000
0.1120000000 1.0000000000 0.0000000000 1.0000000000 2.5000000000 1.0000000000 0.0000000000 2.5000000000 0.0000000000
0.1140000000 1.0000000000 0.0000000000 1.0000000000 2.5000000000 1.0000000000 0.0000000000 2.5000000000 0.0000000000
0.1160000000 1.0000000000 0.0000000000 1.0000000000 2.5000000000 1.0000000000 0.0000000000 2.5000000000 0.0000000000
0.1180000000 1.0000000000 0.0000000000 1.0000000000 2.5000000000 1.0000000000 0.0000000000 2.5000000000 0.0000000000
0.1200000000 1.0000000000 0.0000000000 1.0000000000 2.5000000000 1.0000000000 0.0000000000 2.5000000000 0.0000000000
0.1220000000 1.0000000000 0.0000000000 1.0000000000 2.5000000000 1.0000000000 0.0000000000 2.5000000000 0.0000000000
0.1240000000 1.0000000000 0.0000000000 1.0000000000 2.5000000000 1.0000000000 0.0000000000 2.5000000000 0.0000000000
0.1260000000 1.0000000000 0.0000000000 1.0000000000 2.5000000000 1.0000000000 0.0000000000 2.5000000000 0.0000000000
0.1280000000 1.0000000000 0.0000000000 1.0000000000 2.5000000000 1.0000000000 0.0000000000 2.5000000000 0.0000000000
0.1300000000 1.0000000000 0.0000000000 1.0000000000 2.5000000000 1.0000000000 0.0000000000 2.5000000000 0.0000000000
0.1320000000 1.0000000000 0.0000000000 1.0000000000 2.5000000000 1.0000000000 0.0000000000 2.5000000000 0.0000000000
0.1340000000 1.0000000000 0.0000000000 1.0000000000 2.5000000000 1.0000000000 0.0000000000 2.5000000000 0.0000000000
0.1360000000 1.0000000000 0.0000000000 1.0000000000 2.5000000000 1.0000000000 0.0000000000 2.5000000000 0.0000000000
0.1380000000 1.0000000000 0.0000000000 1.0000000000 2.5000000000 1.0000000000 0.0000000000 2.5000000000 0.0000000000
0.1400000000 1.0000000000 0.0000000000 1.0000000000 2.5000000000 1.0000000000 0.0000000000 2.5000000000 0.0000000000
0.1420000000 1.0000000000 0.0000000000 1.0000000000 2.5000000000 1.0000000000 0.0000000000 2.5000000000 0.0000000000
0.1440000000 1.0000000000 0.0000000000 1.0000000000 2.5000000000 1.0000000000 0.0000000000 2.5000000000 0.0000000000
0.1460000000 1.0000000000 0.0000000000 1.0000000000 2.5000000000 1.0000000000 0.0000000000 2.5000000000 0.0000000000
0.1480000000 1.0000000000 0.0000000000 1.0000000000 2.5000000000 1.0000000000 0.0000000000 2.5000000000 0.0000000000
0.1500000000 1.0000000000 0.0000000000 1.0000000000 2.5000000000 1.0000000000 0.0000000000 2.5000000000 0.0000000000
0.1520000000 1.0000000000 0.0000000000 1.0000000000 2.5000000000 1.0000000000 0.0000000000 2.5000000000 0.0000000001
0.1540000000 1.0000000000 0.0000000000 1.0000000000 2.5000000000 1.0000000000 0.0000000000 2.5000000000 0.0000000002
0.1560000000 1.0000000000 0.0000000000 1.0000000000 2.5000000000 1.0000000000 0.0000000000 2.5000000000 0.0000000005
0.1580000000 1.0000000000 0.0000000000 1.0000000000 2.5000000000 1.0000000000 0.0000000000 2.5000000000 0.0000000012
0.1600000000 1.0000000000 0.0000000000 1.0000000000 2.5000000000 1.0000000000 0.0000000000 2.5000000000 0.0000000031
0.1620000000 1.0000000000 0.0000000000 1.0000000000 2.5000000000 1.0000000000 0.0000000000 2.5000000000 0.0000000077
0.1640000000 1.0000000000 0.0000000000 1.0000000000 2.5000000000 1.0000000000 0.0000000000 2.5000000000 0.0000000192
0.1660000000 1.0000000000 0.0000000000 1.0000000000 2.5000000000 1.0000000000 0.0000000000 2.5000000000 0.0000000474
0.1680000000 1.0000000000 0.0000000000 1.0000000000 2.5000000000 1.0000000000 0.0000000000 2.5000000000 0.0000001156
0.1700000000 1.0000000000 0.0000000000 1.0000000000 2.5000000000 1.0000000000 0.0000000000 2.4999999999 0.0000002790
0.1720000000 0.9999999999 0.0000000001 0.9999999999 2.4999999999 0.9999999999 0.0000000001 2.4999999998 0.0000006665
0.1740000000 0.9999999998 0.0000000002 0.9999999998 2.4999999998 0.9999999998 0.0000000002 2.4999999994 0.0000015739
0.1760000000 0.9999999996 0.0000000005 0.9999999994 2.4999999996 0.9999999996 0.0000000005 2.4999999986 0.0000036728
0.1780000000 0.9999999990 0.0000000011 0.9999999986 2.4999999990 0.9999999990 0.0000000011 2.4999999966 0.0000084599
0.1800000000 0.9999999977 0.0000000027 0.9999999968 2.4999999977 0.9999999977 0.0000000027 2.4999999920 0.0000191891
0.1820000000 0.9999999947 0.0000000062 0.9999999926 2.4999999947 0.9999999947 0.0000000062 2.4999999815 0.0000426580
0.1840000000 0.9999999879 0.0000000143 0.9999999831 2.4999999879 0.9999999879 0.0000000143 2.4999999578 0.0000920695
0.1860000000 0.9999999729 0.0000000321 0.9999999621 2.4999999729 0.9999999729 0.0000000321 2.4999999052 0.0001896468
0.1880000000 0.9999999404 0.0000000705 0.9999999166 2.4999999404 0.9999999404 0.0000000705 2.4999997915 0.0003629773
0.1900000000 0.9999998730 0.0000001503 0.9999998221 2.4999998730 0.9999998730 0.0000001503 2.4999995553 0.0006253660
0.1920000000 0.9999997397 0.0000003080 0.9999996356 2.4999997397 0.9999997397 0.0000003080 2.4999990889 0.0009484446
0.1940000000 0.9999994917 0.0000006014 0.9999992884 2.4999994917 0.9999994917 0.0000006014 2.4999982211 0.0012686076
0.1960000000 0.9999990571 0.0000011157 0.9999986799 2.4999990571 0.9999990571 0.0000011157 2.4999966998 0.0015331981
0.1980000000 0.9999983331 0.0000019723 0.9999976664 2.4999983331 0.9999983331 0.0000019723 2.4999941659 0.0017258533
0.2000000000 0.9999971744 0.0000033432 0.9999960442 2.4999971745 0.9999971744 0.0000033432 2.4999901106 0.0018540092
0.2020000000 0.9999953747 0.0000054728 0.9999935245 2.4999953747 0.9999953747 0.0000054728 2.4999838113 0.0019318613
0.2040000000 0.9999926412 0.0000087070 0.9999896977 2.4999926413 0.9999926412 0.0000087070 2.4999742444 0.0019727418
0.2060000000 0.9999885617 0.0000135340 0.9999839865 2.4999885618 0.9999885617 0.0000135338 2.4999599663 0.0019871809
0.2080000000 0.9999825592 0.0000206364 0.9999755829 2.4999825593 0.9999825592 0.0000206360 2.4999389576 0.0019829128
0.2100000000 0.9999738332 0.0000309613 0.9999633667 2.4999738336 0.9999738332 0.0000309605 2.4999084171 0.0019653992
0.2120000000 0.9999612845 0.0000458094 0.9999457988 2.4999612854 0.9999612845 0.0000458076 2.4998644981 0.0019384045
0.2140000000 0.9999434188 0.0000669490 0.9999207875 2.4999434207 0.9999434188 0.0000669452 2.4998019710 0.0019044820
0.2160000000 0.9999182270 0.0000967578 0.9998855201 2.4999182308 0.9999182270 0.0000967499 2.4997138050 0.0018653423
0.2180000000 0.9998830383 0.0001383965 0.9998362583 2.4998830460 0.9998830383 0.0001383803 2.4995906554 0.0018221199
0.2200000000 0.9998343458 0.0001960159 0.9997680935 2.4998343610 0.9998343458 0.0001959834 2.4994202529 0.0017755583
0.2220000000 0.9997676032 0.0002749978 0.9996746628 2.4997676328 0.9997676032 0.0002749339 2.4991866948 0.0017261394
0.2240000000 0.9996769965 0.0003822261 0.9995478301 2.4996770528 0.9996769965 0.0003821027 2.4988696483 0.0016741715
0.2260000000 0.9995551969 0.0005263807 0.9993773416 2.4995553022 0.9995551969 0.0005261465 2.4984434924 0.0016198509
0.2280000000 0.9993931081 0.0007182392 0.9991504727 2.4993933012 0.9993931081 0.0007178033 2.4978764395 0.0015633060
0.2300000000 0.9991796235 0.0009709679 0.9988516927 2.4991799713 0.9991796235 0.0009701714 2.4971297027 0.0015046289
0.2320000000 0.9989014207 0.0013003721 0.9984623796 2.4989020356 0.9989014207 0.0012989435 2.4961567936 0.0014438996
0.2340000000 0.9985428209 0.0017250713 0.9979606303 2.4985438876 0.9985428209 0.0017225576 2.4949030615 0.0013812052
0.2360000000 0.9980857488 0.0022665609 0.9973212134 2.4980875642 0.9980857488 0.0022622221 2.4933055971 0.0013166553
0.2380000000 0.9975098301 0.0029491157 0.9965157167 2.4975128608 0.9975098301 0.0029417719 2.4912936295 0.0012503945
0.2400000000 0.9967926580 0.0037995004 0.9955129362 2.4967976193 0.9967926580 0.0037873141 2.4887895354 0.0011826131
0.2420000000 0.9959102535 0.0048464563 0.9942795394 2.4959182174 0.9959102535 0.0048266355 2.4857105446 0.0011135543
0.2440000000 0.9948377290 0.0061199552 0.9927810154 2.4948502620 0.9948377290 0.0060883624 2.4819711689 0.0010435194
0.2460000000 0.9935501407 0.0076502332 0.9909828923 2.4935694773 0.9935501407 0.0076008903 2.4774863051 0.0009728689
0.2480000000 0.9920234936 0.0094666455 0.9888521667 2.4920527429 0.9920234936 0.0093911348 2.4721748681 0.0009020208
0.2500000000 0.9902358342 0.0115964138 0.9863588542 2.4902792167 0.9902358342 0.0114831845 2.4659637175 0.0008314443
0.2520000000 0.9881683468 0.0140633599 0.9834775368 2.4882314527 0.9881683468 0.0138969671 2.4587915610 0.0007616494
0.2540000000 0.9858063537 0.0168867363 0.9801887676 2.4858964105 0.9858063537 0.0166470520 2.4506124762 0.0006931736
0.2560000000 0.9831401230 0.0200802647 0.9764801929 2.4832662551 0.9831401230 0.0197417139 2.4413986916 0.0006265638
0.2580000000 0.9801653985 0.0236514766 0.9723472722 2.4803388619 0.9801653985 0.0231823590 2.4311423290 0.0005623572
0.2600000000 0.9768835967 0.0276014253 0.9677935198 2.4771179714 0.9768835967 0.0269633796 2.4198559133 0.0005010601
0.2620000000 0.9733016522 0.0319247918 0.9628302427 2.4736129771 0.9733016522 0.0310724526 2.4075715975 0.0004431265
0.2640000000 0.9694315326 0.0366103692 0.9574758102 2.4698383731 0.9694315326 0.0354912463 2.3943391993 0.0003889391
0.2660000000 0.9652894811 0.0416418639 0.9517545413 2.4658129270 0.9652894811 0.0401964532 2.3802232809 0.0003387928
0.2680000000 0.9608950714 0.0469989247 0.9456953328 2.4615586678 0.9608950714 0.0451610351 2.3652995920 0.0002928833
0.2700000000 0.9562701721 0.0526582923 0.9393301691 2.4570997925 0.9562701721 0.0503555543 2.3496512415 0.0002513013
0.2720000000 0.9514379163 0.0585949627 0.9326926510 2.4524615916 0.9514379163 0.0557494692 2.3333649466 0.0002140329
0.2740000000 0.9464217575 0.0647832699 0.9258166566 2.4476694758 0.9464217575 0.0613122961 2.3165276471 0.0001809664
0.2760000000 0.9412446701 0.0711978199 0.9187352176 2.4427481638 0.9412446701 0.0670145685 2.2992236896 0.0001519053
0.2780000000 0.9359285280 0.0778142319 0.9114796539 2.4377210606 0.9359285280 0.0728285595 2.2815326840 0.0001265846
0.2800000000 0.9304936685 0.0846096743 0.9040789759 2.4326098330 0.9304936685 0.0787287663 2.2635280474 0.0001046906
0.2820000000 0.9249586302 0.0915632035 0.8965595347 2.4274341650 0.9249586302 0.0846921753 2.2452761802 0.0000858808
0.2840000000 0.9193400401 0.0986559307 0.8889448827 2.4222116677 0.9193400401 0.0906983473 2.2268361717 0.0000698028
0.2860000000 0.9136526161 0.1058710514 0.8812557974 2.4169579051 0.9136526161 0.0967293630 2.2082599131 0.0000561099
0.2880000000 0.9079092544 0.1131937739 0.8735104207 2.4116865037 0.9079092544 0.1027696748 2.1895924953 0.0000444741
0.2900000000 0.9021211685 0.1206111816 0.8657244706 2.4064093121 0.9021211685 0.1088059000 2.1708727806 0.0000345941
0.2920000000 0.8962980578 0.1281120569 0.8579114899 2.4011365874 0.8962980578 0.1148265878 2.1521340598 0.0000262003
0.2940000000 0.8904482845 0.1356866905 0.8500831052 2.3958771862 0.8904482845 0.1208219808 2.1334047303 0.0000190561
0.2960000000 0.8845790477 0.1433266903 0.8422492798 2.3906387512 0.8845790477 0.1267837872 2.1147089499 0.0000129568
0.2980000000 0.8786965469 0.1510247990 0.8344185493 2.3854278833 0.8786965469 0.1327049694 2.0960672440 0.0000077257
0.3000000000 0.8728061317 0.1587747262 0.8265982359 2.3802502982 0.8728061317 0.1385795546 2.0774970553 0.0000032083
0.3020000000 0.8669124395 0.1665709902 0.8187946451 2.3751109680 0.8669124395 0.1444024635 2.0590132433 0.0000007171
0.3040000000 0.8610195067 0.1744087736 0.8110132364 2.3700142700 0.8610195067 0.1501693562 2.0406285177 0.0000041207
0.3060000000 0.8551308321 0.1822838834 0.8032586977 2.3649640050 0.8551308321 0.1558765689 2.0223536374 0.0000070641
0.3080000000 0.8492494342 0.1901926888 0.7955350297 2.3599634611 0.8492494342 0.1615210333 2.0041976342 0.0000096245
0.3100000000 0.8433779284 0.1981320233 0.7878456624 2.3550155120 0.8433779284 0.1671001754 1.9861681039 0.0000118659
0.3120000000 0.8375185906 0.2060991108 0.7801935453 2.3501226818 0.8375185906 0.1726118368 1.9682714362 0.0000138394
0.3140000000 0.8316734092 0.2140915050 0.7725812211 2.3452871985 0.8316734092 0.1780542118 1.9505129999 0.0000155862
0.3160000000 0.8258441276 0.2221070406 0.7650108859 2.3405110364 0.8258441276 0.1834257952 1.9328972950 0.0000171398
0.3180000000 0.8200322787 0.2301437934 0.7574844378 2.3357959522 0.8200322787 0.1887253394 1.9154280773 0.0000185279
0.3200000000 0.8142392142 0.2382000469 0.7500035189 2.3311435144 0.8142392142 0.1939518190 1.8981084634 0.0000197733
0.3220000000 0.8084661286 0.2462742638 0.7425695492 2.3265551286 0.8084661286 0.1991044006 1.8809410177 0.0000208954
0.3240000000 0.8027140796 0.2543650632 0.7351837559 2.3220320584 0.8027140796 0.2041824176 1.8639278265 0.0000219104
0.3260000000 0.7969840061 0.2624712000 0.7278471984 2.3175754428 0.7969840061 0.2091853484 1.8470705608 0.0000228321
0.3280000000 0.7912767423 0.2705915479 0.7205607890 2.3131863120 0.7912767423 0.2141127985 1.8303705294 0.0000236720
0.3300000000 0.7855930311 0.2787250851 0.7133253111 2.3088656000 0.7855930311 0.2189644844 1.8138287251 0.0000244403
0.3320000000 0.7799335342 0.2868708813 0.7061414348 2.3046141564 0.7799335342 0.2237402204 1.7974458640 0.0000251456
0.3340000000 0.7742988424 0.2950280874 0.6990097300 2.3004327551 0.7742988424 0.2284399065 1.7812224194 0.0000257953
0.3360000000 0.7686894833 0.3031959253 0.6919306786 2.2963221034 0.7686894833 0.2330635191 1.7651586512 0.0000263958
0.3380000000 0.7631059284 0.3113736802 0.6849046841 2.2922828490 0.7631059284 0.2376111013 1.7492546317 0.0000269529
0.3400000000 0.7575485996 0.3195606935 0.6779320805 2.2883155865 0.7575485996 0.2420827559 1.7335102679 0.0000274713
0.3420000000 0.7520178742 0.3277563560 0.6710131403 2.2844208626 0.7520178742 0.2464786381 1.7179253209 0.0000279556
0.3440000000 0.7465140905 0.3359601025 0.6641480812 2.2805991812 0.7465140905 0.2507989504 1.7024994235 0.0000284096
0.3460000000 0.7410375512 0.3441714072 0.6573370718 2.2768510074 0.7410375512 0.2550439368 1.6872320949 0.0000288363
0.3480000000 0.7355885274 0.3523897788 0.6505802374 2.2731767718 0.7355885274 0.2592138785 1.6721227541 0.0000292392
0.3500000000 0.7301672624 0.3606147567 0.6438776643 2.2695768732 0.7301672624 0.2633090897 1.6571707323 0.0000296208
0.3520000000 0.7247739741 0.3688459076 0.6372294041 2.2660516814 0.7247739741 0.2673299143 1.6423752827 0.0000299836
0.3540000000 0.7194088580 0.3770828222 0.6306354777 2.2626015404 0.7194088580 0.2712767225 1.6277355904 0.0000303295
0.3560000000 0.7140720894 0.3853251122 0.6240958784 2.2592267707 0.7140720894 0.2751499079 1.6132507805 0.0000306610
0.3580000000 0.7087638257 0.3935724079 0.6176105748 2.2559276705 0.7087638257 0.2789498855 1.5989199262 0.0000309796
0.3600000000 0.7034842085 0.4018243555 0.6111795140 2.2527045175 0.7034842085 0.2826770886 1.5847420544 0.0000312870
0.3620000000 0.6982333650 0.4100806150 0.6048026236 2.2495575725 0.6982333650 0.2863319677 1.5707161536 0.0000315846
0.3640000000 0.6930114099 0.4183408577 0.5984798139 2.2464870777 0.6930114099 0.2899149876 1.5568411770 0.0000318749
0.3660000000 0.6878184474 0.4266047656 0.5922109808 2.2434932601 0.6878184474 0.2934266275 1.5431160508 0.0000321564
0.3680000000 0.6826545705 0.4348720269 0.5859960060 2.2405763325 0.6826545705 0.2968673768 1.5295396740 0.0000324353
0.3700000000 0.6775198665 0.4431423385 0.5798347612 2.2377364926 0.6775198665 0.3002377380 1.5161109297 0.0000327058
0.3720000000 0.6724144116 0.4514153982 0.5737271060 2.2349739269 0.6724144116 0.3035382193 1.5028286780 0.0000329789
0.3740000000 0.6673382814 0.4596909115 0.5676728946 2.2322888066 0.6673382814 0.3067693429 1.4896917758 0.0000332401
0.3760000000 0.6622915377 0.4679685783 0.5616719698 2.2296812996 0.6622915377 0.3099316293 1.4766990564 0.0000335191
0.3780000000 0.6572742548 0.4762481087 0.5557241748 2.2271515372 0.6572742548 0.3130256207 1.4638493669 0.0000337570
0.3800000000 0.6522864680 0.4845291952 0.5498293397 2.2246997164 0.6522864680 0.3160518373 1.4511415203 0.0000340923
0.3820000000 0.6473282944 0.4928115511 0.5439873024 2.2223258075 0.6473282944 0.3190108608 1.4385743746 0.0000342001
0.3840000000 0.6423996507 0.5010948469 0.5381978850 2.2200303453 0.6423996507 0.3219031546 1.4261467184 0.0000348476
0.3860000000 0.6375009159 0.5093788079 0.5324609219 2.2178124319 0.6375009159 0.3247294566 1.4138574566 0.0000343079
0.3880000000 0.6326314478 0.5176630469 0.5267762427 2.2156744299 0.6326314478 0.3274899229 1.4017053225 0.0000362521
0.3900000000 0.6277927180 0.5259473462 0.5211436560 2.2136117590 0.6277927180 0.3301859140 1.3896893427 0.0000334577
0.3920000000 0.6229821804 0.5342311598 0.5155630618 2.2116332830 0.6229821804 0.3328164928 1.3778081249 0.0000389377
0.3940000000 0.6182042524 0.5425144678 0.5100341437 2.2097242033 0.6182042524 0.3353847510 1.3660608992 0.0000315666
0.3960000000 0.6134525930 0.5507963335 0.5045570428 2.2079068596 0.6134525930 0.3378874391 1.3544461882 0.0000416872
0.3980000000 0.6087354076 0.5590771959 0.4991311115 2.2061525529 0.6087354076 0.3403300848 1.3429631736 0.0000319206
0.4000000000 0.6040444529 0.5673554509 0.4937569536 2.2044917041 0.6040444529 0.3427079130 1.3316109853 0.0000395141
0.4020000000 0.5993857556 0.5756321138 0.4884334762 2.2029012395 0.5993857556 0.3450256895 1.3203876240 0.0000389519
0.4040000000 0.5947586563 0.5839050624 0.4831616530 2.2013873188 0.5947586563 0.3472825904 1.3092941638 0.0000327527
0.4060000000 0.5901579468 0.5921753915 0.4779403027 2.1999646151 0.5901579468 0.3494770132 1.2983266002 0.0000442087
0.4080000000 0.5855926238 0.6004412077 0.4727702106 2.1986056929 0.5855926238 0.3516139423 1.2874872765 0.0000359075
0.4100000000 0.5810558550 0.6087030618 0.4676505828 2.1973321227 0.5810558550 0.3536904780 1.2767726954 0.0000367648
0.4120000000 0.5765481168 0.6169594043 0.4625819073 2.1961446993 0.5765481168 0.3557067826 1.2661830905 0.0000443748
0.4140000000 0.5720751819 0.6252107526 0.4575634203 2.1950215483 0.5720751819 0.3576675550 1.2557173514 0.0000383091
0.4160000000 0.5676320886 0.6334551008 0.4525958839 2.1939831861 0.5676320886 0.3595694419 1.2453752583 0.0000365028
0.4180000000 0.5632172244 0.6416932720 0.4476783030 2.1930327306 0.5632172244 0.3614127035 1.2351538075 0.0000467709
0.4200000000 0.5588382761 0.6499231817 0.4428114593 2.1921464299 0.5588382761 0.3632019505 1.2250553319 0.0000408773
0.4220000000 0.5544904959 0.6581451887 0.4379946516 2.1913393073 0.5544904959 0.3649352520 1.2150768191 0.0000376799
0.4240000000 0.5501712322 0.6663572923 0.4332285447 2.1906237889 0.5501712322 0.3666106126 1.2052181892 0.0000455430
0.4260000000 0.5458861805 0.6745599117 0.4285123832 2.1899776699 0.5458861805 0.3682329337 1.1954785457 0.0000478962
0.4280000000 0.5416368390 0.6827504810 0.4238471389 2.1893994016 0.5416368390 0.3698028124 1.1858593712 0.0000391494
0.4300000000 0.5374164640 0.6909292551 0.4192321208 2.1889115539 0.5374164640 0.3713167571 1.1763571072 0.0000440123
0.4320000000 0.5332283957 0.6990937254 0.4146681992 2.1885057274 0.5332283957 0.3727766256 1.1669733981 0.0000513077
0.4340000000 0.5290776899 0.7072437913 0.4101548699 2.1881623094 0.5290776899 0.3741869113 1.1577078598 0.0000488301
0.4360000000 0.5249622511 0.7153763100 0.4056933021 2.1878934166 0.5249622511 0.3755455580 1.1485614531 0.0000425466
0.4380000000 0.5208772848 0.7234910716 0.4012830000 2.1877155365 0.5208772848 0.3768500650 1.1395313286 0.0000507405
0.4400000000 0.5168283484 0.7315846997 0.3969251850 2.1876129884 0.5168283484 0.3781037121 1.1306204078 0.0000569446
0.4420000000 0.5128194861 0.7396563342 0.3926196739 2.1875704888 0.5128194861 0.3793101812 1.1218287740 0.0000542516
0.4440000000 0.5088484497 0.7477017755 0.3883680384 2.1876021845 0.5088484497 0.3804668893 1.1131579802 0.0000492896
0.4460000000 0.5049114570 0.7557197631 0.3841702301 2.1877225147 0.5049114570 0.3815715666 1.1046061623 0.0000581425
0.4480000000 0.5010142308 0.7637054612 0.3800280482 2.1879166978 0.5010142308 0.3826273042 1.0961774014 0.0000660188
0.4500000000 0.4971616863 0.7716565153 0.3759419279 2.1881678569 0.4971616863 0.3836380544 1.0878732218 0.0000664468
0.4520000000 0.4933536145 0.7795667088 0.3719142357 2.1884851676 0.4933536145 0.3846020535 1.0796970677 0.0000618690
0.4540000000 0.4895864828 0.7874325298 0.3679458659 2.1888854147 0.4895864828 0.3855163227 1.0716487114 0.0000698014
0.4560000000 0.4858649917 0.7952464076 0.3640396965 2.1893609602 0.4858649917 0.3863823892 1.0637338447 0.0000814441
0.4580000000 0.4821960602 0.8030028313 0.3601974568 2.1898912188 0.4821960602 0.3872048016 1.0559569179 0.0000894437
0.4600000000 0.4785840172 0.8106917037 0.3564230405 2.1904729491 0.4785840172 0.3879840923 1.0483253435 0.0000884624
0.4620000000 0.4750273771 0.8183047161 0.3527193095 2.1911217324 0.4750273771 0.3887171430 1.0408428095 0.0000952530
0.4640000000 0.4715294256 0.8258289150 0.3490912492 2.1918422142 0.4715294256 0.3894026340 1.0335181004 0.0001106266
0.4660000000 0.4680984094 0.8332521743 0.3455432549 2.1926172561 0.4680984094 0.3900440174 1.0263606500 0.0001309398
0.4680000000 0.4647449793 0.8405570424 0.3420820669 2.1934281702 0.4647449793 0.3906446653 1.0193847295 0.0001436947
0.4700000000 0.4614746943 0.8477256791 0.3387143559 2.1942756963 0.4614746943 0.3912039486 1.0126027062 0.0001566768
0.4720000000 0.4582927190 0.8547350826 0.3354489614 2.1951697897 0.4582927190 0.3917188651 1.0060303317 0.0001775001
0.4740000000 0.4552078980 0.8615608600 0.3322950755 2.1961068162 0.4552078980 0.3921893081 0.9996851677 0.0002121592
0.4760000000 0.4522353139 0.8681735429 0.3292639246 2.1970650677 0.4522353139 0.3926187347 0.9935904106 0.0002513327
0.4780000000 0.4493904354 0.8745410522 0.3263675853 2.1980236846 0.4493904354 0.3930103842 0.9877708206 0.0002901877
0.4800000000 0.4466862187 0.8806274596 0.3236195425 2.1989764877 0.4466862187 0.3933641500 0.9822524923 0.0003311186
0.4820000000 0.4441340398 0.8863954746 0.3210335740 2.1999244033 0.4441340398 0.3936784030 0.9770613125 0.0003839920
0.4840000000 0.4417475094 0.8918074084 0.3186233667 2.2008586600 0.4417475094 0.3939537015 0.9722238316 0.0004523068
0.4860000000 0.4395423797 0.8968273780 0.3164016026 2.2017577268 0.4395423797 0.3941936399 0.9677658307 0.0005310237
0.4880000000 0.4375327463 0.9014234408 0.3143791131 2.2025997325 0.4375327463 0.3944022736 0.9637095100 0.0006128934
0.4900000000 0.4357273631 0.9055704191 0.3125637634 2.2033737094 0.4357273631 0.3945818108 0.9600702163 0.0006967341
0.4920000000 0.4341291409 0.9092527350 0.3109593593 2.2040779746 0.4341291409 0.3947331087 0.9568544775 0.0007877651
0.4940000000 0.4327367297 0.9124664790 0.3095648901 2.2047110739 0.4327367297 0.3948577601 0.9540594602 0.0008909510
0.4960000000 0.4315454201 0.9152201377 0.3083743281 2.2052674364 0.4315454201 0.3949590588 0.9516730622 0.0010052562
0.4980000000 0.4305464689 0.9175340400 0.3073769420 2.2057413651 0.4305464689 0.3950410410 0.9496741561 0.0011245587
0.5000000000 0.4297262635 0.9194388840 0.3065579612 2.2061329960 0.4297262635 0.3951070361 0.9480332891 0.0012433427
0.5020000000 0.4290668243 0.9209735978 0.3058994855 2.2064495852 0.4290668243 0.3951592169 0.9467143165 0.0013616649
0.5040000000 0.4285476549 0.9221826592 0.3053815938 2.2067018819 0.4285476549 0.3951992160 0.9456769166 0.0014854995
0.5060000000 0.4281478315 0.9231130826 0.3049835740 2.2068998915 0.4281478315 0.3952288645 0.9448794028 0.0016225800
0.5080000000 0.4278473742 0.9238114807 0.3046851110 2.2070514496 0.4278473742 0.3952503163 0.9442811674 0.0017778033
0.5100000000 0.4276278038 0.9243216636 0.3044672489 2.2071633609 0.4276278038 0.3952656430 0.9438444207 0.0019527112
0.5120000000 0.4274723524 0.9246830365 0.3043130222 2.2072427756 0.4274723524 0.3952764328 0.9435352616 0.0021502643
0.5140000000 0.4273662092 0.9249297793 0.3042077649 2.2072972548 0.4273662092 0.3952837336 0.9433242604 0.0023832461
0.5160000000 0.4272968087 0.9250906258 0.3041391764 2.2073337769 0.4272968087 0.3952882721 0.9431866785 0.0026847188
0.5180000000 0.4272539594 0.9251890526 0.3040972226 2.2073578097 0.4272539594 0.3952906859 0.9431023640 0.0031232393
0.5200000000 0.4272296889 0.9252437431 0.3040739258 2.2073731696 0.4272296889 0.3952915966 0.9430553526 0.0038419182
0.5220000000 0.4272178636 0.9252692401 0.3040630804 2.2073825476 0.4272178636 0.3952915480 0.9430332562 0.0052143609
0.5240000000 0.4272137506 0.9252767201 0.3040599191 2.2073880998 0.4272137506 0.3952909379 0.9430265491 0.0087592617
0.5260000000 0.4272136358 0.9252748712 0.3040607366 2.2073916512 0.4272136358 0.3952900418 0.9430278129 0.0089089161
0.5280000000 0.4272170248 0.9252648372 0.3040650451 2.2073934642 0.4272170248 0.3952888909 0.9430360684 0.0047343636
0.5300000000 0.4272258969 0.9252419601 0.3040748311 2.2073926109 0.4272258969 0.3952873262 0.9430552879 0.0028847810
0.5320000000 0.4272410817 0.9252042489 0.3040909442 2.2073887642 0.4272410817 0.3952852641 0.9430871633 0.0017157110
0.5340000000 0.4272617955 0.9251534902 0.3041126233 2.2073823870 0.4272617955 0.3952827414 0.9431301621 0.0007045340
0.5360000000 0.4272852916 0.9250960716 0.3041371449 2.2073748913 0.4272852916 0.3952799447 0.9431788242 0.0005890771
0.5380000000 0.4273064399 0.9250440366 0.3041593721 2.2073687280 0.4273064399 0.3952772741 0.9432228728 0.0006881330
0.5400000000 0.4273251339 0.9249976940 0.3041791728 2.2073638540 0.4273251339 0.3952747634 0.9432620544 0.0007493154
0.5420000000 0.4273414702 0.9249568044 0.3041966489 2.2073602405 0.4273414702 0.3952724006 0.9432965705 0.0008130897
0.5440000000 0.4273555742 0.9249210075 0.3042119535 2.2073579298 0.4273555742 0.3952701483 0.9433267156 0.0008789034
0.5460000000 0.4273675963 0.9248899025 0.3042252575 2.2073569240 0.4273675963 0.3952679745 0.9433528229 0.0009398052
0.5480000000 0.4273777189 0.9248630716 0.3042367389 2.2073571190 0.4273777189 0.3952658699 0.9433752504 0.0009972907
0.5500000000 0.4273861395 0.9248400905 0.3042465785 2.2073583585 0.4273861395 0.3952638359 0.9433943672 0.0010630771
0.5520000000 0.4273930444 0.9248205391 0.3042549556 2.2073605251 0.4273930444 0.3952618658 0.9434105349 0.0011508587
0.5540000000 0.4273985970 0.9248040118 0.3042620432 2.2073635768 0.4273985970 0.3952599371 0.9434240957 0.0012670918
0.5560000000 0.4274029436 0.9247901266 0.3042680041 2.2073675030 0.4274029436 0.3952580223 0.9434353684 0.0014119713
0.5580000000 0.4274062263 0.9247785293 0.3042729894 2.2073722693 0.4274062263 0.3952561014 0.9434446517 0.0015979208
0.5600000000 0.4274085827 0.9247688907 0.3042771397 2.2073778195 0.4274085827 0.3952541609 0.9434522253 0.0018488213
0.5620000000 0.4274101450 0.9247609074 0.3042805844 2.2073840796 0.4274101450 0.3952521935 0.9434583495 0.0022529659
0.5640000000 0.4274110293 0.9247542825 0.3042834501 2.2073910329 0.4274110293 0.3952501797 0.9434632735 0.0030084434
0.5660000000 0.4274113377 0.9247487401 0.3042858546 2.2073986877 0.4274113377 0.3952480961 0.9434672260 0.0038810477
0.5680000000 0.4274111336 0.9247441486 0.3042878540 2.2074069868 0.4274111336 0.3952459448 0.9434703225 0.0033512964
0.5700000000 0.4274103467 0.9247406707 0.3042893789 2.2074159665 0.4274103467 0.3952437307 0.9434724235 0.0022622298
0.5720000000 0.4274089260 0.9247384063 0.3042903866 2.2074256827 0.4274089260 0.3952414491 0.9434734403 0.0013719100
0.5740000000 0.4274069823 0.9247370790 0.3042909950 2.2074361086 0.4274069823 0.3952390843 0.9434736057 0.0007072480
0.5760000000 0.4274047167 0.9247361880 0.3042914180 2.2074471934 0.4274047167 0.3952366084 0.9434733423 0.0004176374
0.5780000000 0.4274022417 0.9247354384 0.3042917813 2.2074589323 0.4274022417 0.3952339994 0.9434728961 0.0003365981
0.5800000000 0.4273995866 0.9247347332 0.3042921265 2.2074713564 0.4273995866 0.3952312426 0.9434723450 0.0003034255
0.5820000000 0.4273967597 0.9247340197 0.3042924759 2.2074845133 0.4273967597 0.3952283236 0.9434717280 0.0002915241
0.5840000000 0.4273937590 0.9247332658 0.3042928435 2.2074984627 0.4273937590 0.3952252266 0.9434710660 0.0002926169
0.5860000000 0.4273905748 0.9247324539 0.3042932367 2.2075132727 0.4273905748 0.3952219350 0.9434703665 0.0003020036
0.5880000000 0.4273871911 0.9247315784 0.3042936579 2.2075290194 0.4273871911 0.3952184318 0.9434696268 0.0003166797
0.5900000000 0.4273835864 0.9247306416 0.3042941061 2.2075457878 0.4273835864 0.3952146981 0.9434688359 0.0003341852
0.5920000000 0.4273797350 0.9247296523 0.3042945777 2.2075636719 0.4273797350 0.3952107138 0.9434679771 0.0003532972
0.5940000000 0.4273756066 0.9247286229 0.3042950672 2.2075827785 0.4273756066 0.3952064562 0.9434670291 0.0003742927
0.5960000000 0.4273711655 0.9247275680 0.3042955686 2.2076032333 0.4273711655 0.3952018985 0.9434659667 0.0003969991
0.5980000000 0.4273663695 0.9247265030 0.3042960752 2.2076251877 0.4273663695 0.3951970084 0.9434647617 0.0004188149
0.6000000000 0.4273611715 0.9247254433 0.3042965804 2.2076488143 0.4273611715 0.3951917487 0.9434633835 0.0004360360
0.6020000000 0.4273555224 0.9247244033 0.3042970781 2.2076742949 0.4273555224 0.3951860804 0.9434618015 0.0004479328
0.6040000000 0.4273493727 0.9247233961 0.3042975628 2.2077018156 0.4273493727 0.3951799633 0.9434599860 0.0004588528
0.6060000000 0.4273426679 0.9247224331 0.3042980297 2.2077315859 0.4273426679 0.3951733516 0.9434579060 0.0004747220
0.6080000000 0.4273353400 0.9247215238 0.3042984748 2.2077638749 0.4273353400 0.3951661868 0.9434555262 0.0004964298
0.6100000000 0.4273273029 0.9247206757 0.3042988949 2.2077990306 0.4273273029 0.3951583922 0.9434528050 0.0005170378
0.6120000000 0.4273184584 0.9247198943 0.3042992878 2.2078374531 0.4273184584 0.3951498797 0.9434496969 0.0005269974
0.6140000000 0.4273087125 0.9247191833 0.3042996519 2.2078795302 0.4273087125 0.3951405636 0.9434461593 0.0005241196
0.6160000000 0.4272979836 0.9247185444 0.3042999865 2.2079255989 0.4272979836 0.3951303694 0.9434421563 0.0005193362
0.6180000000 0.4272861879 0.9247179773 0.3043002918 2.2079760100 0.4272861879 0.3951192194 0.9434376522 0.0005305376
0.6200000000 0.4272731977 0.9247174802 0.3043005686 2.2080312989 0.4272731977 0.3951069947 0.9434325937 0.0005669134
0.6220000000 0.4272588028 0.9247170497 0.3043008182 2.2080923480 0.4272588028 0.3950934996 0.9434268932 0.0006165832
0.6240000000 0.4272427133 0.9247166815 0.3043010426 2.2081603738 0.4272427133 0.3950784640 0.9434204295 0.0006483037
0.6260000000 0.4272246328 0.9247163706 0.3043012438 2.2082366206 0.4272246328 0.3950616119 0.9434130793 0.0006283540
0.6280000000 0.4272043940 0.9247161115 0.3043014242 2.2083217967 0.4272043940 0.3950427860 0.9434047750 0.0005479292
0.6300000000 0.4271820691 0.9247158981 0.3043015865 2.2084156139 0.4271820691 0.3950220507 0.9433955514 0.0004465324
0.6320000000 0.4271578903 0.9247157240 0.3043017334 2.2085171169 0.4271578903 0.3949996178 0.9433855123 0.0004011989
0.6340000000 0.4271319196 0.9247155830 0.3043018678 2.2086260603 0.4271319196 0.3949755421 0.9433746888 0.0004754847
0.6360000000 0.4271036586 0.9247154694 0.3043019922 2.2087445354 0.4271036586 0.3949493601 0.9433628719 0.0006776885
0.6380000000 0.4270717855 0.9247153780 0.3043021088 2.2088780673 0.4270717855 0.3949198476 0.9433495002 0.0009658905
0.6400000000 0.4270339573 0.9247153048 0.3043022197 2.2090364451 0.4270339573 0.3948848360 0.9433335750 0.0012800746
0.6420000000 0.4269864931 0.9247152462 0.3043023263 2.2092350470 0.4269864931 0.3948409201 0.9433135251 0.0015696559
0.6440000000 0.4269238041 0.9247151996 0.3043024298 2.2094972307 0.4269238041 0.3947829307 0.9432869628 0.0018051557
0.6460000000 0.4268374790 0.9247151634 0.3043025309 2.2098581764 0.4268374790 0.3947030892 0.9432502930 0.0019770411
0.6480000000 0.4267149316 0.9247151369 0.3043026298 2.2103705895 0.4267149316 0.3945897564 0.9431981348 0.0020887674
0.6500000000 0.4265374933 0.9247151207 0.3043027263 2.2111127882 0.4265374933 0.3944256696 0.9431225061 0.0021496836
0.6520000000 0.4262778182 0.9247151160 0.3043028198 2.2121998235 0.4262778182 0.3941855421 0.9430117142 0.0021702691
0.6540000000 0.4258964677 0.9247151251 0.3043029094 2.2137983459 0.4258964677 0.3938329054 0.9428488958 0.0021597713
0.6560000000 0.4253375907 0.9247151499 0.3043029943 2.2161459299 0.4253375907 0.3933161139 0.9426101704 0.0021254198
0.6580000000 0.4245237180 0.9247151921 0.3043030739 2.2195754338 0.4245237180 0.3925635314 0.9422624155 0.0020724119
0.6600000000 0.4233498956 0.9247152520 0.3043031481 2.2245446792 0.4233498956 0.3914781054 0.9417607578 0.0020041450
0.6620000000 0.4216777304 0.9247153287 0.3043032175 2.2316711563 0.4216777304 0.3899318611 0.9410460282 0.0019223848
0.6640000000 0.4193305111 0.9247154202 0.3043032828 2.2417702752 0.4193305111 0.3877613897 0.9400426752 0.0018271454
0.6660000000 0.4160916038 0.9247155238 0.3043033453 2.2558928618 0.4160916038 0.3847663654 0.9386580789 0.0017160185
0.6680000000 0.4117102713 0.9247156371 0.3043034061 2.2753501750 0.4117102713 0.3807149258 0.9367850377 0.0015826432
0.6700000000 0.4059228190 0.9247157580 0.3043034658 2.3016957076 0.4059228190 0.3753632272 0.9343108100 0.0014143864
0.6720000000 0.3985029531 0.9247158849 0.3043035249 2.3365915775 0.3985029531 0.3685020109 0.9311386437 0.0011913868
0.6740000000 0.3893578240 0.9247160171 0.3043035834 2.3814311230 0.3893578240 0.3600454163 0.9272288402 0.0008944883
0.6760000000 0.3786598380 0.9247161538 0.3043036413 2.4366331411 0.3786598380 0.3501528690 0.9226551105 0.0005308429
0.6780000000 0.3669179236 0.9247162949 0.3043036986 2.5009272842 0.3669179236 0.3392949828 0.9176350461 0.0001594999
0.6800000000 0.3548407234 0.9247164399 0.3043037549 2.5714963529 0.3548407234 0.3281270505 0.9124716262 0.0001356026
0.6820000000 0.3430437598 0.9247165886 0.3043038103 2.6452252551 0.3430437598 0.3172182554 0.9074280172 0.0003472184
0.6840000000 0.3319394247 0.9247167410 0.3043038648 2.7194134544 0.3319394247 0.3069499430 0.9026805376 0.0005121672
0.6860000000 0.3217845961 0.9247168970 0.3043039187 2.7917402734 0.3217845961 0.2975596533 0.8983390164 0.0006495970
0.6880000000 0.3127190703 0.9247170566 0.3043039721 2.8602771926 0.3127190703 0.2891766582 0.8944632244 0.0007688669
0.6900000000 0.3047935895 0.9247172198 0.3043040252 2.9235354288 0.3047935895 0.2818478807 0.8910748574 0.0008751904
0.6920000000 0.2979929971 0.9247173865 0.3043040783 2.9804976791 0.2979929971 0.2755593055 0.8881674361 0.0009717714
0.6940000000 0.2922559315 0.9247175568 0.3043041316 3.0306133466 0.2922559315 0.2702541909 0.8857147265 0.0010607237
0.6960000000 0.2874913136 0.9247177309 0.3043041853 3.0737547422 0.2874913136 0.2658483152 0.8836777886 0.0011435193
0.6980000000 0.2835916853 0.9247179087 0.3043042397 3.1101429460 0.2835916853 0.2622423101 0.8820106795 0.0012212281
0.7000000000 0.2804435323 0.9247180903 0.3043042950 3.1402573628 0.2804435323 0.2593312076 0.8806648671 0.0012946562
0.7020000000 0.2779348524 0.9247182760 0.3043043514 3.1647433117 0.2779348524 0.2570114376 0.8795924653 0.0013644302
0.7040000000 0.2759603259 0.9247184654 0.3043044091 3.1843289154 0.2759603259 0.2551856091 0.8787484452 0.0014310523
0.7060000000 0.2744244999 0.9247186585 0.3043044681 3.1997580261 0.2744244999 0.2537654554 0.8780919961 0.0014949379
0.7080000000 0.2732434098 0.9247188550 0.3043045286 3.2117415733 0.2732434098 0.2526733331 0.8775872190 0.0015564432
0.7100000000 0.2723450333 0.9247190546 0.3043045904 3.2209264486 0.2723450333 0.2518426417 0.8772033208 0.0016158872
0.7120000000 0.2716689276 0.9247192571 0.3043046538 3.2278791215 0.2716689276 0.2512174889 0.8769144593 0.0016735717
0.7140000000 0.2711653433 0.9247194627 0.3043047188 3.2330804292 0.2711653433 0.2507518705 0.8766993644 0.0017297997
0.7160000000 0.2707940435 0.9247196714 0.3043047856 3.2369280431 0.2707940435 0.2504085789 0.8765408333 0.0017848964
0.7180000000 0.2705230028 0.9247198835 0.3043048543 3.2397436261 0.2705230028 0.2501579996 0.8764251739 0.0018392339
0.7200000000 0.2703271065 0.9247200994 0.3043049253 3.2417823747 0.2703271065 0.2499769087 0.8763416491 0.0018932619
0.7220000000 0.2701869298 0.9247203190 0.3043049985 3.2432433152 0.2701869298 0.2498473439 0.8762819539 0.0019475500
0.7240000000 0.2700876428 0.9247205423 0.3043050740 3.2442792973 0.2700876428 0.2497555915 0.8762397479 0.0020028453
0.7260000000 0.2700180611 0.9247207689 0.3043051517 3.2450060758 0.2700180611 0.2496913091 0.8762102489 0.0020601591
0.7280000000 0.2699698478 0.9247209985 0.3043052317 3.2455101906 0.2699698478 0.2496467873 0.8761898923 0.0021208986
0.7300000000 0.2699368570 0.9247212314 0.3043053140 3.2458555703 0.2699368570 0.2496163428 0.8761760509 0.0021870650
0.7320000000 0.2699146057 0.9247214685 0.3043053990 3.2460889130 0.2699146057 0.2495958306 0.8761668091 0.0022615520
0.7340000000 0.2698998575 0.9247217113 0.3043054874 3.2462439695 0.2698998575 0.2495822581 0.8761607848 0.0023486209
0.7360000000 0.2698902985 0.9247219612 0.3043055795 3.2463448866 0.2698902985 0.2495734861 0.8761569904 0.0024546732
0.7380000000 0.2698842899 0.9247222183 0.3043056755 3.2464087704 0.2698842899 0.2495679992 0.8761547256 0.0025896734
0.7400000000 0.2698806814 0.9247224811 0.3043057749 3.2464476235 0.2698806814 0.2495647333 0.8761534968 0.0027703575
0.7420000000 0.2698786730 0.9247227473 0.3043058769 3.2464697923 0.2698786730 0.2495629480 0.8761529596 0.0030308781
0.7440000000 0.2698777141 0.9247230165 0.3043059814 3.2464810261 0.2698777141 0.2495621338 0.8761528781 0.0034385430
0.7460000000 0.2698774284 0.9247232899 0.3043060888 3.2464852579 0.2698774284 0.2495619434 0.8761530926 0.0037811247
0.7480000000 0.2698776361 0.9247235684 0.3043061994 3.2464843704 0.2698776361 0.2495622107 0.8761535275 0.0025106035
0.7500000000 0.2698782435 0.9247238505 0.3043063127 3.2464793365 0.2698782435 0.2495628485 0.8761541409 0.0009780248
0.7520000000 0.2698790593 0.9247241341 0.3043064279 3.2464721443 0.2698790593 0.2495636794 0.8761548484 0.0001269764
0.7540000000 0.2698799053 0.9247244252 0.3043065466 3.2464646767 0.2698799053 0.2495645403 0.8761555797 0.0002397527
0.7560000000 0.2698806965 0.9247247346 0.3043066726 3.2464578667 0.2698806965 0.2495653554 0.8761563101 0.0003905713
0.7580000000 0.2698814025 0.9247250684 0.3043068077 3.2464520515 0.2698814025 0.2495660984 0.8761570328 0.0004637532
0.7600000000 0.2698820148 0.9247254194 0.3043069493 3.2464472934 0.2698820148 0.2495667593 0.8761577364 0.0005047869
0.7620000000 0.2698825331 0.9247257704 0.3043070917 3.2464435228 0.2698825331 0.2495673334 0.8761584017 0.0005215657
0.7640000000 0.2698829628 0.9247261060 0.3043072296 3.2464406224 0.2698829628 0.2495678213 0.8761590138 0.0005072069
0.7660000000 0.2698833136 0.9247264231 0.3043073618 3.2464384768 0.2698833136 0.2495682313 0.8761595735 0.0004565752
0.7680000000 0.2698835991 0.9247267337 0.3043074925 3.2464369929 0.2698835991 0.2495685790 0.8761600998 0.0003705312
0.7700000000 0.2698838352 0.9247270620 0.3043076299 3.2464361030 0.2698838352 0.2495688860 0.8761606262 0.0002509335
0.7720000000 0.2698840396 0.9247274440 0.3043077862 3.2464357688 0.2698840396 0.2495691781 0.8761611997 0.0001155337
0.7740000000 0.2698842299 0.9247279195 0.3043079749 3.2464359692 0.2698842299 0.2495694824 0.8761618714 0.0000315651
0.7760000000 0.2698844163 0.9247285002 0.3043082000 3.2464366435 0.2698844163 0.2495698115 0.8761626587 0.0000860712
0.7780000000 0.2698845928 0.9247291256 0.3043084410 3.2464376115 0.2698845928 0.2495701435 0.8761634927 0.0002909429
0.7800000000 0.2698847360 0.9247296620 0.3043086525 3.2464385715 0.2698847360 0.2495704207 0.8761642167 0.0005130332
0.7820000000 0.2698848242 0.9247299862 0.3043087930 3.2464392510 0.2698848242 0.2495705897 0.8761646864 0.0004330911
0.7840000000 0.2698848691 0.9247301337 0.3043088743 3.2464396709 0.2698848691 0.2495706711 0.8761649457 0.0001586702
0.7860000000 0.2698849288 0.9247303550 0.3043089814 3.2464402454 0.2698849288 0.2495707860 0.8761652944 0.0007524278
0.7880000000 0.2698850668 0.9247309302 0.3043092095 3.2464414488 0.2698850668 0.2495710689 0.8761660672 0.0007205364
0.7900000000 0.2698852910 0.9247318796 0.3043095654 3.2464432817 0.2698852910 0.2495715324 0.8761672897 0.0000853050
0.7920000000 0.2698855269 0.9247328433 0.3043099271 3.2464450591 0.2698855269 0.2495720107 0.8761685353 0.0004841154
0.7940000000 0.2698857034 0.9247334802 0.3043101790 3.2464461371 0.2698857034 0.2495723458 0.8761693994 0.0002701455
0.7960000000 0.2698858481 0.9247339110 0.3043103619 3.2464467187 0.2698858481 0.2495725959 0.8761700261 0.0005364136
0.7980000000 0.2698860555 0.9247345740 0.3043106247 3.2464475995 0.2698860555 0.2495729666 0.8761709372 0.0006425478
0.8000000000 0.2698863476 0.9247355685 0.3043110009 3.2464489529 0.2698863476 0.2495735051 0.8761722507 0.0002286187
0.8020000000 0.2698866099 0.9247363653 0.3043113111 3.2464498241 0.2698866099 0.2495739627 0.8761733374 0.0011497751
0.8040000000 0.2698867336 0.9247364594 0.3043113842 3.2464492966 0.2698867336 0.2495741025 0.8761735964 0.0004488373
0.8060000000 0.2698868083 0.9247362699 0.3043113622 3.2464481377 0.2698868083 0.2495741204 0.8761735261 0.0018971910
0.8080000000 0.2698871088 0.9247370828 0.3043116812 3.2464487054 0.2698871088 0.2495746177 0.8761746550 0.0024634327
0.8100000000 0.2698878501 0.9247398919 0.3043126784 3.2464527979 0.2698878501 0.2495760613 0.8761781660 0.0003365420
0.8120000000 0.2698886723 0.9247430263 0.3043137870 3.2464573777 0.2698886723 0.2495776675 0.8761820712 0.0035152632
0.8140000000 0.2698888808 0.9247432652 0.3043139145 3.2464566023 0.2698888808 0.2495779248 0.8761825389 0.0075982140
0.8160000000 0.2698871384 0.9247343806 0.3043109491 3.2464391156 0.2698871384 0.2495739158 0.8761721629 0.0047107878
0.8180000000 0.2698822091 0.9247105988 0.3043029305 3.2463943306 0.2698822091 0.2495629392 0.8761440737 0.0017654172
0.8200000000 0.2698786998 0.9246933880 0.3042971397 3.2463614274 0.2698786998 0.2495550493 0.8761238012 0.0107693392
0.8220000000 0.2698907097 0.9247484260 0.3043158402 3.2464601096 0.2698907097 0.2495810090 0.8761894231 0.0089582200
0.8240000000 0.2699934879 0.9252259539 0.3044778164 3.2473285721 0.2699934879 0.2498049824 0.8767575675 0.0055327429
0.8260000000 0.2702922368 0.9266152863 0.3049494549 3.2498611588 0.2702922368 0.2504569184 0.8784122419 0.0006292186
0.8280000000 0.2705614438 0.9278670511 0.3053750459 3.2521478931 0.2705614438 0.2510450490 0.8799058295 0.0114344497
0.8300000000 0.2701595178 0.9260164315 0.3047462543 3.2488116834 0.2701595178 0.2501721526 0.8776973979 0.0097455333
0.8320000000 0.2650937891 0.9024934554 0.2968502039 3.2067300442 0.2650937891 0.2392454097 0.8500842180 0.0068821991
0.8340000000 0.2446322611 0.8041982882 0.2656693980 3.0383547967 0.2446322611 0.1967328456 0.7432796038 0.0034786785
0.8360000000 0.2060478372 0.5971235473 0.2090126671 2.7142508567 0.2060478372 0.1230360155 0.5592655187 0.0002531436
0.8380000000 0.1689642985 0.3547407982 0.1565345892 2.3790102261 0.1689642985 0.0599385301 0.4019677940 0.0024991616
0.8400000000 0.1451025783 0.1699665506 0.1245265549 2.1599360817 0.1451025783 0.0246625847 0.3134122945 0.0038345511
0.8420000000 0.1331881224 0.0699176027 0.1095783204 2.0592778037 0.1331881224 0.0093121942 0.2742713443 0.0046244376
0.8440000000 0.1281219593 0.0265878846 0.1035638564 2.0211595898 0.1281219593 0.0034064919 0.2589549267 0.0050427635
0.8460000000 0.1261524753 0.0097844997 0.1013006533 2.0075521409 0.1261524753 0.0012343389 0.2532576719 0.0052372081
0.8480000000 0.1254191989 0.0035531699 0.1004708685 2.0027074404 0.1254191989 0.0004456357 0.2511779629 0.0053168933
0.8500000000 0.1251512239 0.0012808906 0.1001695534 2.0009711325 0.1251512239 0.0001603050 0.2504239862 0.0053430268
0.8520000000 0.1250540742 0.0004578910 0.1000605870 2.0003465077 0.1250540742 0.0000572611 0.2501514806 0.0053389924
0.8540000000 0.1250190275 0.0001611051 0.1000213139 2.0001218316 0.1250190275 0.0000201412 0.2500532863 0.0052992652
0.8560000000 0.1250064742 0.0000548143 0.1000072514 2.0000414415 0.1250064742 0.0000068521 0.2500181288 0.0051805323
0.8580000000 0.1250020546 0.0000173953 0.1000023012 2.0000131502 0.1250020546 0.0000021744 0.2500057530 0.0048615031
0.8600000000 0.1250005693 0.0000048198 0.1000006376 2.0000036435 0.1250005693 0.0000006025 0.2500015940 0.0040681234
0.8620000000 0.1250001269 0.0000010744 0.1000001421 2.0000008122 0.1250001269 0.0000001343 0.2500003553 0.0024859487
0.8640000000 0.1250000227 0.0000001923 0.1000000254 2.0000001454 0.1250000227 0.0000000240 0.2500000636 0.0008559587
0.8660000000 0.1250000036 0.0000000304 0.1000000040 2.0000000230 0.1250000036 0.0000000038 0.2500000100 0.0001772345
0.8680000000 0.1250000005 0.0000000046 0.1000000006 2.0000000035 0.1250000005 0.0000000006 0.2500000015 0.0000289679
0.8700000000 0.1250000001 0.0000000007 0.1000000001 2.0000000005 0.1250000001 0.0000000001 0.2500000002 0.0000044134
0.8720000000 0.1250000000 0.0000000001 0.1000000000 2.0000000001 0.1250000000 0.0000000000 0.2500000000 0.0000006628
0.8740000000 0.1250000000 0.0000000000 0.1000000000 2.0000000000 0.1250000000 0.0000000000 0.2500000000 0.0000000993
0.8760000000 0.1250000000 0.0000000000 0.1000000000 2.0000000000 0.1250000000 0.0000000000 0.2500000000 0.0000000149
0.8780000000 0.1250000000 0.0000000000 0.1000000000 2.0000000000 0.1250000000 0.0000000000 0.2500000000 0.0000000022
0.8800000000 0.1250000000 0.0000000000 0.1000000000 2.0000000000 0.1250000000 0.0000000000 0.2500000000 0.0000000003
0.8820000000 0.1250000000 0.0000000000 0.1000000000 2.0000000000 0.1250000000 0.0000000000 0.2500000000 0.0000000000
0.8840000000 0.1250000000 0.0000000000 0.1000000000 2.0000000000 0.1250000000 0.0000000000 0.2500000000 0.0000000000
0.8860000000 0.1250000000 0.0000000000 0.1000000000 2.0000000000 0.1250000000 0.0000000000 0.2500000000 0.0000000000
0.8880000000 0.1250000000 0.0000000000 0.1000000000 2.0000000000 0.1250000000 0.0000000000 0.2500000000 0.0000000000
0.8900000000 0.1250000000 0.0000000000 0.1000000000 2.0000000000 0.1250000000 0.0000000000 0.2500000000 0.0000000000
0.8920000000 0.1250000000 0.0000000000 0.1000000000 2.0000000000 0.1250000000 0.0000000000 0.2500000000 0.0000000000
0.8940000000 0.1250000000 0.0000000000 0.1000000000 2.0000000000 0.1250000000 0.0000000000 0.2500000000 0.0000000000
0.8960000000 0.1250000000 0.0000000000 0.1000000000 2.0000000000 0.1250000000 0.0000000000 0.2500000000 0.0000000000
0.8980000000 0.1250000000 0.0000000000 0.1000000000 2.0000000000 0.1250000000 0.0000000000 0.2500000000 0.0000000000
0.9000000000 0.1250000000 0.0000000000 0.1000000000 2.0000000000 0.1250000000 0.0000000000 0.2500000000 0.0000000000
0.9020000000 0.1250000000 0.0000000000 0.1000000000 2.0000000000 0.1250000000 0.0000000000 0.2500000000 0.0000000000
0.9040000000 0.1250000000 0.0000000000 0.1000000000 2.0000000000 0.1250000000 0.0000000000 0.2500000000 0.0000000000
0.9060000000 0.1250000000 0.0000000000 0.1000000000 2.0000000000 0.1250000000 0.0000000000 0.2500000000 0.0000000000
0.9080000000 0.1250000000 0.0000000000 0.1000000000 2.0000000000 0.1250000000 0.0000000000 0.2500000000 0.0000000000
0.9100000000 0.1250000000 0.0000000000 0.1000000000 2.0000000000 0.1250000000 0.0000000000 0.2500000000 0.0000000000
0.9120000000 0.1250000000 0.0000000000 0.1000000000 2.0000000000 0.1250000000 0.0000000000 0.2500000000 0.0000000000
0.9140000000 0.1250000000 0.0000000000 0.1000000000 2.0000000000 0.1250000000 0.0000000000 0.2500000000 0.0000000000
0.9160000000 0.1250000000 0.0000000000 0.1000000000 2.0000000000 0.1250000000 0.0000000000 0.2500000000 0.0000000000
0.9180000000 0.1250000000 0.0000000000 0.1000000000 2.0000000000 0.1250000000 0.0000000000 0.2500000000 0.0000000000
0.9200000000 0.1250000000 0.0000000000 0.1000000000 2.0000000000 0.1250000000 0.0000000000 0.2500000000 0.0000000000
0.9220000000 0.1250000000 0.0000000000 0.1000000000 2.0000000000 0.1250000000 0.0000000000 0.2500000000 0.0000000000
0.9240000000 0.1250000000 0.0000000000 0.1000000000 2.0000000000 0.1250000000 0.0000000000 0.2500000000 0.0000000000
0.9260000000 0.1250000000 0.0000000000 0.1000000000 2.0000000000 0.1250000000 0.0000000000 0.2500000000 0.0000000000
0.9280000000 0.1250000000 0.0000000000 0.1000000000 2.0000000000 0.1250000000 0.0000000000 0.2500000000 0.0000000000
0.9300000000 0.1250000000 0.0000000000 0.1000000000 2.0000000000 0.1250000000 0.0000000000 0.2500000000 0.0000000000
0.9320000000 0.1250000000 0.0000000000 0.1000000000 2.0000000000 0.1250000000 0.0000000000 0.2500000000 0.0000000000
0.9340000000 0.1250000000 0.0000000000 0.1000000000 2.0000000000 0.1250000000 0.0000000000 0.2500000000 0.0000000000
0.9360000000 0.1250000000 0.0000000000 0.1000000000 2.0000000000 0.1250000000 0.0000000000 0.2500000000 0.0000000000
0.9380000000 0.1250000000 0.0000000000 0.1000000000 2.0000000000 0.1250000000 0.0000000000 0.2500000000 0.0000000000
0.9400000000 0.1250000000 0.0000000000 0.1000000000 2.0000000000 0.1250000000 0.0000000000 0.2500000000 0.0000000000
0.9420000000 0.1250000000 0.0000000000 0.1000000000 2.0000000000 0.1250000000 0.0000000000 0.2500000000 0.0000000000
0.9440000000 0.1250000000 0.0000000000 0.1000000000 2.0000000000 0.1250000000 0.0000000000 0.2500000000 0.0000000000
0.9460000000 0.1250000000 0.0000000000 0.1000000000 2.0000000000 0.1250000000 0.0000000000 0.2500000000 0.0000000000
0.9480000000 0.1250000000 0.0000000000 0.1000000000 2.0000000000 0.1250000000 0.0000000000 0.2500000000 0.0000000000
0.9500000000 0.1250000000 0.0000000000 0.1000000000 2.0000000000 0.1250000000 0.0000000000 0.2500000000 0.0000000000
0.9520000000 0.1250000000 0.0000000000 0.1000000000 2.0000000000 0.1250000000 0.0000000000 0.2500000000 0.0000000000
0.9540000000 0.1250000000 0.0000000000 0.1000000000 2.0000000000 0.1250000000 0.0000000000 0.2500000000 0.0000000000
0.9560000000 0.1250000000 0.0000000000 0.1000000000 2.0000000000 0.1250000000 0.0000000000 0.2500000000 0.0000000000
0.9580000000 0.1250000000 0.0000000000 0.1000000000 2.0000000000 0.1250000000 0.0000000000 0.2500000000 0.0000000000
0.9600000000 0.1250000000 0.0000000000 0.1000000000 2.0000000000 0.1250000000 0.0000000000 0.2500000000 0.0000000000
0.9620000000 0.1250000000 0.0000000000 0.1000000000 2.0000000000 0.1250000000 0.0000000000 0.2500000000 0.0000000000
0.9640000000 0.1250000000 0.0000000000 0.1000000000 2.0000000000 0.1250000000 0.0000000000 0.2500000000 0.0000000000
0.9660000000 0.1250000000 0.0000000000 0.1000000000 2.0000000000 0.1250000000 0.0000000000 0.2500000000 0.0000000000
0.9680000000 0.1250000000 0.0000000000 0.1000000000 2.0000000000 0.1250000000 0.0000000000 0.2500000000 0.0000000000
0.9700000000 0.1250000000 0.0000000000 0.1000000000 2.0000000000 0.1250000000 0.0000000000 0.2500000000 0.0000000000
0.9720000000 0.1250000000 0.0000000000 0.1000000000 2.0000000000 0.1250000000 0.0000000000 0.2500000000 0.0000000000
0.9740000000 0.1250000000 0.0000000000 0.1000000000 2.0000000000 0.1250000000 0.0000000000 0.2500000000 0.0000000000
0.9760000000 0.1250000000 0.0000000000 0.1000000000 2.0000000000 0.1250000000 0.0000000000 0.2500000000 0.0000000000
0.9780000000 0.1250000000 0.0000000000 0.1000000000 2.0000000000 0.1250000000 0.0000000000 0.2500000000 0.0000000000
0.9800000000 0.1250000000 0.0000000000 0.1000000000 2.0000000000 0.1250000000 0.0000000000 0.2500000000 0.0000000000
0.9820000000 0.1250000000 0.0000000000 0.1000000000 2.0000000000 0.1250000000 0.0000000000 0.2500000000 0.0000000000
0.9840000000 0.1250000000 0.0000000000 0.1000000000 2.0000000000 0.1250000000 0.0000000000 0.2500000000 0.0000000000
0.9860000000 0.1250000000 0.0000000000 0.1000000000 2.0000000000 0.1250000000 0.0000000000 0.2500000000 0.0000000000
0.9880000000 0.1250000000 0.0000000000 0.1000000000 2.0000000000 0.1250000000 0.0000000000 0.2500000000 0.0000000000
0.9900000000 0.1250000000 0.0000000000 0.1000000000 2.0000000000 0.1250000000 0.0000000000 0.2500000000 0.0000000000
0.9920000000 0.1250000000 0.0000000000 0.1000000000 2.0000000000 0.1250000000 0.0000000000 0.2500000000 0.0000000000
0.9940000000 0.1250000000 0.0000000000 0.1000000000 2.0000000000 0.1250000000 0.0000000000 0.2500000000 0.0000000000
0.9960000000 0.1250000000 0.0000000000 0.1000000000 2.0000000000 0.1250000000 0.0000000000 0.2500000000 0.0000000000
0.9980000000 0.1250000000 0.0000000000 0.1000000000 2.0000000000 0.1250000000 0.0000000000 0.2500000000 0.0000000000
1.0000000000 0.1250000000 0.0000000000 0.1000000000 2.0000000000 0.1250000000 0.0000000000 0.2500000000 0.0000000000
