TITLE = "1D Euler Filtered MacCormack Result"
VARIABLES = "x", "rho", "u", "p", "E", "rho_conserved", "rhou", "rhoE", "nu"
ZONE T="t=0.20000000", I=501, F=POINT
0.0000000000 0.4000000000 0.5000000000 1.0000000000 6.3750000000 0.4000000000 0.2000000000 2.5500000000 0.0000000000
0.0020000000 0.4000000000 0.5000000000 1.0000000000 6.3750000000 0.4000000000 0.2000000000 2.5500000000 0.0000000000
0.0040000000 0.4000000000 0.5000000000 1.0000000000 6.3750000000 0.4000000000 0.2000000000 2.5500000000 0.0000000000
0.0060000000 0.4000000000 0.5000000000 1.0000000000 6.3750000000 0.4000000000 0.2000000000 2.5500000000 0.0000000000
0.0080000000 0.4000000000 0.5000000000 1.0000000000 6.3750000000 0.4000000000 0.2000000000 2.5500000000 0.0000000000
0.0100000000 0.4000000000 0.5000000000 1.0000000000 6.3750000000 0.4000000000 0.2000000000 2.5500000000 0.0000000000
0.0120000000 0.4000000000 0.5000000000 1.0000000000 6.3750000000 0.4000000000 0.2000000000 2.5500000000 0.0000000000
0.0140000000 0.4000000000 0.5000000000 1.0000000000 6.3750000000 0.4000000000 0.2000000000 2.5500000000 0.0000000000
0.0160000000 0.4000000000 0.5000000000 1.0000000000 6.3750000000 0.4000000000 0.2000000000 2.5500000000 0.0000000000
0.0180000000 0.4000000000 0.5000000000 1.0000000000 6.3750000000 0.4000000000 0.2000000000 2.5500000000 0.0000000000
0.0200000000 0.4000000000 0.5000000000 1.0000000000 6.3750000000 0.4000000000 0.2000000000 2.5500000000 0.0000000000
0.0220000000 0.4000000000 0.5000000000 1.0000000000 6.3750000000 0.4000000000 0.2000000000 2.5500000000 0.0000000000
0.0240000000 0.4000000000 0.5000000000 1.0000000000 6.3750000000 0.4000000000 0.2000000000 2.5500000000 0.0000000000
0.0260000000 0.4000000000 0.5000000000 1.0000000000 6.3750000000 0.4000000000 0.2000000000 2.5500000000 0.0000000000
0.0280000000 0.4000000000 0.5000000000 1.0000000000 6.3750000000 0.4000000000 0.2000000000 2.5500000000 0.0000000000
0.0300000000 0.4000000000 0.5000000000 1.0000000000 6.3750000000 0.4000000000 0.2000000000 2.5500000000 0.0000000000
0.0320000000 0.4000000000 0.5000000000 1.0000000000 6.3750000000 0.4000000000 0.2000000000 2.5500000000 0.0000000000
0.0340000000 0.4000000000 0.5000000000 1.0000000000 6.3750000000 0.4000000000 0.2000000000 2.5500000000 0.0000000000
0.0360000000 0.4000000000 0.5000000000 1.0000000000 6.3750000000 0.4000000000 0.2000000000 2.5500000000 0.0000000000
0.0380000000 0.4000000000 0.5000000000 1.0000000000 6.3750000000 0.4000000000 0.2000000000 2.5500000000 0.0000000000
0.0400000000 0.4000000000 0.5000000000 1.0000000000 6.3750000000 0.4000000000 0.2000000000 2.5500000000 0.0000000000
0.0420000000 0.4000000000 0.5000000000 1.0000000000 6.3750000000 0.4000000000 0.2000000000 2.5500000000 0.0000000000
0.0440000000 0.4000000000 0.5000000000 1.0000000000 6.3750000000 0.4000000000 0.2000000000 2.5500000000 0.0000000000
0.0460000000 0.4000000000 0.5000000000 1.0000000000 6.3750000000 0.4000000000 0.2000000000 2.5500000000 0.0000000000
0.0480000000 0.4000000000 0.5000000000 1.0000000000 6.3750000000 0.4000000000 0.2000000000 2.5500000000 0.0000000000
0.0500000000 0.4000000000 0.5000000000 1.0000000000 6.3750000000 0.4000000000 0.2000000000 2.5500000000 0.0000000000
0.0520000000 0.4000000000 0.5000000000 1.0000000000 6.3750000000 0.4000000000 0.2000000000 2.5500000000 0.0000000000
0.0540000000 0.4000000000 0.5000000000 1.0000000000 6.3750000000 0.4000000000 0.2000000000 2.5500000000 0.0000000000
0.0560000000 0.4000000000 0.5000000000 1.0000000000 6.3750000000 0.4000000000 0.2000000000 2.5500000000 0.0000000000
0.0580000000 0.4000000000 0.5000000000 1.0000000000 6.3750000000 0.4000000000 0.2000000000 2.5500000000 0.0000000000
0.0600000000 0.4000000000 0.5000000000 1.0000000000 6.3750000000 0.4000000000 0.2000000000 2.5500000000 0.0000000000
0.0620000000 0.4000000000 0.5000000000 1.0000000000 6.3750000000 0.4000000000 0.2000000000 2.5500000000 0.0000000000
0.0640000000 0.4000000000 0.5000000000 1.0000000000 6.3750000000 0.4000000000 0.2000000000 2.5500000000 0.0000000000
0.0660000000 0.4000000000 0.5000000000 1.0000000000 6.3750000000 0.4000000000 0.2000000000 2.5500000000 0.0000000000
0.0680000000 0.4000000000 0.5000000000 1.0000000000 6.3750000000 0.4000000000 0.2000000000 2.5500000000 0.0000000000
0.0700000000 0.4000000000 0.5000000000 1.0000000000 6.3750000000 0.4000000000 0.2000000000 2.5500000000 0.0000000000
0.0720000000 0.4000000000 0.5000000000 1.0000000000 6.3750000000 0.4000000000 0.2000000000 2.5500000000 0.0000000000
0.0740000000 0.4000000000 0.5000000000 1.0000000000 6.3750000000 0.4000000000 0.2000000000 2.5500000000 0.0000000000
0.0760000000 0.4000000000 0.5000000000 1.0000000000 6.3750000000 0.4000000000 0.2000000000 2.5500000000 0.0000000000
0.0780000000 0.4000000000 0.5000000000 1.0000000000 6.3750000000 0.4000000000 0.2000000000 2.5500000000 0.0000000000
0.0800000000 0.4000000000 0.5000000000 1.0000000000 6.3750000000 0.4000000000 0.2000000000 2.5500000000 0.0000000000
0.0820000000 0.4000000000 0.5000000000 1.0000000000 6.3750000000 0.4000000000 0.2000000000 2.5500000000 0.0000000000
0.0840000000 0.4000000000 0.5000000000 1.0000000000 6.3750000000 0.4000000000 0.2000000000 2.5500000000 0.0000000000
0.0860000000 0.4000000000 0.5000000000 1.0000000000 6.3750000000 0.4000000000 0.2000000000 2.5500000000 0.0000000000
0.0880000000 0.4000000000 0.5000000000 1.0000000000 6.3750000000 0.4000000000 0.2000000000 2.5500000000 0.0000000000
0.0900000000 0.4000000000 0.5000000000 1.0000000000 6.3750000000 0.4000000000 0.2000000000 2.5500000000 0.0000000000
0.0920000000 0.4000000000 0.5000000000 1.0000000000 6.3750000000 0.4000000000 0.2000000000 2.5500000000 0.0000000000
0.0940000000 0.4000000000 0.5000000000 1.0000000000 6.3750000000 0.4000000000 0.2000000000 2.5500000000 0.0000000000
0.0960000000 0.4000000000 0.5000000000 1.0000000000 6.3750000000 0.4000000000 0.2000000000 2.5500000000 0.0000000000
0.0980000000 0.4000000000 0.5000000000 1.0000000000 6.3750000000 0.4000000000 0.2000000000 2.5500000000 0.0000000000
0.1000000000 0.4000000000 0.5000000000 1.0000000000 6.3750000000 0.4000000000 0.2000000000 2.5500000000 0.0000000000
0.1020000000 0.4000000000 0.5000000000 1.0000000000 6.3750000000 0.4000000000 0.2000000000 2.5500000000 0.0000000000
0.1040000000 0.4000000000 0.5000000000 1.0000000000 6.3750000000 0.4000000000 0.2000000000 2.5500000000 0.0000000000
0.1060000000 0.4000000000 0.5000000000 1.0000000000 6.3750000000 0.4000000000 0.2000000000 2.5500000000 0.0000000001
0.1080000000 0.4000000000 0.5000000000 1.0000000000 6.3750000000 0.4000000000 0.2000000000 2.5500000000 0.0000000004
0.1100000000 0.4000000000 0.5000000000 1.0000000000 6.3750000000 0.4000000000 0.2000000000 2.5500000000 0.0000000016
0.1120000000 0.4000000000 0.5000000000 1.0000000000 6.3750000000 0.4000000000 0.2000000000 2.5500000000 0.0000000071
0.1140000000 0.4000000000 0.5000000000 1.0000000000 6.3750000000 0.4000000000 0.2000000000 2.5500000000 0.0000000303
0.1160000000 0.4000000000 0.5000000000 1.0000000000 6.3750000000 0.4000000000 0.2000000000 2.5500000000 0.0000001299
0.1180000000 0.4000000000 0.5000000000 1.0000000000 6.3750000000 0.4000000000 0.2000000000 2.5500000001 0.0000005570
0.1200000000 0.4000000000 0.4999999999 1.0000000001 6.3750000001 0.4000000000 0.2000000000 2.5500000002 0.0000023878
0.1220000000 0.4000000001 0.4999999995 1.0000000004 6.3750000005 0.4000000001 0.1999999998 2.5500000009 0.0000102286
0.1240000000 0.4000000005 0.4999999976 1.0000000018 6.3750000020 0.4000000005 0.1999999993 2.5500000040 0.0000436806
0.1260000000 0.4000000022 0.4999999899 1.0000000075 6.3750000084 0.4000000022 0.1999999971 2.5500000171 0.0001842215
0.1280000000 0.4000000091 0.4999999572 1.0000000320 6.3750000358 0.4000000091 0.1999999875 2.5500000726 0.0007423536
0.1300000000 0.4000000382 0.4999998215 1.0000001336 6.3750001493 0.4000000382 0.1999999477 2.5500003030 0.0026159983
0.1320000000 0.4000001517 0.4999992907 1.0000005308 6.3750005932 0.4000001517 0.1999997921 2.5500012042 0.0069104807
0.1340000000 0.4000005545 0.4999974065 1.0000019408 6.3750021690 0.4000005545 0.1999992398 2.5500044027 0.0122261172
0.1360000000 0.4000018421 0.4999913842 1.0000064475 6.3750072056 0.4000018421 0.1999974747 2.5500146259 0.0156900161
0.1380000000 0.4000056718 0.4999734724 1.0000198515 6.3750221858 0.4000056718 0.1999922247 2.5500450324 0.0172099240
0.1400000000 0.4000166731 0.4999220189 1.0000583570 6.3750652217 0.4000166731 0.1999771428 2.5501323810 0.0177844428
0.1420000000 0.4000478364 0.4997762684 1.0001674360 6.3751871543 0.4000478364 0.1999344149 2.5503798280 0.0179874824
0.1440000000 0.4001356196 0.4993657219 1.0004747362 6.3755308201 0.4001356196 0.1998140125 2.5510769748 0.0180445024
0.1460000000 0.4003821052 0.4982130627 1.0013379038 6.3764973505 0.4003821052 0.1994755949 2.5530354330 0.0180206934
0.1480000000 0.4010711522 0.4949917007 1.0037532308 6.3792113814 0.4010711522 0.1985268917 2.5585176588 0.0178888654
0.1500000000 0.4029768369 0.4860893137 1.0104512076 6.3868094513 0.4029768369 0.1958827341 2.5737362708 0.0175021186
0.1520000000 0.4080984690 0.4622178903 1.0285798364 6.4078744852 0.4080984690 0.1886304134 2.6150437669 0.0164672334
0.1540000000 0.4208888849 0.4030667579 1.0745877163 6.4640782502 0.4208888849 0.1696463183 2.7206586864 0.0139448894
0.1560000000 0.4479480527 0.2813640128 1.1745401803 6.5946966288 0.4479480527 0.1260364616 2.9540815131 0.0086063364
0.1580000000 0.4897895577 0.1058778504 1.3330583415 6.8098453734 0.4897895577 0.0518578655 3.3353911534 0.0007400218
0.1600000000 0.5286803967 -0.0421128612 1.4821292139 7.0095124831 0.5286803967 -0.0222642442 3.7057918403 0.0146270475
0.1620000000 0.5448950134 -0.1003018358 1.5446498505 7.0919451976 0.5448950134 -0.0546539702 3.8643655731 0.0381178281
0.1640000000 0.5441207988 -0.0974770513 1.5415316454 7.0874228275 0.5441207988 -0.0530392910 3.8564141703 0.0343576836
0.1660000000 0.5389313295 -0.0784694247 1.5210336621 7.0588647735 0.5389313295 -0.0422896314 3.8042433768 0.0052259770
0.1680000000 0.5352208745 -0.0646927320 1.5063563672 7.0382361518 0.5352208745 -0.0346249006 3.7670109078 0.0260869744
0.1700000000 0.5346344008 -0.0625111421 1.5040396606 7.0349826458 0.5346344008 -0.0334206070 3.7611437316 0.0380934126
0.1720000000 0.5353628033 -0.0652172667 1.5069128617 7.0390035661 0.5353628033 -0.0349148987 3.7684206815 0.0026990969
0.1740000000 0.5361544935 -0.0681481861 1.5100316114 7.0433505122 0.5361544935 -0.0365379562 3.7763240261 0.0164231683
0.1760000000 0.5364430806 -0.0692144370 1.5111679384 7.0449315788 0.5364430806 -0.0371296058 3.7792047985 0.0380184872
0.1780000000 0.5363811448 -0.0689862318 1.5109249018 7.0445962482 0.5363811448 -0.0370029140 3.7785886004 0.0168988468
0.1800000000 0.5362435746 -0.0684783953 1.5103836478 7.0438446241 0.5362435746 -0.0367210995 3.7772164204 0.0083886319
0.1820000000 0.5361615877 -0.0681744827 1.5100594761 7.0433890680 0.5361615877 -0.0365525389 3.7763946654 0.0310933564
0.1840000000 0.5361561829 -0.0681537781 1.5100369676 7.0433536813 0.5361561829 -0.0365410695 3.7763376249 0.0368651184
0.1860000000 0.5361775541 -0.0682329539 1.5101210661 7.0434705581 0.5361775541 -0.0365849783 3.7765508159 0.0006889051
0.1880000000 0.5361970555 -0.0683055475 1.5101985017 7.0435804680 0.5361970555 -0.0366252335 3.7767471074 0.0188110412
0.1900000000 0.5362027631 -0.0683263138 1.5102209660 7.0436116747 0.5362027631 -0.0366367583 3.7768040423 0.0341136643
0.1920000000 0.5362005529 -0.0683173901 1.5102117911 7.0435973125 0.5362005529 -0.0366318224 3.7767807731 0.0091422070
0.1940000000 0.5361970116 -0.0683040257 1.5101977129 7.0435772634 0.5361970116 -0.0366244145 3.7767450797 0.0111550515
0.1960000000 0.5361954490 -0.0682987601 1.5101920159 7.0435708620 0.5361954490 -0.0366214844 3.7767306407 0.0263653734
0.1980000000 0.5361960361 -0.0683014849 1.5101946688 7.0435757068 0.5361960361 -0.0366229855 3.7767373742 0.0113712456
0.2000000000 0.5361974071 -0.0683068230 1.5102000503 7.0435831591 0.5361974071 -0.0366259414 3.7767510265 0.0038010917
0.2020000000 0.5361983860 -0.0683106214 1.5102038476 7.0435882691 0.5361983860 -0.0366280449 3.7767606612 0.0136005812
0.2040000000 0.5361985719 -0.0683115523 1.5102047479 7.0435900894 0.5361985719 -0.0366285568 3.7767629466 0.0092849466
0.2060000000 0.5361984653 -0.0683111108 1.5102043940 7.0435898076 0.5361984653 -0.0366283128 3.7767620453 0.0071825472
0.2080000000 0.5361986127 -0.0683110430 1.5102046288 7.0435889630 0.5361986127 -0.0366282865 3.7767626303 0.0077263758
0.2100000000 0.5361990822 -0.0683119985 1.5102060328 7.0435894092 0.5361990822 -0.0366288309 3.7767661763 0.0010545522
0.2120000000 0.5361995948 -0.0683134824 1.5102079165 7.0435915606 0.5361995948 -0.0366296616 3.7767709410 0.0033595355
0.2140000000 0.5361999345 -0.0683147499 1.5102093489 7.0435938658 0.5361999345 -0.0366303644 3.7767745695 0.0039083627
0.2160000000 0.5362001169 -0.0683155528 1.5102100288 7.0435946955 0.5362001169 -0.0366308074 3.7767762988 0.0023657321
0.2180000000 0.5362002239 -0.0683161387 1.5102103104 7.0435946431 0.5362002239 -0.0366311289 3.7767770247 0.0009497164
0.2200000000 0.5362003047 -0.0683168208 1.5102107028 7.0435954580 0.5362003047 -0.0366315001 3.7767780308 0.0009332539
0.2220000000 0.5362004131 -0.0683176259 1.5102114215 7.0435974399 0.5362004131 -0.0366319393 3.7767798572 0.0023825296
0.2240000000 0.5362005989 -0.0683183429 1.5102123175 7.0435992267 0.5362005989 -0.0366323364 3.7767821240 0.0011472475
0.2260000000 0.5362008263 -0.0683188002 1.5102131461 7.0436001363 0.5362008263 -0.0366325971 3.7767842129 0.0014967143
0.2280000000 0.5362010007 -0.0683190558 1.5102137901 7.0436008653 0.5362010007 -0.0366327461 3.7767858326 0.0019595899
0.2300000000 0.5362011127 -0.0683193243 1.5102142952 7.0436017673 0.5362011127 -0.0366328977 3.7767871053 0.0008056593
0.2320000000 0.5362012526 -0.0683197673 1.5102147326 7.0436020005 0.5362012526 -0.0366331448 3.7767882154 0.0016089332
0.2340000000 0.5362014468 -0.0683203675 1.5102151209 7.0436013017 0.5362014468 -0.0366334799 3.7767892087 0.0008365122
0.2360000000 0.5362016083 -0.0683209752 1.5102154402 7.0436007110 0.5362016083 -0.0366338168 3.7767900297 0.0027864000
0.2380000000 0.5362016780 -0.0683214511 1.5102156984 7.0436010321 0.5362016780 -0.0366340767 3.7767906928 0.0011629801
0.2400000000 0.5362017140 -0.0683217527 1.5102159478 7.0436017427 0.5362017140 -0.0366342409 3.7767913272 0.0016745772
0.2420000000 0.5362018007 -0.0683219291 1.5102162435 7.0436019959 0.5362018007 -0.0366343414 3.7767920732 0.0004719623
0.2440000000 0.5362019031 -0.0683220556 1.5102165874 7.0436022621 0.5362019031 -0.0366344163 3.7767929378 0.0018207495
0.2460000000 0.5362019514 -0.0683221849 1.5102169232 7.0436032033 0.5362019514 -0.0366344889 3.7767937822 0.0015104414
0.2480000000 0.5362019583 -0.0683223427 1.5102171791 7.0436043163 0.5362019583 -0.0366345740 3.7767944278 0.0008060551
0.2500000000 0.5362019872 -0.0683225411 1.5102173160 7.0436045885 0.5362019872 -0.0366346823 3.7767947774 0.0005702065
0.2520000000 0.5362020318 -0.0683227795 1.5102173503 7.0436041785 0.5362020318 -0.0366348132 3.7767948719 0.0010907664
0.2540000000 0.5362020455 -0.0683230354 1.5102173412 7.0436039739 0.5362020455 -0.0366349513 3.7767948584 0.0000973983
0.2560000000 0.5362020557 -0.0683232570 1.5102173626 7.0436039545 0.5362020557 -0.0366350709 3.7767949203 0.0025281356
0.2580000000 0.5362021379 -0.0683233908 1.5102174660 7.0436033674 0.5362021379 -0.0366351482 3.7767951839 0.0018795283
0.2600000000 0.5362022804 -0.0683234114 1.5102176653 7.0436024255 0.5362022804 -0.0366351690 3.7767956830 0.0010716530
0.2620000000 0.5362023886 -0.0683233468 1.5102179278 7.0436022254 0.5362023886 -0.0366351418 3.7767963374 0.0020112383
0.2640000000 0.5362024371 -0.0683232670 1.5102181887 7.0436027989 0.5362024371 -0.0366351023 3.7767969868 0.0011055569
0.2660000000 0.5362024559 -0.0683232468 1.5102183786 7.0436034361 0.5362024559 -0.0366350927 3.7767974608 0.0003258043
0.2680000000 0.5362024838 -0.0683233293 1.5102184534 7.0436034240 0.5362024838 -0.0366351389 3.7767976508 0.0013719165
0.2700000000 0.5362024735 -0.0683235001 1.5102184207 7.0436034179 0.5362024735 -0.0366352297 3.7767975753 0.0018294402
0.2720000000 0.5362024106 -0.0683236962 1.5102183376 7.0436038710 0.5362024106 -0.0366353306 3.7767973746 0.0006634171
0.2740000000 0.5362023658 -0.0683238395 1.5102182822 7.0436042098 0.5362023658 -0.0366354044 3.7767972413 0.0026717778
0.2760000000 0.5362023959 -0.0683238812 1.5102183073 7.0436039348 0.5362023959 -0.0366354288 3.7767973057 0.0015674848
0.2780000000 0.5362024719 -0.0683238196 1.5102184169 7.0436034432 0.5362024719 -0.0366354010 3.7767975776 0.0006241130
0.2800000000 0.5362025304 -0.0683236989 1.5102185660 7.0436033628 0.5362025304 -0.0366353403 3.7767979461 0.0001911659
0.2820000000 0.5362025844 -0.0683235840 1.5102186866 7.0436032079 0.5362025844 -0.0366352823 3.7767982435 0.0007660257
0.2840000000 0.5362026617 -0.0683235274 1.5102187245 7.0436023654 0.5362026617 -0.0366352572 3.7767983362 0.0007930839
0.2860000000 0.5362027153 -0.0683235471 1.5102186636 7.0436013794 0.5362027153 -0.0366352715 3.7767981848 0.0028355270
0.2880000000 0.5362026880 -0.0683236213 1.5102185312 7.0436011259 0.5362026880 -0.0366353094 3.7767978566 0.0016475432
0.2900000000 0.5362026122 -0.0683237046 1.5102183788 7.0436014158 0.5362026122 -0.0366353489 3.7767974783 0.0005504381
0.2920000000 0.5362025522 -0.0683237482 1.5102182606 7.0436016557 0.5362025522 -0.0366353682 3.7767971842 0.0018162517
0.2940000000 0.5362025427 -0.0683237230 1.5102182090 7.0436015387 0.5362025427 -0.0366353540 3.7767970545 0.0000017821
0.2960000000 0.5362025335 -0.0683236291 1.5102182255 7.0436017298 0.5362025335 -0.0366353030 3.7767970922 0.0004686013
0.2980000000 0.5362025124 -0.0683234977 1.5102182792 7.0436022470 0.5362025124 -0.0366352311 3.7767972215 0.0011975103
0.3000000000 0.5362025248 -0.0683233780 1.5102183195 7.0436022650 0.5362025248 -0.0366351678 3.7767973180 0.0010860562
0.3020000000 0.5362025676 -0.0683233151 1.5102183003 7.0436016081 0.5362025676 -0.0366351370 3.7767972678 0.0004805683
0.3040000000 0.5362025969 -0.0683233294 1.5102182009 7.0436007612 0.5362025969 -0.0366351466 3.7767970199 0.0016366575
0.3060000000 0.5362025808 -0.0683234030 1.5102180403 7.0436002294 0.5362025808 -0.0366351850 3.7767966211 0.0003997599
0.3080000000 0.5362025745 -0.0683234859 1.5102178715 7.0435995309 0.5362025745 -0.0366352290 3.7767962020 0.0015500982
0.3100000000 0.5362026095 -0.0683235203 1.5102177549 7.0435985293 0.5362026095 -0.0366352499 3.7767959119 0.0002462415
0.3120000000 0.5362026373 -0.0683234653 1.5102177329 7.0435980586 0.5362026373 -0.0366352223 3.7767958550 0.0012694834
0.3140000000 0.5362026310 -0.0683233232 1.5102178014 7.0435984500 0.5362026310 -0.0366351457 3.7767960209 0.0006316352
0.3160000000 0.5362026088 -0.0683231358 1.5102179142 7.0435992547 0.5362026088 -0.0366350436 3.7767962960 0.0005975154
0.3180000000 0.5362026038 -0.0683229648 1.5102180042 7.0435997287 0.5362026038 -0.0366349516 3.7767965147 0.0002790979
0.3200000000 0.5362026067 -0.0683228622 1.5102180152 7.0435997352 0.5362026067 -0.0366348968 3.7767965384 0.0014331922
0.3220000000 0.5362025704 -0.0683228433 1.5102179306 7.0435998161 0.5362025704 -0.0366348842 3.7767963262 0.0005547950
0.3240000000 0.5362025176 -0.0683228814 1.5102177789 7.0435998054 0.5362025176 -0.0366349010 3.7767959484 0.0016095709
0.3260000000 0.5362025086 -0.0683229232 1.5102176172 7.0435991712 0.5362025086 -0.0366349228 3.7767955455 0.0015871263
0.3280000000 0.5362025424 -0.0683229190 1.5102174990 7.0435981768 0.5362025424 -0.0366349229 3.7767952500 0.0002190644
0.3300000000 0.5362025822 -0.0683228429 1.5102174528 7.0435974341 0.5362025822 -0.0366348848 3.7767951319 0.0004324955
0.3320000000 0.5362026103 -0.0683227052 1.5102174690 7.0435971307 0.5362026103 -0.0366348129 3.7767951673 0.0006841589
0.3340000000 0.5362026586 -0.0683225439 1.5102175088 7.0435966714 0.5362026586 -0.0366347297 3.7767952610 0.0000942131
0.3360000000 0.5362027102 -0.0683224076 1.5102175223 7.0435960473 0.5362027102 -0.0366346601 3.7767952899 0.0021677107
0.3380000000 0.5362027019 -0.0683223304 1.5102174752 7.0435959315 0.5362027019 -0.0366346182 3.7767951692 0.0021494040
0.3400000000 0.5362026326 -0.0683223198 1.5102173613 7.0435963085 0.5362026326 -0.0366346077 3.7767948838 0.0005860276
0.3420000000 0.5362025451 -0.0683223546 1.5102172046 7.0435967303 0.5362025451 -0.0366346204 3.7767944933 0.0011546923
0.3440000000 0.5362024914 -0.0683223937 1.5102170504 7.0435967191 0.5362024914 -0.0366346377 3.7767941091 0.0011369094
0.3460000000 0.5362024691 -0.0683223964 1.5102169423 7.0435965080 0.5362024691 -0.0366346376 3.7767938389 0.0002857988
0.3480000000 0.5362024545 -0.0683223389 1.5102169055 7.0435965245 0.5362024545 -0.0366346058 3.7767937447 0.0012730160
0.3500000000 0.5362024748 -0.0683222283 1.5102169312 7.0435963694 0.5362024748 -0.0366345479 3.7767938049 0.0016886602
0.3520000000 0.5362025442 -0.0683220993 1.5102169810 7.0435956822 0.5362025442 -0.0366344835 3.7767939249 0.0001674214
0.3540000000 0.5362026192 -0.0683219994 1.5102170021 7.0435947888 0.5362026192 -0.0366344350 3.7767939743 0.0016432837
0.3560000000 0.5362026471 -0.0683219630 1.5102169561 7.0435942055 0.5362026471 -0.0366344174 3.7767938579 0.0015177178
0.3580000000 0.5362026333 -0.0683219938 1.5102168371 7.0435938335 0.5362026333 -0.0366344330 3.7767935616 0.0000267413
0.3600000000 0.5362026195 -0.0683220623 1.5102166753 7.0435932648 0.5362026195 -0.0366344688 3.7767931595 0.0000740045
0.3620000000 0.5362026028 -0.0683221163 1.5102165250 7.0435927880 0.5362026028 -0.0366344966 3.7767927857 0.0010606863
0.3640000000 0.5362025558 -0.0683221087 1.5102164360 7.0435929886 0.5362025558 -0.0366344893 3.7767925628 0.0003246203
0.3660000000 0.5362024996 -0.0683220193 1.5102164300 7.0435936927 0.5362024996 -0.0366344376 3.7767925443 0.0008801061
0.3680000000 0.5362024691 -0.0683218650 1.5102164895 7.0435943608 0.5362024691 -0.0366343527 3.7767926873 0.0013327015
0.3700000000 0.5362024756 -0.0683216898 1.5102165687 7.0435946330 0.5362024756 -0.0366342592 3.7767928791 0.0000333743
0.3720000000 0.5362024819 -0.0683215446 1.5102166149 7.0435947552 0.5362024819 -0.0366341818 3.7767929893 0.0009939112
0.3740000000 0.5362024618 -0.0683214625 1.5102165943 7.0435949171 0.5362024618 -0.0366341364 3.7767929347 0.0003129782
0.3760000000 0.5362024501 -0.0683214461 1.5102165061 7.0435946595 0.5362024501 -0.0366341268 3.7767927136 0.0006206358
0.3780000000 0.5362024541 -0.0683214689 1.5102163802 7.0435940201 0.5362024541 -0.0366341393 3.7767923995 0.0006886169
0.3800000000 0.5362024390 -0.0683214900 1.5102162619 7.0435936681 0.5362024390 -0.0366341496 3.7767921045 0.0011602609
0.3820000000 0.5362023912 -0.0683214744 1.5102161899 7.0435939592 0.5362023912 -0.0366341380 3.7767919238 0.0004289799
0.3840000000 0.5362023310 -0.0683214086 1.5102161795 7.0435946971 0.5362023310 -0.0366340986 3.7767918953 0.0000460957
0.3860000000 0.5362022698 -0.0683213057 1.5102162169 7.0435956679 0.5362022698 -0.0366340392 3.7767919850 0.0008806952
0.3880000000 0.5362021827 -0.0683211992 1.5102162660 7.0435970335 0.5362021827 -0.0366339761 3.7767921037 0.0017072519
0.3900000000 0.5362020411 -0.0683211254 1.5102162867 7.0435989843 0.5362020411 -0.0366339269 3.7767921523 0.0013146496
0.3920000000 0.5362018539 -0.0683211076 1.5102162525 7.0436012823 0.5362018539 -0.0366339045 3.7767920657 0.0004420003
0.3940000000 0.5362016503 -0.0683211444 1.5102161625 7.0436035396 0.5362016503 -0.0366339104 3.7767918417 0.0000186408
0.3960000000 0.5362014466 -0.0683212083 1.5102160438 7.0436056641 0.5362014466 -0.0366339307 3.7767915466 0.0005511185
0.3980000000 0.5362012216 -0.0683212577 1.5102159382 7.0436081300 0.5362012216 -0.0366339419 3.7767912840 0.0005002478
0.4000000000 0.5362009770 -0.0683212575 1.5102158816 7.0436110792 0.5362009770 -0.0366339250 3.7767911420 0.0000847496
0.4020000000 0.5362007356 -0.0683211951 1.5102158861 7.0436142647 0.5362007356 -0.0366338750 3.7767911503 0.0007299736
0.4040000000 0.5362004658 -0.0683210889 1.5102159315 7.0436180125 0.5362004658 -0.0366337997 3.7767912592 0.0018638747
0.4060000000 0.5362001176 -0.0683209786 1.5102159758 7.0436227843 0.5362001176 -0.0366337167 3.7767913653 0.0020617954
0.4080000000 0.5361996730 -0.0683209051 1.5102159764 7.0436286208 0.5361996730 -0.0366336470 3.7767913630 0.0019078196
0.4100000000 0.5361991289 -0.0683208912 1.5102159106 7.0436354575 0.5361991289 -0.0366336023 3.7767911966 0.0017116731
0.4120000000 0.5361984862 -0.0683209302 1.5102157873 7.0436433258 0.5361984862 -0.0366335794 3.7767908884 0.0015435726
0.4140000000 0.5361977463 -0.0683209890 1.5102156445 7.0436523803 0.5361977463 -0.0366335603 3.7767905317 0.0013807194
0.4160000000 0.5361969125 -0.0683210242 1.5102155304 7.0436628001 0.5361969125 -0.0366335223 3.7767902459 0.0012367619
0.4180000000 0.5361959889 -0.0683210042 1.5102154813 7.0436746977 0.5361959889 -0.0366334484 3.7767901202 0.0012479983
0.4200000000 0.5361949692 -0.0683209230 1.5102155054 7.0436881956 0.5361949692 -0.0366333352 3.7767901752 0.0014743061
0.4220000000 0.5361938278 -0.0683208024 1.5102155811 7.0437035291 0.5361938278 -0.0366331926 3.7767903572 0.0017617319
0.4240000000 0.5361925280 -0.0683206807 1.5102156682 7.0437209960 0.5361925280 -0.0366330385 3.7767905675 0.0019602128
0.4260000000 0.5361910336 -0.0683205947 1.5102157271 7.0437408903 0.5361910336 -0.0366328903 3.7767907082 0.0020594010
0.4280000000 0.5361893113 -0.0683205643 1.5102157354 7.0437635440 0.5361893113 -0.0366327563 3.7767907239 0.0020878231
0.4300000000 0.5361873312 -0.0683205849 1.5102156962 7.0437893666 0.5361873312 -0.0366326321 3.7767906218 0.0020355397
0.4320000000 0.5361850706 -0.0683206296 1.5102156349 7.0438187704 0.5361850706 -0.0366325016 3.7767904650 0.0018528244
0.4340000000 0.5361825278 -0.0683206649 1.5102155843 7.0438519316 0.5361825278 -0.0366323468 3.7767903339 0.0011541796
0.4360000000 0.5361797964 -0.0683206633 1.5102155705 7.0438877374 0.5361797964 -0.0366321593 3.7767902929 0.0033327836
0.4380000000 0.5361775947 -0.0683206157 1.5102156003 7.0439167878 0.5361775947 -0.0366319834 3.7767903607 0.0136523544
0.4400000000 0.5361768241 -0.0683205443 1.5102156484 7.0439271277 0.5361768241 -0.0366318925 3.7767904763 0.0230187011
0.4420000000 0.5361775801 -0.0683204795 1.5102156806 7.0439173452 0.5361775801 -0.0366319094 3.7767905563 0.0195895032
0.4440000000 0.5361809772 -0.0683204438 1.5102156719 7.0438726875 0.5361809772 -0.0366321223 3.7767905411 0.0157772067
0.4460000000 0.5361898621 -0.0683204456 1.5102156139 7.0437557369 0.5361898621 -0.0366327303 3.7767904171 0.0138518186
0.4480000000 0.5362094434 -0.0683204747 1.5102155194 7.0434981595 0.5362094434 -0.0366340837 3.7767902274 0.0127508770
0.4500000000 0.5362491899 -0.0683205074 1.5102154160 7.0429757923 0.5362491899 -0.0366368168 3.7767900629 0.0120278398
0.4520000000 0.5363260125 -0.0683205179 1.5102153345 7.0419669218 0.5363260125 -0.0366420709 3.7767900390 0.0114859749
0.4540000000 0.5364694822 -0.0683204909 1.5102152948 7.0400841034 0.5364694822 -0.0366518584 3.7767902735 0.0110352504
0.4560000000 0.5367301987 -0.0683204297 1.5102152971 7.0366655254 0.5367301987 -0.0366696378 3.7767908855 0.0106294625
0.4580000000 0.5371928050 -0.0683203543 1.5102153234 7.0306079918 0.5371928050 -0.0367012028 3.7767920281 0.0102431203
0.4600000000 0.5379955541 -0.0683202925 1.5102153469 7.0201211321 0.5379955541 -0.0367560136 3.7767939581 0.0098614070
0.4620000000 0.5393586202 -0.0683202667 1.5102153455 7.0023857846 0.5393586202 -0.0368491248 3.7767971346 0.0094751465
0.4640000000 0.5416232816 -0.0683202844 1.5102153117 6.9731166750 0.5416232816 -0.0370038566 3.7768023362 0.0090780983
0.4660000000 0.5453032948 -0.0683203350 1.5102152561 6.9260736610 0.5453032948 -0.0372553038 3.7768107876 0.0086654157
0.4680000000 0.5511477120 -0.0683203948 1.5102152017 6.8526534935 0.5511477120 -0.0376546293 3.7768242937 0.0082326977
0.4700000000 0.5602104085 -0.0683204377 1.5102151737 6.7418336380 0.5602104085 -0.0382738203 3.7768453763 0.0077753202
0.4720000000 0.5739150706 -0.0683204452 1.5102151884 6.5808994947 0.5739150706 -0.0392101331 3.7768773980 0.0072878379
0.4740000000 0.5940949801 -0.0683204141 1.5102152459 6.3574424356 0.5940949801 -0.0405888151 3.7769246370 0.0067632681
0.4760000000 0.6229749616 -0.0683203571 1.5102153285 6.0628315340 0.6229749616 -0.0425618718 3.7769922424 0.0061920032
0.4780000000 0.6630497322 -0.0683202966 1.5102154065 5.6965349347 0.6630497322 -0.0452997544 3.7770859627 0.0055598641
0.4800000000 0.7168012687 -0.0683202546 1.5102154484 5.2695379835 0.7168012687 -0.0489720452 3.7772115123 0.0048441016
0.4820000000 0.7861903860 -0.0683202378 1.5102154379 4.8046548197 0.7861903860 -0.0537127141 3.7773734274 0.0040037439
0.4840000000 0.8718507043 -0.0683202334 1.5102153829 4.3328211898 0.8718507043 -0.0595650436 3.7775732061 0.0029493197
0.4860000000 0.9718583830 -0.0683202073 1.5102153268 3.8871985167 0.9718583830 -0.0663975662 3.7778064648 0.0013869966
0.4880000000 1.0793893457 -0.0683201305 1.5102153201 3.5001803713 1.0793893457 -0.0737440210 3.7780574007 0.0018910447
0.4900000000 1.1767054536 -0.0683200512 1.5102153104 3.2109008053 1.1767054536 -0.0803925768 3.7782844885 0.0042136447
0.4920000000 1.2546494501 -0.0683200326 1.5102152149 3.0115712041 1.2546494501 -0.0857176913 3.7784661551 0.0051696741
0.4940000000 1.3139758720 -0.0683200627 1.5102150688 2.8757029178 1.3139758720 -0.0897709140 3.7786042492 0.0059708153
0.4960000000 1.3572346666 -0.0683200858 1.5102149813 2.7841205973 1.3572346666 -0.0927263888 3.7787049906 0.0066636650
0.4980000000 1.3876208734 -0.0683200846 1.5102149890 2.7232048739 1.3876208734 -0.0948023754 3.7787759256 0.0072798404
0.5000000000 1.4082632159 -0.0683200878 1.5102150349 2.6833223885 1.4082632159 -0.0962126666 3.7788242161 0.0078383681
0.5020000000 1.4218650826 -0.0683201173 1.5102150583 2.6576755193 1.4218650826 -0.0971419893 3.7788560218 0.0083504045
0.5040000000 1.4305791753 -0.0683201600 1.5102150501 2.6415010144 1.4305791753 -0.0977373982 3.7788763427 0.0088227558
0.5060000000 1.4360180189 -0.0683201875 1.5102150295 2.6315052717 1.4360180189 -0.0981090203 3.7788889870 0.0092593951
0.5080000000 1.4393311797 -0.0683201830 1.5102150061 2.6254532062 1.4393311797 -0.0983353696 3.7788966606 0.0096619251
0.5100000000 1.4413044625 -0.0683201479 1.5102149775 2.6218618544 1.4413044625 -0.0984701340 3.7789011908 0.0100294375
0.5120000000 1.4424556138 -0.0683200926 1.5102149444 2.6197712795 1.4424556138 -0.0985487011 3.7789037891 0.0103579629
0.5140000000 1.4431147164 -0.0683200296 1.5102149159 2.6185757840 1.4431147164 -0.0985936402 3.7789052501 0.0106395755
0.5160000000 1.4434860091 -0.0683199720 1.5102149004 2.6179028049 1.4434860091 -0.0986189237 3.7789060720 0.0108610724
0.5180000000 1.4436924443 -0.0683199321 1.5102148967 2.6175287926 1.4436924443 -0.0986329697 3.7789065407 0.0110020983
0.5200000000 1.4438061958 -0.0683199181 1.5102148981 2.6173227538 1.4438061958 -0.0986407211 3.7789068083 0.0110332208
0.5220000000 1.4438686613 -0.0683199308 1.5102148997 2.6172096262 1.4438686613 -0.0986450071 3.7789069594 0.0109167106
0.5240000000 1.4439030928 -0.0683199636 1.5102149015 2.6171472769 1.4439030928 -0.0986474068 3.7789070474 0.0106169745
0.5260000000 1.4439223041 -0.0683200053 1.5102149032 2.6171124927 1.4439223041 -0.0986487794 3.7789071005 0.0101298838
0.5280000000 1.4439332367 -0.0683200433 1.5102148980 2.6170926888 1.4439332367 -0.0986495812 3.7789071169 0.0095283371
0.5300000000 1.4439395949 -0.0683200670 1.5102148738 2.6170811348 1.4439395949 -0.0986500499 3.7789070736 0.0089855574
0.5320000000 1.4439433353 -0.0683200713 1.5102148215 2.6170742713 1.4439433353 -0.0986503116 3.7789069520 0.0087135423
0.5340000000 1.4439454971 -0.0683200591 1.5102147453 2.6170702237 1.4439454971 -0.0986504417 3.7789067652 0.0088370480
0.5360000000 1.4439466571 -0.0683200395 1.5102146629 2.6170679792 1.4439466571 -0.0986504926 3.7789065601 0.0093621884
0.5380000000 1.4439471627 -0.0683200218 1.5102145966 2.6170669476 1.4439471627 -0.0986505016 3.7789063936 0.0103449340
0.5400000000 1.4439472391 -0.0683200103 1.5102145598 2.6170667448 1.4439472391 -0.0986504902 3.7789063008 0.0096672603
0.5420000000 1.4439469756 -0.0683200037 1.5102145537 2.6170672110 1.4439469756 -0.0986504627 3.7789062842 0.0070471705
0.5440000000 1.4439463657 -0.0683199985 1.5102145706 2.6170683444 1.4439463657 -0.0986504135 3.7789063246 0.0049041948
0.5460000000 1.4439454285 -0.0683199945 1.5102146029 2.6170700972 1.4439454285 -0.0986503437 3.7789064028 0.0029935069
0.5480000000 1.4439442466 -0.0683199975 1.5102146476 2.6170723149 1.4439442466 -0.0986502673 3.7789065119 0.0012923046
0.5500000000 1.4439429466 -0.0683200094 1.5102146939 2.6170747500 1.4439429466 -0.0986501957 3.7789066258 0.0000082134
0.5520000000 1.4439416453 -0.0683200218 1.5102147147 2.6170771431 1.4439416453 -0.0986501247 3.7789066760 0.0001530740
0.5540000000 1.4439403582 -0.0683200235 1.5102146852 2.6170794230 1.4439403582 -0.0986500392 3.7789065996 0.0000959558
0.5560000000 1.4439390805 -0.0683200145 1.5102146082 2.6170816028 1.4439390805 -0.0986499389 3.7789064030 0.0003888116
0.5580000000 1.4439378393 -0.0683200073 1.5102145144 2.6170836874 1.4439378393 -0.0986498438 3.7789061649 0.0008481964
0.5600000000 1.4439366745 -0.0683200150 1.5102144381 2.6170856654 1.4439366745 -0.0986497752 3.7789059724 0.0012119881
0.5620000000 1.4439356121 -0.0683200390 1.5102143906 2.6170875085 1.4439356121 -0.0986497374 3.7789058534 0.0011901732
0.5640000000 1.4439346438 -0.0683200699 1.5102143580 2.6170892076 1.4439346438 -0.0986497158 3.7789057726 0.0008771580
0.5660000000 1.4439337412 -0.0683200976 1.5102143246 2.6170907860 1.4439337412 -0.0986496941 3.7789056898 0.0007852402
0.5680000000 1.4439328955 -0.0683201211 1.5102142936 2.6170922655 1.4439328955 -0.0986496703 3.7789056127 0.0011627212
0.5700000000 1.4439321297 -0.0683201470 1.5102142805 2.6170936314 1.4439321297 -0.0986496554 3.7789055806 0.0014708445
0.5720000000 1.4439314576 -0.0683201766 1.5102142862 2.6170948603 1.4439314576 -0.0986496521 3.7789055964 0.0013352787
0.5740000000 1.4439308641 -0.0683201989 1.5102142870 2.6170959378 1.4439308641 -0.0986496438 3.7789055990 0.0006210298
0.5760000000 1.4439303051 -0.0683201971 1.5102142566 2.6170968975 1.4439303051 -0.0986496031 3.7789055217 0.0001309090
0.5780000000 1.4439297538 -0.0683201669 1.5102141966 2.6170977900 1.4439297538 -0.0986495218 3.7789053674 0.0007313477
0.5800000000 1.4439292435 -0.0683201298 1.5102141354 2.6170986054 1.4439292435 -0.0986494333 3.7789052094 0.0014975435
0.5820000000 1.4439288109 -0.0683201197 1.5102140946 2.6170993175 1.4439288109 -0.0986493892 3.7789051056 0.0017608169
0.5840000000 1.4439284607 -0.0683201518 1.5102140698 2.6170999109 1.4439284607 -0.0986494117 3.7789050458 0.0009426618
0.5860000000 1.4439281503 -0.0683202090 1.5102140433 2.6171004311 1.4439281503 -0.0986494731 3.7789049846 0.0004133644
0.5880000000 1.4439278212 -0.0683202610 1.5102140066 2.6171009671 1.4439278212 -0.0986495256 3.7789048972 0.0004469142
0.5900000000 1.4439274729 -0.0683203015 1.5102139617 2.6171015228 1.4439274729 -0.0986495603 3.7789047882 0.0002448041
0.5920000000 1.4439271366 -0.0683203567 1.5102139075 2.6171020415 1.4439271366 -0.0986496170 3.7789046571 0.0008886487
0.5940000000 1.4439268383 -0.0683204429 1.5102138356 2.6171024634 1.4439268383 -0.0986497212 3.7789044854 0.0006713924
0.5960000000 1.4439265655 -0.0683205340 1.5102137413 2.6171028002 1.4439265655 -0.0986498340 3.7789042580 0.0001741872
0.5980000000 1.4439262840 -0.0683205779 1.5102136305 2.6171031212 1.4439262840 -0.0986498781 3.7789039845 0.0003914894
0.6000000000 1.4439259871 -0.0683205589 1.5102135055 2.6171034412 1.4439259871 -0.0986498305 3.7789036696 0.0001804706
0.6020000000 1.4439256857 -0.0683205275 1.5102133634 2.6171037387 1.4439256857 -0.0986497645 3.7789033105 0.0005915171
0.6040000000 1.4439254109 -0.0683205513 1.5102132128 2.6171039772 1.4439254109 -0.0986497802 3.7789029356 0.0014230985
0.6060000000 1.4439251909 -0.0683206387 1.5102130938 2.6171041757 1.4439251909 -0.0986498913 3.7789026463 0.0014209866
0.6080000000 1.4439250202 -0.0683207344 1.5102130394 2.6171043971 1.4439250202 -0.0986500178 3.7789025193 0.0009192124
0.6100000000 1.4439248804 -0.0683207936 1.5102130308 2.6171046392 1.4439248804 -0.0986500938 3.7789025033 0.0004546553
0.6120000000 1.4439247274 -0.0683208416 1.5102129951 2.6171048579 1.4439247274 -0.0986501526 3.7789024185 0.0008225846
0.6140000000 1.4439245472 -0.0683209385 1.5102128953 2.6171050180 1.4439245472 -0.0986502802 3.7789021781 0.0002415938
0.6160000000 1.4439243741 -0.0683210889 1.5102127771 2.6171051371 1.4439243741 -0.0986504856 3.7789018969 0.0009399447
0.6180000000 1.4439242304 -0.0683212241 1.5102126955 2.6171052653 1.4439242304 -0.0986506709 3.7789017060 0.0003095012
0.6200000000 1.4439240756 -0.0683212955 1.5102125895 2.6171053670 1.4439240756 -0.0986507634 3.7789014478 0.0028348264
0.6220000000 1.4439238189 -0.0683213417 1.5102123175 2.6171053640 1.4439238189 -0.0986508126 3.7789007717 0.0030553578
0.6240000000 1.4439234327 -0.0683214402 1.5102118385 2.6171052408 1.4439234327 -0.0986509285 3.7788995830 0.0000302590
0.6260000000 1.4439230435 -0.0683215958 1.5102113488 2.6171051082 1.4439230435 -0.0986511266 3.7788983731 0.0042792498
0.6280000000 1.4439228307 -0.0683217213 1.5102111225 2.6171051105 1.4439228307 -0.0986512932 3.7788978193 0.0064559617
0.6300000000 1.4439228240 -0.0683217605 1.5102111902 2.6171052424 1.4439228240 -0.0986513493 3.7788979924 0.0011619911
0.6320000000 1.4439227918 -0.0683218271 1.5102111832 2.6171052931 1.4439227918 -0.0986514434 3.7788979814 0.0082257165
0.6340000000 1.4439224701 -0.0683220991 1.5102107235 2.6171050985 1.4439224701 -0.0986518141 3.7788968583 0.0043752177
0.6360000000 1.4439219252 -0.0683225619 1.5102099435 2.6171047664 1.4439219252 -0.0986524451 3.7788949527 0.0053270634
0.6380000000 1.4439216245 -0.0683228989 1.5102095563 2.6171046635 1.4439216245 -0.0986529112 3.7788940172 0.0154078976
0.6400000000 1.4439219897 -0.0683227434 1.5102101585 2.6171050342 1.4439219897 -0.0986527115 3.7788955082 0.0051995755
0.6420000000 1.4439226573 -0.0683223065 1.5102111455 2.6171055041 1.4439226573 -0.0986521264 3.7788979340 0.0198629262
0.6440000000 1.4439222846 -0.0683225787 1.5102105310 2.6171051338 1.4439222846 -0.0986524939 3.7788964238 0.0247498846
0.6460000000 1.4439185905 -0.0683254492 1.5102050129 2.6171024655 1.4439185905 -0.0986563862 3.7788829033 0.0060779946
0.6480000000 1.4439131367 -0.0683297404 1.5101970244 2.6170988037 1.4439131367 -0.0986622098 3.7788633426 0.0299963272
0.6500000000 1.4439127303 -0.0683299576 1.5101965317 2.6170987012 1.4439127303 -0.0986624956 3.7788621312 0.0367276241
0.6520000000 1.4439375346 -0.0683092554 1.5102330061 2.6171155209 1.4439375346 -0.0986342978 3.7789513330 0.0131537709
0.6540000000 1.4439914659 -0.0682643149 1.5103118852 2.6171513574 1.4439914659 -0.0985730881 3.7791442252 0.0139355653
0.6560000000 1.4440172705 -0.0682428272 1.5103493538 2.6171680326 1.4440172705 -0.0985438210 3.7792358390 0.0379528272
0.6580000000 1.4438280269 -0.0684013721 1.5100719041 2.6170411872 1.4438280269 -0.0987598181 3.7785574137 0.0196917885
0.6600000000 1.4432034987 -0.0689245008 1.5091578237 2.6166251638 1.4432034987 -0.0994720807 3.7763225911 0.0035882830
0.6620000000 1.4426741932 -0.0693684617 1.5083833822 2.6162729850 1.4426741932 -0.1000760896 3.7744295178 0.0380982687
0.6640000000 1.4438039048 -0.0684219163 1.5100375542 2.6170267993 1.4438039048 -0.0987878300 3.7784735118 0.0262863409
0.6660000000 1.4503060803 -0.0629792947 1.5195715648 2.6213812413 1.4503060803 -0.0913392541 3.8018051529 0.0031639331
0.6680000000 1.4582144324 -0.0563993850 1.5311711161 2.6266692438 1.4582144324 -0.0822423972 3.8302470005 0.0381170821
0.6700000000 1.4534987803 -0.0603616818 1.5242136382 2.6234504508 1.4534987803 -0.0877356309 3.8131820305 0.0324011242
0.6720000000 1.3899424265 -0.1139763455 1.4322842077 2.5826527410 1.3899424265 -0.1584205582 3.5897386175 0.0131636106
0.6740000000 1.2547309222 -0.2352800163 1.2414655026 2.5012475376 1.2547309222 -0.2952131118 3.1383926295 0.0016485081
0.6760000000 1.1284742549 -0.3606034806 1.0681351050 2.4313432516 1.1284742549 -0.4069317440 2.7437082642 0.0101021629
0.6780000000 1.0542710633 -0.4398625302 0.9696133937 2.3959902265 1.0542710633 -0.4637343374 2.5260231636 0.0145578756
0.6800000000 1.0208007143 -0.4767649451 0.9263936087 2.3824439434 1.0208007143 -0.4866819965 2.4320004793 0.0166647206
0.6820000000 1.0076332389 -0.4914472549 0.9096426698 2.3776395771 1.0076332389 -0.4951985892 2.3957886680 0.0175347164
0.6840000000 1.0027536246 -0.4969110980 0.9034727873 2.3759398050 1.0027536246 -0.4982794046 2.3824822512 0.0178605635
0.6860000000 1.0009866716 -0.4988927253 0.9012436196 2.3753351375 1.0009866716 -0.4993849686 2.3776788131 0.0179756881
0.6880000000 1.0003522997 -0.4996045778 0.9004439504 2.3751194570 1.0003522997 -0.4997805884 2.3759562109 0.0180089979
0.6900000000 1.0001253107 -0.4998593433 0.9001578982 2.3750424638 1.0001253107 -0.4999219810 2.3753400821 0.0179985282
0.6920000000 1.0000442490 -0.4999503311 0.9000557546 2.3750149912 1.0000442490 -0.4999724534 2.3751200833 0.0179323290
0.6940000000 1.0000153816 -0.4999827343 0.9000193809 2.3750052108 1.0000153816 -0.4999904248 2.3750417421 0.0177353111
0.6960000000 1.0000051718 -0.4999941947 0.9000065165 2.3750017520 1.0000051718 -0.4999967806 2.3750140350 0.0171903573
0.6980000000 1.0000016273 -0.4999981734 0.9000020503 2.3750005512 1.0000016273 -0.4999989870 2.3750044160 0.0157466717
0.7000000000 1.0000004557 -0.4999994885 0.9000005742 2.3750001544 1.0000004557 -0.4999997163 2.3750012366 0.0123228284
0.7020000000 1.0000001094 -0.4999998772 0.9000001378 2.3750000371 1.0000001094 -0.4999999319 2.3750002969 0.0067080518
0.7040000000 1.0000000231 -0.4999999740 0.9000000291 2.3750000078 1.0000000231 -0.4999999856 2.3750000628 0.0022331777
0.7060000000 1.0000000046 -0.4999999949 0.9000000058 2.3750000016 1.0000000046 -0.4999999971 2.3750000124 0.0005260234
0.7080000000 1.0000000009 -0.4999999990 0.9000000011 2.3750000003 1.0000000009 -0.4999999994 2.3750000024 0.0001071556
0.7100000000 1.0000000002 -0.4999999998 0.9000000002 2.3750000001 1.0000000002 -0.4999999999 2.3750000005 0.0000209200
0.7120000000 1.0000000000 -0.5000000000 0.9000000000 2.3750000000 1.0000000000 -0.5000000000 2.3750000001 0.0000040448
0.7140000000 1.0000000000 -0.5000000000 0.9000000000 2.3750000000 1.0000000000 -0.5000000000 2.3750000000 0.0000007805
0.7160000000 1.0000000000 -0.5000000000 0.9000000000 2.3750000000 1.0000000000 -0.5000000000 2.3750000000 0.0000001506
0.7180000000 1.0000000000 -0.5000000000 0.9000000000 2.3750000000 1.0000000000 -0.5000000000 2.3750000000 0.0000000290
0.7200000000 1.0000000000 -0.5000000000 0.9000000000 2.3750000000 1.0000000000 -0.5000000000 2.3750000000 0.0000000056
0.7220000000 1.0000000000 -0.5000000000 0.9000000000 2.3750000000 1.0000000000 -0.5000000000 2.3750000000 0.0000000011
0.7240000000 1.0000000000 -0.5000000000 0.9000000000 2.3750000000 1.0000000000 -0.5000000000 2.3750000000 0.0000000002
0.7260000000 1.0000000000 -0.5000000000 0.9000000000 2.3750000000 1.0000000000 -0.5000000000 2.3750000000 0.0000000000
0.7280000000 1.0000000000 -0.5000000000 0.9000000000 2.3750000000 1.0000000000 -0.5000000000 2.3750000000 0.0000000000
0.7300000000 1.0000000000 -0.5000000000 0.9000000000 2.3750000000 1.0000000000 -0.5000000000 2.3750000000 0.0000000000
0.7320000000 1.0000000000 -0.5000000000 0.9000000000 2.3750000000 1.0000000000 -0.5000000000 2.3750000000 0.0000000000
0.7340000000 1.0000000000 -0.5000000000 0.9000000000 2.3750000000 1.0000000000 -0.5000000000 2.3750000000 0.0000000000
0.7360000000 1.0000000000 -0.5000000000 0.9000000000 2.3750000000 1.0000000000 -0.5000000000 2.3750000000 0.0000000000
0.7380000000 1.0000000000 -0.5000000000 0.9000000000 2.3750000000 1.0000000000 -0.5000000000 2.3750000000 0.0000000000
0.7400000000 1.0000000000 -0.5000000000 0.9000000000 2.3750000000 1.0000000000 -0.5000000000 2.3750000000 0.0000000000
0.7420000000 1.0000000000 -0.5000000000 0.9000000000 2.3750000000 1.0000000000 -0.5000000000 2.3750000000 0.0000000000
0.7440000000 1.0000000000 -0.5000000000 0.9000000000 2.3750000000 1.0000000000 -0.5000000000 2.3750000000 0.0000000000
0.7460000000 1.0000000000 -0.5000000000 0.9000000000 2.3750000000 1.0000000000 -0.5000000000 2.3750000000 0.0000000000
0.7480000000 1.0000000000 -0.5000000000 0.9000000000 2.3750000000 1.0000000000 -0.5000000000 2.3750000000 0.0000000000
0.7500000000 1.0000000000 -0.5000000000 0.9000000000 2.3750000000 1.0000000000 -0.5000000000 2.3750000000 0.0000000000
0.7520000000 1.0000000000 -0.5000000000 0.9000000000 2.3750000000 1.0000000000 -0.5000000000 2.3750000000 0.0000000000
0.7540000000 1.0000000000 -0.5000000000 0.9000000000 2.3750000000 1.0000000000 -0.5000000000 2.3750000000 0.0000000000
0.7560000000 1.0000000000 -0.5000000000 0.9000000000 2.3750000000 1.0000000000 -0.5000000000 2.3750000000 0.0000000000
0.7580000000 1.0000000000 -0.5000000000 0.9000000000 2.3750000000 1.0000000000 -0.5000000000 2.3750000000 0.0000000000
0.7600000000 1.0000000000 -0.5000000000 0.9000000000 2.3750000000 1.0000000000 -0.5000000000 2.3750000000 0.0000000000
0.7620000000 1.0000000000 -0.5000000000 0.9000000000 2.3750000000 1.0000000000 -0.5000000000 2.3750000000 0.0000000000
0.7640000000 1.0000000000 -0.5000000000 0.9000000000 2.3750000000 1.0000000000 -0.5000000000 2.3750000000 0.0000000000
0.7660000000 1.0000000000 -0.5000000000 0.9000000000 2.3750000000 1.0000000000 -0.5000000000 2.3750000000 0.0000000000
0.7680000000 1.0000000000 -0.5000000000 0.9000000000 2.3750000000 1.0000000000 -0.5000000000 2.3750000000 0.0000000000
0.7700000000 1.0000000000 -0.5000000000 0.9000000000 2.3750000000 1.0000000000 -0.5000000000 2.3750000000 0.0000000000
0.7720000000 1.0000000000 -0.5000000000 0.9000000000 2.3750000000 1.0000000000 -0.5000000000 2.3750000000 0.0000000000
0.7740000000 1.0000000000 -0.5000000000 0.9000000000 2.3750000000 1.0000000000 -0.5000000000 2.3750000000 0.0000000000
0.7760000000 1.0000000000 -0.5000000000 0.9000000000 2.3750000000 1.0000000000 -0.5000000000 2.3750000000 0.0000000000
0.7780000000 1.0000000000 -0.5000000000 0.9000000000 2.3750000000 1.0000000000 -0.5000000000 2.3750000000 0.0000000000
0.7800000000 1.0000000000 -0.5000000000 0.9000000000 2.3750000000 1.0000000000 -0.5000000000 2.3750000000 0.0000000000
0.7820000000 1.0000000000 -0.5000000000 0.9000000000 2.3750000000 1.0000000000 -0.5000000000 2.3750000000 0.0000000000
0.7840000000 1.0000000000 -0.5000000000 0.9000000000 2.3750000000 1.0000000000 -0.5000000000 2.3750000000 0.0000000000
0.7860000000 1.0000000000 -0.5000000000 0.9000000000 2.3750000000 1.0000000000 -0.5000000000 2.3750000000 0.0000000000
0.7880000000 1.0000000000 -0.5000000000 0.9000000000 2.3750000000 1.0000000000 -0.5000000000 2.3750000000 0.0000000000
0.7900000000 1.0000000000 -0.5000000000 0.9000000000 2.3750000000 1.0000000000 -0.5000000000 2.3750000000 0.0000000000
0.7920000000 1.0000000000 -0.5000000000 0.9000000000 2.3750000000 1.0000000000 -0.5000000000 2.3750000000 0.0000000000
0.7940000000 1.0000000000 -0.5000000000 0.9000000000 2.3750000000 1.0000000000 -0.5000000000 2.3750000000 0.0000000000
0.7960000000 1.0000000000 -0.5000000000 0.9000000000 2.3750000000 1.0000000000 -0.5000000000 2.3750000000 0.0000000000
0.7980000000 1.0000000000 -0.5000000000 0.9000000000 2.3750000000 1.0000000000 -0.5000000000 2.3750000000 0.0000000000
0.8000000000 1.0000000000 -0.5000000000 0.9000000000 2.3750000000 1.0000000000 -0.5000000000 2.3750000000 0.0000000000
0.8020000000 1.0000000000 -0.5000000000 0.9000000000 2.3750000000 1.0000000000 -0.5000000000 2.3750000000 0.0000000000
0.8040000000 1.0000000000 -0.5000000000 0.9000000000 2.3750000000 1.0000000000 -0.5000000000 2.3750000000 0.0000000000
0.8060000000 1.0000000000 -0.5000000000 0.9000000000 2.3750000000 1.0000000000 -0.5000000000 2.3750000000 0.0000000000
0.8080000000 1.0000000000 -0.5000000000 0.9000000000 2.3750000000 1.0000000000 -0.5000000000 2.3750000000 0.0000000000
0.8100000000 1.0000000000 -0.5000000000 0.9000000000 2.3750000000 1.0000000000 -0.5000000000 2.3750000000 0.0000000000
0.8120000000 1.0000000000 -0.5000000000 0.9000000000 2.3750000000 1.0000000000 -0.5000000000 2.3750000000 0.0000000000
0.8140000000 1.0000000000 -0.5000000000 0.9000000000 2.3750000000 1.0000000000 -0.5000000000 2.3750000000 0.0000000000
0.8160000000 1.0000000000 -0.5000000000 0.9000000000 2.3750000000 1.0000000000 -0.5000000000 2.3750000000 0.0000000000
0.8180000000 1.0000000000 -0.5000000000 0.9000000000 2.3750000000 1.0000000000 -0.5000000000 2.3750000000 0.0000000000
0.8200000000 1.0000000000 -0.5000000000 0.9000000000 2.3750000000 1.0000000000 -0.5000000000 2.3750000000 0.0000000000
0.8220000000 1.0000000000 -0.5000000000 0.9000000000 2.3750000000 1.0000000000 -0.5000000000 2.3750000000 0.0000000000
0.8240000000 1.0000000000 -0.5000000000 0.9000000000 2.3750000000 1.0000000000 -0.5000000000 2.3750000000 0.0000000000
0.8260000000 1.0000000000 -0.5000000000 0.9000000000 2.3750000000 1.0000000000 -0.5000000000 2.3750000000 0.0000000000
0.8280000000 1.0000000000 -0.5000000000 0.9000000000 2.3750000000 1.0000000000 -0.5000000000 2.3750000000 0.0000000000
0.8300000000 1.0000000000 -0.5000000000 0.9000000000 2.3750000000 1.0000000000 -0.5000000000 2.3750000000 0.0000000000
0.8320000000 1.0000000000 -0.5000000000 0.9000000000 2.3750000000 1.0000000000 -0.5000000000 2.3750000000 0.0000000000
0.8340000000 1.0000000000 -0.5000000000 0.9000000000 2.3750000000 1.0000000000 -0.5000000000 2.3750000000 0.0000000000
0.8360000000 1.0000000000 -0.5000000000 0.9000000000 2.3750000000 1.0000000000 -0.5000000000 2.3750000000 0.0000000000
0.8380000000 1.0000000000 -0.5000000000 0.9000000000 2.3750000000 1.0000000000 -0.5000000000 2.3750000000 0.0000000000
0.8400000000 1.0000000000 -0.5000000000 0.9000000000 2.3750000000 1.0000000000 -0.5000000000 2.3750000000 0.0000000000
0.8420000000 1.0000000000 -0.5000000000 0.9000000000 2.3750000000 1.0000000000 -0.5000000000 2.3750000000 0.0000000000
0.8440000000 1.0000000000 -0.5000000000 0.9000000000 2.3750000000 1.0000000000 -0.5000000000 2.3750000000 0.0000000000
0.8460000000 1.0000000000 -0.5000000000 0.9000000000 2.3750000000 1.0000000000 -0.5000000000 2.3750000000 0.0000000000
0.8480000000 1.0000000000 -0.5000000000 0.9000000000 2.3750000000 1.0000000000 -0.5000000000 2.3750000000 0.0000000000
0.8500000000 1.0000000000 -0.5000000000 0.9000000000 2.3750000000 1.0000000000 -0.5000000000 2.3750000000 0.0000000000
0.8520000000 1.0000000000 -0.5000000000 0.9000000000 2.3750000000 1.0000000000 -0.5000000000 2.3750000000 0.0000000000
0.8540000000 1.0000000000 -0.5000000000 0.9000000000 2.3750000000 1.0000000000 -0.5000000000 2.3750000000 0.0000000000
0.8560000000 1.0000000000 -0.5000000000 0.9000000000 2.3750000000 1.0000000000 -0.5000000000 2.3750000000 0.0000000000
0.8580000000 1.0000000000 -0.5000000000 0.9000000000 2.3750000000 1.0000000000 -0.5000000000 2.3750000000 0.0000000000
0.8600000000 1.0000000000 -0.5000000000 0.9000000000 2.3750000000 1.0000000000 -0.5000000000 2.3750000000 0.0000000000
0.8620000000 1.0000000000 -0.5000000000 0.9000000000 2.3750000000 1.0000000000 -0.5000000000 2.3750000000 0.0000000000
0.8640000000 1.0000000000 -0.5000000000 0.9000000000 2.3750000000 1.0000000000 -0.5000000000 2.3750000000 0.0000000000
0.8660000000 1.0000000000 -0.5000000000 0.9000000000 2.3750000000 1.0000000000 -0.5000000000 2.3750000000 0.0000000000
0.8680000000 1.0000000000 -0.5000000000 0.9000000000 2.3750000000 1.0000000000 -0.5000000000 2.3750000000 0.0000000000
0.8700000000 1.0000000000 -0.5000000000 0.9000000000 2.3750000000 1.0000000000 -0.5000000000 2.3750000000 0.0000000000
0.8720000000 1.0000000000 -0.5000000000 0.9000000000 2.3750000000 1.0000000000 -0.5000000000 2.3750000000 0.0000000000
0.8740000000 1.0000000000 -0.5000000000 0.9000000000 2.3750000000 1.0000000000 -0.5000000000 2.3750000000 0.0000000000
0.8760000000 1.0000000000 -0.5000000000 0.9000000000 2.3750000000 1.0000000000 -0.5000000000 2.3750000000 0.0000000000
0.8780000000 1.0000000000 -0.5000000000 0.9000000000 2.3750000000 1.0000000000 -0.5000000000 2.3750000000 0.0000000000
0.8800000000 1.0000000000 -0.5000000000 0.9000000000 2.3750000000 1.0000000000 -0.5000000000 2.3750000000 0.0000000000
0.8820000000 1.0000000000 -0.5000000000 0.9000000000 2.3750000000 1.0000000000 -0.5000000000 2.3750000000 0.0000000000
0.8840000000 1.0000000000 -0.5000000000 0.9000000000 2.3750000000 1.0000000000 -0.5000000000 2.3750000000 0.0000000000
0.8860000000 1.0000000000 -0.5000000000 0.9000000000 2.3750000000 1.0000000000 -0.5000000000 2.3750000000 0.0000000000
0.8880000000 1.0000000000 -0.5000000000 0.9000000000 2.3750000000 1.0000000000 -0.5000000000 2.3750000000 0.0000000000
0.8900000000 1.0000000000 -0.5000000000 0.9000000000 2.3750000000 1.0000000000 -0.5000000000 2.3750000000 0.0000000000
0.8920000000 1.0000000000 -0.5000000000 0.9000000000 2.3750000000 1.0000000000 -0.5000000000 2.3750000000 0.0000000000
0.8940000000 1.0000000000 -0.5000000000 0.9000000000 2.3750000000 1.0000000000 -0.5000000000 2.3750000000 0.0000000000
0.8960000000 1.0000000000 -0.5000000000 0.9000000000 2.3750000000 1.0000000000 -0.5000000000 2.3750000000 0.0000000000
0.8980000000 1.0000000000 -0.5000000000 0.9000000000 2.3750000000 1.0000000000 -0.5000000000 2.3750000000 0.0000000000
0.9000000000 1.0000000000 -0.5000000000 0.9000000000 2.3750000000 1.0000000000 -0.5000000000 2.3750000000 0.0000000000
0.9020000000 1.0000000000 -0.5000000000 0.9000000000 2.3750000000 1.0000000000 -0.5000000000 2.3750000000 0.0000000000
0.9040000000 1.0000000000 -0.5000000000 0.9000000000 2.3750000000 1.0000000000 -0.5000000000 2.3750000000 0.0000000000
0.9060000000 1.0000000000 -0.5000000000 0.9000000000 2.3750000000 1.0000000000 -0.5000000000 2.3750000000 0.0000000000
0.9080000000 1.0000000000 -0.5000000000 0.9000000000 2.3750000000 1.0000000000 -0.5000000000 2.3750000000 0.0000000000
0.9100000000 1.0000000000 -0.5000000000 0.9000000000 2.3750000000 1.0000000000 -0.5000000000 2.3750000000 0.0000000000
0.9120000000 1.0000000000 -0.5000000000 0.9000000000 2.3750000000 1.0000000000 -0.5000000000 2.3750000000 0.0000000000
0.9140000000 1.0000000000 -0.5000000000 0.9000000000 2.3750000000 1.0000000000 -0.5000000000 2.3750000000 0.0000000000
0.9160000000 1.0000000000 -0.5000000000 0.9000000000 2.3750000000 1.0000000000 -0.5000000000 2.3750000000 0.0000000000
0.9180000000 1.0000000000 -0.5000000000 0.9000000000 2.3750000000 1.0000000000 -0.5000000000 2.3750000000 0.0000000000
0.9200000000 1.0000000000 -0.5000000000 0.9000000000 2.3750000000 1.0000000000 -0.5000000000 2.3750000000 0.0000000000
0.9220000000 1.0000000000 -0.5000000000 0.9000000000 2.3750000000 1.0000000000 -0.5000000000 2.3750000000 0.0000000000
0.9240000000 1.0000000000 -0.5000000000 0.9000000000 2.3750000000 1.0000000000 -0.5000000000 2.3750000000 0.0000000000
0.9260000000 1.0000000000 -0.5000000000 0.9000000000 2.3750000000 1.0000000000 -0.5000000000 2.3750000000 0.0000000000
0.9280000000 1.0000000000 -0.5000000000 0.9000000000 2.3750000000 1.0000000000 -0.5000000000 2.3750000000 0.0000000000
0.9300000000 1.0000000000 -0.5000000000 0.9000000000 2.3750000000 1.0000000000 -0.5000000000 2.3750000000 0.0000000000
0.9320000000 1.0000000000 -0.5000000000 0.9000000000 2.3750000000 1.0000000000 -0.5000000000 2.3750000000 0.0000000000
0.9340000000 1.0000000000 -0.5000000000 0.9000000000 2.3750000000 1.0000000000 -0.5000000000 2.3750000000 0.0000000000
0.9360000000 1.0000000000 -0.5000000000 0.9000000000 2.3750000000 1.0000000000 -0.5000000000 2.3750000000 0.0000000000
0.9380000000 1.0000000000 -0.5000000000 0.9000000000 2.3750000000 1.0000000000 -0.5000000000 2.3750000000 0.0000000000
0.9400000000 1.0000000000 -0.5000000000 0.9000000000 2.3750000000 1.0000000000 -0.5000000000 2.3750000000 0.0000000000
0.9420000000 1.0000000000 -0.5000000000 0.9000000000 2.3750000000 1.0000000000 -0.5000000000 2.3750000000 0.0000000000
0.9440000000 1.0000000000 -0.5000000000 0.9000000000 2.3750000000 1.0000000000 -0.5000000000 2.3750000000 0.0000000000
0.9460000000 1.0000000000 -0.5000000000 0.9000000000 2.3750000000 1.0000000000 -0.5000000000 2.3750000000 0.0000000000
0.9480000000 1.0000000000 -0.5000000000 0.9000000000 2.3750000000 1.0000000000 -0.5000000000 2.3750000000 0.0000000000
0.9500000000 1.0000000000 -0.5000000000 0.9000000000 2.3750000000 1.0000000000 -0.5000000000 2.3750000000 0.0000000000
0.9520000000 1.0000000000 -0.5000000000 0.9000000000 2.3750000000 1.0000000000 -0.5000000000 2.3750000000 0.0000000000
0.9540000000 1.0000000000 -0.5000000000 0.9000000000 2.3750000000 1.0000000000 -0.5000000000 2.3750000000 0.0000000000
0.9560000000 1.0000000000 -0.5000000000 0.9000000000 2.3750000000 1.0000000000 -0.5000000000 2.3750000000 0.0000000000
0.9580000000 1.0000000000 -0.5000000000 0.9000000000 2.3750000000 1.0000000000 -0.5000000000 2.3750000000 0.0000000000
0.9600000000 1.0000000000 -0.5000000000 0.9000000000 2.3750000000 1.0000000000 -0.5000000000 2.3750000000 0.0000000000
0.9620000000 1.0000000000 -0.5000000000 0.9000000000 2.3750000000 1.0000000000 -0.5000000000 2.3750000000 0.0000000000
0.9640000000 1.0000000000 -0.5000000000 0.9000000000 2.3750000000 1.0000000000 -0.5000000000 2.3750000000 0.0000000000
0.9660000000 1.0000000000 -0.5000000000 0.9000000000 2.3750000000 1.0000000000 -0.5000000000 2.3750000000 0.0000000000
0.9680000000 1.0000000000 -0.5000000000 0.9000000000 2.3750000000 1.0000000000 -0.5000000000 2.3750000000 0.0000000000
0.9700000000 1.0000000000 -0.5000000000 0.9000000000 2.3750000000 1.0000000000 -0.5000000000 2.3750000000 0.0000000000
0.9720000000 1.0000000000 -0.5000000000 0.9000000000 2.3750000000 1.0000000000 -0.5000000000 2.3750000000 0.0000000000
0.9740000000 1.0000000000 -0.5000000000 0.9000000000 2.3750000000 1.0000000000 -0.5000000000 2.3750000000 0.0000000000
0.9760000000 1.0000000000 -0.5000000000 0.9000000000 2.3750000000 1.0000000000 -0.5000000000 2.3750000000 0.0000000000
0.9780000000 1.0000000000 -0.5000000000 0.9000000000 2.3750000000 1.0000000000 -0.5000000000 2.3750000000 0.0000000000
0.9800000000 1.0000000000 -0.5000000000 0.9000000000 2.3750000000 1.0000000000 -0.5000000000 2.3750000000 0.0000000000
0.9820000000 1.0000000000 -0.5000000000 0.9000000000 2.3750000000 1.0000000000 -0.5000000000 2.3750000000 0.0000000000
0.9840000000 1.0000000000 -0.5000000000 0.9000000000 2.3750000000 1.0000000000 -0.5000000000 2.3750000000 0.0000000000
0.9860000000 1.0000000000 -0.5000000000 0.9000000000 2.3750000000 1.0000000000 -0.5000000000 2.3750000000 0.0000000000
0.9880000000 1.0000000000 -0.5000000000 0.9000000000 2.3750000000 1.0000000000 -0.5000000000 2.3750000000 0.0000000000
0.9900000000 1.0000000000 -0.5000000000 0.9000000000 2.3750000000 1.0000000000 -0.5000000000 2.3750000000 0.0000000000
0.9920000000 1.0000000000 -0.5000000000 0.9000000000 2.3750000000 1.0000000000 -0.5000000000 2.3750000000 0.0000000000
0.9940000000 1.0000000000 -0.5000000000 0.9000000000 2.3750000000 1.0000000000 -0.5000000000 2.3750000000 0.0000000000
0.9960000000 1.0000000000 -0.5000000000 0.9000000000 2.3750000000 1.0000000000 -0.5000000000 2.3750000000 0.0000000000
0.9980000000 1.0000000000 -0.5000000000 0.9000000000 2.3750000000 1.0000000000 -0.5000000000 2.3750000000 0.0000000000
1.0000000000 1.0000000000 -0.5000000000 0.9000000000 2.3750000000 1.0000000000 -0.5000000000 2.3750000000 0.0000000000
