TITLE = "1D Euler Filtered MacCormack Result"
VARIABLES = "x", "rho", "u", "p", "E", "rho_conserved", "rhou", "rhoE", "nu"
ZONE T="t=0.20000000", I=501, F=POINT
0.0000000000 0.4000000000 0.5000000000 1.0000000000 6.3750000000 0.4000000000 0.2000000000 2.5500000000 0.0000000000
0.0020000000 0.4000000000 0.5000000000 1.0000000000 6.3750000000 0.4000000000 0.2000000000 2.5500000000 0.0000000000
0.0040000000 0.4000000000 0.5000000000 1.0000000000 6.3750000000 0.4000000000 0.2000000000 2.5500000000 0.0000000000
0.0060000000 0.4000000000 0.5000000000 1.0000000000 6.3750000000 0.4000000000 0.2000000000 2.5500000000 0.0000000000
0.0080000000 0.4000000000 0.5000000000 1.0000000000 6.3750000000 0.4000000000 0.2000000000 2.5500000000 0.0000000000
0.0100000000 0.4000000000 0.5000000000 1.0000000000 6.3750000000 0.4000000000 0.2000000000 2.5500000000 0.0000000000
0.0120000000 0.4000000000 0.5000000000 1.0000000000 6.3750000000 0.4000000000 0.2000000000 2.5500000000 0.0000000000
0.0140000000 0.4000000000 0.5000000000 1.0000000000 6.3750000000 0.4000000000 0.2000000000 2.5500000000 0.0000000000
0.0160000000 0.4000000000 0.5000000000 1.0000000000 6.3750000000 0.4000000000 0.2000000000 2.5500000000 0.0000000000
0.0180000000 0.4000000000 0.5000000000 1.0000000000 6.3750000000 0.4000000000 0.2000000000 2.5500000000 0.0000000000
0.0200000000 0.4000000000 0.5000000000 1.0000000000 6.3750000000 0.4000000000 0.2000000000 2.5500000000 0.0000000000
0.0220000000 0.4000000000 0.5000000000 1.0000000000 6.3750000000 0.4000000000 0.2000000000 2.5500000000 0.0000000000
0.0240000000 0.4000000000 0.5000000000 1.0000000000 6.3750000000 0.4000000000 0.2000000000 2.5500000000 0.0000000000
0.0260000000 0.4000000000 0.5000000000 1.0000000000 6.3750000000 0.4000000000 0.2000000000 2.5500000000 0.0000000000
0.0280000000 0.4000000000 0.5000000000 1.0000000000 6.3750000000 0.4000000000 0.2000000000 2.5500000000 0.0000000000
0.0300000000 0.4000000000 0.5000000000 1.0000000000 6.3750000000 0.4000000000 0.2000000000 2.5500000000 0.0000000000
0.0320000000 0.4000000000 0.5000000000 1.0000000000 6.3750000000 0.4000000000 0.2000000000 2.5500000000 0.0000000000
0.0340000000 0.4000000000 0.5000000000 1.0000000000 6.3750000000 0.4000000000 0.2000000000 2.5500000000 0.0000000000
0.0360000000 0.4000000000 0.5000000000 1.0000000000 6.3750000000 0.4000000000 0.2000000000 2.5500000000 0.0000000000
0.0380000000 0.4000000000 0.5000000000 1.0000000000 6.3750000000 0.4000000000 0.2000000000 2.5500000000 0.0000000000
0.0400000000 0.4000000000 0.5000000000 1.0000000000 6.3750000000 0.4000000000 0.2000000000 2.5500000000 0.0000000000
0.0420000000 0.4000000000 0.5000000000 1.0000000000 6.3750000000 0.4000000000 0.2000000000 2.5500000000 0.0000000000
0.0440000000 0.4000000000 0.5000000000 1.0000000000 6.3750000000 0.4000000000 0.2000000000 2.5500000000 0.0000000000
0.0460000000 0.4000000000 0.5000000000 1.0000000000 6.3750000000 0.4000000000 0.2000000000 2.5500000000 0.0000000000
0.0480000000 0.4000000000 0.5000000000 1.0000000000 6.3750000000 0.4000000000 0.2000000000 2.5500000000 0.0000000000
0.0500000000 0.4000000000 0.5000000000 1.0000000000 6.3750000000 0.4000000000 0.2000000000 2.5500000000 0.0000000000
0.0520000000 0.4000000000 0.5000000000 1.0000000000 6.3750000000 0.4000000000 0.2000000000 2.5500000000 0.0000000000
0.0540000000 0.4000000000 0.5000000000 1.0000000000 6.3750000000 0.4000000000 0.2000000000 2.5500000000 0.0000000000
0.0560000000 0.4000000000 0.5000000000 1.0000000000 6.3750000000 0.4000000000 0.2000000000 2.5500000000 0.0000000000
0.0580000000 0.4000000000 0.5000000000 1.0000000000 6.3750000000 0.4000000000 0.2000000000 2.5500000000 0.0000000000
0.0600000000 0.4000000000 0.5000000000 1.0000000000 6.3750000000 0.4000000000 0.2000000000 2.5500000000 0.0000000000
0.0620000000 0.4000000000 0.5000000000 1.0000000000 6.3750000000 0.4000000000 0.2000000000 2.5500000000 0.0000000000
0.0640000000 0.4000000000 0.5000000000 1.0000000000 6.3750000000 0.4000000000 0.2000000000 2.5500000000 0.0000000000
0.0660000000 0.4000000000 0.5000000000 1.0000000000 6.3750000000 0.4000000000 0.2000000000 2.5500000000 0.0000000000
0.0680000000 0.4000000000 0.5000000000 1.0000000000 6.3750000000 0.4000000000 0.2000000000 2.5500000000 0.0000000000
0.0700000000 0.4000000000 0.5000000000 1.0000000000 6.3750000000 0.4000000000 0.2000000000 2.5500000000 0.0000000000
0.0720000000 0.4000000000 0.5000000000 1.0000000000 6.3750000000 0.4000000000 0.2000000000 2.5500000000 0.0000000000
0.0740000000 0.4000000000 0.5000000000 1.0000000000 6.3750000000 0.4000000000 0.2000000000 2.5500000000 0.0000000000
0.0760000000 0.4000000000 0.5000000000 1.0000000000 6.3750000000 0.4000000000 0.2000000000 2.5500000000 0.0000000000
0.0780000000 0.4000000000 0.5000000000 1.0000000000 6.3750000000 0.4000000000 0.2000000000 2.5500000000 0.0000000000
0.0800000000 0.4000000000 0.5000000000 1.0000000000 6.3750000000 0.4000000000 0.2000000000 2.5500000000 0.0000000000
0.0820000000 0.4000000000 0.5000000000 1.0000000000 6.3750000000 0.4000000000 0.2000000000 2.5500000000 0.0000000000
0.0840000000 0.4000000000 0.5000000000 1.0000000000 6.3750000000 0.4000000000 0.2000000000 2.5500000000 0.0000000000
0.0860000000 0.4000000000 0.5000000000 1.0000000000 6.3750000000 0.4000000000 0.2000000000 2.5500000000 0.0000000000
0.0880000000 0.4000000000 0.5000000000 1.0000000000 6.3750000000 0.4000000000 0.2000000000 2.5500000000 0.0000000000
0.0900000000 0.4000000000 0.5000000000 1.0000000000 6.3750000000 0.4000000000 0.2000000000 2.5500000000 0.0000000000
0.0920000000 0.4000000000 0.5000000000 1.0000000000 6.3750000000 0.4000000000 0.2000000000 2.5500000000 0.0000000000
0.0940000000 0.4000000000 0.5000000000 1.0000000000 6.3750000000 0.4000000000 0.2000000000 2.5500000000 0.0000000000
0.0960000000 0.4000000000 0.5000000000 1.0000000000 6.3750000000 0.4000000000 0.2000000000 2.5500000000 0.0000000000
0.0980000000 0.4000000000 0.5000000000 1.0000000000 6.3750000000 0.4000000000 0.2000000000 2.5500000000 0.0000000000
0.1000000000 0.4000000000 0.5000000000 1.0000000000 6.3750000000 0.4000000000 0.2000000000 2.5500000000 0.0000000000
0.1020000000 0.4000000000 0.5000000000 1.0000000000 6.3750000000 0.4000000000 0.2000000000 2.5500000000 0.0000000000
0.1040000000 0.4000000000 0.5000000000 1.0000000000 6.3750000000 0.4000000000 0.2000000000 2.5500000000 0.0000000000
0.1060000000 0.4000000000 0.5000000000 1.0000000000 6.3750000000 0.4000000000 0.2000000000 2.5500000000 0.0000000000
0.1080000000 0.4000000000 0.5000000000 1.0000000000 6.3750000000 0.4000000000 0.2000000000 2.5500000000 0.0000000000
0.1100000000 0.4000000000 0.5000000000 1.0000000000 6.3750000000 0.4000000000 0.2000000000 2.5500000000 0.0000000000
0.1120000000 0.4000000000 0.5000000000 1.0000000000 6.3750000000 0.4000000000 0.2000000000 2.5500000000 0.0000000004
0.1140000000 0.4000000000 0.5000000000 1.0000000000 6.3750000000 0.4000000000 0.2000000000 2.5500000000 0.0000000025
0.1160000000 0.4000000000 0.5000000000 1.0000000000 6.3750000000 0.4000000000 0.2000000000 2.5500000000 0.0000000163
0.1180000000 0.4000000000 0.5000000000 1.0000000000 6.3750000000 0.4000000000 0.2000000000 2.5500000000 0.0000001079
0.1200000000 0.4000000000 0.5000000000 1.0000000000 6.3750000000 0.4000000000 0.2000000000 2.5500000000 0.0000007127
0.1220000000 0.4000000000 0.5000000000 1.0000000000 6.3750000000 0.4000000000 0.2000000000 2.5500000000 0.0000047074
0.1240000000 0.4000000000 0.4999999999 1.0000000001 6.3750000001 0.4000000000 0.2000000000 2.5500000002 0.0000310625
0.1260000000 0.4000000001 0.4999999994 1.0000000005 6.3750000005 0.4000000001 0.1999999998 2.5500000010 0.0002036038
0.1280000000 0.4000000008 0.4999999960 1.0000000030 6.3750000033 0.4000000008 0.1999999988 2.5500000067 0.0012871722
0.1300000000 0.4000000054 0.4999999748 1.0000000189 6.3750000211 0.4000000054 0.1999999926 2.5500000428 0.0070671386
0.1320000000 0.4000000316 0.4999998521 1.0000001107 6.3750001237 0.4000000316 0.1999999566 2.5500002511 0.0270937857
0.1340000000 0.4000001606 0.4999992490 1.0000005620 6.3750006281 0.4000001606 0.1999997799 2.5500012749 0.0585790497
0.1360000000 0.4000007031 0.4999967117 1.0000024608 6.3750027501 0.4000007031 0.1999990362 2.5500055821 0.0782339509
0.1380000000 0.4000028029 0.4999868907 1.0000098102 6.3750109636 0.4000028029 0.1999961577 2.5500222539 0.0849893084
0.1400000000 0.4000106975 0.4999499672 1.0000374417 6.3750418456 0.4000106975 0.1999853351 2.5500849350 0.0868992110
0.1420000000 0.4000401198 0.4998123576 1.0001404268 6.3751569675 0.4000401198 0.1999449954 2.5503185568 0.0874020774
0.1440000000 0.4001494253 0.4993011355 1.0005230941 6.3755850311 0.4001494253 0.1997950624 2.5511866860 0.0874760175
0.1460000000 0.4005540109 0.4974089340 1.0019404926 6.3771746797 0.4005540109 0.1992391436 2.5544028964 0.0872669637
0.1480000000 0.4020346342 0.4904835473 1.0071410272 6.3830623325 0.4020346342 0.1971913736 2.5662121302 0.0863667047
0.1500000000 0.4072419844 0.4661011334 1.0255980113 6.4046238922 0.4072419844 0.1898159505 2.6082317431 0.0830628191
0.1520000000 0.4234831722 0.3902377369 1.0845451742 6.4786709056 0.4234831722 0.1652591147 2.7436081070 0.0712761909
0.1540000000 0.4613789763 0.2200295006 1.2267809950 6.6715672181 0.4613789763 0.1015169857 3.0781208533 0.0343190163
0.1560000000 0.5125186719 0.0139824459 1.4225388363 6.9390587829 0.5125186719 0.0071662646 3.5563971917 0.0307792347
0.1580000000 0.5408112821 -0.0872504791 1.5301759335 7.0773270875 0.5408112821 -0.0471860434 3.8274983361 0.1069042934
0.1600000000 0.5437928006 -0.0970609036 1.5408608604 7.0885705609 0.5437928006 -0.0527810206 3.8547136379 0.1521370498
0.1620000000 0.5389257784 -0.0791448309 1.5215692805 7.0614753340 0.5389257784 -0.0426531896 3.8056110909 0.0073506053
0.1640000000 0.5352836257 -0.0656231491 1.5071676122 7.0412607858 0.5352836257 -0.0351269972 3.7690716027 0.0955692757
0.1660000000 0.5348065717 -0.0638381476 1.5052691190 7.0385495384 0.5348065717 -0.0341410609 3.7642625486 0.1521172097
0.1680000000 0.5355091424 -0.0664357809 1.5080370331 7.0424089454 0.5355091424 -0.0355769681 3.7712743745 0.0001229060
0.1700000000 0.5360960494 -0.0686102776 1.5103490301 7.0456299409 0.5360960494 -0.0367816988 3.7771343766 0.0872132003
0.1720000000 0.5361966520 -0.0689846162 1.5107466771 7.0461882321 0.5361966520 -0.0369893202 3.7781425397 0.1519977881
0.1740000000 0.5361009450 -0.0686327954 1.5103690249 7.0456604089 0.5361009450 -0.0367941065 3.7771852035 0.0102117314
0.1760000000 0.5360107090 -0.0682974982 1.5100103014 7.0451500571 0.5360107090 -0.0366081904 3.7762758774 0.0801842931
0.1780000000 0.5359916146 -0.0682277443 1.5099368681 7.0450536809 0.5359916146 -0.0365694988 3.7760896974 0.1512534100
0.1800000000 0.5360043878 -0.0682752252 1.5099897145 7.0451355736 0.5360043878 -0.0365958203 3.7762235803 0.0208914253
0.1820000000 0.5360189536 -0.0683273308 1.5100472298 7.0452160034 0.5360189536 -0.0366247444 3.7763693100 0.0715821468
0.1840000000 0.5360229593 -0.0683404593 1.5100615898 7.0452312438 0.5360229593 -0.0366320552 3.7764057003 0.1469177778
0.1860000000 0.5360213221 -0.0683349187 1.5100546334 7.0452199324 0.5360213221 -0.0366289735 3.7763881024 0.0339568005
0.1880000000 0.5360191653 -0.0683281188 1.5100455532 7.0452054561 0.5360191653 -0.0366251812 3.7763651479 0.0645476921
0.1900000000 0.5360186210 -0.0683270028 1.5100430774 7.0452009850 0.5360186210 -0.0366245458 3.7763589163 0.1274965511
0.1920000000 0.5360186465 -0.0683285230 1.5100446793 7.0452082243 0.5360186465 -0.0366253624 3.7763629768 0.0369085755
0.1940000000 0.5360188377 -0.0683296611 1.5100473057 7.0452180392 0.5360188377 -0.0366259855 3.7763695848 0.0293654522
0.1960000000 0.5360192714 -0.0683293900 1.5100488327 7.0452194446 0.5360192714 -0.0366258698 3.7763733935 0.0760586580
0.1980000000 0.5360196964 -0.0683288428 1.5100491606 7.0452153521 0.5360196964 -0.0366256056 3.7763741942 0.0719191340
0.2000000000 0.5360198818 -0.0683290300 1.5100487388 7.0452109617 0.5360198818 -0.0366257186 3.7763731469 0.0090070084
0.2020000000 0.5360198677 -0.0683300736 1.5100480665 7.0452080830 0.5360198677 -0.0366262770 3.7763715043 0.0291725783
0.2040000000 0.5360197349 -0.0683311642 1.5100476320 7.0452078760 0.5360197349 -0.0366268525 3.7763704578 0.0591022198
0.2060000000 0.5360194543 -0.0683316404 1.5100477217 7.0452120133 0.5360194543 -0.0366270886 3.7763706987 0.0390029739
0.2080000000 0.5360193236 -0.0683313753 1.5100483774 7.0452167709 0.5360193236 -0.0366269376 3.7763723279 0.0057701667
0.2100000000 0.5360196965 -0.0683307763 1.5100492623 7.0452159575 0.5360196965 -0.0366266419 3.7763745192 0.0242516123
0.2120000000 0.5360201488 -0.0683304086 1.5100498546 7.0452127510 0.5360201488 -0.0366264758 3.7763759874 0.0572424357
0.2140000000 0.5360203776 -0.0683305275 1.5100498778 7.0452098612 0.5360203776 -0.0366265552 3.7763760504 0.0420878163
0.2160000000 0.5360203392 -0.0683310615 1.5100493886 7.0452081215 0.5360203392 -0.0366268388 3.7763748468 0.0004484720
0.2180000000 0.5360201112 -0.0683316226 1.5100488063 7.0452084390 0.5360201112 -0.0366271240 3.7763734112 0.0409822126
0.2200000000 0.5360198091 -0.0683318011 1.5100485995 7.0452114568 0.5360198091 -0.0366271990 3.7763728999 0.0538371518
0.2220000000 0.5360197268 -0.0683314567 1.5100489387 7.0452140965 0.5360197268 -0.0366270088 3.7763737352 0.0162179265
0.2240000000 0.5360200289 -0.0683308050 1.5100496002 7.0452131675 0.5360200289 -0.0366266801 3.7763753657 0.0199422280
0.2260000000 0.5360203370 -0.0683303168 1.5100500752 7.0452113008 0.5360203370 -0.0366264394 3.7763765360 0.0551967577
0.2280000000 0.5360204116 -0.0683302962 1.5100500299 7.0452101084 0.5360204116 -0.0366264335 3.7763764224 0.0415775082
0.2300000000 0.5360202700 -0.0683307541 1.5100494440 7.0452092676 0.5360202700 -0.0366266693 3.7763749740 0.0057763826
0.2320000000 0.5360200249 -0.0683313596 1.5100486645 7.0452088938 0.5360200249 -0.0366269771 3.7763730469 0.0236866044
0.2340000000 0.5360197910 -0.0683316793 1.5100481551 7.0452096135 0.5360197910 -0.0366271325 3.7763717844 0.0506196866
0.2360000000 0.5360197520 -0.0683315239 1.5100481246 7.0452099722 0.5360197520 -0.0366270465 3.7763717024 0.0334089098
0.2380000000 0.5360199478 -0.0683309918 1.5100484805 7.0452090234 0.5360199478 -0.0366267747 3.7763725731 0.0048916533
0.2400000000 0.5360201180 -0.0683304364 1.5100488618 7.0452085276 0.5360201180 -0.0366264886 3.7763735065 0.0398281388
0.2420000000 0.5360201176 -0.0683301781 1.5100489399 7.0452088798 0.5360201176 -0.0366263501 3.7763736921 0.0413039426
0.2440000000 0.5360200158 -0.0683303015 1.5100486300 7.0452087797 0.5360200158 -0.0366264093 3.7763729217 0.0089730623
0.2460000000 0.5360199014 -0.0683306117 1.5100481368 7.0452080043 0.5360199014 -0.0366265677 3.7763716999 0.0202850148
0.2480000000 0.5360198234 -0.0683307640 1.5100478153 7.0452075399 0.5360198234 -0.0366266441 3.7763709015 0.0430922673
0.2500000000 0.5360198607 -0.0683305574 1.5100478635 7.0452072613 0.5360198607 -0.0366265359 3.7763710146 0.0265640041
0.2520000000 0.5360199883 -0.0683300307 1.5100482241 7.0452072309 0.5360199883 -0.0366262623 3.7763718972 0.0058574325
0.2540000000 0.5360200352 -0.0683294661 1.5100485857 7.0452082614 0.5360200352 -0.0366259629 3.7763727805 0.0403197954
0.2560000000 0.5360199517 -0.0683291557 1.5100486380 7.0452095814 0.5360199517 -0.0366257907 3.7763728996 0.0442929013
0.2580000000 0.5360198364 -0.0683292168 1.5100482650 7.0452093610 0.5360198364 -0.0366258156 3.7763719692 0.0161019885
0.2600000000 0.5360197445 -0.0683295347 1.5100476077 7.0452075249 0.5360197445 -0.0366259797 3.7763703372 0.0081829069
0.2620000000 0.5360196625 -0.0683298096 1.5100470091 7.0452058284 0.5360196625 -0.0366261215 3.7763688506 0.0301647739
0.2640000000 0.5360196116 -0.0683298144 1.5100467317 7.0452052038 0.5360196116 -0.0366261206 3.7763681573 0.0387338952
0.2660000000 0.5360195745 -0.0683295271 1.5100468117 7.0452060458 0.5360195745 -0.0366259640 3.7763683466 0.0129832954
0.2680000000 0.5360194884 -0.0683291207 1.5100470671 7.0452083394 0.5360194884 -0.0366257403 3.7763689700 0.0173003142
0.2700000000 0.5360193900 -0.0683288498 1.5100472135 7.0452102970 0.5360193900 -0.0366255884 3.7763693258 0.0329730243
0.2720000000 0.5360193793 -0.0683288432 1.5100470919 7.0452098704 0.5360193793 -0.0366255841 3.7763690217 0.0172419117
0.2740000000 0.5360194463 -0.0683290272 1.5100467544 7.0452074278 0.5360194463 -0.0366256873 3.7763681848 0.0060659707
0.2760000000 0.5360194945 -0.0683291646 1.5100464294 7.0452052892 0.5360194945 -0.0366257642 3.7763673775 0.0282202396
0.2780000000 0.5360194853 -0.0683290513 1.5100463210 7.0452048965 0.5360194853 -0.0366257029 3.7763671022 0.0300555605
0.2800000000 0.5360194198 -0.0683286469 1.5100464722 7.0452064343 0.5360194198 -0.0366254817 3.7763674652 0.0058889060
0.2820000000 0.5360193125 -0.0683281052 1.5100467331 7.0452090233 0.5360193125 -0.0366251840 3.7763680974 0.0206864494
0.2840000000 0.5360192423 -0.0683276795 1.5100468609 7.0452105133 0.5360192423 -0.0366249510 3.7763684011 0.0357432299
0.2860000000 0.5360192919 -0.0683275382 1.5100467061 7.0452091294 0.5360192919 -0.0366248786 3.7763680091 0.0215863029
0.2880000000 0.5360193934 -0.0683276891 1.5100462875 7.0452058537 0.5360193934 -0.0366249665 3.7763669684 0.0008747182
0.2900000000 0.5360194245 -0.0683279579 1.5100458076 7.0452032251 0.5360194245 -0.0366251127 3.7763657785 0.0186676449
0.2920000000 0.5360193667 -0.0683281201 1.5100455038 7.0452025789 0.5360193667 -0.0366251957 3.7763650249 0.0337728401
0.2940000000 0.5360192600 -0.0683280678 1.5100454752 7.0452038446 0.5360192600 -0.0366251603 3.7763649513 0.0218616250
0.2960000000 0.5360191619 -0.0683278434 1.5100456487 7.0452059278 0.5360191619 -0.0366250334 3.7763653766 0.0045818184
0.2980000000 0.5360191542 -0.0683276085 1.5100458180 7.0452068024 0.5360191542 -0.0366249069 3.7763657913 0.0259181176
0.3000000000 0.5360192541 -0.0683275059 1.5100458018 7.0452054063 0.5360192541 -0.0366248588 3.7763657471 0.0245268155
0.3020000000 0.5360193610 -0.0683275552 1.5100455610 7.0452028819 0.5360193610 -0.0366248925 3.7763651472 0.0063170906
0.3040000000 0.5360193660 -0.0683276400 1.5100452171 7.0452012188 0.5360193660 -0.0366249382 3.7763642904 0.0114156126
0.3060000000 0.5360192868 -0.0683275965 1.5100449615 7.0452010636 0.5360192868 -0.0366249095 3.7763636497 0.0253826129
0.3080000000 0.5360191891 -0.0683273464 1.5100449074 7.0452020778 0.5360191891 -0.0366247688 3.7763635051 0.0193035144
0.3100000000 0.5360191292 -0.0683269475 1.5100450287 7.0452034039 0.5360191292 -0.0366245509 3.7763637935 0.0017430834
0.3120000000 0.5360191534 -0.0683265711 1.5100451772 7.0452037520 0.5360191534 -0.0366243508 3.7763641510 0.0203906140
0.3140000000 0.5360192425 -0.0683263820 1.5100451977 7.0452026650 0.5360192425 -0.0366242555 3.7763641957 0.0222445188
0.3160000000 0.5360192958 -0.0683264389 1.5100450322 7.0452011960 0.5360192958 -0.0366242897 3.7763637842 0.0076244647
0.3180000000 0.5360192598 -0.0683266579 1.5100447565 7.0452003994 0.5360192598 -0.0366244046 3.7763631029 0.0089441025
0.3200000000 0.5360191922 -0.0683268602 1.5100445310 7.0452002491 0.5360191922 -0.0366245084 3.7763625463 0.0227650377
0.3220000000 0.5360191592 -0.0683269063 1.5100444679 7.0452003919 0.5360191592 -0.0366245309 3.7763623901 0.0198469758
0.3240000000 0.5360191810 -0.0683267675 1.5100445631 7.0452005394 0.5360191810 -0.0366244580 3.7763626233 0.0010083892
0.3260000000 0.5360192470 -0.0683265340 1.5100446953 7.0452002736 0.5360192470 -0.0366243373 3.7763629453 0.0188744017
0.3280000000 0.5360193089 -0.0683263438 1.5100447112 7.0451995206 0.5360193089 -0.0366242396 3.7763629783 0.0247214622
0.3300000000 0.5360193035 -0.0683262742 1.5100445385 7.0451987814 0.5360193035 -0.0366242019 3.7763625440 0.0118765629
0.3320000000 0.5360192345 -0.0683263009 1.5100442290 7.0451982469 0.5360192345 -0.0366242115 3.7763617710 0.0035744020
0.3340000000 0.5360191871 -0.0683263167 1.5100439330 7.0451974894 0.5360191871 -0.0366242167 3.7763610315 0.0176999540
0.3360000000 0.5360192119 -0.0683262258 1.5100437880 7.0451964812 0.5360192119 -0.0366241697 3.7763606657 0.0231809098
0.3380000000 0.5360192908 -0.0683260180 1.5100438318 7.0451956344 0.5360192908 -0.0366240637 3.7763607678 0.0106807057
0.3400000000 0.5360193801 -0.0683257768 1.5100439882 7.0451951749 0.5360193801 -0.0366239405 3.7763611501 0.0062175065
0.3420000000 0.5360194358 -0.0683256278 1.5100441172 7.0451950347 0.5360194358 -0.0366238645 3.7763614673 0.0177894143
0.3440000000 0.5360194362 -0.0683256442 1.5100441187 7.0451950373 0.5360194362 -0.0366238733 3.7763614717 0.0140972544
0.3460000000 0.5360194240 -0.0683257983 1.5100439913 7.0451946133 0.5360194240 -0.0366239550 3.7763611587 0.0006245209
0.3480000000 0.5360194764 -0.0683259710 1.5100438274 7.0451931717 0.5360194764 -0.0366240512 3.7763607553 0.0119317599
0.3500000000 0.5360196006 -0.0683260338 1.5100437363 7.0451911206 0.5360196006 -0.0366240933 3.7763605303 0.0160640388
0.3520000000 0.5360197293 -0.0683259312 1.5100437626 7.0451895442 0.5360197293 -0.0366240471 3.7763605926 0.0061047877
0.3540000000 0.5360198037 -0.0683257096 1.5100438575 7.0451889945 0.5360198037 -0.0366239335 3.7763608219 0.0090217297
0.3560000000 0.5360198118 -0.0683254883 1.5100439108 7.0451891224 0.5360198118 -0.0366238154 3.7763609471 0.0188524855
0.3580000000 0.5360197889 -0.0683253708 1.5100438391 7.0451890797 0.5360197889 -0.0366237508 3.7763607634 0.0139374951
0.3600000000 0.5360198205 -0.0683253863 1.5100436415 7.0451877436 0.5360198205 -0.0366237613 3.7763602700 0.0016601624
0.3620000000 0.5360199735 -0.0683254754 1.5100434079 7.0451846509 0.5360199735 -0.0366238195 3.7763596897 0.0114217536
0.3640000000 0.5360202108 -0.0683255388 1.5100432593 7.0451808438 0.5360202108 -0.0366238697 3.7763593210 0.0204713557
0.3660000000 0.5360204297 -0.0683255167 1.5100432605 7.0451779713 0.5360204297 -0.0366238728 3.7763593237 0.0146898542
0.3680000000 0.5360205662 -0.0683254231 1.5100433849 7.0451767528 0.5360205662 -0.0366238320 3.7763596318 0.0002655987
0.3700000000 0.5360206372 -0.0683253329 1.5100435300 7.0451764895 0.5360206372 -0.0366237885 3.7763599913 0.0122526924
0.3720000000 0.5360207049 -0.0683253198 1.5100435900 7.0451758790 0.5360207049 -0.0366237861 3.7763601411 0.0157523412
0.3740000000 0.5360208463 -0.0683253961 1.5100435279 7.0451737367 0.5360208463 -0.0366238367 3.7763599889 0.0066680329
0.3760000000 0.5360210933 -0.0683255009 1.5100433926 7.0451698683 0.5360210933 -0.0366239097 3.7763596549 0.0052877107
0.3780000000 0.5360213720 -0.0683255394 1.5100432813 7.0451656890 0.5360213720 -0.0366239494 3.7763593788 0.0138345324
0.3800000000 0.5360215776 -0.0683254532 1.5100432657 7.0451629098 0.5360215776 -0.0366239172 3.7763593370 0.0111584683
0.3820000000 0.5360216770 -0.0683252598 1.5100433455 7.0451619627 0.5360216770 -0.0366238203 3.7763595297 0.0000414232
0.3840000000 0.5360217077 -0.0683250488 1.5100434491 7.0451620272 0.5360217077 -0.0366237093 3.7763597812 0.0114182911
0.3860000000 0.5360217328 -0.0683249235 1.5100434885 7.0451618734 0.5360217328 -0.0366236439 3.7763598752 0.0150304240
0.3880000000 0.5360218086 -0.0683249375 1.5100434217 7.0451605665 0.5360218086 -0.0366236566 3.7763597087 0.0075024351
0.3900000000 0.5360219373 -0.0683250672 1.5100432782 7.0451582151 0.5360219373 -0.0366237349 3.7763593550 0.0033317847
0.3920000000 0.5360220504 -0.0683252266 1.5100431423 7.0451561061 0.5360220504 -0.0366238281 3.7763590214 0.0124094051
0.3940000000 0.5360220848 -0.0683253310 1.5100430880 7.0451554075 0.5360220848 -0.0366238864 3.7763588896 0.0130722408
0.3960000000 0.5360220444 -0.0683253488 1.5100431282 7.0451561272 0.5360220444 -0.0366238932 3.7763589906 0.0037301963
0.3980000000 0.5360219623 -0.0683253119 1.5100432087 7.0451575798 0.5360219623 -0.0366238678 3.7763591903 0.0072837471
0.4000000000 0.5360218517 -0.0683252839 1.5100432476 7.0451592123 0.5360218517 -0.0366238452 3.7763592862 0.0125903875
0.4020000000 0.5360217140 -0.0683253038 1.5100431986 7.0451607942 0.5360217140 -0.0366238464 3.7763591641 0.0073095160
0.4040000000 0.5360215355 -0.0683253559 1.5100430831 7.0451626049 0.5360215355 -0.0366238622 3.7763588770 0.0029167113
0.4060000000 0.5360212840 -0.0683253816 1.5100429774 7.0451654169 0.5360212840 -0.0366238588 3.7763586130 0.0128172177
0.4080000000 0.5360209552 -0.0683253271 1.5100429569 7.0451696388 0.5360209552 -0.0366238071 3.7763585591 0.0143285718
0.4100000000 0.5360205758 -0.0683251858 1.5100430467 7.0451750325 0.5360205758 -0.0366237054 3.7763587774 0.0060227308
0.4120000000 0.5360201446 -0.0683250102 1.5100432041 7.0451814209 0.5360201446 -0.0366235819 3.7763591636 0.0040134152
0.4140000000 0.5360196131 -0.0683248843 1.5100433452 7.0451890529 0.5360196131 -0.0366234780 3.7763595104 0.0121456126
0.4160000000 0.5360189398 -0.0683248681 1.5100434016 7.0451981622 0.5360189398 -0.0366234233 3.7763596493 0.0128692153
0.4180000000 0.5360181145 -0.0683249647 1.5100433586 7.0452088120 0.5360181145 -0.0366234187 3.7763595434 0.0051298159
0.4200000000 0.5360171510 -0.0683251188 1.5100432590 7.0452210178 0.5360171510 -0.0366234355 3.7763592978 0.0033474498
0.4220000000 0.5360160901 -0.0683252519 1.5100431700 7.0452345509 0.5360160901 -0.0366234344 3.7763590777 0.0076736063
0.4240000000 0.5360149612 -0.0683253149 1.5100431316 7.0452492088 0.5360149612 -0.0366233910 3.7763589813 0.0047923200
0.4260000000 0.5360137168 -0.0683253131 1.5100431327 7.0452655645 0.5360137168 -0.0366233050 3.7763589812 0.0028842789
0.4280000000 0.5360122574 -0.0683252937 1.5100431260 7.0452847075 0.5360122574 -0.0366231949 3.7763589602 0.0077318690
0.4300000000 0.5360105218 -0.0683253035 1.5100430713 7.0453072582 0.5360105218 -0.0366230816 3.7763588198 0.0052609874
0.4320000000 0.5360085265 -0.0683253522 1.5100429725 7.0453330186 0.5360085265 -0.0366229714 3.7763585700 0.0022995917
0.4340000000 0.5360063322 -0.0683254048 1.5100428814 7.0453614298 0.5360063322 -0.0366228496 3.7763583390 0.0114423461
0.4360000000 0.5360039932 -0.0683254106 1.5100428630 7.0453920784 0.5360039932 -0.0366226929 3.7763582878 0.0149474918
0.4380000000 0.5360015017 -0.0683253414 1.5100429525 7.0454252292 0.5360015017 -0.0366224856 3.7763585031 0.0092614440
0.4400000000 0.5359987494 -0.0683252139 1.5100431303 7.0454622156 0.5359987494 -0.0366222292 3.7763589365 0.0005928893
0.4420000000 0.5359955790 -0.0683250845 1.5100433279 7.0455047880 0.5359955790 -0.0366219432 3.7763594184 0.0076745179
0.4440000000 0.5359918956 -0.0683250133 1.5100434690 7.0455538427 0.5359918956 -0.0366216534 3.7763597600 0.0128444483
0.4460000000 0.5359876769 -0.0683250262 1.5100435133 7.0456094874 0.5359876769 -0.0366213721 3.7763598613 0.0107674899
0.4480000000 0.5359829195 -0.0683251031 1.5100434720 7.0456718166 0.5359829195 -0.0366210883 3.7763597498 0.0031748584
0.4500000000 0.5359775979 -0.0683251927 1.5100433949 7.0457413943 0.5359775979 -0.0366207727 3.7763595480 0.0028822794
0.4520000000 0.5359716571 -0.0683252485 1.5100433328 7.0458191792 0.5359716571 -0.0366203967 3.7763593809 0.0041248465
0.4540000000 0.5359650719 -0.0683252611 1.5100433028 7.0459055799 0.5359650719 -0.0366199535 3.7763592910 0.0004529661
0.4560000000 0.5359581753 -0.0683252592 1.5100432848 7.0459961307 0.5359581753 -0.0366194813 3.7763592297 0.0038859663
0.4580000000 0.5359526520 -0.0683252836 1.5100432465 7.0460685431 0.5359526520 -0.0366191169 3.7763591221 0.0041043079
0.4600000000 0.5359543642 -0.0683253526 1.5100431772 7.0460457220 0.5359543642 -0.0366192709 3.7763589554 0.0004592332
0.4620000000 0.5359811575 -0.0683254459 1.5100431030 7.0456932728 0.5359811575 -0.0366211516 3.7763588358 0.0075011527
0.4640000000 0.5360815281 -0.0683255169 1.5100430723 7.0443744050 0.5360815281 -0.0366280475 3.7763589958 0.0122192389
0.4660000000 0.5363815945 -0.0683255244 1.5100431229 7.0404351341 0.5363815945 -0.0366485537 3.7763598230 0.0099751103
0.4680000000 0.5371938456 -0.0683254588 1.5100432562 7.0297939573 0.5371938456 -0.0367040160 3.7763620498 0.0034417071
0.4700000000 0.5392476295 -0.0683253509 1.5100434302 7.0030299041 0.5392476295 -0.0368442835 3.7763672748 0.0039876615
0.4720000000 0.5440635225 -0.0683252539 1.5100435809 6.9410624551 0.5440635225 -0.0371732783 3.7763788892 0.0097866761
0.4740000000 0.5545315170 -0.0683252103 1.5100436598 6.8100791445 0.5545315170 -0.0378884825 3.7764035187 0.0112057038
0.4760000000 0.5755586595 -0.0683252294 1.5100436566 6.5613687336 0.5755586595 -0.0393251774 3.7764525925 0.0059832655
0.4780000000 0.6140840335 -0.0683252856 1.5100436020 6.1498788063 0.6140840335 -0.0419574670 3.7765423831 0.0022549352
0.4800000000 0.6768126581 -0.0683253323 1.5100435551 5.5801094171 0.6768126581 -0.0462434497 3.7766886872 0.0078215224
0.4820000000 0.7663711686 -0.0683253394 1.5100435647 4.9282879001 0.7663711686 -0.0523625702 3.7768977570 0.0003128707
0.4840000000 0.8788274804 -0.0683253534 1.5100435906 4.2979542626 0.8788274804 -0.0600461982 3.7771603154 0.0115692248
0.4860000000 1.0039882604 -0.0683254474 1.5100435371 3.7624467183 1.0039882604 -0.0685979470 3.7774523356 0.0002849362
0.4880000000 1.1295281387 -0.0683255668 1.5100434661 3.3445339438 1.1295281387 -0.0771756503 3.7777452004 0.0198436328
0.4900000000 1.2434089268 -0.0683255976 1.5100435300 3.0384301584 1.2434089268 -0.0849566580 3.7780111822 0.0111179481
0.4920000000 1.3338858144 -0.0683255476 1.5100436974 2.8324934158 1.3338858144 -0.0911384787 3.7782227866 0.0065322629
0.4940000000 1.3938521501 -0.0683254965 1.5100438224 2.7107344685 1.3938521501 -0.0952356402 3.7783630673 0.0088495165
0.4960000000 1.4250115290 -0.0683254727 1.5100438825 2.6515125457 1.4250115290 -0.0973645863 3.7784359469 0.0011713797
0.4980000000 1.4379202393 -0.0683254742 1.5100439343 2.6277300399 1.4379202393 -0.0982465822 3.7784662079 0.0013661146
0.5000000000 1.4411215695 -0.0683255058 1.5100439953 2.6218980522 1.4411215695 -0.0984653601 3.7784738361 0.0003640575
0.5020000000 1.4423190443 -0.0683255556 1.5100440480 2.6197232732 1.4423190443 -0.0985472501 3.7784767678 0.0019095039
0.5040000000 1.4432136073 -0.0683255903 1.5100440799 2.6181009656 1.4432136073 -0.0986084216 3.7784789390 0.0032082047
0.5060000000 1.4433793122 -0.0683255888 1.5100440886 2.6178006817 1.4433793122 -0.0986197413 3.7784793474 0.0030672311
0.5080000000 1.4433991453 -0.0683255654 1.5100440828 2.6177647320 1.4433991453 -0.0986210627 3.7784793768 0.0006909275
0.5100000000 1.4434799605 -0.0683255533 1.5100440885 2.6176183126 1.4434799605 -0.0986265670 3.7784795785 0.0060143642
0.5120000000 1.4434930468 -0.0683255713 1.5100441365 2.6175946876 1.4434930468 -0.0986274871 3.7784797309 0.0071453627
0.5140000000 1.4434999186 -0.0683256070 1.5100442319 2.6175824054 1.4434999186 -0.0986280082 3.7784799891 0.0030783550
0.5160000000 1.4435103159 -0.0683256268 1.5100443440 2.6175637637 1.4435103159 -0.0986287471 3.7784802954 0.0031540569
0.5180000000 1.4435099724 -0.0683256024 1.5100444276 2.6175645291 1.4435099724 -0.0986286884 3.7784805012 0.0078217234
0.5200000000 1.4435107352 -0.0683255406 1.5100444589 2.6175631971 1.4435107352 -0.0986286514 3.7784805752 0.0070658119
0.5220000000 1.4435091532 -0.0683254818 1.5100444528 2.6175660488 1.4435091532 -0.0986284584 3.7784805506 0.0012132767
0.5240000000 1.4435066351 -0.0683254737 1.5100444468 2.6175706000 1.4435066351 -0.0986282746 3.7784805288 0.0045807809
0.5260000000 1.4435037167 -0.0683255316 1.5100444695 2.6175759305 1.4435037167 -0.0986281588 3.7784805846 0.0054751905
0.5280000000 1.4435004528 -0.0683256196 1.5100445177 2.6175819334 1.4435004528 -0.0986280628 3.7784807060 0.0016009956
0.5300000000 1.4434970891 -0.0683256742 1.5100445631 2.6175881099 1.4434970891 -0.0986279118 3.7784808171 0.0023549147
0.5320000000 1.4434938105 -0.0683256468 1.5100445859 2.6175940875 1.4434938105 -0.0986276482 3.7784808637 0.0022080241
0.5340000000 1.4434906595 -0.0683255437 1.5100446017 2.6175998168 1.4434906595 -0.0986272841 3.7784808857 0.0022419113
0.5360000000 1.4434877152 -0.0683254260 1.5100446505 2.6176052277 1.4434877152 -0.0986269131 3.7784809893 0.0062076047
0.5380000000 1.4434850299 -0.0683253650 1.5100447592 2.6176102767 1.4434850299 -0.0986266415 3.7784812486 0.0041425197
0.5400000000 1.4434825851 -0.0683253951 1.5100449013 2.6176149545 1.4434825851 -0.0986265180 3.7784816013 0.0039267537
0.5420000000 1.4434803433 -0.0683254876 1.5100449984 2.6176191905 1.4434803433 -0.0986264982 3.7784818478 0.0135206602
0.5440000000 1.4434782328 -0.0683255709 1.5100449812 2.6176229902 1.4434782328 -0.0986264744 3.7784818080 0.0145066640
0.5460000000 1.4434762428 -0.0683255869 1.5100448491 2.6176263680 1.4434762428 -0.0986263615 3.7784814749 0.0032708801
0.5480000000 1.4434744398 -0.0683255262 1.5100446957 2.6176293650 1.4434744398 -0.0986261506 3.7784810812 0.0134206852
0.5500000000 1.4434729223 -0.0683254359 1.5100446615 2.6176320489 1.4434729223 -0.0986259166 3.7784809830 0.0235431955
0.5520000000 1.4434717396 -0.0683253747 1.5100448194 2.6176344611 1.4434717396 -0.0986257475 3.7784813692 0.0155226726
0.5540000000 1.4434708325 -0.0683253672 1.5100451240 2.6176366316 1.4434708325 -0.0986256747 3.7784821278 0.0001455105
0.5560000000 1.4434700906 -0.0683253879 1.5100454155 2.6176384821 1.4434700906 -0.0986256539 3.7784828567 0.0183180749
0.5580000000 1.4434694102 -0.0683253849 1.5100455253 2.6176399047 1.4434694102 -0.0986256031 3.7784831295 0.0280649020
0.5600000000 1.4434687130 -0.0683253338 1.5100454117 2.6176409678 1.4434687130 -0.0986254816 3.7784828388 0.0147233104
0.5620000000 1.4434680441 -0.0683252582 1.5100451788 2.6176417710 1.4434680441 -0.0986253268 3.7784822474 0.0076629757
0.5640000000 1.4434675691 -0.0683252161 1.5100450313 2.6176423734 1.4434675691 -0.0986252336 3.7784818734 0.0280571632
0.5660000000 1.4434673504 -0.0683252414 1.5100451092 2.6176429063 1.4434673504 -0.0986252551 3.7784820703 0.0246606835
0.5680000000 1.4434673458 -0.0683253081 1.5100453900 2.6176434055 1.4434673458 -0.0986253512 3.7784827787 0.0050639522
0.5700000000 1.4434674488 -0.0683253377 1.5100457044 2.6176437653 1.4434674488 -0.0986254009 3.7784835679 0.0165498749
0.5720000000 1.4434675060 -0.0683252545 1.5100458431 2.6176438962 1.4434675060 -0.0986252848 3.7784839066 0.0308905556
0.5740000000 1.4434674555 -0.0683250628 1.5100457414 2.6176437986 1.4434674555 -0.0986250045 3.7784836334 0.0185099610
0.5760000000 1.4434673676 -0.0683248428 1.5100455032 2.6176435303 1.4434673676 -0.0986246810 3.7784830160 0.0051665866
0.5780000000 1.4434673831 -0.0683247154 1.5100453406 2.6176432120 1.4434673831 -0.0986244982 3.7784825970 0.0279132768
0.5800000000 1.4434675983 -0.0683247433 1.5100454032 2.6176429323 1.4434675983 -0.0986245531 3.7784827567 0.0255468392
0.5820000000 1.4434679897 -0.0683248810 1.5100456553 2.6176426690 1.4434679897 -0.0986247786 3.7784834013 0.0033653738
0.5840000000 1.4434684268 -0.0683250035 1.5100459081 2.6176423234 1.4434684268 -0.0986249854 3.7784840466 0.0212015725
0.5860000000 1.4434687663 -0.0683249872 1.5100459520 2.6176417833 1.4434687663 -0.0986249850 3.7784841555 0.0314714790
0.5880000000 1.4434689833 -0.0683248166 1.5100457495 2.6176410276 1.4434689833 -0.0986247535 3.7784836327 0.0129184410
0.5900000000 1.4434691720 -0.0683245867 1.5100454520 2.6176401548 1.4434691720 -0.0986244346 3.7784828668 0.0121316319
0.5920000000 1.4434694887 -0.0683244487 1.5100453069 2.6176393202 1.4434694887 -0.0986242570 3.7784824913 0.0328623813
0.5940000000 1.4434700016 -0.0683244841 1.5100454376 2.6176386197 1.4434700016 -0.0986243431 3.7784828226 0.0222036289
0.5960000000 1.4434706211 -0.0683246469 1.5100457461 2.6176380427 1.4434706211 -0.0986246205 3.7784836115 0.0042048758
0.5980000000 1.4434711578 -0.0683247930 1.5100459728 2.6176374730 1.4434711578 -0.0986248680 3.7784841939 0.0329961756
0.6000000000 1.4434714574 -0.0683247929 1.5100459075 2.6176368171 1.4434714574 -0.0986248884 3.7784840313 0.0336988059
0.6020000000 1.4434715294 -0.0683246428 1.5100455622 2.6176360783 1.4434715294 -0.0986246766 3.7784831534 0.0091174821
0.6040000000 1.4434715214 -0.0683244622 1.5100451475 2.6176353622 1.4434715214 -0.0986244154 3.7784820989 0.0158880102
0.6060000000 1.4434716142 -0.0683244195 1.5100449416 2.6176348346 1.4434716142 -0.0986243601 3.7784815800 0.0368956949
0.6080000000 1.4434718851 -0.0683245664 1.5100450435 2.6176345303 1.4434718851 -0.0986245907 3.7784818500 0.0239442392
0.6100000000 1.4434722534 -0.0683248025 1.5100453214 2.6176343604 1.4434722534 -0.0986249567 3.7784825688 0.0065932533
0.6120000000 1.4434725210 -0.0683249450 1.5100454947 2.6176341855 1.4434725210 -0.0986251806 3.7784830168 0.0388883559
0.6140000000 1.4434725359 -0.0683249124 1.5100453285 2.6176338685 1.4434725359 -0.0986251346 3.7784825982 0.0355407204
0.6160000000 1.4434723001 -0.0683247881 1.5100448161 2.6176333997 1.4434723001 -0.0986249390 3.7784813043 0.0101476296
0.6180000000 1.4434719749 -0.0683247453 1.5100441939 2.6176329084 1.4434719749 -0.0986248550 3.7784797437 0.0216083102
0.6200000000 1.4434718415 -0.0683248820 1.5100438715 2.6176326012 1.4434718415 -0.0986250432 3.7784789511 0.0502409585
0.6220000000 1.4434719985 -0.0683251218 1.5100440043 2.6176325630 1.4434719985 -0.0986254001 3.7784793069 0.0190857105
0.6240000000 1.4434722249 -0.0683253783 1.5100442969 2.6176326770 1.4434722249 -0.0986257859 3.7784800644 0.0486376922
0.6260000000 1.4434720673 -0.0683256346 1.5100441192 2.6176326723 1.4434720673 -0.0986261450 3.7784796450 0.0551713459
0.6280000000 1.4434713145 -0.0683259229 1.5100431909 2.6176324483 1.4434713145 -0.0986265097 3.7784773508 0.0077051718
0.6300000000 1.4434703367 -0.0683260735 1.5100420784 2.6176323033 1.4434703367 -0.0986266603 3.7784745823 0.0577700428
0.6320000000 1.4434699183 -0.0683259146 1.5100418257 2.6176326129 1.4434699183 -0.0986264024 3.7784739338 0.0795833367
0.6340000000 1.4434702425 -0.0683255058 1.5100427153 2.6176335382 1.4434702425 -0.0986258345 3.7784761182 0.0361054684
0.6360000000 1.4434702429 -0.0683256982 1.5100431654 2.6176343303 1.4434702429 -0.0986261122 3.7784772624 0.1166115582
0.6380000000 1.4434682872 -0.0683275310 1.5100407080 2.6176337427 1.4434682872 -0.0986286241 3.7784712952 0.0420947242
0.6400000000 1.4434642279 -0.0683307043 1.5100351729 2.6176317279 1.4434642279 -0.0986329273 3.7784577610 0.0760774860
0.6420000000 1.4434627004 -0.0683313096 1.5100333770 2.6176314263 1.4434627004 -0.0986336966 3.7784533272 0.1434748813
0.6440000000 1.4434709012 -0.0683236736 1.5100457426 2.6176374627 1.4434709012 -0.0986232347 3.7784835073 0.0410641026
0.6460000000 1.4434881361 -0.0683088739 1.5100712878 2.6176494677 1.4434881361 -0.0986030491 3.7785459511 0.1389048238
0.6480000000 1.4434895895 -0.0683077664 1.5100738245 2.6176511521 1.4434895895 -0.0986015496 3.7785521870 0.1506502954
0.6500000000 1.4434322229 -0.0683563511 1.5099901306 2.6176134567 1.4434322229 -0.0986677598 3.7783476104 0.0362500882
0.6520000000 1.4433252791 -0.0684463539 1.5098336049 2.6175422733 1.4433252791 -0.0987903529 3.7779649321 0.1512223460
0.6540000000 1.4433175955 -0.0684523899 1.5098226806 2.6175376863 1.4433175955 -0.0987985388 3.7779381995 0.1512970739
0.6560000000 1.4436711141 -0.0681550218 1.5103408704 2.6177743272 1.4436711141 -0.0983934363 3.7792051794 0.0344498322
0.6580000000 1.4443133185 -0.0676162480 1.5112813105 2.6182026415 1.4443133185 -0.0976590475 3.7815049455 0.1519958796
0.6600000000 1.4443278550 -0.0676039866 1.5113026873 2.6182124856 1.4443278550 -0.0976423210 3.7815572234 0.1469202737
0.6620000000 1.4421058006 -0.0694672672 1.5080499822 2.6167321009 1.4421058006 -0.1001791489 3.7736045414 0.0326575858
0.6640000000 1.4381956871 -0.0727539440 1.5023267357 2.6141248761 1.4381956871 -0.1046344085 3.7596231222 0.1521175598
0.6660000000 1.4381975617 -0.0727523905 1.5023295986 2.6141263356 1.4381975617 -0.1046323106 3.7596301218 0.1446108899
0.6680000000 1.4517436139 -0.0613887638 1.5222045372 2.6232227322 1.4517436139 -0.0891207458 3.8082468492 0.0311171068
0.6700000000 1.4749284484 -0.0421959210 1.5562890976 2.6387963431 1.4749284484 -0.0622359643 3.8920357959 0.1521373211
0.6720000000 1.4718771546 -0.0447050679 1.5518464851 2.6368280841 1.4718771546 -0.0658003682 3.8810870176 0.1351741995
0.6740000000 1.3783541639 -0.1233636515 1.4166282469 2.5770291948 1.3783541639 -0.1700388027 3.5520589211 0.0316547433
0.6760000000 1.2087121566 -0.2789954006 1.1782771078 2.4759698855 1.2087121566 -0.3372251324 2.9927349000 0.0306923289
0.6780000000 1.0841486464 -0.4071902956 1.0091653841 2.4099938011 1.0841486464 -0.4414548078 2.6127915172 0.0640554448
0.6800000000 1.0279958801 -0.4687287618 0.9356547263 2.3852873634 1.0279958801 -0.4818512360 2.4520655824 0.0773991018
0.6820000000 1.0085145851 -0.4904577765 0.9107630141 2.3779587053 1.0085145851 -0.4946338210 2.3982060372 0.0817901966
0.6840000000 1.0025069331 -0.4971873710 0.9031616983 2.3758556264 1.0025069331 -0.4984337865 2.3818117376 0.0831093655
0.6860000000 1.0007304629 -0.4991801763 0.9009206348 2.3752479893 1.0007304629 -0.4995448089 2.3769830199 0.0834799653
0.6880000000 1.0002119138 -0.4997621374 0.9002670325 2.3750718319 1.0002119138 -0.4998680439 2.3755751424 0.0835328409
0.6900000000 1.0000611766 -0.4999313303 0.9000770842 2.3750207275 1.0000611766 -0.4999619144 2.3751660231 0.0833589636
0.6920000000 1.0000174642 -0.4999803966 0.9000220050 2.3750059163 1.0000174642 -0.4999891283 2.3750473938 0.0826604391
0.6940000000 1.0000048487 -0.4999945574 0.9000061094 2.3750016425 1.0000048487 -0.4999969817 2.3750131582 0.0802667110
0.6960000000 1.0000012626 -0.4999985828 0.9000015908 2.3750004277 1.0000012626 -0.4999992141 2.3750034263 0.0725154146
0.6980000000 1.0000002904 -0.4999996740 0.9000003659 2.3750000984 1.0000002904 -0.4999998192 2.3750007881 0.0519266158
0.7000000000 1.0000000568 -0.4999999363 0.9000000715 2.3750000192 1.0000000568 -0.4999999647 2.3750001540 0.0224204105
0.7020000000 1.0000000099 -0.4999999889 0.9000000124 2.3750000033 1.0000000099 -0.4999999939 2.3750000268 0.0056341135
0.7040000000 1.0000000016 -0.4999999982 0.9000000021 2.3750000006 1.0000000016 -0.4999999990 2.3750000044 0.0010528994
0.7060000000 1.0000000003 -0.4999999997 0.9000000003 2.3750000001 1.0000000003 -0.4999999998 2.3750000007 0.0001776055
0.7080000000 1.0000000000 -0.5000000000 0.9000000001 2.3750000000 1.0000000000 -0.5000000000 2.3750000001 0.0000292335
0.7100000000 1.0000000000 -0.5000000000 0.9000000000 2.3750000000 1.0000000000 -0.5000000000 2.3750000000 0.0000047897
0.7120000000 1.0000000000 -0.5000000000 0.9000000000 2.3750000000 1.0000000000 -0.5000000000 2.3750000000 0.0000007841
0.7140000000 1.0000000000 -0.5000000000 0.9000000000 2.3750000000 1.0000000000 -0.5000000000 2.3750000000 0.0000001283
0.7160000000 1.0000000000 -0.5000000000 0.9000000000 2.3750000000 1.0000000000 -0.5000000000 2.3750000000 0.0000000210
0.7180000000 1.0000000000 -0.5000000000 0.9000000000 2.3750000000 1.0000000000 -0.5000000000 2.3750000000 0.0000000035
0.7200000000 1.0000000000 -0.5000000000 0.9000000000 2.3750000000 1.0000000000 -0.5000000000 2.3750000000 0.0000000006
0.7220000000 1.0000000000 -0.5000000000 0.9000000000 2.3750000000 1.0000000000 -0.5000000000 2.3750000000 0.0000000001
0.7240000000 1.0000000000 -0.5000000000 0.9000000000 2.3750000000 1.0000000000 -0.5000000000 2.3750000000 0.0000000000
0.7260000000 1.0000000000 -0.5000000000 0.9000000000 2.3750000000 1.0000000000 -0.5000000000 2.3750000000 0.0000000000
0.7280000000 1.0000000000 -0.5000000000 0.9000000000 2.3750000000 1.0000000000 -0.5000000000 2.3750000000 0.0000000000
0.7300000000 1.0000000000 -0.5000000000 0.9000000000 2.3750000000 1.0000000000 -0.5000000000 2.3750000000 0.0000000000
0.7320000000 1.0000000000 -0.5000000000 0.9000000000 2.3750000000 1.0000000000 -0.5000000000 2.3750000000 0.0000000000
0.7340000000 1.0000000000 -0.5000000000 0.9000000000 2.3750000000 1.0000000000 -0.5000000000 2.3750000000 0.0000000000
0.7360000000 1.0000000000 -0.5000000000 0.9000000000 2.3750000000 1.0000000000 -0.5000000000 2.3750000000 0.0000000000
0.7380000000 1.0000000000 -0.5000000000 0.9000000000 2.3750000000 1.0000000000 -0.5000000000 2.3750000000 0.0000000000
0.7400000000 1.0000000000 -0.5000000000 0.9000000000 2.3750000000 1.0000000000 -0.5000000000 2.3750000000 0.0000000000
0.7420000000 1.0000000000 -0.5000000000 0.9000000000 2.3750000000 1.0000000000 -0.5000000000 2.3750000000 0.0000000000
0.7440000000 1.0000000000 -0.5000000000 0.9000000000 2.3750000000 1.0000000000 -0.5000000000 2.3750000000 0.0000000000
0.7460000000 1.0000000000 -0.5000000000 0.9000000000 2.3750000000 1.0000000000 -0.5000000000 2.3750000000 0.0000000000
0.7480000000 1.0000000000 -0.5000000000 0.9000000000 2.3750000000 1.0000000000 -0.5000000000 2.3750000000 0.0000000000
0.7500000000 1.0000000000 -0.5000000000 0.9000000000 2.3750000000 1.0000000000 -0.5000000000 2.3750000000 0.0000000000
0.7520000000 1.0000000000 -0.5000000000 0.9000000000 2.3750000000 1.0000000000 -0.5000000000 2.3750000000 0.0000000000
0.7540000000 1.0000000000 -0.5000000000 0.9000000000 2.3750000000 1.0000000000 -0.5000000000 2.3750000000 0.0000000000
0.7560000000 1.0000000000 -0.5000000000 0.9000000000 2.3750000000 1.0000000000 -0.5000000000 2.3750000000 0.0000000000
0.7580000000 1.0000000000 -0.5000000000 0.9000000000 2.3750000000 1.0000000000 -0.5000000000 2.3750000000 0.0000000000
0.7600000000 1.0000000000 -0.5000000000 0.9000000000 2.3750000000 1.0000000000 -0.5000000000 2.3750000000 0.0000000000
0.7620000000 1.0000000000 -0.5000000000 0.9000000000 2.3750000000 1.0000000000 -0.5000000000 2.3750000000 0.0000000000
0.7640000000 1.0000000000 -0.5000000000 0.9000000000 2.3750000000 1.0000000000 -0.5000000000 2.3750000000 0.0000000000
0.7660000000 1.0000000000 -0.5000000000 0.9000000000 2.3750000000 1.0000000000 -0.5000000000 2.3750000000 0.0000000000
0.7680000000 1.0000000000 -0.5000000000 0.9000000000 2.3750000000 1.0000000000 -0.5000000000 2.3750000000 0.0000000000
0.7700000000 1.0000000000 -0.5000000000 0.9000000000 2.3750000000 1.0000000000 -0.5000000000 2.3750000000 0.0000000000
0.7720000000 1.0000000000 -0.5000000000 0.9000000000 2.3750000000 1.0000000000 -0.5000000000 2.3750000000 0.0000000000
0.7740000000 1.0000000000 -0.5000000000 0.9000000000 2.3750000000 1.0000000000 -0.5000000000 2.3750000000 0.0000000000
0.7760000000 1.0000000000 -0.5000000000 0.9000000000 2.3750000000 1.0000000000 -0.5000000000 2.3750000000 0.0000000000
0.7780000000 1.0000000000 -0.5000000000 0.9000000000 2.3750000000 1.0000000000 -0.5000000000 2.3750000000 0.0000000000
0.7800000000 1.0000000000 -0.5000000000 0.9000000000 2.3750000000 1.0000000000 -0.5000000000 2.3750000000 0.0000000000
0.7820000000 1.0000000000 -0.5000000000 0.9000000000 2.3750000000 1.0000000000 -0.5000000000 2.3750000000 0.0000000000
0.7840000000 1.0000000000 -0.5000000000 0.9000000000 2.3750000000 1.0000000000 -0.5000000000 2.3750000000 0.0000000000
0.7860000000 1.0000000000 -0.5000000000 0.9000000000 2.3750000000 1.0000000000 -0.5000000000 2.3750000000 0.0000000000
0.7880000000 1.0000000000 -0.5000000000 0.9000000000 2.3750000000 1.0000000000 -0.5000000000 2.3750000000 0.0000000000
0.7900000000 1.0000000000 -0.5000000000 0.9000000000 2.3750000000 1.0000000000 -0.5000000000 2.3750000000 0.0000000000
0.7920000000 1.0000000000 -0.5000000000 0.9000000000 2.3750000000 1.0000000000 -0.5000000000 2.3750000000 0.0000000000
0.7940000000 1.0000000000 -0.5000000000 0.9000000000 2.3750000000 1.0000000000 -0.5000000000 2.3750000000 0.0000000000
0.7960000000 1.0000000000 -0.5000000000 0.9000000000 2.3750000000 1.0000000000 -0.5000000000 2.3750000000 0.0000000000
0.7980000000 1.0000000000 -0.5000000000 0.9000000000 2.3750000000 1.0000000000 -0.5000000000 2.3750000000 0.0000000000
0.8000000000 1.0000000000 -0.5000000000 0.9000000000 2.3750000000 1.0000000000 -0.5000000000 2.3750000000 0.0000000000
0.8020000000 1.0000000000 -0.5000000000 0.9000000000 2.3750000000 1.0000000000 -0.5000000000 2.3750000000 0.0000000000
0.8040000000 1.0000000000 -0.5000000000 0.9000000000 2.3750000000 1.0000000000 -0.5000000000 2.3750000000 0.0000000000
0.8060000000 1.0000000000 -0.5000000000 0.9000000000 2.3750000000 1.0000000000 -0.5000000000 2.3750000000 0.0000000000
0.8080000000 1.0000000000 -0.5000000000 0.9000000000 2.3750000000 1.0000000000 -0.5000000000 2.3750000000 0.0000000000
0.8100000000 1.0000000000 -0.5000000000 0.9000000000 2.3750000000 1.0000000000 -0.5000000000 2.3750000000 0.0000000000
0.8120000000 1.0000000000 -0.5000000000 0.9000000000 2.3750000000 1.0000000000 -0.5000000000 2.3750000000 0.0000000000
0.8140000000 1.0000000000 -0.5000000000 0.9000000000 2.3750000000 1.0000000000 -0.5000000000 2.3750000000 0.0000000000
0.8160000000 1.0000000000 -0.5000000000 0.9000000000 2.3750000000 1.0000000000 -0.5000000000 2.3750000000 0.0000000000
0.8180000000 1.0000000000 -0.5000000000 0.9000000000 2.3750000000 1.0000000000 -0.5000000000 2.3750000000 0.0000000000
0.8200000000 1.0000000000 -0.5000000000 0.9000000000 2.3750000000 1.0000000000 -0.5000000000 2.3750000000 0.0000000000
0.8220000000 1.0000000000 -0.5000000000 0.9000000000 2.3750000000 1.0000000000 -0.5000000000 2.3750000000 0.0000000000
0.8240000000 1.0000000000 -0.5000000000 0.9000000000 2.3750000000 1.0000000000 -0.5000000000 2.3750000000 0.0000000000
0.8260000000 1.0000000000 -0.5000000000 0.9000000000 2.3750000000 1.0000000000 -0.5000000000 2.3750000000 0.0000000000
0.8280000000 1.0000000000 -0.5000000000 0.9000000000 2.3750000000 1.0000000000 -0.5000000000 2.3750000000 0.0000000000
0.8300000000 1.0000000000 -0.5000000000 0.9000000000 2.3750000000 1.0000000000 -0.5000000000 2.3750000000 0.0000000000
0.8320000000 1.0000000000 -0.5000000000 0.9000000000 2.3750000000 1.0000000000 -0.5000000000 2.3750000000 0.0000000000
0.8340000000 1.0000000000 -0.5000000000 0.9000000000 2.3750000000 1.0000000000 -0.5000000000 2.3750000000 0.0000000000
0.8360000000 1.0000000000 -0.5000000000 0.9000000000 2.3750000000 1.0000000000 -0.5000000000 2.3750000000 0.0000000000
0.8380000000 1.0000000000 -0.5000000000 0.9000000000 2.3750000000 1.0000000000 -0.5000000000 2.3750000000 0.0000000000
0.8400000000 1.0000000000 -0.5000000000 0.9000000000 2.3750000000 1.0000000000 -0.5000000000 2.3750000000 0.0000000000
0.8420000000 1.0000000000 -0.5000000000 0.9000000000 2.3750000000 1.0000000000 -0.5000000000 2.3750000000 0.0000000000
0.8440000000 1.0000000000 -0.5000000000 0.9000000000 2.3750000000 1.0000000000 -0.5000000000 2.3750000000 0.0000000000
0.8460000000 1.0000000000 -0.5000000000 0.9000000000 2.3750000000 1.0000000000 -0.5000000000 2.3750000000 0.0000000000
0.8480000000 1.0000000000 -0.5000000000 0.9000000000 2.3750000000 1.0000000000 -0.5000000000 2.3750000000 0.0000000000
0.8500000000 1.0000000000 -0.5000000000 0.9000000000 2.3750000000 1.0000000000 -0.5000000000 2.3750000000 0.0000000000
0.8520000000 1.0000000000 -0.5000000000 0.9000000000 2.3750000000 1.0000000000 -0.5000000000 2.3750000000 0.0000000000
0.8540000000 1.0000000000 -0.5000000000 0.9000000000 2.3750000000 1.0000000000 -0.5000000000 2.3750000000 0.0000000000
0.8560000000 1.0000000000 -0.5000000000 0.9000000000 2.3750000000 1.0000000000 -0.5000000000 2.3750000000 0.0000000000
0.8580000000 1.0000000000 -0.5000000000 0.9000000000 2.3750000000 1.0000000000 -0.5000000000 2.3750000000 0.0000000000
0.8600000000 1.0000000000 -0.5000000000 0.9000000000 2.3750000000 1.0000000000 -0.5000000000 2.3750000000 0.0000000000
0.8620000000 1.0000000000 -0.5000000000 0.9000000000 2.3750000000 1.0000000000 -0.5000000000 2.3750000000 0.0000000000
0.8640000000 1.0000000000 -0.5000000000 0.9000000000 2.3750000000 1.0000000000 -0.5000000000 2.3750000000 0.0000000000
0.8660000000 1.0000000000 -0.5000000000 0.9000000000 2.3750000000 1.0000000000 -0.5000000000 2.3750000000 0.0000000000
0.8680000000 1.0000000000 -0.5000000000 0.9000000000 2.3750000000 1.0000000000 -0.5000000000 2.3750000000 0.0000000000
0.8700000000 1.0000000000 -0.5000000000 0.9000000000 2.3750000000 1.0000000000 -0.5000000000 2.3750000000 0.0000000000
0.8720000000 1.0000000000 -0.5000000000 0.9000000000 2.3750000000 1.0000000000 -0.5000000000 2.3750000000 0.0000000000
0.8740000000 1.0000000000 -0.5000000000 0.9000000000 2.3750000000 1.0000000000 -0.5000000000 2.3750000000 0.0000000000
0.8760000000 1.0000000000 -0.5000000000 0.9000000000 2.3750000000 1.0000000000 -0.5000000000 2.3750000000 0.0000000000
0.8780000000 1.0000000000 -0.5000000000 0.9000000000 2.3750000000 1.0000000000 -0.5000000000 2.3750000000 0.0000000000
0.8800000000 1.0000000000 -0.5000000000 0.9000000000 2.3750000000 1.0000000000 -0.5000000000 2.3750000000 0.0000000000
0.8820000000 1.0000000000 -0.5000000000 0.9000000000 2.3750000000 1.0000000000 -0.5000000000 2.3750000000 0.0000000000
0.8840000000 1.0000000000 -0.5000000000 0.9000000000 2.3750000000 1.0000000000 -0.5000000000 2.3750000000 0.0000000000
0.8860000000 1.0000000000 -0.5000000000 0.9000000000 2.3750000000 1.0000000000 -0.5000000000 2.3750000000 0.0000000000
0.8880000000 1.0000000000 -0.5000000000 0.9000000000 2.3750000000 1.0000000000 -0.5000000000 2.3750000000 0.0000000000
0.8900000000 1.0000000000 -0.5000000000 0.9000000000 2.3750000000 1.0000000000 -0.5000000000 2.3750000000 0.0000000000
0.8920000000 1.0000000000 -0.5000000000 0.9000000000 2.3750000000 1.0000000000 -0.5000000000 2.3750000000 0.0000000000
0.8940000000 1.0000000000 -0.5000000000 0.9000000000 2.3750000000 1.0000000000 -0.5000000000 2.3750000000 0.0000000000
0.8960000000 1.0000000000 -0.5000000000 0.9000000000 2.3750000000 1.0000000000 -0.5000000000 2.3750000000 0.0000000000
0.8980000000 1.0000000000 -0.5000000000 0.9000000000 2.3750000000 1.0000000000 -0.5000000000 2.3750000000 0.0000000000
0.9000000000 1.0000000000 -0.5000000000 0.9000000000 2.3750000000 1.0000000000 -0.5000000000 2.3750000000 0.0000000000
0.9020000000 1.0000000000 -0.5000000000 0.9000000000 2.3750000000 1.0000000000 -0.5000000000 2.3750000000 0.0000000000
0.9040000000 1.0000000000 -0.5000000000 0.9000000000 2.3750000000 1.0000000000 -0.5000000000 2.3750000000 0.0000000000
0.9060000000 1.0000000000 -0.5000000000 0.9000000000 2.3750000000 1.0000000000 -0.5000000000 2.3750000000 0.0000000000
0.9080000000 1.0000000000 -0.5000000000 0.9000000000 2.3750000000 1.0000000000 -0.5000000000 2.3750000000 0.0000000000
0.9100000000 1.0000000000 -0.5000000000 0.9000000000 2.3750000000 1.0000000000 -0.5000000000 2.3750000000 0.0000000000
0.9120000000 1.0000000000 -0.5000000000 0.9000000000 2.3750000000 1.0000000000 -0.5000000000 2.3750000000 0.0000000000
0.9140000000 1.0000000000 -0.5000000000 0.9000000000 2.3750000000 1.0000000000 -0.5000000000 2.3750000000 0.0000000000
0.9160000000 1.0000000000 -0.5000000000 0.9000000000 2.3750000000 1.0000000000 -0.5000000000 2.3750000000 0.0000000000
0.9180000000 1.0000000000 -0.5000000000 0.9000000000 2.3750000000 1.0000000000 -0.5000000000 2.3750000000 0.0000000000
0.9200000000 1.0000000000 -0.5000000000 0.9000000000 2.3750000000 1.0000000000 -0.5000000000 2.3750000000 0.0000000000
0.9220000000 1.0000000000 -0.5000000000 0.9000000000 2.3750000000 1.0000000000 -0.5000000000 2.3750000000 0.0000000000
0.9240000000 1.0000000000 -0.5000000000 0.9000000000 2.3750000000 1.0000000000 -0.5000000000 2.3750000000 0.0000000000
0.9260000000 1.0000000000 -0.5000000000 0.9000000000 2.3750000000 1.0000000000 -0.5000000000 2.3750000000 0.0000000000
0.9280000000 1.0000000000 -0.5000000000 0.9000000000 2.3750000000 1.0000000000 -0.5000000000 2.3750000000 0.0000000000
0.9300000000 1.0000000000 -0.5000000000 0.9000000000 2.3750000000 1.0000000000 -0.5000000000 2.3750000000 0.0000000000
0.9320000000 1.0000000000 -0.5000000000 0.9000000000 2.3750000000 1.0000000000 -0.5000000000 2.3750000000 0.0000000000
0.9340000000 1.0000000000 -0.5000000000 0.9000000000 2.3750000000 1.0000000000 -0.5000000000 2.3750000000 0.0000000000
0.9360000000 1.0000000000 -0.5000000000 0.9000000000 2.3750000000 1.0000000000 -0.5000000000 2.3750000000 0.0000000000
0.9380000000 1.0000000000 -0.5000000000 0.9000000000 2.3750000000 1.0000000000 -0.5000000000 2.3750000000 0.0000000000
0.9400000000 1.0000000000 -0.5000000000 0.9000000000 2.3750000000 1.0000000000 -0.5000000000 2.3750000000 0.0000000000
0.9420000000 1.0000000000 -0.5000000000 0.9000000000 2.3750000000 1.0000000000 -0.5000000000 2.3750000000 0.0000000000
0.9440000000 1.0000000000 -0.5000000000 0.9000000000 2.3750000000 1.0000000000 -0.5000000000 2.3750000000 0.0000000000
0.9460000000 1.0000000000 -0.5000000000 0.9000000000 2.3750000000 1.0000000000 -0.5000000000 2.3750000000 0.0000000000
0.9480000000 1.0000000000 -0.5000000000 0.9000000000 2.3750000000 1.0000000000 -0.5000000000 2.3750000000 0.0000000000
0.9500000000 1.0000000000 -0.5000000000 0.9000000000 2.3750000000 1.0000000000 -0.5000000000 2.3750000000 0.0000000000
0.9520000000 1.0000000000 -0.5000000000 0.9000000000 2.3750000000 1.0000000000 -0.5000000000 2.3750000000 0.0000000000
0.9540000000 1.0000000000 -0.5000000000 0.9000000000 2.3750000000 1.0000000000 -0.5000000000 2.3750000000 0.0000000000
0.9560000000 1.0000000000 -0.5000000000 0.9000000000 2.3750000000 1.0000000000 -0.5000000000 2.3750000000 0.0000000000
0.9580000000 1.0000000000 -0.5000000000 0.9000000000 2.3750000000 1.0000000000 -0.5000000000 2.3750000000 0.0000000000
0.9600000000 1.0000000000 -0.5000000000 0.9000000000 2.3750000000 1.0000000000 -0.5000000000 2.3750000000 0.0000000000
0.9620000000 1.0000000000 -0.5000000000 0.9000000000 2.3750000000 1.0000000000 -0.5000000000 2.3750000000 0.0000000000
0.9640000000 1.0000000000 -0.5000000000 0.9000000000 2.3750000000 1.0000000000 -0.5000000000 2.3750000000 0.0000000000
0.9660000000 1.0000000000 -0.5000000000 0.9000000000 2.3750000000 1.0000000000 -0.5000000000 2.3750000000 0.0000000000
0.9680000000 1.0000000000 -0.5000000000 0.9000000000 2.3750000000 1.0000000000 -0.5000000000 2.3750000000 0.0000000000
0.9700000000 1.0000000000 -0.5000000000 0.9000000000 2.3750000000 1.0000000000 -0.5000000000 2.3750000000 0.0000000000
0.9720000000 1.0000000000 -0.5000000000 0.9000000000 2.3750000000 1.0000000000 -0.5000000000 2.3750000000 0.0000000000
0.9740000000 1.0000000000 -0.5000000000 0.9000000000 2.3750000000 1.0000000000 -0.5000000000 2.3750000000 0.0000000000
0.9760000000 1.0000000000 -0.5000000000 0.9000000000 2.3750000000 1.0000000000 -0.5000000000 2.3750000000 0.0000000000
0.9780000000 1.0000000000 -0.5000000000 0.9000000000 2.3750000000 1.0000000000 -0.5000000000 2.3750000000 0.0000000000
0.9800000000 1.0000000000 -0.5000000000 0.9000000000 2.3750000000 1.0000000000 -0.5000000000 2.3750000000 0.0000000000
0.9820000000 1.0000000000 -0.5000000000 0.9000000000 2.3750000000 1.0000000000 -0.5000000000 2.3750000000 0.0000000000
0.9840000000 1.0000000000 -0.5000000000 0.9000000000 2.3750000000 1.0000000000 -0.5000000000 2.3750000000 0.0000000000
0.9860000000 1.0000000000 -0.5000000000 0.9000000000 2.3750000000 1.0000000000 -0.5000000000 2.3750000000 0.0000000000
0.9880000000 1.0000000000 -0.5000000000 0.9000000000 2.3750000000 1.0000000000 -0.5000000000 2.3750000000 0.0000000000
0.9900000000 1.0000000000 -0.5000000000 0.9000000000 2.3750000000 1.0000000000 -0.5000000000 2.3750000000 0.0000000000
0.9920000000 1.0000000000 -0.5000000000 0.9000000000 2.3750000000 1.0000000000 -0.5000000000 2.3750000000 0.0000000000
0.9940000000 1.0000000000 -0.5000000000 0.9000000000 2.3750000000 1.0000000000 -0.5000000000 2.3750000000 0.0000000000
0.9960000000 1.0000000000 -0.5000000000 0.9000000000 2.3750000000 1.0000000000 -0.5000000000 2.3750000000 0.0000000000
0.9980000000 1.0000000000 -0.5000000000 0.9000000000 2.3750000000 1.0000000000 -0.5000000000 2.3750000000 0.0000000000
1.0000000000 1.0000000000 -0.5000000000 0.9000000000 2.3750000000 1.0000000000 -0.5000000000 2.3750000000 0.0000000000
