TITLE = "1D Euler Filtered MacCormack Result"
VARIABLES = "x", "rho", "u", "p", "E", "rho_conserved", "rhou", "rhoE", "nu"
ZONE T="t=0.15000000", I=501, F=POINT
0.0000000000 0.6835983554 -1.1339124573 2.3485504906 9.2318055180 0.6835983554 -0.7751406909 6.3108470693 0.0000000000
0.0020000000 0.6835983554 -1.1339124573 2.3485504906 9.2318055180 0.6835983554 -0.7751406909 6.3108470693 0.2409044733
0.0040000000 0.6798276874 -1.1217162285 2.3303620599 9.1988027865 0.6798276874 -0.7625737495 6.2536008249 0.0108541190
0.0060000000 0.6763644267 -1.1105202374 2.3137905089 9.1689346742 0.6763644267 -0.7511163837 6.2015412447 0.0019008670
0.0080000000 0.6729822691 -1.0995106978 2.2975895814 9.1395663285 0.6729822691 -0.7399512042 6.1507660860 0.0007403293
0.0100000000 0.6695858093 -1.0884271776 2.2813847984 9.1102324266 0.6695858093 -0.7287953925 6.1000823521 0.0002164072
0.0120000000 0.6662145049 -1.0773656039 2.2653112009 9.0810408509 0.6662145049 -0.7177565924 6.0499211347 0.0001033976
0.0140000000 0.6628503182 -1.0662936987 2.2493190259 9.0520015213 0.6628503182 -0.7067931175 6.0001220884 0.0000182538
0.0160000000 0.6595020668 -1.0552239040 2.2334240423 9.0230756696 0.6595020668 -0.6959223456 5.9507370530 0.0000500756
0.0180000000 0.6561652488 -1.0441497420 2.2176231627 8.9943037471 0.6561652488 -0.6851347753 5.9017495563 0.0000565452
0.0200000000 0.6528437760 -1.0330706201 2.2019212733 8.9656549267 0.6528437760 -0.6744337245 5.8531720163 0.0000633337
0.0220000000 0.6495355628 -1.0219855424 2.1863177807 8.9371543884 0.6495355628 -0.6638159545 5.8049996059 0.0000330230
0.0240000000 0.6462414104 -1.0108970624 2.1708093112 8.9087829910 0.6462414104 -0.6532835434 5.7572244855 0.0000028930
0.0260000000 0.6429592427 -0.9998084470 2.1553907419 8.8805525260 0.6429592427 -0.6428360819 5.7098333271 0.0000328092
0.0280000000 0.6396889848 -0.9887226024 2.1400579056 8.8524518033 0.6396889848 -0.6324749578 5.6628159072 0.0000442463
0.0300000000 0.6364297264 -0.9776407896 2.1248088773 8.8244873612 0.6364297264 -0.6221996603 5.6161660769 0.0000410955
0.0320000000 0.6331819247 -0.9665628795 2.1096437361 8.7966542733 0.6331819247 -0.6120101444 5.5698824840 0.0000290509
0.0340000000 0.6299456237 -0.9554878361 2.0945637423 8.7689568477 0.6299456237 -0.6019053808 5.5239659907 0.0000156674
0.0360000000 0.6267213891 -0.9444144298 2.0795703919 8.7413934031 0.6267213891 -0.5918847233 5.4784182164 0.0000043698
0.0380000000 0.6235094040 -0.9333415854 2.0646649085 8.7139664985 0.6235094040 -0.5819472557 5.4332400583 0.0000032588
0.0400000000 0.6203099794 -0.9222685571 2.0498480389 8.6866755127 0.6203099794 -0.5720923897 5.3884315086 0.0000077668
0.0420000000 0.6171231796 -0.9111948931 2.0351201080 8.6595217455 0.6171231796 -0.5623194897 5.3439915938 0.0000099710
0.0440000000 0.6139491058 -0.9001203654 2.0204811311 8.6325050052 0.6139491058 -0.5526280934 5.2999187285 0.0000108217
0.0460000000 0.6107877563 -0.8890448807 2.0059309350 8.6056258474 0.6107877563 -0.5430177279 5.2562109032 0.0000109056
0.0480000000 0.6076391405 -0.8779684232 1.9914692435 8.5788843414 0.6076391405 -0.5334879781 5.2128659081 0.0000106132
0.0500000000 0.6045032421 -0.8668910158 1.9770957286 8.5522807237 0.6045032421 -0.5240384296 5.1698814246 0.0000101388
0.0520000000 0.6013800435 -0.8558127003 1.9628100399 8.5258151659 0.6013800435 -0.5146686790 5.1272550957 0.0000095778
0.0540000000 0.5982695260 -0.8447335278 1.9486118178 8.4994878271 0.5982695260 -0.5053783273 5.0849845532 0.0000089736
0.0560000000 0.5951716678 -0.8336535537 1.9345007002 8.4732988903 0.5951716678 -0.4961669759 5.0430674320 0.0000083401
0.0580000000 0.5920864490 -0.8225728364 1.9204763254 8.4472485150 0.5920864490 -0.4870342298 5.0015013773 0.0000076834
0.0600000000 0.5890138489 -0.8114914367 1.9065383330 8.4213368780 0.5890138489 -0.4779796944 4.9602840470 0.0000070026
0.0620000000 0.5859538473 -0.8004094175 1.8926863653 8.3955641485 0.5859538473 -0.4690029776 4.9194131133 0.0000062958
0.0640000000 0.5829064246 -0.7893268446 1.8789200670 8.3699305032 0.5829064246 -0.4601036889 4.8788862640 0.0000055601
0.0660000000 0.5798715616 -0.7782437862 1.8652390861 8.3444361192 0.5798715616 -0.4512814396 4.8387012034 0.0000047919
0.0680000000 0.5768492397 -0.7671603138 1.8516430738 8.3190811782 0.5768492397 -0.4425358438 4.7988556530 0.0000039876
0.0700000000 0.5738394410 -0.7560765023 1.8381316853 8.2938658660 0.5738394410 -0.4338665175 4.7593473527 0.0000031429
0.0720000000 0.5708421484 -0.7449924304 1.8247045795 8.2687903730 0.5708421484 -0.4252730795 4.7201740614 0.0000022535
0.0740000000 0.5678573456 -0.7339081810 1.8113614203 8.2438548952 0.5678573456 -0.4167551516 4.6813335583 0.0000013147
0.0760000000 0.5648850173 -0.7228238418 1.7981018760 8.2190596350 0.5648850173 -0.4083123583 4.6428236437 0.0000003227
0.0780000000 0.5619251490 -0.7117395053 1.7849256201 8.1944048013 0.5619251490 -0.3999443276 4.6046421391 0.0000007195
0.0800000000 0.5589777274 -0.7006552682 1.7718323301 8.1698906077 0.5589777274 -0.3916506895 4.5667868846 0.0000018034
0.0820000000 0.5560427393 -0.6895712313 1.7588216868 8.1455172711 0.5560427393 -0.3834310764 4.5292557368 0.0000029317
0.0840000000 0.5531201729 -0.6784874992 1.7458933751 8.1212850125 0.5531201729 -0.3752851228 4.4920465700 0.0000041085
0.0860000000 0.5502100166 -0.6674041812 1.7330470836 8.0971940573 0.5502100166 -0.3672124656 4.4551572766 0.0000053379
0.0880000000 0.5473122601 -0.6563213917 1.7202825055 8.0732446361 0.5473122601 -0.3592127442 4.4185857679 0.0000066246
0.0900000000 0.5444268939 -0.6452392503 1.7075993385 8.0494369851 0.5444268939 -0.3512856008 4.3823299752 0.0000079743
0.0920000000 0.5415539096 -0.6341578825 1.6949972858 8.0257713473 0.5415539096 -0.3434306806 4.3463878510 0.0000093930
0.0940000000 0.5386933002 -0.6230774204 1.6824760558 8.0022479728 0.5386933002 -0.3356476319 4.3107573698 0.0000108878
0.0960000000 0.5358450599 -0.6119980032 1.6700353635 7.9788671203 0.5358450599 -0.3279361067 4.2754365299 0.0000124663
0.0980000000 0.5330091843 -0.6009197780 1.6576749304 7.9556290575 0.5330091843 -0.3202957607 4.2404233548 0.0000141369
0.1000000000 0.5301856709 -0.5898429004 1.6453944856 7.9325340630 0.5301856709 -0.3127262539 4.2057158943 0.0000159086
0.1020000000 0.5273745189 -0.5787675355 1.6331937661 7.9095824268 0.5273745189 -0.3052272506 4.1713122271 0.0000177916
0.1040000000 0.5245757295 -0.5676938590 1.6210725178 7.8867744521 0.5245757295 -0.2977984203 4.1372104618 0.0000197966
0.1060000000 0.5217893062 -0.5566220578 1.6090304962 7.8641104564 0.5217893062 -0.2904394374 4.1034087392 0.0000219358
0.1080000000 0.5190152550 -0.5455523314 1.5970674672 7.8415907731 0.5190152550 -0.2831499824 4.0699052344 0.0000242225
0.1100000000 0.5162535843 -0.5344848931 1.5851832080 7.8192157535 0.5162535843 -0.2759297418 4.0366981593 0.0000266716
0.1120000000 0.5135043059 -0.5234199712 1.5733775086 7.7969857682 0.5135043059 -0.2687784090 4.0037857652 0.0000292998
0.1140000000 0.5107674346 -0.5123578109 1.5616501725 7.7749012097 0.5107674346 -0.2616956847 3.9711663454 0.0000321257
0.1160000000 0.5080429890 -0.5012986759 1.5500010182 7.7529624945 0.5080429890 -0.2546812777 3.9388382391 0.0000351701
0.1180000000 0.5053309915 -0.4902428499 1.5384298806 7.7311700657 0.5053309915 -0.2477349054 3.9067998345 0.0000384566
0.1200000000 0.5026314691 -0.4791906394 1.5269366130 7.7095243962 0.5026314691 -0.2408562950 3.8750495734 0.0000420115
0.1220000000 0.4999444538 -0.4681423758 1.5155210883 7.6880259919 0.4999444538 -0.2340451844 3.8435859551 0.0000458645
0.1240000000 0.4972699829 -0.4570984182 1.5041832019 7.6666753951 0.4972699829 -0.2273013226 3.8124075424 0.0000500491
0.1260000000 0.4946080998 -0.4460591566 1.4929228735 7.6454731893 0.4946080998 -0.2206244718 3.7815129665 0.0000546035
0.1280000000 0.4919588549 -0.4350250150 1.4817400496 7.6244200035 0.4919588549 -0.2140144083 3.7509009345 0.0000595709
0.1300000000 0.4893223060 -0.4239964561 1.4706347071 7.6035165177 0.4893223060 -0.2074709236 3.7205702361 0.0000650007
0.1320000000 0.4866985193 -0.4129739851 1.4596068566 7.5827634688 0.4866985193 -0.2009938270 3.6905197523 0.0000709495
0.1340000000 0.4840875706 -0.4019581553 1.4486565456 7.5621616583 0.4840875706 -0.1945829468 3.6607484653 0.0000774819
0.1360000000 0.4814895463 -0.3909495739 1.4377838642 7.5417119592 0.4814895463 -0.1882381329 3.6312554694 0.0000846723
0.1380000000 0.4789045449 -0.3799489088 1.4269889490 7.5214153261 0.4789045449 -0.1819592592 3.6020399835 0.0000926065
0.1400000000 0.4763326783 -0.3689568965 1.4162719899 7.5012728052 0.4763326783 -0.1757462267 3.5731013660 0.0001013840
0.1420000000 0.4737740739 -0.3579743510 1.4056332365 7.4812855466 0.4737740739 -0.1695989666 3.5444391312 0.0001111199
0.1440000000 0.4712288763 -0.3470021742 1.3950730060 7.4614548182 0.4712288763 -0.1635174446 3.5160529694 0.0001219487
0.1460000000 0.4686972500 -0.3360413684 1.3845916925 7.4417820222 0.4686972500 -0.1575016652 3.4879427687 0.0001340272
0.1480000000 0.4661793820 -0.3250930499 1.3741897774 7.4222687136 0.4661793820 -0.1515516771 3.4601086420 0.0001475397
0.1500000000 0.4636754852 -0.3141584660 1.3638678422 7.4029166232 0.4636754852 -0.1456675791 3.4325509572 0.0001627031
0.1520000000 0.4611858021 -0.3032390141 1.3536265828 7.3837276825 0.4611858021 -0.1398495279 3.4052703735 0.0001797735
0.1540000000 0.4587106092 -0.2923362646 1.3434668266 7.3647040550 0.4587106092 -0.1340977460 3.3782678837 0.0001990554
0.1560000000 0.4562502226 -0.2814519880 1.3333895530 7.3458481716 0.4562502226 -0.1284125322 3.3515448638 0.0002209110
0.1580000000 0.4538050041 -0.2705881864 1.3233959172 7.3271627736 0.4538050041 -0.1227942730 3.3251031327 0.0002457740
0.1600000000 0.4513753685 -0.2597471318 1.3134872783 7.3086509630 0.4513753685 -0.1172434573 3.2989450217 0.0002741655
0.1620000000 0.4489617927 -0.2489314112 1.3036652341 7.2903162625 0.4489617927 -0.1117606926 3.2730734587 0.0003067143
0.1640000000 0.4465648263 -0.2381439806 1.2939316605 7.2721626881 0.4465648263 -0.1063467253 3.2474920674 0.0003441826
0.1660000000 0.4441851042 -0.2273882305 1.2842887609 7.2541948345 0.4441851042 -0.1010024649 3.2222052881 0.0003874987
0.1680000000 0.4418233621 -0.2166680636 1.2747391245 7.2364179798 0.4418233621 -0.0957290123 3.1972185210 0.0004377977
0.1700000000 0.4394804549 -0.2059879897 1.2652857965 7.2188382095 0.4394804549 -0.0905276954 3.1725383003 0.0004964744
0.1720000000 0.4371573794 -0.1953532402 1.2559323639 7.2014625685 0.4371573794 -0.0854001105 3.1481725040 0.0005652501
0.1740000000 0.4348553008 -0.1847699067 1.2466830584 7.1842992435 0.4348553008 -0.0803481734 3.1241306082 0.0006462580
0.1760000000 0.4325755862 -0.1742451104 1.2375428815 7.1673577846 0.4325755862 -0.0753741808 3.1004239949 0.0007421528
0.1780000000 0.4303198443 -0.1637872063 1.2285177567 7.1506493740 0.4303198443 -0.0704808851 3.0770663253 0.0008562505
0.1800000000 0.4280899739 -0.1534060324 1.2196147130 7.1341871504 0.4280899739 -0.0656715844 3.0540739912 0.0009927072
0.1820000000 0.4258882222 -0.1431132107 1.2108421072 7.1179866011 0.4258882222 -0.0609502309 3.0314666595 0.0011567464
0.1840000000 0.4237172553 -0.1329225104 1.2022098898 7.1020660315 0.4237172553 -0.0563215613 3.0092679261 0.0013549453
0.1860000000 0.4215802419 -0.1228502805 1.1937299230 7.0864471237 0.4215802419 -0.0517912510 2.9875060923 0.0015955942
0.1880000000 0.4194809515 -0.1129159619 1.1854163526 7.0711555911 0.4194809515 -0.0473660951 2.9662150755 0.0018891373
0.1900000000 0.4174238685 -0.1031426777 1.1772860365 7.0562219293 0.4174238685 -0.0430542155 2.9454354548 0.0022487043
0.1920000000 0.4154143184 -0.0935578972 1.1693590221 7.0416822501 0.4154143184 -0.0388652901 2.9252156326 0.0026907275
0.1940000000 0.4134586028 -0.0841941459 1.1616590514 7.0275791620 0.4134586028 -0.0348107939 2.9056130611 0.0032356246
0.1960000000 0.4115641304 -0.0750897083 1.1542140524 7.0139626181 0.4115641304 -0.0309042305 2.8866954257 0.0039084892
0.1980000000 0.4097395265 -0.0662892215 1.1470565387 7.0008905963 0.4097395265 -0.0271613142 2.8685415978 0.0047396864
0.2000000000 0.4079946854 -0.0578439992 1.1402237964 6.9884293929 0.4079946854 -0.0236000443 2.8512420515 0.0057651747
0.2020000000 0.4063407219 -0.0498118410 1.1337576765 6.9766532085 0.4063407219 -0.0202405794 2.8348983014 0.0070263010
0.2040000000 0.4047897569 -0.0422560067 1.1277037544 6.9656426046 0.4047897569 -0.0171047987 2.8196207763 0.0085687376
0.2060000000 0.4033544653 -0.0352429807 1.1221095859 6.9554813508 0.4033544653 -0.0142154136 2.8055244614 0.0104402225
0.2080000000 0.4020473242 -0.0288386904 1.1170218155 6.9462512392 0.4020473242 -0.0115945183 2.7927217240 0.0126868658
0.2100000000 0.4008795335 -0.0231030390 1.1124820502 6.9380247134 0.4008795335 -0.0092615355 2.7813121103 0.0153480862
0.2120000000 0.3998596682 -0.0180830270 1.1085217155 6.9308557108 0.3998596682 -0.0072306732 2.7713696650 0.0184507376
0.2140000000 0.3989922363 -0.0138053467 1.1051565656 6.9247699183 0.3989922363 -0.0055082261 2.7629294355 0.0220035862
0.2160000000 0.3982764383 -0.0102699628 1.1023819818 6.9197564630 0.3982764383 -0.0040902842 2.7559759579 0.0259937520
0.2180000000 0.3977054895 -0.0074465220 1.1001704288 6.9157634765 0.3977054895 -0.0029615227 2.7504370985 0.0303867040
0.2200000000 0.3972668002 -0.0052751193 1.0984721996 6.9126995385 0.3972668002 -0.0020956298 2.7461860262 0.0351306932
0.2220000000 0.3969431044 -0.0036718915 1.0972197840 6.9104415866 0.3969431044 -0.0014575320 2.7430521360 0.0401652381
0.2240000000 0.3967143381 -0.0025384398 1.0963351007 6.9088479217 0.3967143381 -0.0010070355 2.7408390299 0.0454318817
0.2260000000 0.3965598303 -0.0017728641 1.0957379147 6.9077733063 0.3965598303 -0.0007030467 2.7393454099 0.0508844108
0.2280000000 0.3964602975 -0.0012798270 1.0953534894 6.9070826645 0.3964602975 -0.0005074006 2.7383840482 0.0564950289
0.2300000000 0.3963992515 -0.0009776751 1.0951179790 6.9066607139 0.3963992515 -0.0003875497 2.7377951370 0.0622515633
0.2320000000 0.3963636655 -0.0008018379 1.0949809695 6.9064164797 0.3963636655 -0.0003178194 2.7374525512 0.0681357826
0.2340000000 0.3963439765 -0.0007048884 1.0949054624 6.9062832210 0.3963439765 -0.0002793783 2.7372637543 0.0740571491
0.2360000000 0.3963336359 -0.0006543415 1.0948661270 6.9062152552 0.3963336359 -0.0002593376 2.7371654023 0.0796703732
0.2380000000 0.3963284528 -0.0006294046 1.0948467539 6.9061833533 0.3963284528 -0.0002494509 2.7371169634 0.0838764327
0.2400000000 0.3963259203 -0.0006176384 1.0948376472 6.9061700328 0.3963259203 -0.0002447861 2.7370941937 0.0834907724
0.2420000000 0.3963246364 -0.0006120880 1.0948333857 6.9061655194 0.3963246364 -0.0002425855 2.7370835385 0.0701403048
0.2440000000 0.3963238563 -0.0006090558 1.0948310876 6.9061646155 0.3963238563 -0.0002413833 2.7370777924 0.0271969009
0.2460000000 0.3963231424 -0.0006063720 1.0948290616 6.9061642741 0.3963231424 -0.0002403193 2.7370727269 0.0357282266
0.2480000000 0.3963221311 -0.0006022348 1.0948259035 6.9061619731 0.3963221311 -0.0002386790 2.7370648306 0.0544249982
0.2500000000 0.3963205828 -0.0005954545 1.0948206860 6.9061560370 0.3963205828 -0.0002359909 2.7370517853 0.0489058347
0.2520000000 0.3963183163 -0.0005851325 1.0948127087 6.9061452042 0.3963183163 -0.0002318987 2.7370318397 0.0420634088
0.2540000000 0.3963151657 -0.0005704447 1.0948013297 6.9061283183 0.3963151657 -0.0002260759 2.7370033887 0.0358103015
0.2560000000 0.3963109936 -0.0005507108 1.0947860184 6.9061044247 0.3963109936 -0.0002182527 2.7369651062 0.0299149885
0.2580000000 0.3963057242 -0.0005255546 1.0947664822 6.9060729967 0.3963057242 -0.0002082803 2.7369162602 0.0239507946
0.2600000000 0.3962993875 -0.0004951248 1.0947428370 6.9060342447 0.3962993875 -0.0001962176 2.7368571410 0.0175249350
0.2620000000 0.3962921659 -0.0004603268 1.0947157887 6.9059894425 0.3962921659 -0.0001824239 2.7367895136 0.0101896338
0.2640000000 0.3962844324 -0.0004230117 1.0946867800 6.9059411924 0.3962844324 -0.0001676330 2.7367169855 0.0012955439
0.2660000000 0.3962767586 -0.0003860165 1.0946580220 6.9058934831 0.3962767586 -0.0001529694 2.7366450846 0.0094948675
0.2680000000 0.3962698000 -0.0003525949 1.0946320503 6.9058508894 0.3962698000 -0.0001397227 2.7365801504 0.0202887557
0.2700000000 0.3962639987 -0.0003249420 1.0946105753 6.9058164959 0.3962639987 -0.0001287628 2.7365264591 0.0282068140
0.2720000000 0.3962594227 -0.0003033946 1.0945938591 6.9057907764 0.3962594227 -0.0001202230 2.7364846661 0.0310556665
0.2740000000 0.3962558487 -0.0002868462 1.0945810394 6.9057721768 0.3962558487 -0.0001136645 2.7364526147 0.0275705768
0.2760000000 0.3962529366 -0.0002736088 1.0945708007 6.9057583269 0.3962529366 -0.0001084183 2.7364270166 0.0181109942
0.2780000000 0.3962503533 -0.0002620300 1.0945618553 6.9057469074 0.3962503533 -0.0001038295 2.7364046519 0.0057801527
0.2800000000 0.3962478289 -0.0002507715 1.0945531604 6.9057360425 0.3962478289 -0.0000993677 2.7363829135 0.0037923189
0.2820000000 0.3962451986 -0.0002390181 1.0945440807 6.9057245937 0.3962451986 -0.0000947098 2.7363602132 0.0058147918
0.2840000000 0.3962424529 -0.0002267226 1.0945345796 6.9057124985 0.3962424529 -0.0000898371 2.7363364593 0.0008077568
0.2860000000 0.3962397192 -0.0002145200 1.0945251518 6.9057006551 0.3962397192 -0.0000850013 2.7363128887 0.0077436392
0.2880000000 0.3962371759 -0.0002032967 1.0945164882 6.9056903165 0.3962371759 -0.0000805537 2.7362912286 0.0155601476
0.2900000000 0.3962349321 -0.0001935971 1.0945090126 6.9056822533 0.3962349321 -0.0000767099 2.7362725390 0.0189424581
0.2920000000 0.3962329795 -0.0001853807 1.0945026939 6.9056764153 0.3962329795 -0.0000734540 2.7362567416 0.0165384692
0.2940000000 0.3962312291 -0.0001782082 1.0944971895 6.9056721913 0.3962312291 -0.0000706117 2.7362429801 0.0097602707
0.2960000000 0.3962295705 -0.0001715338 1.0944920743 6.9056688225 0.3962295705 -0.0000679668 2.7362301915 0.0024479382
0.2980000000 0.3962279177 -0.0001649334 1.0944870177 6.9056657223 0.3962279177 -0.0000653512 2.7362175496 0.0011782827
0.3000000000 0.3962262403 -0.0001582586 1.0944819041 6.9056626920 0.3962262403 -0.0000627062 2.7362047653 0.0005115353
0.3020000000 0.3962245696 -0.0001516674 1.0944768569 6.9056599634 0.3962245696 -0.0000600944 2.7361921467 0.0055960556
0.3040000000 0.3962229661 -0.0001454633 1.0944721123 6.9056579729 0.3962229661 -0.0000576359 2.7361802850 0.0104071213
0.3060000000 0.3962214700 -0.0001398479 1.0944678276 6.9056570119 0.3962214700 -0.0000554107 2.7361695728 0.0119598385
0.3080000000 0.3962200770 -0.0001348014 1.0944639873 6.9056570601 0.3962200770 -0.0000534110 2.7361599718 0.0095805401
0.3100000000 0.3962187499 -0.0001301423 1.0944604500 6.9056578705 0.3962187499 -0.0000515648 2.7361511285 0.0051302676
0.3120000000 0.3962174461 -0.0001256614 1.0944570529 6.9056591587 0.3962174461 -0.0000497892 2.7361426353 0.0017518408
0.3140000000 0.3962161408 -0.0001212388 1.0944537025 6.9056607673 0.3962161408 -0.0000480368 2.7361342590 0.0015683147
0.3160000000 0.3962148375 -0.0001168946 1.0944504144 6.9056627364 0.3962148375 -0.0000463154 2.7361260387 0.0041548486
0.3180000000 0.3962135579 -0.0001127408 1.0944472761 6.9056652354 0.3962135579 -0.0000446694 2.7361181927 0.0071677437
0.3200000000 0.3962123206 -0.0001088719 1.0944443611 6.9056684081 0.3962123206 -0.0000431364 2.7361109052 0.0083037470
0.3220000000 0.3962111254 -0.0001052906 1.0944416718 6.9056722696 0.3962111254 -0.0000417173 2.7361041818 0.0069060597
0.3240000000 0.3962099563 -0.0001019204 1.0944391484 6.9056767239 0.3962099563 -0.0000403819 2.7360978731 0.0042489021
0.3260000000 0.3962087939 -0.0000986685 1.0944367189 6.9056816544 0.3962087939 -0.0000390933 2.7360917991 0.0024197589
0.3280000000 0.3962076275 -0.0000954870 1.0944343458 6.9056870094 0.3962076275 -0.0000378327 2.7360858664 0.0026045792
0.3300000000 0.3962064596 -0.0000923920 1.0944320419 6.9056928278 0.3962064596 -0.0000366063 2.7360801064 0.0042389173
0.3320000000 0.3962052989 -0.0000894318 1.0944298447 6.9056991944 0.3962052989 -0.0000354334 2.7360746134 0.0057127415
0.3340000000 0.3962041504 -0.0000866360 1.0944277775 6.9057061675 0.3962041504 -0.0000343255 2.7360694453 0.0058085792
0.3360000000 0.3962030105 -0.0000839910 1.0944258298 6.9057137453 0.3962030105 -0.0000332775 2.7360645758 0.0046064439
0.3380000000 0.3962018700 -0.0000814563 1.0944239700 6.9057218895 0.3962018700 -0.0000322731 2.7360599262 0.0032354592
0.3400000000 0.3962007206 -0.0000789974 1.0944221713 6.9057305727 0.3962007206 -0.0000312988 2.7360554294 0.0027837721
0.3420000000 0.3961995598 -0.0000766072 1.0944204282 6.9057398079 0.3961995598 -0.0000303517 2.7360510718 0.0033686943
0.3440000000 0.3961983891 -0.0000743008 1.0944187527 6.9057496405 0.3961983891 -0.0000294378 2.7360468829 0.0041932582
0.3460000000 0.3961972101 -0.0000720928 1.0944171562 6.9057601156 0.3961972101 -0.0000285630 2.7360428915 0.0044042160
0.3480000000 0.3961960209 -0.0000699808 1.0944156367 6.9057712556 0.3961960209 -0.0000277261 2.7360390927 0.0038567787
0.3500000000 0.3961948165 -0.0000679478 1.0944141811 6.9057830644 0.3961948165 -0.0000269205 2.7360354537 0.0031233175
0.3520000000 0.3961935918 -0.0000659774 1.0944127768 6.9057955494 0.3961935918 -0.0000261398 2.7360319429 0.0028443804
0.3540000000 0.3961923440 -0.0000640650 1.0944114201 6.9058087369 0.3961923440 -0.0000253821 2.7360285510 0.0031134210
0.3560000000 0.3961910723 -0.0000622158 1.0944101149 6.9058226691 0.3961910723 -0.0000246493 2.7360252881 0.0034830878
0.3580000000 0.3961897753 -0.0000604342 1.0944088650 6.9058373889 0.3961897753 -0.0000239434 2.7360221632 0.0034937503
0.3600000000 0.3961884501 -0.0000587168 1.0944076675 6.9058529308 0.3961884501 -0.0000232629 2.7360191695 0.0031257130
0.3620000000 0.3961870926 -0.0000570547 1.0944065156 6.9058693240 0.3961870926 -0.0000226043 2.7360162896 0.0027436923
0.3640000000 0.3961856986 -0.0000554404 1.0944054034 6.9058866042 0.3961856986 -0.0000219647 2.7360135090 0.0026640852
0.3660000000 0.3961842651 -0.0000538727 1.0944043299 6.9059048192 0.3961842651 -0.0000213435 2.7360108253 0.0028396586
0.3680000000 0.3961827893 -0.0000523538 1.0944032968 6.9059240249 0.3961827893 -0.0000207417 2.7360082426 0.0029700741
0.3700000000 0.3961812681 -0.0000508841 1.0944023045 6.9059442785 0.3961812681 -0.0000201593 2.7360057617 0.0028570012
0.3720000000 0.3961796973 -0.0000494597 1.0944013499 6.9059656361 0.3961796973 -0.0000195949 2.7360033751 0.0025938472
0.3740000000 0.3961780720 -0.0000480755 1.0944004290 6.9059881567 0.3961780720 -0.0000190465 2.7360010729 0.0024165934
0.3760000000 0.3961763874 -0.0000467286 1.0943995395 6.9060119086 0.3961763874 -0.0000185128 2.7359988492 0.0024277746
0.3780000000 0.3961746390 -0.0000454187 1.0943986813 6.9060369706 0.3961746390 -0.0000179937 2.7359967037 0.0025110911
0.3800000000 0.3961728220 -0.0000441463 1.0943978547 6.9060634280 0.3961728220 -0.0000174896 2.7359946371 0.0024974477
0.3820000000 0.3961709309 -0.0000429099 1.0943970586 6.9060913705 0.3961709309 -0.0000169997 2.7359926468 0.0023576905
0.3840000000 0.3961689593 -0.0000417067 1.0943962908 6.9061208939 0.3961689593 -0.0000165229 2.7359907272 0.0022061828
0.3860000000 0.3961669005 -0.0000405342 1.0943955492 6.9061521047 0.3961669005 -0.0000160583 2.7359888734 0.0021460055
0.3880000000 0.3961647472 -0.0000393911 1.0943948332 6.9061851220 0.3961647472 -0.0000156054 2.7359870833 0.0021580016
0.3900000000 0.3961624921 -0.0000382773 1.0943941424 6.9062200759 0.3961624921 -0.0000151640 2.7359853563 0.0021494718
0.3920000000 0.3961601268 -0.0000371918 1.0943934763 6.9062571072 0.3961601268 -0.0000147339 2.7359836910 0.0020746302
0.3940000000 0.3961576419 -0.0000361332 1.0943928337 6.9062963705 0.3961576419 -0.0000143144 2.7359820844 0.0019744822
0.3960000000 0.3961550272 -0.0000350997 1.0943922132 6.9063380373 0.3961550272 -0.0000139049 2.7359805333 0.0019083225
0.3980000000 0.3961522716 -0.0000340902 1.0943916142 6.9063822984 0.3961522716 -0.0000135049 2.7359790357 0.0018810949
0.4000000000 0.3961493626 -0.0000331040 1.0943910361 6.9064293637 0.3961493626 -0.0000131141 2.7359775904 0.0018525460
0.4020000000 0.3961462870 -0.0000321404 1.0943904783 6.9064794639 0.3961462870 -0.0000127323 2.7359761959 0.0017970915
0.4040000000 0.3961430298 -0.0000311984 1.0943899401 6.9065328540 0.3961430298 -0.0000123590 2.7359748504 0.0017298094
0.4060000000 0.3961395745 -0.0000302767 1.0943894207 6.9065898181 0.3961395745 -0.0000119938 2.7359735519 0.0016760052
0.4080000000 0.3961359026 -0.0000293746 1.0943889195 6.9066506750 0.3961359026 -0.0000116363 2.7359722988 0.0016370768
0.4100000000 0.3961319932 -0.0000284914 1.0943884359 6.9067157831 0.3961319932 -0.0000112864 2.7359710899 0.0015963932
0.4120000000 0.3961278233 -0.0000276263 1.0943879695 6.9067855455 0.3961278233 -0.0000109435 2.7359699239 0.0015463885
0.4140000000 0.3961233665 -0.0000267785 1.0943875197 6.9068604154 0.3961233665 -0.0000106076 2.7359687994 0.0014955547
0.4160000000 0.3961185933 -0.0000259472 1.0943870860 6.9069409040 0.3961185933 -0.0000102782 2.7359677150 0.0014517437
0.4180000000 0.3961134705 -0.0000251318 1.0943866678 6.9070275900 0.3961134705 -0.0000099550 2.7359666697 0.0014112705
0.4200000000 0.3961079601 -0.0000243316 1.0943862649 6.9071211326 0.3961079601 -0.0000096379 2.7359656623 0.0013675588
0.4220000000 0.3961020188 -0.0000235460 1.0943858767 6.9072222863 0.3961020188 -0.0000093266 2.7359646918 0.0013217516
0.4240000000 0.3960955966 -0.0000227744 1.0943855028 6.9073319180 0.3960955966 -0.0000090209 2.7359637571 0.0012790450
0.4260000000 0.3960886362 -0.0000220162 1.0943851428 6.9074510270 0.3960886362 -0.0000087204 2.7359628571 0.0012395300
0.4280000000 0.3960810709 -0.0000212707 1.0943847964 6.9075807755 0.3960810709 -0.0000084249 2.7359619911 0.0011989352
0.4300000000 0.3960728227 -0.0000205376 1.0943844632 6.9077225233 0.3960728227 -0.0000081344 2.7359611582 0.0011563274
0.4320000000 0.3960637999 -0.0000198161 1.0943841429 6.9078778680 0.3960637999 -0.0000078484 2.7359603574 0.0011152499
0.4340000000 0.3960538940 -0.0000191059 1.0943838352 6.9080487013 0.3960538940 -0.0000075669 2.7359595880 0.0010773529
0.4360000000 0.3960429756 -0.0000184063 1.0943835397 6.9082372818 0.3960429756 -0.0000072897 2.7359588492 0.0010398547
0.4380000000 0.3960308891 -0.0000177170 1.0943832561 6.9084463242 0.3960308891 -0.0000070165 2.7359581404 0.0010005260
0.4400000000 0.3960174458 -0.0000170376 1.0943829843 6.9086791255 0.3960174458 -0.0000067472 2.7359574608 0.0009611809
0.4420000000 0.3960024138 -0.0000163674 1.0943827239 6.9089397293 0.3960024138 -0.0000064815 2.7359568098 0.0009241593
0.4440000000 0.3959855073 -0.0000157061 1.0943824747 6.9092331319 0.3959855073 -0.0000062194 2.7359561867 0.0008883989
0.4460000000 0.3959663693 -0.0000150533 1.0943822364 6.9095655674 0.3959663693 -0.0000059606 2.7359555910 0.0008515928
0.4480000000 0.3959445495 -0.0000144086 1.0943820088 6.9099449039 0.3959445495 -0.0000057050 2.7359550221 0.0008141506
0.4500000000 0.3959194731 -0.0000137716 1.0943817918 6.9103811892 0.3959194731 -0.0000054524 2.7359544796 0.0007781966
0.4520000000 0.3958903984 -0.0000131418 1.0943815851 6.9108873922 0.3958903984 -0.0000052027 2.7359539628 0.0007438400
0.4540000000 0.3958563601 -0.0000125190 1.0943813886 6.9114803930 0.3958563601 -0.0000049557 2.7359534714 0.0007092134
0.4560000000 0.3958160930 -0.0000119027 1.0943812020 6.9121823327 0.3958160930 -0.0000047113 2.7359530049 0.0006737452
0.4580000000 0.3957679279 -0.0000112926 1.0943810252 6.9130224314 0.3957679279 -0.0000044692 2.7359525629 0.0006388338
0.4600000000 0.3957096432 -0.0000106884 1.0943808580 6.9140396049 0.3957096432 -0.0000042295 2.7359521450 0.0006051968
0.4620000000 0.3956382650 -0.0000100896 1.0943807003 6.9152859889 0.3956382650 -0.0000039918 2.7359517507 0.0005718060
0.4640000000 0.3955497992 -0.0000094960 1.0943805520 6.9168316745 0.3955497992 -0.0000037562 2.7359513799 0.0005379405
0.4660000000 0.3954388772 -0.0000089073 1.0943804129 6.9187709915 0.3954388772 -0.0000035223 2.7359510322 0.0005043741
0.4680000000 0.3952983022 -0.0000083231 1.0943802829 6.9212306045 0.3952983022 -0.0000032901 2.7359507072 0.0004717699
0.4700000000 0.3951184640 -0.0000077431 1.0943801619 6.9243800389 0.3951184640 -0.0000030595 2.7359504048 0.0004394528
0.4720000000 0.3948866519 -0.0000071671 1.0943800499 6.9284441791 0.3948866519 -0.0000028302 2.7359501246 0.0004066517
0.4740000000 0.3945862910 -0.0000065946 1.0943799466 6.9337174885 0.3945862910 -0.0000026021 2.7359498665 0.0003737457
0.4760000000 0.3941961713 -0.0000060254 1.0943798521 6.9405789035 0.3941961713 -0.0000023752 2.7359496302 0.0003413732
0.4780000000 0.3936899683 -0.0000054593 1.0943797662 6.9495024915 0.3936899683 -0.0000021493 2.7359494156 0.0003093086
0.4800000000 0.3930363182 -0.0000048959 1.0943796890 6.9610595660 0.3930363182 -0.0000019243 2.7359492225 0.0002770553
0.4820000000 0.3922002843 -0.0000043349 1.0943796203 6.9758976737 0.3922002843 -0.0000017001 2.7359490507 0.0002448666
0.4840000000 0.3911468996 -0.0000037760 1.0943795601 6.9946838463 0.3911468996 -0.0000014770 2.7359489002 0.0002131642
0.4860000000 0.3898482375 -0.0000032190 1.0943795083 7.0179841988 0.3898482375 -0.0000012549 2.7359487706 0.0001818822
0.4880000000 0.3882974423 -0.0000026636 1.0943794648 7.0460125777 0.3882974423 -0.0000010343 2.7359486620 0.0001505449
0.4900000000 0.3865221317 -0.0000021095 1.0943794296 7.0783749493 0.3865221317 -0.0000008154 2.7359485741 0.0001192570
0.4920000000 0.3846248319 -0.0000015565 1.0943794026 7.1132913935 0.3846248319 -0.0000005987 2.7359485066 0.0000884771
0.4940000000 0.3828034341 -0.0000010042 1.0943793838 7.1471366648 0.3828034341 -0.0000003844 2.7359484594 0.0000579231
0.4960000000 0.3813664210 -0.0000004524 1.0943793729 7.1740674630 0.3813664210 -0.0000001725 2.7359484322 0.0000281193
0.4980000000 0.3809246782 0.0000000992 1.0943793699 7.1823869163 0.3809246782 0.0000000378 2.7359484248 0.0000016770
0.5000000000 0.3815470611 0.0000006507 1.0943793748 7.1706709763 0.3815470611 0.0000002483 2.7359484370 0.0000326281
0.5020000000 0.3832946733 0.0000012026 1.0943793876 7.1379767561 0.3832946733 0.0000004609 2.7359484690 0.0000625981
0.5040000000 0.3853810474 0.0000017549 1.0943794085 7.0993333476 0.3853810474 0.0000006763 2.7359485211 0.0000932096
0.5060000000 0.3873796627 0.0000023081 1.0943794374 7.0627058077 0.3873796627 0.0000008941 2.7359485936 0.0001237949
0.5080000000 0.3891155207 0.0000028624 1.0943794747 7.0311990685 0.3891155207 0.0000011138 2.7359486866 0.0001550548
0.5100000000 0.3905551573 0.0000034180 1.0943795202 7.0052814540 0.3905551573 0.0000013349 2.7359488004 0.0001865636
0.5120000000 0.3917156985 0.0000039753 1.0943795740 6.9845271604 0.3917156985 0.0000015572 2.7359489351 0.0002183964
0.5140000000 0.3926368505 0.0000045344 1.0943796363 6.9681413946 0.3926368505 0.0000017804 2.7359490908 0.0002501916
0.5160000000 0.3933600285 0.0000050958 1.0943797071 6.9553311720 0.3933600285 0.0000020045 2.7359492677 0.0002822089
0.5180000000 0.3939250149 0.0000056596 1.0943797864 6.9453560007 0.3939250149 0.0000022295 2.7359494660 0.0003144081
0.5200000000 0.3943660928 0.0000062262 1.0943798743 6.9375885402 0.3943660928 0.0000024554 2.7359496857 0.0003466027
0.5220000000 0.3947113031 0.0000067959 1.0943799709 6.9315216106 0.3947113031 0.0000026824 2.7359499271 0.0003786786
0.5240000000 0.3949819946 0.0000073689 1.0943800762 6.9267719239 0.3949819946 0.0000029106 2.7359501904 0.0004109792
0.5260000000 0.3951939931 0.0000079455 1.0943801903 6.9230568362 0.3951939931 0.0000031400 2.7359504757 0.0004436430
0.5280000000 0.3953596254 0.0000085261 1.0943803133 6.9201572630 0.3953596254 0.0000033709 2.7359507833 0.0004763017
0.5300000000 0.3954890651 0.0000091110 1.0943804454 6.9178931975 0.3954890651 0.0000036033 2.7359511135 0.0005088044
0.5320000000 0.3955907532 0.0000097004 1.0943805865 6.9161158200 0.3955907532 0.0000038374 2.7359514664 0.0005417274
0.5340000000 0.3956714577 0.0000102947 1.0943807370 6.9147060998 0.3956714577 0.0000040733 2.7359518424 0.0005754497
0.5360000000 0.3957363879 0.0000108942 1.0943808967 6.9135725845 0.3957363879 0.0000043112 2.7359522418 0.0006094101
0.5380000000 0.3957894219 0.0000114993 1.0943810660 6.9126472661 0.3957894219 0.0000045513 2.7359526650 0.0006431491
0.5400000000 0.3958333931 0.0000121102 1.0943812449 6.9118805031 0.3958333931 0.0000047936 2.7359531122 0.0006773806
0.5420000000 0.3958703592 0.0000127274 1.0943814336 6.9112362683 0.3958703592 0.0000050384 2.7359535840 0.0007128037
0.5440000000 0.3959018221 0.0000133512 1.0943816323 6.9106882773 0.3959018221 0.0000052858 2.7359540807 0.0007485276
0.5460000000 0.3959288919 0.0000139819 1.0943818411 6.9102171093 0.3959288919 0.0000055359 2.7359546028 0.0007833263
0.5480000000 0.3959524027 0.0000146200 1.0943820603 6.9098081790 0.3959524027 0.0000057888 2.7359551507 0.0008180139
0.5500000000 0.3959729919 0.0000152658 1.0943822900 6.9094503444 0.3959729919 0.0000060449 2.7359557250 0.0008544546
0.5520000000 0.3959911544 0.0000159197 1.0943825304 6.9091349530 0.3959911544 0.0000063041 2.7359563261 0.0008922352
0.5540000000 0.3960072806 0.0000165822 1.0943827819 6.9088551868 0.3960072806 0.0000065667 2.7359569547 0.0009289270
0.5560000000 0.3960216820 0.0000172536 1.0943830445 6.9086056034 0.3960216820 0.0000068328 2.7359576113 0.0009643706
0.5580000000 0.3960346102 0.0000179343 1.0943833186 6.9083818074 0.3960346102 0.0000071026 2.7359582964 0.0010017179
0.5600000000 0.3960462708 0.0000186249 1.0943836043 6.9081802109 0.3960462708 0.0000073763 2.7359590109 0.0010423604
0.5620000000 0.3960568333 0.0000193258 1.0943839021 6.9079978551 0.3960568333 0.0000076541 2.7359597552 0.0010827870
0.5640000000 0.3960664388 0.0000200374 1.0943842121 6.9078322785 0.3960664388 0.0000079361 2.7359605303 0.0011198185
0.5660000000 0.3960752056 0.0000207603 1.0943845347 6.9076814160 0.3960752056 0.0000082226 2.7359613368 0.0011566417
0.5680000000 0.3960832337 0.0000214950 1.0943848702 6.9075435233 0.3960832337 0.0000085138 2.7359621755 0.0011987187
0.5700000000 0.3960906082 0.0000222419 1.0943852189 6.9074171170 0.3960906082 0.0000088098 2.7359630473 0.0012444456
0.5720000000 0.3960974021 0.0000230017 1.0943855812 6.9073009279 0.3960974021 0.0000091109 2.7359639530 0.0012860937
0.5740000000 0.3961036779 0.0000237749 1.0943859574 6.9071938638 0.3961036779 0.0000094173 2.7359648937 0.0013219228
0.5760000000 0.3961094901 0.0000245622 1.0943863480 6.9070949787 0.3961094901 0.0000097293 2.7359658702 0.0013608874
0.5780000000 0.3961148859 0.0000253639 1.0943867533 6.9070034501 0.3961148859 0.0000100470 2.7359668834 0.0014099808
0.5800000000 0.3961199065 0.0000261810 1.0943871737 6.9069185601 0.3961199065 0.0000103708 2.7359679345 0.0014618683
0.5820000000 0.3961245883 0.0000270140 1.0943876099 6.9068396797 0.3961245883 0.0000107009 2.7359690248 0.0015038364
0.5840000000 0.3961289632 0.0000278636 1.0943880621 6.9067662551 0.3961289632 0.0000110376 2.7359701555 0.0015378052
0.5860000000 0.3961330593 0.0000287306 1.0943885309 6.9066977965 0.3961330593 0.0000113811 2.7359713275 0.0015806445
0.5880000000 0.3961369017 0.0000296155 1.0943890168 6.9066338697 0.3961369017 0.0000117318 2.7359725421 0.0016400324
0.5900000000 0.3961405128 0.0000305192 1.0943895203 6.9065740889 0.3961405128 0.0000120899 2.7359738009 0.0016998348
0.5920000000 0.3961439125 0.0000314428 1.0943900422 6.9065181098 0.3961439125 0.0000124559 2.7359751056 0.0017404831
0.5940000000 0.3961471188 0.0000323870 1.0943905830 6.9064656237 0.3961471188 0.0000128300 2.7359764577 0.0017692717
0.5960000000 0.3961501477 0.0000333525 1.0943911432 6.9064163527 0.3961501477 0.0000132126 2.7359778582 0.0018150829
0.5980000000 0.3961530138 0.0000343402 1.0943917234 6.9063700474 0.3961530138 0.0000136040 2.7359793087 0.0018885584
0.6000000000 0.3961557302 0.0000353511 1.0943923245 6.9063264836 0.3961557302 0.0000140045 2.7359808114 0.0019618733
0.6020000000 0.3961583090 0.0000363867 1.0943929474 6.9062854594 0.3961583090 0.0000144149 2.7359823687 0.0020025465
0.6040000000 0.3961607607 0.0000374480 1.0943935929 6.9062467914 0.3961607607 0.0000148354 2.7359839825 0.0020210430
0.6060000000 0.3961630953 0.0000385356 1.0943942615 6.9062103122 0.3961630953 0.0000152664 2.7359856541 0.0020643909
0.6080000000 0.3961653217 0.0000396505 1.0943949539 6.9061758697 0.3961653217 0.0000157082 2.7359873850 0.0021550862
0.6100000000 0.3961674482 0.0000407943 1.0943956712 6.9061433263 0.3961674482 0.0000161614 2.7359891783 0.0022534313
0.6120000000 0.3961694825 0.0000419689 1.0943964149 6.9061125573 0.3961694825 0.0000166268 2.7359910377 0.0023013921
0.6140000000 0.3961714315 0.0000431757 1.0943971861 6.9060834484 0.3961714315 0.0000171050 2.7359929657 0.0023008365
0.6160000000 0.3961733015 0.0000444154 1.0943979853 6.9060558934 0.3961733015 0.0000175962 2.7359949637 0.0023233231
0.6180000000 0.3961750983 0.0000456888 1.0943988131 6.9060297952 0.3961750983 0.0000181008 2.7359970332 0.0024258031
0.6200000000 0.3961768275 0.0000469980 1.0943996709 6.9060050660 0.3961768275 0.0000186195 2.7359991777 0.0025699946
0.6220000000 0.3961784944 0.0000483457 1.0944005610 6.9059816269 0.3961784944 0.0000191535 2.7360014030 0.0026542401
0.6240000000 0.3961801038 0.0000497344 1.0944014853 6.9059594052 0.3961801038 0.0000197038 2.7360037137 0.0026353383
0.6260000000 0.3961816599 0.0000511651 1.0944024443 6.9059383317 0.3961816599 0.0000202707 2.7360061114 0.0025970773
0.6280000000 0.3961831665 0.0000526378 1.0944034383 6.9059183412 0.3961831665 0.0000208542 2.7360085963 0.0026685868
0.6300000000 0.3961846275 0.0000541543 1.0944044684 6.9058993753 0.3961846275 0.0000214551 2.7360111717 0.0028701735
0.6320000000 0.3961860468 0.0000557186 1.0944055379 6.9058813836 0.3961860468 0.0000220749 2.7360138454 0.0030664463
0.6340000000 0.3961874285 0.0000573356 1.0944066504 6.9058643213 0.3961874285 0.0000227156 2.7360166267 0.0031019019
0.6360000000 0.3961887756 0.0000590079 1.0944078081 6.9058481442 0.3961887756 0.0000233783 2.7360195209 0.0029842526
0.6380000000 0.3961900909 0.0000607352 1.0944090106 6.9058328068 0.3961900909 0.0000240627 2.7360225271 0.0029060650
0.6400000000 0.3961913764 0.0000625169 1.0944102573 6.9058182664 0.3961913764 0.0000247686 2.7360256441 0.0030550288
0.6420000000 0.3961926352 0.0000643561 1.0944115509 6.9058044882 0.3961926352 0.0000254974 2.7360288780 0.0033974921
0.6440000000 0.3961938708 0.0000662609 1.0944128973 6.9057914469 0.3961938708 0.0000262521 2.7360322441 0.0036761499
0.6460000000 0.3961950869 0.0000682393 1.0944143030 6.9057791204 0.3961950869 0.0000270361 2.7360357585 0.0036558109
0.6480000000 0.3961962859 0.0000702948 1.0944157706 6.9057674821 0.3961962859 0.0000278505 2.7360394274 0.0033830837
0.6500000000 0.3961974688 0.0000724243 1.0944172976 6.9057564982 0.3961974688 0.0000286943 2.7360432450 0.0031860615
0.6520000000 0.3961986367 0.0000746246 1.0944188815 6.9057461361 0.3961986367 0.0000295662 2.7360472048 0.0033795815
0.6540000000 0.3961997919 0.0000768999 1.0944205255 6.9057363754 0.3961997919 0.0000304677 2.7360513150 0.0039374054
0.6560000000 0.3962009386 0.0000792644 1.0944222408 6.9057272113 0.3962009386 0.0000314046 2.7360556031 0.0044615856
0.6580000000 0.3962020816 0.0000817350 1.0944240403 6.9057186448 0.3962020816 0.0000323836 2.7360601020 0.0045184867
0.6600000000 0.3962032237 0.0000843201 1.0944259305 6.9057106667 0.3962032237 0.0000334079 2.7360648278 0.0040530341
0.6620000000 0.3962043648 0.0000870139 1.0944279071 6.9057032488 0.3962043648 0.0000344753 2.7360697693 0.0034994840
0.6640000000 0.3962055037 0.0000898042 1.0944299604 6.9056963547 0.3962055037 0.0000355809 2.7360749025 0.0034556728
0.6660000000 0.3962066409 0.0000926886 1.0944320885 6.9056899627 0.3962066409 0.0000367239 2.7360802230 0.0041588378
0.6680000000 0.3962077812 0.0000956863 1.0944343063 6.9056840820 0.3962077812 0.0000379116 2.7360857675 0.0052126198
0.6700000000 0.3962089325 0.0000988322 1.0944366410 6.9056787461 0.3962089325 0.0000391582 2.7360916044 0.0058481575
0.6720000000 0.3962101021 0.0001021575 1.0944391169 6.9056739840 0.3962101021 0.0000404758 2.7360977942 0.0055379586
0.6740000000 0.3962112917 0.0001056675 1.0944417380 6.9056697896 0.3962112917 0.0000418667 2.7361043473 0.0044671434
0.6760000000 0.3962124971 0.0001093376 1.0944444852 6.9056661151 0.3962124971 0.0000433209 2.7361112155 0.0034827511
0.6780000000 0.3962137124 0.0001131351 1.0944473330 6.9056629014 0.3962137124 0.0000448257 2.7361183351 0.0035115031
0.6800000000 0.3962149375 0.0001170552 1.0944502776 6.9056601293 0.3962149375 0.0000463790 2.7361256968 0.0048236938
0.6820000000 0.3962161819 0.0001211421 1.0944533534 6.9056578488 0.3962161819 0.0000479985 2.7361333865 0.0067206092
0.6840000000 0.3962174625 0.0001254766 1.0944566234 6.9056561628 0.3962174625 0.0000497160 2.7361415615 0.0079620395
0.6860000000 0.3962187952 0.0001301350 1.0944601469 6.9056551688 0.3962187952 0.0000515619 2.7361503707 0.0076311884
0.6880000000 0.3962201851 0.0001351407 1.0944639422 6.9056548905 0.3962201851 0.0000535455 2.7361598592 0.0058043885
0.6900000000 0.3962216223 0.0001404406 1.0944679680 6.9056552445 0.3962216223 0.0000556456 2.7361699238 0.0036154775
0.6920000000 0.3962230875 0.0001459375 1.0944721484 6.9056560853 0.3962230875 0.0000578238 2.7361803751 0.0026522011
0.6940000000 0.3962245687 0.0001515692 1.0944764349 6.9056573162 0.3962245687 0.0000600555 2.7361910919 0.0039339611
0.6960000000 0.3962260754 0.0001573797 1.0944808618 6.9056589898 0.3962260754 0.0000623579 2.7362021595 0.0070926603
0.6980000000 0.3962276405 0.0001635305 1.0944855551 6.9056613252 0.3962276405 0.0000647953 2.7362138930 0.0104550586
0.7000000000 0.3962293098 0.0001702466 1.0944906899 6.9056646310 0.3962293098 0.0000674567 2.7362267304 0.0120621677
0.7020000000 0.3962311213 0.0001777151 1.0944964119 6.9056691634 0.3962311213 0.0000704162 2.7362410361 0.0108387881
0.7040000000 0.3962330825 0.0001859709 1.0945027486 6.9056749654 0.3962330825 0.0000736878 2.7362568783 0.0072046610
0.7060000000 0.3962351581 0.0001948372 1.0945095620 6.9056817820 0.3962351581 0.0000772014 2.7362739125 0.0029904296
0.7080000000 0.3962372862 0.0002040054 1.0945166116 6.9056891726 0.3962372862 0.0000808346 2.7362915373 0.0006745779
0.7100000000 0.3962394210 0.0002132453 1.0945237181 6.9056968069 0.3962394210 0.0000844962 2.7363093044 0.0020623159
0.7120000000 0.3962415714 0.0002225994 1.0945309147 6.9057047375 0.3962415714 0.0000882031 2.7363272965 0.0070472073
0.7140000000 0.3962438115 0.0002324340 1.0945384867 6.9057134731 0.3962438115 0.0000921006 2.7363462275 0.0134717062
0.7160000000 0.3962462649 0.0002433613 1.0945469111 6.9057238684 0.3962462649 0.0000964310 2.7363672895 0.0183889276
0.7180000000 0.3962490740 0.0002560861 1.0945567371 6.9057369098 0.3962490740 0.0001014739 2.7363918558 0.0196337993
0.7200000000 0.3962523519 0.0002711695 1.0945684020 6.9057533822 0.3962523519 0.0001074515 2.7364210197 0.0165641385
0.7220000000 0.3962561181 0.0002887066 1.0945819801 6.9057734169 0.3962561181 0.0001144017 2.7364549667 0.0100910869
0.7240000000 0.3962602498 0.0003080879 1.0945969962 6.9057961546 0.3962602498 0.0001220830 2.7364925094 0.0025314472
0.7260000000 0.3962645156 0.0003281634 1.0946125545 6.9058199762 0.3962645156 0.0001300395 2.7365314075 0.0029440862
0.7280000000 0.3962687048 0.0003478869 1.0946278394 6.9058434076 0.3962687048 0.0001378567 2.7365696225 0.0035179351
0.7300000000 0.3962727566 0.0003669561 1.0946426155 6.9058660221 0.3962727566 0.0001454147 2.7366065655 0.0024259535
0.7320000000 0.3962768216 0.0003861167 1.0946574639 6.9058888643 0.3962768216 0.0001530091 2.7366436893 0.0131149228
0.7340000000 0.3962812434 0.0004070739 1.0946737133 6.9059143265 0.3962812434 0.0001613157 2.7366843162 0.0244497780
0.7360000000 0.3962865334 0.0004323641 1.0946933406 6.9059459710 0.3962865334 0.0001713401 2.7367333885 0.0325819634
0.7380000000 0.3962933629 0.0004653186 1.0947189420 6.9059884778 0.3962933629 0.0001844027 2.7367973980 0.0355358339
0.7400000000 0.3963025045 0.0005097704 1.0947535052 6.9060472325 0.3963025045 0.0002020233 2.7368838145 0.0331110065
0.7420000000 0.3963146246 0.0005690250 1.0947996071 6.9061268808 0.3963146246 0.0002255129 2.7369990820 0.0261337087
0.7440000000 0.3963299093 0.0006440050 1.0948579682 6.9062287209 0.3963299093 0.0002552385 2.7371450027 0.0161249991
0.7460000000 0.3963477271 0.0007315743 1.0949261455 6.9063483468 0.3963477271 0.0002899578 2.7373154699 0.0053791271
0.7480000000 0.3963667193 0.0008249897 1.0949988843 6.9064762821 0.3963667193 0.0003269985 2.7374973457 0.0032552123
0.7500000000 0.3963854584 0.0009171673 1.0950706631 6.9066025668 0.3963854584 0.0003635518 2.7376768245 0.0078402841
0.7520000000 0.3964031084 0.0010039586 1.0951382476 6.9067213670 0.3964031084 0.0003979723 2.7378458189 0.0066738519
0.7540000000 0.3964196877 0.0010854551 1.0952017085 6.9068328087 0.3964196877 0.0004302958 2.7380045047 0.0012399598
0.7560000000 0.3964361202 0.0011662409 1.0952646191 6.9069433330 0.3964361202 0.0004623400 2.7381618174 0.0130447306
0.7580000000 0.3964540027 0.0012542356 1.0953331543 6.9070640713 0.3964540027 0.0004972467 2.7383331976 0.0249573515
0.7600000000 0.3964755348 0.0013603500 1.0954158230 6.9072103668 0.3964755348 0.0005393455 2.7385399243 0.0345268598
0.7620000000 0.3965037902 0.0014998268 1.0955245144 6.9074036610 0.3965037902 0.0005946870 2.7388117319 0.0408459370
0.7640000000 0.3965431665 0.0016944728 1.0956762425 6.9076746411 0.3965431665 0.0006719316 2.7391911756 0.0440909368
0.7660000000 0.3965999109 0.0019752553 1.0958951790 6.9080669108 0.3965999109 0.0007833861 2.7397387211 0.0448995712
0.7680000000 0.3966826181 0.0023847636 1.0962145879 6.9086404910 0.3966826181 0.0009459943 2.7405375977 0.0439537766
0.7700000000 0.3968025687 0.0029788548 1.0966781424 6.9094742132 0.3968025687 0.0011820172 2.7416971164 0.0418154362
0.7720000000 0.3969737407 0.0038266673 1.0973399905 6.9106658742 0.3969737407 0.0015190864 2.7433528828 0.0389056965
0.7740000000 0.3972123487 0.0050082576 1.0982630024 6.9123291277 0.3972123487 0.0019893418 2.7456624877 0.0355342360
0.7760000000 0.3975358471 0.0066095499 1.0995149558 6.9145866788 0.3975358471 0.0026275330 2.7487960728 0.0319332311
0.7780000000 0.3979614821 0.0087150262 1.1011629830 6.9175603531 0.3979614821 0.0034682447 2.7529225704 0.0282816224
0.7800000000 0.3985046363 0.0113993950 1.1032672174 6.9213597137 0.3985046363 0.0045427117 2.7581939355 0.0247186403
0.7820000000 0.3991773122 0.0147199819 1.1058749564 6.9260715808 0.3991773122 0.0058758828 2.7647306375 0.0213498921
0.7840000000 0.3999870794 0.0187114999 1.1090165977 6.9317526955 0.3999870794 0.0074843582 2.7726115161 0.0182499012
0.7860000000 0.4009366828 0.0233841770 1.1127040926 6.9384268655 0.4009366828 0.0093755744 2.7818698516 0.0154641107
0.7880000000 0.4020243136 0.0287252561 1.1169319406 6.9460866429 0.4020243136 0.0115482514 2.7924957147 0.0130119906
0.7900000000 0.4032443869 0.0347030485 1.1216801229 6.9546984716 0.4032443869 0.0139938095 2.8044431211 0.0108916058
0.7920000000 0.4045885857 0.0412723129 1.1269180644 6.9642096914 0.4045885857 0.0166983067 2.8176397499 0.0090851321
0.7940000000 0.4060469396 0.0483797783 1.1326087405 6.9745558266 0.4060469396 0.0196444609 2.8319970487 0.0075644800
0.7960000000 0.4076087720 0.0559689671 1.1387122948 6.9856670289 0.4076087720 0.0228134419 2.8474191595 0.0062962792
0.7980000000 0.4092634331 0.0639838996 1.1451888444 6.9974730932 0.4092634331 0.0261862704 2.8638098608 0.0052457792
0.8000000000 0.4110008014 0.0723716088 1.1520004105 7.0099069288 0.4110008014 0.0297447892 2.8810773653 0.0043795513
0.8020000000 0.4128115829 0.0810836126 1.1591120753 7.0229066582 0.4128115829 0.0334722544 2.8991372139 0.0036671076
0.8040000000 0.4146874513 0.0900765818 1.1664925363 7.0364166438 0.4146874513 0.0373536281 2.9179136843 0.0030816740
0.8060000000 0.4166210790 0.0993124515 1.1741142388 7.0503877607 0.4166210790 0.0413756607 2.9373401561 0.0026003729
0.8080000000 0.4186060976 0.1087581834 1.1819532406 7.0647771887 0.4186060976 0.0455268387 2.9573588096 0.0022040430
0.8100000000 0.4206370207 0.1183853374 1.1899889267 7.0795479306 0.4206370207 0.0497972556 2.9779199491 0.0018768650
0.8120000000 0.4227091479 0.1281695611 1.1982036548 7.0946682037 0.4227091479 0.0541784459 2.9989811508 0.0016059107
0.8140000000 0.4248184666 0.1380900655 1.2065823852 7.1101107976 0.4248184666 0.0586632099 3.0205063662 0.0013806871
0.8160000000 0.4269615567 0.1481291267 1.2151123242 7.1258524540 0.4269615567 0.0632454425 3.0424650565 0.0011927141
0.8180000000 0.4291355044 0.1582716338 1.2237825988 7.1418732972 0.4291355044 0.0679199774 3.0648313999 0.0010351535
0.8200000000 0.4313378257 0.1685046906 1.2325839681 7.1581563283 0.4313378257 0.0726824469 3.0875835870 0.0009024956
0.8220000000 0.4335664002 0.1788172718 1.2415085731 7.1746869865 0.4335664002 0.0775291608 3.1107032094 0.0007902978
0.8240000000 0.4358194144 0.1891999300 1.2505497225 7.1914527719 0.4358194144 0.0824570027 3.1341747358 0.0006949733
0.8260000000 0.4380953140 0.1996445478 1.2597017112 7.2084429265 0.4380953140 0.0874633409 3.1579850677 0.0006136191
0.8280000000 0.4403927637 0.2101441304 1.2689596681 7.2256481647 0.4403927637 0.0925459543 3.1821231647 0.0005438795
0.8300000000 0.4427106130 0.2206926306 1.2783194270 7.2430604471 0.4427106130 0.0977029698 3.2065797302 0.0004838364
0.8320000000 0.4450478682 0.2312848042 1.2877774201 7.2606727911 0.4450478682 0.1029328091 3.2313469477 0.0004319227
0.8340000000 0.4474036691 0.2419160879 1.2973305878 7.2784791118 0.4474036691 0.1082341453 3.2564182600 0.0003868532
0.8360000000 0.4497772684 0.2525824975 1.3069763031 7.2964740892 0.4497772684 0.1136058658 3.2817881845 0.0003475701
0.8380000000 0.4521680157 0.2632805436 1.3167123093 7.3146530567 0.4521680157 0.1190470410 3.3074521582 0.0003131988
0.8400000000 0.4545753436 0.2740071593 1.3265366665 7.3330119069 0.4545753436 0.1245568986 3.3334064072 0.0002830137
0.8420000000 0.4569987557 0.2847596411 1.3364477071 7.3515470134 0.4569987557 0.1301348016 3.3596478376 0.0002564104
0.8440000000 0.4594378169 0.2955355979 1.3464439987 7.3702551639 0.4594378169 0.1357802299 3.3861739426 0.0002328833
0.8460000000 0.4618921451 0.3063329087 1.3565243119 7.3891335041 0.4618921451 0.1414927643 3.4129827248 0.0002120077
0.8480000000 0.4643614041 0.3171496864 1.3666875935 7.4081794898 0.4643614041 0.1472720737 3.4400726299 0.0001934260
0.8500000000 0.4668452976 0.3279842470 1.3769329439 7.4273908464 0.4668452976 0.1531179034 3.4674424900 0.0001768352
0.8520000000 0.4693435640 0.3388350837 1.3872595973 7.4467655347 0.4693435640 0.1590300658 3.4950914761 0.0001619784
0.8540000000 0.4718559721 0.3497008444 1.3976669051 7.4663017206 0.4718559721 0.1650084319 3.5230190566 0.0001486365
0.8560000000 0.4743823176 0.3605803128 1.4081543216 7.4859977503 0.4743823176 0.1710529245 3.5512249626 0.0001366221
0.8580000000 0.4769224194 0.3714723918 1.4187213920 7.5058521285 0.4769224194 0.1771635118 3.5797091568 0.0001257745
0.8600000000 0.4794761171 0.3823760894 1.4293677414 7.5258634989 0.4794761171 0.1833402026 3.6084718084 0.0001159553
0.8620000000 0.4820432686 0.3932905064 1.4400930658 7.5460306290 0.4820432686 0.1895830412 3.6375132697 0.0001070452
0.8640000000 0.4846237481 0.4042148260 1.4508971241 7.5663523948 0.4846237481 0.1958921040 3.6668340567 0.0000989405
0.8660000000 0.4872174438 0.4151483042 1.4617797314 7.5868277696 0.4872174438 0.2022674956 3.6964348325 0.0000915513
0.8680000000 0.4898242571 0.4260902623 1.4727407527 7.6074558123 0.4898242571 0.2087093462 3.7263163918 0.0000847993
0.8700000000 0.4924441006 0.4370400793 1.4837800977 7.6282356589 0.4924441006 0.2152178088 3.7564796484 0.0000786160
0.8720000000 0.4950768972 0.4479971862 1.4948977163 7.6491665136 0.4950768972 0.2217930569 3.7869256234 0.0000729415
0.8740000000 0.4977225787 0.4589610605 1.5060935944 7.6702476421 0.4977225787 0.2284352825 3.8176554357 0.0000677230
0.8760000000 0.5003810854 0.4699312211 1.5173677504 7.6914783648 0.5003810854 0.2351446945 3.8486702926 0.0000629142
0.8780000000 0.5030523648 0.4809072246 1.5287202320 7.7128580514 0.5030523648 0.2419215166 3.8799714825 0.0000584740
0.8800000000 0.5057363712 0.4918886614 1.5401511134 7.7343861162 0.5057363712 0.2487659867 3.9115603675 0.0000543662
0.8820000000 0.5084330645 0.5028751523 1.5516604929 7.7560620129 0.5084330645 0.2556783548 3.9434383779 0.0000505587
0.8840000000 0.5111424106 0.5138663457 1.5632484905 7.7778852314 0.5111424106 0.2626588827 3.9756070063 0.0000470228
0.8860000000 0.5138643797 0.5248619149 1.5749152462 7.7998552942 0.5138643797 0.2697078424 4.0080678028 0.0000437330
0.8880000000 0.5165989470 0.5358615559 1.5866609180 7.8219717529 0.5165989470 0.2768255155 4.0408223707 0.0000406665
0.8900000000 0.5193460912 0.5468649853 1.5984856804 7.8442341855 0.5193460912 0.2840121925 4.0738723627 0.0000378030
0.8920000000 0.5221057951 0.5578719382 1.6103897230 7.8666421943 0.5221057951 0.2912681718 4.1072194773 0.0000351243
0.8940000000 0.5248780445 0.5688821669 1.6223732493 7.8891954031 0.5248780445 0.2985937593 4.1408654557 0.0000326137
0.8960000000 0.5276628284 0.5798954393 1.6344364754 7.9118934553 0.5276628284 0.3059892677 4.1748120788 0.0000302566
0.8980000000 0.5304601386 0.5909115373 1.6465796289 7.9347360122 0.5304601386 0.3134550160 4.2090611650 0.0000280396
0.9000000000 0.5332699693 0.6019302558 1.6588029484 7.9577227514 0.5332699693 0.3209913290 4.2436145673 0.0000259506
0.9020000000 0.5360923170 0.6129514015 1.6711066820 7.9808533649 0.5360923170 0.3285985370 4.2784741718 0.0000239787
0.9040000000 0.5389271803 0.6239747920 1.6834910870 8.0041275578 0.5389271803 0.3362769752 4.3136418952 0.0000221137
0.9060000000 0.5417745597 0.6350002547 1.6959564289 8.0275450476 0.5417745597 0.3440269834 4.3491196834 0.0000203468
0.9080000000 0.5446344575 0.6460276263 1.7085029812 8.0511055620 0.5446344575 0.3518489058 4.3849095097 0.0000186695
0.9100000000 0.5475068774 0.6570567516 1.7211310240 8.0748088388 0.5475068774 0.3597430904 4.4210133732 0.0000170744
0.9120000000 0.5503918249 0.6680874830 1.7338408442 8.0986546245 0.5503918249 0.3677098889 4.4574332977 0.0000155546
0.9140000000 0.5532893063 0.6791196801 1.7466327347 8.1226426731 0.5532893063 0.3757496567 4.4941713300 0.0000141037
0.9160000000 0.5561993295 0.6901532087 1.7595069937 8.1467727460 0.5561993295 0.3838627520 4.5312295391 0.0000127160
0.9180000000 0.5591219033 0.7011879406 1.7724639246 8.1710446105 0.5591219033 0.3920495360 4.5686100149 0.0000113861
0.9200000000 0.5620570376 0.7122237530 1.7855038356 8.1954580394 0.5620570376 0.4003103727 4.6063148671 0.0000101089
0.9220000000 0.5650047429 0.7232605278 1.7986270391 8.2200128104 0.5650047429 0.4086456285 4.6443462242 0.0000088796
0.9240000000 0.5679650307 0.7342981517 1.8118338512 8.2447087053 0.5679650307 0.4170556723 4.6827062326 0.0000076937
0.9260000000 0.5709379131 0.7453365152 1.8251245918 8.2695455091 0.5709379131 0.4255408746 4.7213970556 0.0000065472
0.9280000000 0.5739234030 0.7563755126 1.8384995837 8.2945230101 0.5739234030 0.4341016082 4.7604208725 0.0000054361
0.9300000000 0.5769215136 0.7674150416 1.8519591529 8.3196409984 0.5769215136 0.4427382473 4.7997798774 0.0000043571
0.9320000000 0.5799322586 0.7784550026 1.8655036276 8.3448992661 0.5799322586 0.4514511679 4.8394762789 0.0000033071
0.9340000000 0.5829556520 0.7894952992 1.8791333384 8.3702976066 0.5829556520 0.4602407469 4.8795122990 0.0000022835
0.9360000000 0.5859917085 0.8005358371 1.8928486179 8.3958358138 0.5859917085 0.4691073628 4.9198901725 0.0000012841
0.9380000000 0.5890404425 0.8115765243 1.9066498007 8.4215136828 0.5890404425 0.4780513950 4.9606121465 0.0000003061
0.9400000000 0.5921018693 0.8226172711 1.9205372228 8.4473310076 0.5921018693 0.4870732239 5.0016804801 0.0000006485
0.9420000000 0.5951760037 0.8336579895 1.9345112217 8.4732875847 0.5951760037 0.4961732307 5.0430974433 0.0000015702
0.9440000000 0.5982628619 0.8446985943 1.9485721376 8.4993832057 0.5982628619 0.5053517985 5.0848653209 0.0000024580
0.9460000000 0.6013624588 0.8557390035 1.9627203132 8.5256176825 0.6013624588 0.5146093113 5.1269864127 0.0000033098
0.9480000000 0.6044748131 0.8667791387 1.9769560940 8.5519907900 0.6044748131 0.5239461579 5.1694630348 0.0000041270
0.9500000000 0.6075999371 0.8778189246 1.9912798262 8.5785023882 0.6075999371 0.5333627234 5.2122975117 0.0000048857
0.9520000000 0.6107378551 0.8888582920 2.0056918549 8.6051521717 0.6107378551 0.5428594067 5.2554921798 0.0000055664
0.9540000000 0.6138885664 0.8998971799 2.0201925170 8.6319401383 0.6138885664 0.5524365897 5.2990493571 0.0000060531
0.9560000000 0.6170521064 0.9109355470 2.0347821301 8.6588657428 0.6170521064 0.5620946981 5.3429713459 0.0000062237
0.9580000000 0.6202284344 0.9219733842 2.0494609661 8.6859292974 0.6202284344 0.5718341086 5.3872603294 0.0000056775
0.9600000000 0.6234175936 0.9330107544 2.0642292086 8.7131297086 0.6234175936 0.5816553193 5.4319183556 0.0000040371
0.9620000000 0.6266194388 0.9440478279 2.0790868817 8.7404678618 0.6266194388 0.5915587202 5.4769470666 0.0000004390
0.9640000000 0.6298339970 0.9550849639 2.0940337623 8.7679415760 0.6298339970 0.6015449803 5.5223476886 0.0000054479
0.9660000000 0.6330609030 0.9661227328 2.1090693012 8.7955528091 0.6330609030 0.6116145296 5.5681206035 0.0000140460
0.9680000000 0.6363001849 0.9771619447 2.1241926239 8.8232973462 0.6363001849 0.6217683261 5.6142657330 0.0000234390
0.9700000000 0.6395511880 0.9882034488 2.1394027265 8.8511795741 0.6395511880 0.6320066896 5.6607824115 0.0000311064
0.9720000000 0.6428142559 0.9992478840 2.1546989075 8.8791918581 0.6428142559 0.6423307850 5.7076711075 0.0000311118
0.9740000000 0.6460886324 1.0102951296 2.1700814564 8.9073440924 0.6460886324 0.6527401986 5.7549337628 0.0000205417
0.9760000000 0.6493756980 1.0213440786 2.1855520502 8.9356226858 0.6493756980 0.6632360239 5.8025762184 0.0000008574
0.9780000000 0.6526745715 1.0323926997 2.2011139091 8.9640482822 0.6526745715 0.6738164629 5.8506063714 0.0000262416
0.9800000000 0.6559879305 1.0434387050 2.2167699678 8.9925938809 0.6559879305 0.6844831967 5.8990330497 0.0000355675
0.9820000000 0.6593134018 1.0544814701 2.2325231948 9.0212993272 0.6593134018 0.6952337652 5.9478635483 0.0000495262
0.9840000000 0.6626543210 1.0655197297 2.2483704725 9.0501071476 0.6626543210 0.7060712530 5.9970926066 0.0000145739
0.9860000000 0.6660063947 1.0765598443 2.2643181321 9.0791016274 0.6660063947 0.7169957405 6.0467397417 0.0001242747
0.9880000000 0.6693723316 1.0875876412 2.2803431306 9.1081450853 0.6693723316 0.7280010752 6.0967403127 0.0002987768
0.9900000000 0.6727553297 1.0986456602 2.2965103939 9.1374843891 0.6727553297 0.7391197233 6.1472913230 0.0009535835
0.9920000000 0.6761307955 1.1096081252 2.3126363905 9.1666099842 0.6761307955 0.7502402244 6.1978273008 0.0027125173
0.9940000000 0.6795951784 1.1208458673 2.3292710370 9.1967452964 0.6795951784 0.7617214471 6.2500637606 0.0105387603
0.9960000000 0.6827690183 1.1310585632 2.3444792851 9.2240992465 0.6827690183 0.7722517448 6.2979291872 0.0540445405
0.9980000000 0.6877223914 1.1470084592 2.3684166080 9.2674531992 0.6877223914 0.7888234006 6.3734350767 0.2409092898
1.0000000000 0.6877223914 1.1470084592 2.3684166080 9.2674531992 0.6877223914 0.7888234006 6.3734350767 0.0000000000
