TITLE = "Correct 1D Riemann Exact Solution"
VARIABLES = "X", "Density", "Velocity", "Pressure"
ZONE T="Exact", I=101, F=POINT
0.000000000000000e+00	1.000000000000000e+00	-2.000000000000000e-01	5.000000000000000e-01
1.000000000000000e-02	1.000000000000000e+00	-2.000000000000000e-01	5.000000000000000e-01
2.000000000000000e-02	1.000000000000000e+00	-2.000000000000000e-01	5.000000000000000e-01
3.000000000000000e-02	1.000000000000000e+00	-2.000000000000000e-01	5.000000000000000e-01
4.000000000000000e-02	1.000000000000000e+00	-2.000000000000000e-01	5.000000000000000e-01
5.000000000000000e-02	1.000000000000000e+00	-2.000000000000000e-01	5.000000000000000e-01
6.000000000000000e-02	1.000000000000000e+00	-2.000000000000000e-01	5.000000000000000e-01
7.000000000000001e-02	1.000000000000000e+00	-2.000000000000000e-01	5.000000000000000e-01
8.000000000000000e-02	1.000000000000000e+00	-2.000000000000000e-01	5.000000000000000e-01
9.000000000000000e-02	1.000000000000000e+00	-2.000000000000000e-01	5.000000000000000e-01
1.000000000000000e-01	1.000000000000000e+00	-2.000000000000000e-01	5.000000000000000e-01
1.100000000000000e-01	1.000000000000000e+00	-2.000000000000000e-01	5.000000000000000e-01
1.200000000000000e-01	1.000000000000000e+00	-2.000000000000000e-01	5.000000000000000e-01
1.300000000000000e-01	1.000000000000000e+00	-2.000000000000000e-01	5.000000000000000e-01
1.400000000000000e-01	1.000000000000000e+00	-2.000000000000000e-01	5.000000000000000e-01
1.500000000000000e-01	1.000000000000000e+00	-2.000000000000000e-01	5.000000000000000e-01
1.600000000000000e-01	1.000000000000000e+00	-2.000000000000000e-01	5.000000000000000e-01
1.700000000000000e-01	1.000000000000000e+00	-2.000000000000000e-01	5.000000000000000e-01
1.800000000000000e-01	1.000000000000000e+00	-2.000000000000000e-01	5.000000000000000e-01
1.900000000000000e-01	1.000000000000000e+00	-2.000000000000000e-01	5.000000000000000e-01
2.000000000000000e-01	1.000000000000000e+00	-2.000000000000000e-01	5.000000000000000e-01
2.100000000000000e-01	1.000000000000000e+00	-2.000000000000000e-01	5.000000000000000e-01
2.200000000000000e-01	1.000000000000000e+00	-2.000000000000000e-01	5.000000000000000e-01
2.300000000000000e-01	1.000000000000000e+00	-2.000000000000000e-01	5.000000000000000e-01
2.400000000000000e-01	1.000000000000000e+00	-2.000000000000000e-01	5.000000000000000e-01
2.500000000000000e-01	1.000000000000000e+00	-2.000000000000000e-01	5.000000000000000e-01
2.600000000000000e-01	1.000000000000000e+00	-2.000000000000000e-01	5.000000000000000e-01
2.700000000000000e-01	1.000000000000000e+00	-2.000000000000000e-01	5.000000000000000e-01
2.800000000000000e-01	1.000000000000000e+00	-2.000000000000000e-01	5.000000000000000e-01
2.900000000000000e-01	1.000000000000000e+00	-2.000000000000000e-01	5.000000000000000e-01
3.000000000000000e-01	9.640151755116998e-01	-1.694499778882704e-01	4.749932337770872e-01
3.100000000000000e-01	9.166136864889382e-01	-1.277833112216037e-01	4.426198402113379e-01
3.200000000000000e-01	8.710954283661843e-01	-8.611664455493699e-02	4.121563854321746e-01
3.300000000000000e-01	8.274037206789810e-01	-4.444997788827029e-02	3.835080298949183e-01
3.400000000000000e-01	7.854830318393262e-01	-2.783311221603579e-03	3.565837395677560e-01
3.500000000000000e-01	7.452789673723499e-01	3.888335544506313e-02	3.312961702388884e-01
3.600000000000000e-01	7.067382581529974e-01	8.055002211172956e-02	3.075615541926661e-01
3.700000000000000e-01	6.982685161453088e-01	8.994949120119192e-02	3.024136945605278e-01
3.800000000000000e-01	6.982685161453088e-01	8.994949120119192e-02	3.024136945605278e-01
3.900000000000000e-01	6.982685161453088e-01	8.994949120119192e-02	3.024136945605278e-01
4.000000000000000e-01	6.982685161453088e-01	8.994949120119192e-02	3.024136945605278e-01
4.100000000000000e-01	6.982685161453088e-01	8.994949120119192e-02	3.024136945605278e-01
4.200000000000000e-01	6.982685161453088e-01	8.994949120119192e-02	3.024136945605278e-01
4.300000000000000e-01	6.982685161453088e-01	8.994949120119192e-02	3.024136945605278e-01
4.400000000000000e-01	6.982685161453088e-01	8.994949120119192e-02	3.024136945605278e-01
4.500000000000000e-01	6.982685161453088e-01	8.994949120119192e-02	3.024136945605278e-01
4.600000000000000e-01	6.982685161453088e-01	8.994949120119192e-02	3.024136945605278e-01
4.700000000000000e-01	6.982685161453088e-01	8.994949120119192e-02	3.024136945605278e-01
4.800000000000000e-01	6.982685161453088e-01	8.994949120119192e-02	3.024136945605278e-01
4.900000000000000e-01	6.982685161453088e-01	8.994949120119192e-02	3.024136945605278e-01
5.000000000000000e-01	6.982685161453088e-01	8.994949120119192e-02	3.024136945605278e-01
5.100000000000000e-01	6.982685161453088e-01	8.994949120119192e-02	3.024136945605278e-01
5.200000000000000e-01	3.491342588258197e-01	8.994949120119192e-02	3.024136945605278e-01
5.300000000000000e-01	3.491342588258197e-01	8.994949120119192e-02	3.024136945605278e-01
5.400000000000000e-01	3.491342588258197e-01	8.994949120119192e-02	3.024136945605278e-01
5.500000000000000e-01	3.491342588258197e-01	8.994949120119192e-02	3.024136945605278e-01
5.600000000000001e-01	3.491342588258197e-01	8.994949120119192e-02	3.024136945605278e-01
5.700000000000001e-01	3.491342588258197e-01	8.994949120119192e-02	3.024136945605278e-01
5.800000000000000e-01	3.491342588258197e-01	8.994949120119192e-02	3.024136945605278e-01
5.900000000000000e-01	3.491342588258197e-01	8.994949120119192e-02	3.024136945605278e-01
6.000000000000000e-01	3.491342588258197e-01	8.994949120119192e-02	3.024136945605278e-01
6.100000000000000e-01	3.491342588258197e-01	8.994949120119192e-02	3.024136945605278e-01
6.200000000000000e-01	3.491342588258197e-01	8.994949120119192e-02	3.024136945605278e-01
6.300000000000000e-01	3.491342588258197e-01	8.994949120119192e-02	3.024136945605278e-01
6.400000000000000e-01	3.491342588258197e-01	8.994949120119192e-02	3.024136945605278e-01
6.500000000000000e-01	3.491342588258197e-01	8.994949120119192e-02	3.024136945605278e-01
6.600000000000000e-01	3.491342588258197e-01	8.994949120119192e-02	3.024136945605278e-01
6.700000000000000e-01	3.491342588258197e-01	8.994949120119192e-02	3.024136945605278e-01
6.800000000000000e-01	3.491342588258197e-01	8.994949120119192e-02	3.024136945605278e-01
6.900000000000001e-01	3.491342588258197e-01	8.994949120119192e-02	3.024136945605278e-01
7.000000000000001e-01	3.491342588258197e-01	8.994949120119192e-02	3.024136945605278e-01
7.100000000000000e-01	3.491342588258197e-01	8.994949120119192e-02	3.024136945605278e-01
7.200000000000000e-01	3.491342588258197e-01	8.994949120119192e-02	3.024136945605278e-01
7.300000000000000e-01	3.491342588258197e-01	8.994949120119192e-02	3.024136945605278e-01
7.400000000000000e-01	3.514773406827478e-01	9.732003615006388e-02	3.052588493260689e-01
7.500000000000000e-01	3.649607826836430e-01	1.389867028167306e-01	3.217782439737187e-01
7.600000000000000e-01	3.788548894152098e-01	1.806533694833973e-01	3.390580448800496e-01
7.700000000000000e-01	3.931689709573037e-01	2.223200361500640e-01	3.571271997170770e-01
7.800000000000000e-01	4.079124770493727e-01	2.639867028167307e-01	3.760155311285838e-01
7.900000000000000e-01	4.230949981301990e-01	3.056533694833974e-01	3.957537564172597e-01
8.000000000000000e-01	4.387262663776388e-01	3.473200361500641e-01	4.163735075249614e-01
8.100000000000001e-01	4.548161567483639e-01	3.889867028167308e-01	4.379073513082647e-01
8.200000000000001e-01	4.713746880176008e-01	4.306533694833975e-01	4.603888101114709e-01
8.300000000000001e-01	4.884120238188696e-01	4.723200361500642e-01	4.838523826392330e-01
8.400000000000000e-01	5.000000000000000e-01	5.000000000000000e-01	5.000000000000000e-01
8.500000000000000e-01	5.000000000000000e-01	5.000000000000000e-01	5.000000000000000e-01
8.600000000000000e-01	5.000000000000000e-01	5.000000000000000e-01	5.000000000000000e-01
8.700000000000000e-01	5.000000000000000e-01	5.000000000000000e-01	5.000000000000000e-01
8.800000000000000e-01	5.000000000000000e-01	5.000000000000000e-01	5.000000000000000e-01
8.900000000000000e-01	5.000000000000000e-01	5.000000000000000e-01	5.000000000000000e-01
9.000000000000000e-01	5.000000000000000e-01	5.000000000000000e-01	5.000000000000000e-01
9.100000000000000e-01	5.000000000000000e-01	5.000000000000000e-01	5.000000000000000e-01
9.200000000000000e-01	5.000000000000000e-01	5.000000000000000e-01	5.000000000000000e-01
9.300000000000000e-01	5.000000000000000e-01	5.000000000000000e-01	5.000000000000000e-01
9.400000000000001e-01	5.000000000000000e-01	5.000000000000000e-01	5.000000000000000e-01
9.500000000000001e-01	5.000000000000000e-01	5.000000000000000e-01	5.000000000000000e-01
9.600000000000000e-01	5.000000000000000e-01	5.000000000000000e-01	5.000000000000000e-01
9.700000000000000e-01	5.000000000000000e-01	5.000000000000000e-01	5.000000000000000e-01
9.800000000000000e-01	5.000000000000000e-01	5.000000000000000e-01	5.000000000000000e-01
9.900000000000000e-01	5.000000000000000e-01	5.000000000000000e-01	5.000000000000000e-01
1.000000000000000e+00	5.000000000000000e-01	5.000000000000000e-01	5.000000000000000e-01
