TITLE = "1D Euler Filtered MacCormack Result"
VARIABLES = "x", "rho", "u", "p", "E", "rho_conserved", "rhou", "rhoE", "nu"
ZONE T="t=0.20000000", I=501, F=POINT
0.0000000000 1.0000000000 -0.2000000000 0.5000000000 1.2700000000 1.0000000000 -0.2000000000 1.2700000000 0.0000000000
0.0020000000 1.0000000000 -0.2000000000 0.5000000000 1.2700000000 1.0000000000 -0.2000000000 1.2700000000 0.0000000000
0.0040000000 1.0000000000 -0.2000000000 0.5000000000 1.2700000000 1.0000000000 -0.2000000000 1.2700000000 0.0000000000
0.0060000000 1.0000000000 -0.2000000000 0.5000000000 1.2700000000 1.0000000000 -0.2000000000 1.2700000000 0.0000000000
0.0080000000 1.0000000000 -0.2000000000 0.5000000000 1.2700000000 1.0000000000 -0.2000000000 1.2700000000 0.0000000000
0.0100000000 1.0000000000 -0.2000000000 0.5000000000 1.2700000000 1.0000000000 -0.2000000000 1.2700000000 0.0000000000
0.0120000000 1.0000000000 -0.2000000000 0.5000000000 1.2700000000 1.0000000000 -0.2000000000 1.2700000000 0.0000000000
0.0140000000 1.0000000000 -0.2000000000 0.5000000000 1.2700000000 1.0000000000 -0.2000000000 1.2700000000 0.0000000000
0.0160000000 1.0000000000 -0.2000000000 0.5000000000 1.2700000000 1.0000000000 -0.2000000000 1.2700000000 0.0000000000
0.0180000000 1.0000000000 -0.2000000000 0.5000000000 1.2700000000 1.0000000000 -0.2000000000 1.2700000000 0.0000000000
0.0200000000 1.0000000000 -0.2000000000 0.5000000000 1.2700000000 1.0000000000 -0.2000000000 1.2700000000 0.0000000000
0.0220000000 1.0000000000 -0.2000000000 0.5000000000 1.2700000000 1.0000000000 -0.2000000000 1.2700000000 0.0000000000
0.0240000000 1.0000000000 -0.2000000000 0.5000000000 1.2700000000 1.0000000000 -0.2000000000 1.2700000000 0.0000000000
0.0260000000 1.0000000000 -0.2000000000 0.5000000000 1.2700000000 1.0000000000 -0.2000000000 1.2700000000 0.0000000000
0.0280000000 1.0000000000 -0.2000000000 0.5000000000 1.2700000000 1.0000000000 -0.2000000000 1.2700000000 0.0000000000
0.0300000000 1.0000000000 -0.2000000000 0.5000000000 1.2700000000 1.0000000000 -0.2000000000 1.2700000000 0.0000000000
0.0320000000 1.0000000000 -0.2000000000 0.5000000000 1.2700000000 1.0000000000 -0.2000000000 1.2700000000 0.0000000000
0.0340000000 1.0000000000 -0.2000000000 0.5000000000 1.2700000000 1.0000000000 -0.2000000000 1.2700000000 0.0000000000
0.0360000000 1.0000000000 -0.2000000000 0.5000000000 1.2700000000 1.0000000000 -0.2000000000 1.2700000000 0.0000000000
0.0380000000 1.0000000000 -0.2000000000 0.5000000000 1.2700000000 1.0000000000 -0.2000000000 1.2700000000 0.0000000000
0.0400000000 1.0000000000 -0.2000000000 0.5000000000 1.2700000000 1.0000000000 -0.2000000000 1.2700000000 0.0000000000
0.0420000000 1.0000000000 -0.2000000000 0.5000000000 1.2700000000 1.0000000000 -0.2000000000 1.2700000000 0.0000000000
0.0440000000 1.0000000000 -0.2000000000 0.5000000000 1.2700000000 1.0000000000 -0.2000000000 1.2700000000 0.0000000000
0.0460000000 1.0000000000 -0.2000000000 0.5000000000 1.2700000000 1.0000000000 -0.2000000000 1.2700000000 0.0000000000
0.0480000000 1.0000000000 -0.2000000000 0.5000000000 1.2700000000 1.0000000000 -0.2000000000 1.2700000000 0.0000000000
0.0500000000 1.0000000000 -0.2000000000 0.5000000000 1.2700000000 1.0000000000 -0.2000000000 1.2700000000 0.0000000000
0.0520000000 1.0000000000 -0.2000000000 0.5000000000 1.2700000000 1.0000000000 -0.2000000000 1.2700000000 0.0000000000
0.0540000000 1.0000000000 -0.2000000000 0.5000000000 1.2700000000 1.0000000000 -0.2000000000 1.2700000000 0.0000000000
0.0560000000 1.0000000000 -0.2000000000 0.5000000000 1.2700000000 1.0000000000 -0.2000000000 1.2700000000 0.0000000000
0.0580000000 1.0000000000 -0.2000000000 0.5000000000 1.2700000000 1.0000000000 -0.2000000000 1.2700000000 0.0000000000
0.0600000000 1.0000000000 -0.2000000000 0.5000000000 1.2700000000 1.0000000000 -0.2000000000 1.2700000000 0.0000000000
0.0620000000 1.0000000000 -0.2000000000 0.5000000000 1.2700000000 1.0000000000 -0.2000000000 1.2700000000 0.0000000000
0.0640000000 1.0000000000 -0.2000000000 0.5000000000 1.2700000000 1.0000000000 -0.2000000000 1.2700000000 0.0000000000
0.0660000000 1.0000000000 -0.2000000000 0.5000000000 1.2700000000 1.0000000000 -0.2000000000 1.2700000000 0.0000000000
0.0680000000 1.0000000000 -0.2000000000 0.5000000000 1.2700000000 1.0000000000 -0.2000000000 1.2700000000 0.0000000000
0.0700000000 1.0000000000 -0.2000000000 0.5000000000 1.2700000000 1.0000000000 -0.2000000000 1.2700000000 0.0000000000
0.0720000000 1.0000000000 -0.2000000000 0.5000000000 1.2700000000 1.0000000000 -0.2000000000 1.2700000000 0.0000000000
0.0740000000 1.0000000000 -0.2000000000 0.5000000000 1.2700000000 1.0000000000 -0.2000000000 1.2700000000 0.0000000000
0.0760000000 1.0000000000 -0.2000000000 0.5000000000 1.2700000000 1.0000000000 -0.2000000000 1.2700000000 0.0000000000
0.0780000000 1.0000000000 -0.2000000000 0.5000000000 1.2700000000 1.0000000000 -0.2000000000 1.2700000000 0.0000000000
0.0800000000 1.0000000000 -0.2000000000 0.5000000000 1.2700000000 1.0000000000 -0.2000000000 1.2700000000 0.0000000000
0.0820000000 1.0000000000 -0.2000000000 0.5000000000 1.2700000000 1.0000000000 -0.2000000000 1.2700000000 0.0000000000
0.0840000000 1.0000000000 -0.2000000000 0.5000000000 1.2700000000 1.0000000000 -0.2000000000 1.2700000000 0.0000000000
0.0860000000 1.0000000000 -0.2000000000 0.5000000000 1.2700000000 1.0000000000 -0.2000000000 1.2700000000 0.0000000000
0.0880000000 1.0000000000 -0.2000000000 0.5000000000 1.2700000000 1.0000000000 -0.2000000000 1.2700000000 0.0000000000
0.0900000000 1.0000000000 -0.2000000000 0.5000000000 1.2700000000 1.0000000000 -0.2000000000 1.2700000000 0.0000000000
0.0920000000 1.0000000000 -0.2000000000 0.5000000000 1.2700000000 1.0000000000 -0.2000000000 1.2700000000 0.0000000000
0.0940000000 1.0000000000 -0.2000000000 0.5000000000 1.2700000000 1.0000000000 -0.2000000000 1.2700000000 0.0000000000
0.0960000000 1.0000000000 -0.2000000000 0.5000000000 1.2700000000 1.0000000000 -0.2000000000 1.2700000000 0.0000000000
0.0980000000 1.0000000000 -0.2000000000 0.5000000000 1.2700000000 1.0000000000 -0.2000000000 1.2700000000 0.0000000000
0.1000000000 1.0000000000 -0.2000000000 0.5000000000 1.2700000000 1.0000000000 -0.2000000000 1.2700000000 0.0000000000
0.1020000000 1.0000000000 -0.2000000000 0.5000000000 1.2700000000 1.0000000000 -0.2000000000 1.2700000000 0.0000000000
0.1040000000 1.0000000000 -0.2000000000 0.5000000000 1.2700000000 1.0000000000 -0.2000000000 1.2700000000 0.0000000000
0.1060000000 1.0000000000 -0.2000000000 0.5000000000 1.2700000000 1.0000000000 -0.2000000000 1.2700000000 0.0000000000
0.1080000000 1.0000000000 -0.2000000000 0.5000000000 1.2700000000 1.0000000000 -0.2000000000 1.2700000000 0.0000000000
0.1100000000 1.0000000000 -0.2000000000 0.5000000000 1.2700000000 1.0000000000 -0.2000000000 1.2700000000 0.0000000000
0.1120000000 1.0000000000 -0.2000000000 0.5000000000 1.2700000000 1.0000000000 -0.2000000000 1.2700000000 0.0000000000
0.1140000000 1.0000000000 -0.2000000000 0.5000000000 1.2700000000 1.0000000000 -0.2000000000 1.2700000000 0.0000000000
0.1160000000 1.0000000000 -0.2000000000 0.5000000000 1.2700000000 1.0000000000 -0.2000000000 1.2700000000 0.0000000000
0.1180000000 1.0000000000 -0.2000000000 0.5000000000 1.2700000000 1.0000000000 -0.2000000000 1.2700000000 0.0000000000
0.1200000000 1.0000000000 -0.2000000000 0.5000000000 1.2700000000 1.0000000000 -0.2000000000 1.2700000000 0.0000000000
0.1220000000 1.0000000000 -0.2000000000 0.5000000000 1.2700000000 1.0000000000 -0.2000000000 1.2700000000 0.0000000000
0.1240000000 1.0000000000 -0.2000000000 0.5000000000 1.2700000000 1.0000000000 -0.2000000000 1.2700000000 0.0000000000
0.1260000000 1.0000000000 -0.2000000000 0.5000000000 1.2700000000 1.0000000000 -0.2000000000 1.2700000000 0.0000000000
0.1280000000 1.0000000000 -0.2000000000 0.5000000000 1.2700000000 1.0000000000 -0.2000000000 1.2700000000 0.0000000000
0.1300000000 1.0000000000 -0.2000000000 0.5000000000 1.2700000000 1.0000000000 -0.2000000000 1.2700000000 0.0000000000
0.1320000000 1.0000000000 -0.2000000000 0.5000000000 1.2700000000 1.0000000000 -0.2000000000 1.2700000000 0.0000000000
0.1340000000 1.0000000000 -0.2000000000 0.5000000000 1.2700000000 1.0000000000 -0.2000000000 1.2700000000 0.0000000000
0.1360000000 1.0000000000 -0.2000000000 0.5000000000 1.2700000000 1.0000000000 -0.2000000000 1.2700000000 0.0000000000
0.1380000000 1.0000000000 -0.2000000000 0.5000000000 1.2700000000 1.0000000000 -0.2000000000 1.2700000000 0.0000000000
0.1400000000 1.0000000000 -0.2000000000 0.5000000000 1.2700000000 1.0000000000 -0.2000000000 1.2700000000 0.0000000000
0.1420000000 1.0000000000 -0.2000000000 0.5000000000 1.2700000000 1.0000000000 -0.2000000000 1.2700000000 0.0000000000
0.1440000000 1.0000000000 -0.2000000000 0.5000000000 1.2700000000 1.0000000000 -0.2000000000 1.2700000000 0.0000000000
0.1460000000 1.0000000000 -0.2000000000 0.5000000000 1.2700000000 1.0000000000 -0.2000000000 1.2700000000 0.0000000000
0.1480000000 1.0000000000 -0.2000000000 0.5000000000 1.2700000000 1.0000000000 -0.2000000000 1.2700000000 0.0000000000
0.1500000000 1.0000000000 -0.2000000000 0.5000000000 1.2700000000 1.0000000000 -0.2000000000 1.2700000000 0.0000000000
0.1520000000 1.0000000000 -0.2000000000 0.5000000000 1.2700000000 1.0000000000 -0.2000000000 1.2700000000 0.0000000000
0.1540000000 1.0000000000 -0.2000000000 0.5000000000 1.2700000000 1.0000000000 -0.2000000000 1.2700000000 0.0000000000
0.1560000000 1.0000000000 -0.2000000000 0.5000000000 1.2700000000 1.0000000000 -0.2000000000 1.2700000000 0.0000000000
0.1580000000 1.0000000000 -0.2000000000 0.5000000000 1.2700000000 1.0000000000 -0.2000000000 1.2700000000 0.0000000000
0.1600000000 1.0000000000 -0.2000000000 0.5000000000 1.2700000000 1.0000000000 -0.2000000000 1.2700000000 0.0000000000
0.1620000000 1.0000000000 -0.2000000000 0.5000000000 1.2700000000 1.0000000000 -0.2000000000 1.2700000000 0.0000000000
0.1640000000 1.0000000000 -0.2000000000 0.5000000000 1.2700000000 1.0000000000 -0.2000000000 1.2700000000 0.0000000000
0.1660000000 1.0000000000 -0.2000000000 0.5000000000 1.2700000000 1.0000000000 -0.2000000000 1.2700000000 0.0000000000
0.1680000000 1.0000000000 -0.2000000000 0.5000000000 1.2700000000 1.0000000000 -0.2000000000 1.2700000000 0.0000000000
0.1700000000 1.0000000000 -0.2000000000 0.5000000000 1.2700000000 1.0000000000 -0.2000000000 1.2700000000 0.0000000000
0.1720000000 1.0000000000 -0.2000000000 0.5000000000 1.2700000000 1.0000000000 -0.2000000000 1.2700000000 0.0000000000
0.1740000000 1.0000000000 -0.2000000000 0.5000000000 1.2700000000 1.0000000000 -0.2000000000 1.2700000000 0.0000000000
0.1760000000 1.0000000000 -0.2000000000 0.5000000000 1.2700000000 1.0000000000 -0.2000000000 1.2700000000 0.0000000000
0.1780000000 1.0000000000 -0.2000000000 0.5000000000 1.2700000000 1.0000000000 -0.2000000000 1.2700000000 0.0000000000
0.1800000000 1.0000000000 -0.2000000000 0.5000000000 1.2700000000 1.0000000000 -0.2000000000 1.2700000000 0.0000000000
0.1820000000 1.0000000000 -0.2000000000 0.5000000000 1.2700000000 1.0000000000 -0.2000000000 1.2700000000 0.0000000000
0.1840000000 1.0000000000 -0.2000000000 0.5000000000 1.2700000000 1.0000000000 -0.2000000000 1.2700000000 0.0000000000
0.1860000000 1.0000000000 -0.2000000000 0.5000000000 1.2700000000 1.0000000000 -0.2000000000 1.2700000000 0.0000000000
0.1880000000 1.0000000000 -0.2000000000 0.5000000000 1.2700000000 1.0000000000 -0.2000000000 1.2700000000 0.0000000000
0.1900000000 1.0000000000 -0.2000000000 0.5000000000 1.2700000000 1.0000000000 -0.2000000000 1.2700000000 0.0000000000
0.1920000000 1.0000000000 -0.2000000000 0.5000000000 1.2700000000 1.0000000000 -0.2000000000 1.2700000000 0.0000000001
0.1940000000 1.0000000000 -0.2000000000 0.5000000000 1.2700000000 1.0000000000 -0.2000000000 1.2700000000 0.0000000001
0.1960000000 1.0000000000 -0.2000000000 0.5000000000 1.2700000000 1.0000000000 -0.2000000000 1.2700000000 0.0000000004
0.1980000000 1.0000000000 -0.2000000000 0.5000000000 1.2700000000 1.0000000000 -0.2000000000 1.2700000000 0.0000000010
0.2000000000 1.0000000000 -0.2000000000 0.5000000000 1.2700000000 1.0000000000 -0.2000000000 1.2700000000 0.0000000027
0.2020000000 1.0000000000 -0.2000000000 0.5000000000 1.2700000000 1.0000000000 -0.2000000000 1.2700000000 0.0000000070
0.2040000000 1.0000000000 -0.2000000000 0.5000000000 1.2700000000 1.0000000000 -0.2000000000 1.2700000000 0.0000000180
0.2060000000 1.0000000000 -0.2000000000 0.5000000000 1.2700000000 1.0000000000 -0.2000000000 1.2700000000 0.0000000456
0.2080000000 1.0000000000 -0.2000000000 0.5000000000 1.2700000000 1.0000000000 -0.2000000000 1.2700000000 0.0000001140
0.2100000000 1.0000000000 -0.2000000000 0.5000000000 1.2700000000 1.0000000000 -0.2000000000 1.2700000000 0.0000002817
0.2120000000 1.0000000000 -0.2000000000 0.5000000000 1.2700000000 1.0000000000 -0.2000000000 1.2700000000 0.0000006874
0.2140000000 1.0000000000 -0.2000000000 0.5000000000 1.2700000000 1.0000000000 -0.2000000000 1.2699999999 0.0000016570
0.2160000000 0.9999999999 -0.1999999999 0.4999999999 1.2699999999 0.9999999999 -0.1999999999 1.2699999998 0.0000039436
0.2180000000 0.9999999997 -0.1999999998 0.4999999998 1.2699999998 0.9999999997 -0.1999999997 1.2699999995 0.0000092647
0.2200000000 0.9999999993 -0.1999999994 0.4999999995 1.2699999996 0.9999999993 -0.1999999993 1.2699999987 0.0000214719
0.2220000000 0.9999999984 -0.1999999987 0.4999999989 1.2699999990 0.9999999984 -0.1999999984 1.2699999970 0.0000490439
0.2240000000 0.9999999964 -0.1999999970 0.4999999975 1.2699999976 0.9999999964 -0.1999999962 1.2699999929 0.0001101889
0.2260000000 0.9999999916 -0.1999999930 0.4999999941 1.2699999944 0.9999999916 -0.1999999913 1.2699999838 0.0002425885
0.2280000000 0.9999999810 -0.1999999841 0.4999999867 1.2699999874 0.9999999810 -0.1999999804 1.2699999633 0.0005194197
0.2300000000 0.9999999578 -0.1999999647 0.4999999704 1.2699999718 0.9999999578 -0.1999999562 1.2699999182 0.0010666738
0.2320000000 0.9999999077 -0.1999999227 0.4999999354 1.2699999384 0.9999999077 -0.1999999043 1.2699998211 0.0020533263
0.2340000000 0.9999998030 -0.1999998352 0.4999998621 1.2699998686 0.9999998030 -0.1999997958 1.2699996184 0.0035942245
0.2360000000 0.9999995926 -0.1999996591 0.4999997148 1.2699997281 0.9999995926 -0.1999995777 1.2699992107 0.0055677997
0.2380000000 0.9999991878 -0.1999993204 0.4999994314 1.2699994580 0.9999991878 -0.1999991580 1.2699984264 0.0075753653
0.2400000000 0.9999984439 -0.1999986981 0.4999989107 1.2699989616 0.9999984439 -0.1999983869 1.2699969854 0.0092133735
0.2420000000 0.9999971329 -0.1999976012 0.4999979930 1.2699980867 0.9999971329 -0.1999970278 1.2699944455 0.0103282406
0.2440000000 0.9999948995 -0.1999957326 0.4999964296 1.2699965963 0.9999948995 -0.1999947125 1.2699901186 0.0109785459
0.2460000000 0.9999911954 -0.1999926335 0.4999938368 1.2699941244 0.9999911954 -0.1999908727 1.2699829427 0.0112893846
0.2480000000 0.9999851825 -0.1999876027 0.4999896278 1.2699901119 0.9999851825 -0.1999846394 1.2699712938 0.0113720418
0.2500000000 0.9999755942 -0.1999795805 0.4999829161 1.2699837134 0.9999755942 -0.1999746998 1.2699527184 0.0113057035
0.2520000000 0.9999605433 -0.1999669878 0.4999723806 1.2699736698 0.9999605433 -0.1999590978 1.2699235608 0.0111419572
0.2540000000 0.9999372599 -0.1999475068 0.4999560827 1.2699581326 0.9999372599 -0.1999349621 1.2698784553 0.0109130770
0.2560000000 0.9999017435 -0.1999177902 0.4999312223 1.2699344329 0.9999017435 -0.1998981470 1.2698096537 0.0106388192
0.2580000000 0.9998483162 -0.1998730861 0.4998938256 1.2698987826 0.9998483162 -0.1998427686 1.2697061594 0.0103310965
0.2600000000 0.9997690652 -0.1998067717 0.4998383554 1.2698459034 0.9997690652 -0.1997606294 1.2695526517 0.0099969951
0.2620000000 0.9996531793 -0.1997097960 0.4997572472 1.2697685851 0.9996531793 -0.1996405326 1.2693282031 0.0096406772
0.2640000000 0.9994861951 -0.1995700466 0.4996403835 1.2696571846 0.9994861951 -0.1994675066 1.2690048286 0.0092645808
0.2660000000 0.9992491990 -0.1993716758 0.4994745380 1.2694990968 0.9992491990 -0.1992219874 1.2685459556 0.0088701912
0.2680000000 0.9989180600 -0.1990944492 0.4992428438 1.2692782488 0.9989180600 -0.1988790409 1.2679049660 0.0084585542
0.2700000000 0.9984628062 -0.1987132060 0.4989243655 1.2689746933 0.9984628062 -0.1984077453 1.2670240333 0.0080306353
0.2720000000 0.9978472898 -0.1981975512 0.4984938780 1.2685643994 0.9978472898 -0.1977708893 1.2658335479 0.0075875824
0.2740000000 0.9970293074 -0.1975119127 0.4979219699 1.2680193535 0.9970293074 -0.1969251655 1.2642524578 0.0071309233
0.2760000000 0.9959613371 -0.1966160952 0.4971755868 1.2673080785 0.9959613371 -0.1958220290 1.2621898483 0.0066627109
0.2780000000 0.9945920129 -0.1954664308 0.4962190976 1.2663966516 0.9945920129 -0.1944093509 1.2595479949 0.0061856178
0.2800000000 0.9928683728 -0.1940175563 0.4950159083 1.2652502425 0.9928683728 -0.1926338954 1.2562269495 0.0057029772
0.2820000000 0.9907387914 -0.1922247524 0.4935305575 1.2638351095 0.9907387914 -0.1904445188 1.2521304689 0.0052187660
0.2840000000 0.9881563659 -0.1900466661 0.4917311237 1.2621208923 0.9881563659 -0.1877958230 1.2471727943 0.0047375252
0.2860000000 0.9850823894 -0.1874481323 0.4895916808 1.2600829514 0.9850823894 -0.1846518540 1.2412855247 0.0042642204
0.2880000000 0.9814894617 -0.1844027426 0.4870944781 1.2577044478 0.9814894617 -0.1809893485 1.2344236614 0.0038040459
0.2900000000 0.9773637909 -0.1808948086 0.4842315257 1.2549778599 0.9773637909 -0.1768000359 1.2265699186 0.0033621855
0.2920000000 0.9727063325 -0.1769204332 0.4810053370 1.2519057030 0.9727063325 -0.1720916257 1.2177366050 0.0029435463
0.2940000000 0.9675325939 -0.1724875373 0.4774287118 1.2485003379 0.9675325939 -0.1668873144 1.2079647704 0.0025524854
0.2960000000 0.9618711519 -0.1676148611 0.4735236038 1.2447829087 0.9618711519 -0.1612238995 1.1973207703 0.0021925577
0.2980000000 0.9557611401 -0.1623301143 0.4693192654 1.2407815890 0.9557611401 -0.1551488151 1.1858908261 0.0018663079
0.3000000000 0.9492491039 -0.1566675758 0.4648499621 1.2365294122 0.9492491039 -0.1487165559 1.1737744365 0.0015751346
0.3020000000 0.9423856773 -0.1506654876 0.4601525839 1.2320619967 0.9423856773 -0.1419849976 1.1610775793 0.0013192425
0.3040000000 0.9352224897 -0.1443635711 0.4552644457 1.2274154422 0.9352224897 -0.1350120584 1.1479065258 0.0010976936
0.3060000000 0.9278096036 -0.1378009155 0.4502214862 1.2226246011 0.9278096036 -0.1278530128 1.1343628465 0.0009085510
0.3080000000 0.9201936431 -0.1310143832 0.4450569717 1.2177218275 0.9201936431 -0.1205586026 1.1205398848 0.0007490953
0.3100000000 0.9124166363 -0.1240375731 0.4398007158 1.2127362176 0.9124166363 -0.1131739453 1.1065207003 0.0006160833
0.3120000000 0.9045154951 -0.1169002958 0.4344787513 1.2076932828 0.9045154951 -0.1057381290 1.0923772876 0.0005060138
0.3140000000 0.8965219966 -0.1096284651 0.4291133543 1.2026149610 0.8965219966 -0.0982843304 1.0781707659 0.0004153654
0.3160000000 0.8884631089 -0.1022442874 0.4237233066 1.1975198584 0.8884631089 -0.0908402775 1.0639522163 0.0003407847
0.3180000000 0.8803615223 -0.0947666377 0.4183242954 1.1924236237 0.8803615223 -0.0834289015 1.0497638767 0.0002792105
0.3200000000 0.8722362710 -0.0872115283 0.4129293691 1.1873393788 0.8722362710 -0.0760690582 1.0356404722 0.0002279369
0.3220000000 0.8641033664 -0.0795926054 0.4075493963 1.1822781515 0.8641033664 -0.0687762382 1.0216105307 0.0001846217
0.3240000000 0.8559763974 -0.0719216323 0.4021934942 1.1772492818 0.8559763974 -0.0615632197 1.0076975991 0.0001472547
0.3260000000 0.8478670757 -0.0642089405 0.3968694143 1.1722607852 0.8478670757 -0.0544406466 0.9939213239 0.0001140984
0.3280000000 0.8397857242 -0.0564638451 0.3915838836 1.1673196732 0.8397857242 -0.0474175311 0.9802983971 0.0000836102
0.3300000000 0.8317417187 -0.0486950330 0.3863429083 1.1624322365 0.8317417187 -0.0405016904 0.9668433862 0.0000543534
0.3320000000 0.8237438990 -0.0409109391 0.3811520518 1.1576043024 0.8237438990 -0.0337001365 0.9535694816 0.0000249005
0.3340000000 0.8158009731 -0.0331201323 0.3760167026 1.1528414787 0.8158009731 -0.0270194362 0.9404892001 0.0000061982
0.3360000000 0.8079218796 -0.0253317044 0.3709423218 1.1481494038 0.8079218796 -0.0204660382 0.9276150243 0.0000397361
0.3380000000 0.8001159963 -0.0175554582 0.3659345563 1.1435338009 0.8001159963 -0.0140464029 0.9149596864 0.0000768759
0.3400000000 0.7923934316 -0.0098022239 0.3609994195 1.1390006287 0.7923934316 -0.0077672178 0.9025366168 0.0001195240
0.3420000000 0.7847654720 -0.0020843600 0.3561435732 1.1345563351 0.7847654720 -0.0016357338 0.8903606378 0.0001700267
0.3440000000 0.7772451177 0.0055836493 0.3513746543 1.1302081310 0.7772451177 0.0043398641 0.8784487518 0.0002314189
0.3460000000 0.7698477302 0.0131844520 0.3467016638 1.1259643131 0.7698477302 0.0101500205 0.8668210708 0.0003076916
0.3480000000 0.7625918343 0.0206969056 0.3421354462 1.1218346560 0.7625918343 0.0157832912 0.8555019481 0.0004042182
0.3500000000 0.7555001009 0.0280949194 0.3376892716 1.1178308848 0.7555001009 0.0212257145 0.8445213463 0.0005282504
0.3520000000 0.7486005477 0.0353460418 0.3333795441 1.1139672447 0.7486005477 0.0264600662 0.8339164895 0.0006896556
0.3540000000 0.7419279358 0.0424097848 0.3292266209 1.1102611514 0.7419279358 0.0314650041 0.8237337643 0.0009017662
0.3560000000 0.7355252830 0.0492357915 0.3252556937 1.1067338809 0.7355252830 0.0362141695 0.8140307509 0.0011824132
0.3580000000 0.7294452408 0.0557621189 0.3214975802 1.1034111668 0.7294452408 0.0406754122 0.8048780242 0.0015549232
0.3600000000 0.7237508161 0.0619142309 0.3179891162 1.1003234481 0.7237508161 0.0448104751 0.7963599935 0.0020486927
0.3620000000 0.7185145239 0.0676057741 0.3147726047 1.0975053190 0.7185145239 0.0485757306 0.7885735118 0.0026987257
0.3640000000 0.7138146229 0.0727427074 0.3118935274 1.0949935305 0.7138146229 0.0519248082 0.7816223941 0.0035430837
0.3660000000 0.7097269808 0.0772325317 0.3093956606 1.0928228528 0.7097269808 0.0548140115 0.7756058639 0.0046174397
0.3680000000 0.7063119332 0.0809994351 0.3073132360 1.0910195309 0.7063119332 0.0572108676 0.7706001140 0.0059468350
0.3700000000 0.7035978806 0.0840034030 0.3056611977 1.0895932319 0.7035978806 0.0591046163 0.7666354887 0.0075369046
0.3720000000 0.7015669015 0.0862572093 0.3044267081 1.0885301243 0.7015669015 0.0605152030 0.7636767065 0.0093694587
0.3740000000 0.7001499005 0.0878325321 0.3035663782 1.0877907957 0.7001499005 0.0614959386 0.7616166174 0.0114080759
0.3760000000 0.6992364021 0.0888491892 0.3030122513 1.0873154979 0.6992364021 0.0621265874 0.7602905767 0.0136169966
0.3780000000 0.6986967358 0.0894500215 0.3026851713 1.0870355230 0.6986967358 0.0624984380 0.7595081716 0.0159943719
0.3800000000 0.6984072193 0.0897722041 0.3025099033 1.0868859687 0.6984072193 0.0626975554 0.7590890071 0.0186283281
0.3820000000 0.6982681504 0.0899266648 0.3024259045 1.0868147716 0.6982681504 0.0627929259 0.7588881404 0.0218236367
0.3840000000 0.6982101093 0.0899907494 0.3023910572 1.0867857722 0.6982101093 0.0628324510 0.7588048127 0.0265100392
0.3860000000 0.6981907203 0.0900116994 0.3023796630 1.0867769266 0.6981907203 0.0628453332 0.7587775652 0.0361470134
0.3880000000 0.6981869975 0.0900151450 0.3023777853 1.0867762865 0.6981869975 0.0628474038 0.7587730725 0.0464377254
0.3900000000 0.6981890342 0.0900121397 0.3023794146 1.0867786915 0.6981890342 0.0628454889 0.7587769650 0.0245568254
0.3920000000 0.6981960935 0.0900035051 0.3023841043 1.0867837591 0.6981960935 0.0628400956 0.7587881751 0.0133678673
0.3940000000 0.6982083852 0.0899890033 0.3023919837 1.0867916058 0.6982083852 0.0628310766 0.7588070122 0.0055270613
0.3960000000 0.6982235441 0.0899712704 0.3024016199 1.0868010057 0.6982235441 0.0628200593 0.7588300499 0.0032427291
0.3980000000 0.6982365465 0.0899559022 0.3024099705 1.0868093594 0.6982365465 0.0628104985 0.7588500138 0.0138617596
0.4000000000 0.6982435019 0.0899472329 0.3024146789 1.0868146518 0.6982435019 0.0628050709 0.7588612683 0.0220324106
0.4020000000 0.6982455725 0.0899439646 0.3024164506 1.0868174904 0.6982455725 0.0628029750 0.7588655008 0.0275127729
0.4040000000 0.6982452925 0.0899432693 0.3024168231 1.0868191960 0.6982452925 0.0628024644 0.7588663873 0.0268568165
0.4060000000 0.6982440997 0.0899435463 0.3024166670 1.0868205113 0.6982440997 0.0628025505 0.7588660095 0.0134590884
0.4080000000 0.6982424221 0.0899443165 0.3024162424 1.0868216622 0.6982424221 0.0628029374 0.7588649897 0.0047013859
0.4100000000 0.6982404915 0.0899453159 0.3024156932 1.0868227792 0.6982404915 0.0628034616 0.7588636716 0.0017777457
0.4120000000 0.6982386059 0.0899462035 0.3024152046 1.0868240336 0.6982386059 0.0628039117 0.7588624981 0.0076885271
0.4140000000 0.6982369803 0.0899467344 0.3024149097 1.0868255466 0.6982369803 0.0628041362 0.7588617878 0.0098203979
0.4160000000 0.6982355795 0.0899469458 0.3024147884 1.0868273034 0.6982355795 0.0628041578 0.7588614920 0.0068370703
0.4180000000 0.6982342561 0.0899470006 0.3024147521 1.0868292307 0.6982342561 0.0628040770 0.7588613993 0.0005566084
0.4200000000 0.6982328679 0.0899470494 0.3024147188 1.0868312686 0.6982328679 0.0628039863 0.7588613137 0.0036068403
0.4220000000 0.6982313301 0.0899471789 0.3024146415 1.0868333884 0.6982313301 0.0628039383 0.7588611224 0.0024325463
0.4240000000 0.6982296608 0.0899473653 0.3024145331 1.0868356056 0.6982296608 0.0628039184 0.7588608562 0.0011384479
0.4260000000 0.6982279300 0.0899475193 0.3024144421 1.0868379778 0.6982279300 0.0628038702 0.7588606314 0.0040522737
0.4280000000 0.6982261852 0.0899475799 0.3024144016 1.0868405441 0.6982261852 0.0628037556 0.7588605270 0.0033995096
0.4300000000 0.6982243973 0.0899475751 0.3024143966 1.0868432982 0.6982243973 0.0628035914 0.7588605068 0.0002587528
0.4320000000 0.6982224890 0.0899475782 0.3024143870 1.0868462236 0.6982224890 0.0628034219 0.7588604754 0.0027641092
0.4340000000 0.6982204073 0.0899476365 0.3024143472 1.0868493146 0.6982204073 0.0628032754 0.7588603711 0.0015749866
0.4360000000 0.6982181656 0.0899477265 0.3024142899 1.0868525940 0.6982181656 0.0628031366 0.7588602244 0.0012009253
0.4380000000 0.6982158005 0.0899477884 0.3024142476 1.0868561161 0.6982158005 0.0628029671 0.7588601131 0.0027135591
0.4400000000 0.6982133239 0.0899477961 0.3024142346 1.0868599110 0.6982133239 0.0628027497 0.7588600711 0.0011969411
0.4420000000 0.6982106934 0.0899477828 0.3024142328 1.0868639825 0.6982106934 0.0628025038 0.7588600549 0.0013654833
0.4440000000 0.6982078428 0.0899477971 0.3024142156 1.0868683433 0.6982078428 0.0628022574 0.7588600014 0.0017736155
0.4460000000 0.6982047508 0.0899478459 0.3024141794 1.0868730135 0.6982047508 0.0628020133 0.7588599015 0.0000505382
0.4480000000 0.6982014262 0.0899478920 0.3024141445 1.0868780484 0.6982014262 0.0628017465 0.7588598035 0.0016879301
0.4500000000 0.6981978699 0.0899479041 0.3024141277 1.0868835048 0.6981978699 0.0628014350 0.7588597479 0.0011386346
0.4520000000 0.6981940462 0.0899478956 0.3024141217 1.0868894130 0.6981940462 0.0628010852 0.7588597171 0.0007057961
0.4540000000 0.6981898842 0.0899479017 0.3024141076 1.0868958180 0.6981898842 0.0628007150 0.7588596653 0.0012567096
0.4560000000 0.6981853410 0.0899479316 0.3024140801 1.0869027686 0.6981853410 0.0628003273 0.7588595801 0.0000013316
0.4580000000 0.6981803926 0.0899479604 0.3024140530 1.0869103487 0.6981803926 0.0627999023 0.7588594940 0.0011508157
0.4600000000 0.6981750031 0.0899479667 0.3024140377 1.0869186537 0.6981750031 0.0627994219 0.7588594344 0.0006331601
0.4620000000 0.6981691070 0.0899479618 0.3024140281 1.0869277639 0.6981691070 0.0627988881 0.7588593863 0.0006301244
0.4640000000 0.6981626007 0.0899479694 0.3024140113 1.0869377962 0.6981626007 0.0627983082 0.7588593185 0.0007014319
0.4660000000 0.6981554036 0.0899479901 0.3024139871 1.0869488744 0.6981554036 0.0627976753 0.7588592301 0.0003315646
0.4680000000 0.6981474150 0.0899480036 0.3024139663 1.0869611924 0.6981474150 0.0627969662 0.7588591466 0.0007925077
0.4700000000 0.6981384989 0.0899480022 0.3024139532 1.0869749753 0.6981384989 0.0627961633 0.7588590776 0.0000480185
0.4720000000 0.6981285930 0.0899480006 0.3024139397 1.0869902931 0.6981285930 0.0627952711 0.7588590039 0.0005704292
0.4740000000 0.6981167025 0.0899480099 0.3024139199 1.0870086679 0.6981167025 0.0627942080 0.7588589069 0.0001044426
0.4760000000 0.6981057790 0.0899480205 0.3024138989 1.0870255389 0.6981057790 0.0627932330 0.7588588107 0.0005324001
0.4780000000 0.6980839130 0.0899480210 0.3024138828 1.0870594037 0.6980839130 0.0627912665 0.7588586822 0.0002711791
0.4800000000 0.6980826427 0.0899480168 0.3024138688 1.0870613239 0.6980826427 0.0627911493 0.7588586418 0.0003121533
0.4820000000 0.6980282726 0.0899480186 0.3024138510 1.0871456172 0.6980282726 0.0627862601 0.7588583773 0.0001794360
0.4840000000 0.6980379408 0.0899480235 0.3024138309 1.0871305442 0.6980379408 0.0627871331 0.7588583665 0.0003274088
0.4860000000 0.6979966547 0.0899480221 0.3024138137 1.0871945465 0.6979966547 0.0627834185 0.7588581564 0.0002525534
0.4880000000 0.6978285263 0.0899480161 0.3024137983 1.0874554549 0.6978285263 0.0627682915 0.7588574375 0.0001600144
0.4900000000 0.6980172702 0.0899480134 0.3024137805 1.0871624368 0.6980172702 0.0627852667 0.7588581563 0.0001085427
0.4920000000 0.6974914068 0.0899480124 0.3024137611 1.0879789671 0.6974914068 0.0627379657 0.7588559804 0.0002326056
0.4940000000 0.6975952775 0.0899480070 0.3024137434 1.0878175074 0.6975952775 0.0627473049 0.7588563559 0.0001575464
0.4960000000 0.6969986968 0.0899479988 0.3024137265 1.0887450771 0.6969986968 0.0626936379 0.7588538999 0.0000960254
0.4980000000 0.6962349828 0.0899479924 0.3024137080 1.0899348388 0.6962349828 0.0626249389 0.7588507637 0.0000054865
0.5000000000 0.6949168979 0.0899479858 0.3024136886 1.0919944313 0.6949168979 0.0625063753 0.7588453828 0.0001934359
0.5020000000 0.6917398658 0.0899479755 0.3024136703 1.0969911114 0.6917398658 0.0622206005 0.7588324842 0.0000592144
0.5040000000 0.6862507459 0.0899479642 0.3024136518 1.1057331985 0.6862507459 0.0617268575 0.7588102322 0.0000544785
0.5060000000 0.6762286357 0.0899479539 0.3024136325 1.1220607951 0.6762286357 0.0608253822 0.7587696407 0.0000922910
0.5080000000 0.6603298432 0.0899479418 0.3024136137 1.1489792336 0.6603298432 0.0593953103 0.7587052772 0.0001339766
0.5100000000 0.6370920434 0.0899479272 0.3024135954 1.1907403871 0.6370920434 0.0573051087 0.7586112263 0.0000197450
0.5120000000 0.6059254089 0.0899479122 0.3024135767 1.2517796562 0.6059254089 0.0545017255 0.7584851000 0.0000548298
0.5140000000 0.5681504113 0.0899478960 0.3024135589 1.3347385266 0.5681504113 0.0511039341 0.7583322428 0.0000729045
0.5160000000 0.5265511097 0.0899478785 0.3024135424 1.4398676688 0.5265511097 0.0473621552 0.7581639188 0.0000021857
0.5180000000 0.4852479807 0.0899478611 0.3024135268 1.5620812966 0.4852479807 0.0436470180 0.7579967949 0.0000587618
0.5200000000 0.4478988093 0.0899478425 0.3024135122 1.6920019725 0.4478988093 0.0402875315 0.7578456688 0.0000791212
0.5220000000 0.4170347618 0.0899478224 0.3024134984 1.8169247464 0.4170347618 0.0375113687 0.7577207789 0.0000447924
0.5240000000 0.3934749820 0.0899478014 0.3024134847 1.9254729581 0.3934749820 0.0353922095 0.7576254376 0.0000816346
0.5260000000 0.3767449047 0.0899477788 0.3024134715 2.0107975343 0.3767449047 0.0338873674 0.7575577254 0.0000422619
0.5280000000 0.3655798409 0.0899477554 0.3024134583 2.0720850575 0.3655798409 0.0328830861 0.7575125256 0.0000275065
0.5300000000 0.3585332552 0.0899477314 0.3024134452 2.1127300618 0.3585332552 0.0322492529 0.7574839865 0.0000274360
0.5320000000 0.3542922759 0.0899477069 0.3024134322 2.1379715244 0.3542922759 0.0318677778 0.7574667973 0.0000094540
0.5340000000 0.3518467867 0.0899476822 0.3024134192 2.1528031513 0.3518467867 0.0316478029 0.7574568712 0.0000399606
0.5360000000 0.3504893589 0.0899476567 0.3024134060 2.1611250871 0.3504893589 0.0315256965 0.7574513463 0.0000584248
0.5380000000 0.3497622814 0.0899476301 0.3024133925 2.1656090741 0.3497622814 0.0314602883 0.7574483704 0.0000779801
0.5400000000 0.3493866488 0.0899476021 0.3024133784 2.1679329112 0.3493866488 0.0314264913 0.7574468148 0.0000973060
0.5420000000 0.3492001609 0.0899475721 0.3024133637 2.1690884125 0.3492001609 0.0314097066 0.7574460226 0.0000918798
0.5440000000 0.3491123205 0.0899475402 0.3024133482 2.1696330469 0.3491123205 0.0314017945 0.7574456276 0.0000768934
0.5460000000 0.3490742877 0.0899475068 0.3024133322 2.1698688773 0.3490742877 0.0313983619 0.7574454326 0.0000330325
0.5480000000 0.3490605338 0.0899474726 0.3024133159 2.1699540968 0.3490605338 0.0313971128 0.7574453353 0.0000081081
0.5500000000 0.3490580896 0.0899474386 0.3024132997 2.1699691436 0.3490580896 0.0313968811 0.7574452838 0.0000067547
0.5520000000 0.3490605661 0.0899474047 0.3024132836 2.1699536584 0.3490605661 0.0313970920 0.7574452525 0.0000343470
0.5540000000 0.3490649138 0.0899473703 0.3024132673 2.1699265615 0.3490649138 0.0313974711 0.7574452282 0.0000889451
0.5560000000 0.3490697388 0.0899473341 0.3024132504 2.1698964992 0.3490697388 0.0313978924 0.7574452043 0.0001248928
0.5580000000 0.3490744437 0.0899472955 0.3024132325 2.1698671763 0.3490744437 0.0313983021 0.7574451775 0.0001513583
0.5600000000 0.3490788027 0.0899472538 0.3024132135 2.1698399917 0.3490788027 0.0313986797 0.7574451463 0.0001775450
0.5620000000 0.3490827559 0.0899472086 0.3024131932 2.1698153153 0.3490827559 0.0313990195 0.7574451100 0.0001624068
0.5640000000 0.3490863127 0.0899471599 0.3024131715 2.1697930892 0.3490863127 0.0313993224 0.7574450688 0.0000669173
0.5660000000 0.3490895083 0.0899471097 0.3024131493 2.1697731001 0.3490895083 0.0313995923 0.7574450246 0.0000695383
0.5680000000 0.3490923846 0.0899470607 0.3024131276 2.1697550958 0.3490923846 0.0313998339 0.7574449805 0.0001283483
0.5700000000 0.3490949810 0.0899470143 0.3024131070 2.1697388362 0.3490949810 0.0314000513 0.7574449379 0.0000348183
0.5720000000 0.3490973319 0.0899469689 0.3024130867 2.1697241031 0.3490973319 0.0314002469 0.7574448953 0.0001393070
0.5740000000 0.3490994665 0.0899469209 0.3024130655 2.1697107045 0.3490994665 0.0314004221 0.7574448493 0.0002566237
0.5760000000 0.3491014098 0.0899468678 0.3024130423 2.1696984783 0.3491014098 0.0314005784 0.7574447976 0.0002778406
0.5780000000 0.3491031836 0.0899468089 0.3024130169 2.1696872871 0.3491031836 0.0314007173 0.7574447394 0.0002814626
0.5800000000 0.3491048071 0.0899467441 0.3024129893 2.1696770125 0.3491048071 0.0314008407 0.7574446749 0.0003076626
0.5820000000 0.3491062963 0.0899466727 0.3024129592 2.1696675526 0.3491062963 0.0314009498 0.7574446034 0.0002540238
0.5840000000 0.3491076654 0.0899465956 0.3024129269 2.1696588213 0.3491076654 0.0314010460 0.7574445258 0.0000065146
0.5860000000 0.3491089284 0.0899465178 0.3024128943 2.1696507466 0.3491089284 0.0314011324 0.7574444471 0.0003443501
0.5880000000 0.3491100985 0.0899464469 0.3024128645 2.1696432679 0.3491100985 0.0314012130 0.7574443750 0.0004951461
0.5900000000 0.3491111860 0.0899463867 0.3024128388 2.1696363322 0.3491111860 0.0314012897 0.7574443132 0.0001861612
0.5920000000 0.3491121972 0.0899463311 0.3024128149 2.1696298838 0.3491121972 0.0314013613 0.7574442558 0.0004447198
0.5940000000 0.3491131354 0.0899462672 0.3024127878 2.1696238643 0.3491131354 0.0314014234 0.7574441898 0.0009110842
0.5960000000 0.3491140035 0.0899461842 0.3024127534 2.1696182257 0.3491140035 0.0314014725 0.7574441047 0.0008807561
0.5980000000 0.3491148066 0.0899460813 0.3024127113 2.1696129331 0.3491148066 0.0314015088 0.7574439996 0.0004941330
0.6000000000 0.3491155525 0.0899459664 0.3024126647 2.1696079624 0.3491155525 0.0314015358 0.7574438825 0.0001582550
0.6020000000 0.3491162481 0.0899458474 0.3024126165 2.1696032919 0.3491162481 0.0314015568 0.7574437611 0.0000710498
0.6040000000 0.3491168983 0.0899457266 0.3024125677 2.1695988982 0.3491168983 0.0314015731 0.7574436378 0.0000037839
0.6060000000 0.3491175072 0.0899456054 0.3024125187 2.1695947598 0.3491175072 0.0314015855 0.7574435141 0.0004086609
0.6080000000 0.3491180809 0.0899454926 0.3024124730 2.1695908636 0.3491180809 0.0314015978 0.7574433986 0.0010526041
0.6100000000 0.3491186269 0.0899454028 0.3024124361 2.1695872044 0.3491186269 0.0314016155 0.7574433058 0.0012154166
0.6120000000 0.3491191491 0.0899453399 0.3024124097 2.1695837704 0.3491191491 0.0314016405 0.7574432398 0.0000131727
0.6140000000 0.3491196424 0.0899452805 0.3024123845 2.1695805253 0.3491196424 0.0314016642 0.7574431771 0.0022171749
0.6160000000 0.3491200940 0.0899451763 0.3024123422 2.1695774117 0.3491200940 0.0314016684 0.7574430699 0.0037276121
0.6180000000 0.3491204914 0.0899449825 0.3024122655 2.1695743796 0.3491204914 0.0314016365 0.7574428736 0.0031016088
0.6200000000 0.3491208362 0.0899446993 0.3024121544 2.1695714201 0.3491208362 0.0314015686 0.7574425883 0.0005108984
0.6220000000 0.3491211514 0.0899443939 0.3024120348 2.1695685808 0.3491211514 0.0314014904 0.7574422810 0.0026947764
0.6240000000 0.3491214687 0.0899441596 0.3024119425 2.1695659313 0.3491214687 0.0314014371 0.7574420443 0.0050581201
0.6260000000 0.3491218061 0.0899440500 0.3024118983 2.1695635115 0.3491218061 0.0314014292 0.7574419315 0.0038780609
0.6280000000 0.3491221528 0.0899440284 0.3024118878 2.1695612845 0.3491221528 0.0314014528 0.7574419062 0.0019528518
0.6300000000 0.3491224732 0.0899439771 0.3024118660 2.1695591357 0.3491224732 0.0314014637 0.7574418513 0.0061896524
0.6320000000 0.3491227333 0.0899437852 0.3024117902 2.1695569619 0.3491227333 0.0314014201 0.7574416567 0.0053851391
0.6340000000 0.3491229270 0.0899434320 0.3024116523 2.1695547415 0.3491229270 0.0314013142 0.7574413017 0.0015865749
0.6360000000 0.3491230866 0.0899430163 0.3024114904 2.1695525553 0.3491230866 0.0314011835 0.7574408846 0.0018420436
0.6380000000 0.3491232506 0.0899426557 0.3024113498 2.1695504987 0.3491232506 0.0314010723 0.7574405224 0.0024128985
0.6400000000 0.3491234264 0.0899423718 0.3024112387 2.1695485870 0.3491234264 0.0314009890 0.7574402363 0.0004980351
0.6420000000 0.3491235882 0.0899420808 0.3024111248 2.1695467412 0.3491235882 0.0314009020 0.7574399431 0.0032298145
0.6440000000 0.3491237080 0.0899416912 0.3024109730 2.1695448771 0.3491237080 0.0314007767 0.7574395521 0.0026545058
0.6460000000 0.3491237860 0.0899412033 0.3024107835 2.1695429919 0.3491237860 0.0314006134 0.7574390632 0.0003312268
0.6480000000 0.3491238554 0.0899407189 0.3024105954 2.1695411706 0.3491238554 0.0314004505 0.7574385779 0.0030804194
0.6500000000 0.3491239483 0.0899403377 0.3024104469 2.1695394966 0.3491239483 0.0314003258 0.7574381952 0.0026831384
0.6520000000 0.3491240613 0.0899400473 0.3024103334 2.1695379573 0.3491240613 0.0314002346 0.7574379027 0.0025240087
0.6540000000 0.3491241462 0.0899396941 0.3024101957 2.1695364131 0.3491241462 0.0314001189 0.7574375478 0.0079528381
0.6560000000 0.3491241327 0.0899390548 0.3024099481 2.1695346658 0.3491241327 0.0313998945 0.7574369086 0.0091079236
0.6580000000 0.3491239617 0.0899379421 0.3024095185 2.1695325502 0.3491239617 0.0313994906 0.7574357989 0.0061934360
0.6600000000 0.3491236412 0.0899363809 0.3024089164 2.1695300866 0.3491236412 0.0313989168 0.7574342436 0.0012758101
0.6620000000 0.3491232716 0.0899346860 0.3024082630 2.1695275481 0.3491232716 0.0313982918 0.7574325554 0.0037697002
0.6640000000 0.3491229788 0.0899332532 0.3024077104 2.1695252776 0.3491229788 0.0313977652 0.7574311275 0.0086777147
0.6660000000 0.3491228450 0.0899323400 0.3024073576 2.1695234992 0.3491228450 0.0313974344 0.7574302163 0.0125104059
0.6680000000 0.3491228740 0.0899319589 0.3024072093 2.1695222232 0.3491228740 0.0313973040 0.7574298338 0.0040235530
0.6700000000 0.3491229495 0.0899317421 0.3024071242 2.1695211259 0.3491229495 0.0313972351 0.7574296146 0.0155215483
0.6720000000 0.3491228521 0.0899309949 0.3024068353 2.1695195941 0.3491228521 0.0313969654 0.7574288683 0.0207637717
0.6740000000 0.3491222457 0.0899286580 0.3024059351 2.1695166996 0.3491222457 0.0313960950 0.7574265422 0.0169852465
0.6760000000 0.3491207639 0.0899235757 0.3024039795 2.1695114294 0.3491207639 0.0313941874 0.7574214876 0.0106363546
0.6780000000 0.3491183414 0.0899155406 0.3024008887 2.1695036005 0.3491183414 0.0313911644 0.7574134986 0.0039369483
0.6800000000 0.3491154219 0.0899059520 0.3023972008 2.1694944379 0.3491154219 0.0313875544 0.7574039659 0.0019513814
0.6820000000 0.3491126758 0.0898969230 0.3023937280 2.1694857909 0.3491126758 0.0313841553 0.7573949895 0.0071602231
0.6840000000 0.3491106024 0.0898900279 0.3023910756 2.1694790380 0.3491106024 0.0313815618 0.7573881338 0.0133280233
0.6860000000 0.3491094285 0.0898859816 0.3023895185 2.1694748044 0.3491094285 0.0313800437 0.7573841092 0.0259748993
0.6880000000 0.3491091455 0.0898847553 0.3023890455 2.1694730626 0.3491091455 0.0313795901 0.7573828871 0.0420153784
0.6900000000 0.3491099872 0.0898870878 0.3023899406 2.1694744612 0.3491099872 0.0313804801 0.7573852015 0.0208735337
0.6920000000 0.3491121574 0.0898936223 0.3023924512 2.1694795664 0.3491121574 0.0313829564 0.7573916918 0.0027591834
0.6940000000 0.3491146838 0.0899012911 0.3023953979 2.1694856865 0.3491146838 0.0313858608 0.7573993094 0.0127491621
0.6960000000 0.3491163126 0.0899061366 0.3023972592 2.1694893482 0.3491163126 0.0313876989 0.7574041214 0.0493589969
0.6980000000 0.3491145252 0.0899002147 0.3023949811 2.1694835886 0.3491145252 0.0313854708 0.7573982329 0.0396702714
0.7000000000 0.3490989516 0.0898508169 0.3023759893 2.1694397451 0.3490989516 0.0313668260 0.7573491406 0.0255153281
0.7020000000 0.3490524647 0.0897039105 0.3023195176 2.1693104810 0.3490524647 0.0313113711 0.7572031701 0.0161855218
0.7040000000 0.3489629002 0.0894210839 0.3022108239 2.1690621999 0.3489629002 0.0312046408 0.7569222361 0.0087782524
0.7060000000 0.3488353359 0.0890182732 0.3020560775 2.1687089745 0.3488353359 0.0310527192 0.7565223236 0.0026555253
0.7080000000 0.3486920232 0.0885656206 0.3018822656 2.1683123241 0.3486920232 0.0308821254 0.7560732112 0.0021407088
0.7100000000 0.3485580780 0.0881423979 0.3017198328 2.1679416372 0.3485580780 0.0307227448 0.7556535702 0.0061675064
0.7120000000 0.3484506126 0.0878027021 0.3015895120 2.1676441670 0.3484506126 0.0305949053 0.7553169378 0.0105040464
0.7140000000 0.3483774288 0.0875712545 0.3015007469 2.1674414298 0.3483774288 0.0305078485 0.7550876725 0.0167818273
0.7160000000 0.3483383111 0.0874474303 0.3014532662 2.1673327971 0.3483383111 0.0304612902 0.7549650462 0.0354745926
0.7180000000 0.3483284765 0.0874161422 0.3014412686 2.1673050375 0.3483284765 0.0304495316 0.7549340619 0.0531127759
0.7200000000 0.3483714966 0.0875518792 0.3014933137 2.1674232338 0.3483714966 0.0305005792 0.7550684757 0.0298921461
0.7220000000 0.3485361903 0.0880720191 0.3016928209 2.1678775837 0.3485361903 0.0306962860 0.7555837941 0.0190276265
0.7240000000 0.3488932776 0.0891994116 0.3021256334 2.1688640138 0.3488932776 0.0311210751 0.7567020744 0.0131789608
0.7260000000 0.3494943179 0.0910951356 0.3028546079 2.1705263558 0.3494943179 0.0318372323 0.7585866282 0.0094350453
0.7280000000 0.3503635252 0.0938321911 0.3039097613 2.1729339179 0.3503635252 0.0328753773 0.7613167875 0.0068624638
0.7300000000 0.3514995893 0.0974014094 0.3052904524 2.1760863985 0.3514995893 0.0342365554 0.7648934754 0.0050390492
0.7320000000 0.3528832328 0.1017359701 0.3069744347 2.1799343876 0.3528832328 0.0359009180 0.7692622940 0.0037282922
0.7340000000 0.3544857504 0.1067391450 0.3089280753 2.1844025010 0.3544857504 0.0378375059 0.7743395597 0.0027791669
0.7360000000 0.3562757458 0.1123061704 0.3111144147 2.1894076184 0.3562757458 0.0400119646 0.7800328321 0.0020883205
0.7380000000 0.3582233247 0.1183378074 0.3134981869 2.1948702484 0.3582233247 0.0423913628 0.7862537177 0.0015828293
0.7400000000 0.3603021426 0.1247468964 0.3160482800 2.2007201154 0.3603021426 0.0449465741 0.7929241728 0.0012106880
0.7420000000 0.3624900358 0.1314602934 0.3187385070 2.2068979292 0.3624900358 0.0476530464 0.7999785093 0.0009347252
0.7440000000 0.3647688734 0.1384182814 0.3215474447 2.2133550510 0.3647688734 0.0504906806 0.8073630284 0.0007283767
0.7460000000 0.3671240626 0.1455728737 0.3244578564 2.2200522161 0.3671240626 0.0534433048 0.8150345888 0.0005726559
0.7480000000 0.3695439552 0.1528858179 0.3274559945 2.2269579796 0.3695439552 0.0564980299 0.8229588599 0.0004539726
0.7500000000 0.3720192802 0.1603267006 0.3305309303 2.2340472197 0.3720192802 0.0596446237 0.8311086385 0.0003625693
0.7520000000 0.3745426506 0.1678713117 0.3336739717 2.2412998346 0.3745426506 0.0628749660 0.8394623808 0.0002914081
0.7540000000 0.3771081586 0.1755003034 0.3368781829 2.2486996660 0.3771081586 0.0661825963 0.8480029902 0.0002353831
0.7560000000 0.3797110508 0.1831981217 0.3401379997 2.2562336371 0.3797110508 0.0695623513 0.8567168452 0.0001907638
0.7580000000 0.3823474740 0.1909521682 0.3434489268 2.2638910737 0.3823474740 0.0730100792 0.8655930334 0.0001548034
0.7600000000 0.3850142760 0.1987521497 0.3468073019 2.2716631732 0.3850142760 0.0765224150 0.8746227520 0.0001254616
0.7620000000 0.3877088519 0.2065895734 0.3502101116 2.2795425916 0.3877088519 0.0800966063 0.8837988410 0.0001012084
0.7640000000 0.3904290231 0.2144573552 0.3536548480 2.2875231207 0.3904290231 0.0837303757 0.8931154174 0.0000808846
0.7660000000 0.3931729444 0.2223495150 0.3571393961 2.2955994354 0.3931729444 0.0874218135 0.9025675891 0.0000636014
0.7680000000 0.3959390288 0.2302609380 0.3606619452 2.3037668935 0.3959390288 0.0911692922 0.9121512265 0.0000486687
0.7700000000 0.3987258898 0.2381871853 0.3642209182 2.3120213762 0.3987258898 0.0949713974 0.9218627804 0.0000355423
0.7720000000 0.4015322927 0.2461243428 0.3678149133 2.3203591581 0.4015322927 0.0988268717 0.9316991327 0.0000237852
0.7740000000 0.4043571164 0.2540688984 0.3714426569 2.3287767994 0.4043571164 0.1027345671 0.9416574713 0.0000130387
0.7760000000 0.4071993198 0.2620176397 0.3751029627 2.3372710549 0.4071993198 0.1066934047 0.9517351838 0.0000029966
0.7780000000 0.4100579140 0.2699675675 0.3787946963 2.3458387906 0.4100579140 0.1107023376 0.9619297611 0.0000065611
0.7800000000 0.4129319404 0.2779158288 0.3825167473 2.3544769203 0.4129319404 0.1147603225 0.9722387232 0.0000157691
0.7820000000 0.4158204564 0.2858596821 0.3862680137 2.3631823810 0.4158204564 0.1188663035 0.9826595762 0.0000248480
0.7840000000 0.4187225158 0.2937964354 0.3900473751 2.3719520660 0.4187225158 0.1230191825 0.9931897363 0.0000340271
0.7860000000 0.4216371445 0.3017233814 0.3938536607 2.3807827534 0.4216371445 0.1272177850 1.0038264419 0.0000435363
0.7880000000 0.4245633168 0.3096377326 0.3976856176 2.3896710324 0.4245633168 0.1314608227 1.0145666595 0.0000536160
0.7900000000 0.4274999286 0.3175365540 0.4015418752 2.3986132240 0.4274999286 0.1357468542 1.0254069821 0.0000645297
0.7920000000 0.4304457697 0.3254166912 0.4054209062 2.4076052919 0.4304457697 0.1400742381 1.0363435130 0.0000765774
0.7940000000 0.4333994902 0.3332746897 0.4093209813 2.4166427399 0.4333994902 0.1444410806 1.0473717314 0.0000901112
0.7960000000 0.4363595623 0.3411067011 0.4132401156 2.4257204910 0.4363595623 0.1488451708 1.0584863317 0.0001055544
0.7980000000 0.4393242346 0.3489083742 0.4171760046 2.4348327413 0.4393242346 0.1532839044 1.0696810303 0.0001234230
0.8000000000 0.4422914761 0.3566747228 0.4211259457 2.4439727839 0.4422914761 0.1577541896 1.0809483302 0.0001443518
0.8020000000 0.4452589096 0.3643999683 0.4250867444 2.4531327949 0.4452589096 0.1622523326 1.0922792334 0.0001691235
0.8040000000 0.4482237298 0.3720773506 0.4290545985 2.4623035727 0.4482237298 0.1667738979 1.1036628914 0.0001986999
0.8060000000 0.4511826065 0.3796989026 0.4330249608 2.4714742273 0.4511826065 0.1713135406 1.1150861837 0.0002342533
0.8080000000 0.4541315694 0.3872551878 0.4369923754 2.4806318117 0.4541315694 0.1758648062 1.1265332177 0.0002771942
0.8100000000 0.4570658771 0.3947350017 0.4409502898 2.4897608992 0.4570658771 0.1804198998 1.1379847492 0.0003291908
0.8120000000 0.4599798712 0.4021250457 0.4448908457 2.4988431141 0.4599798712 0.1849694267 1.1494175338 0.0003921721
0.8140000000 0.4628668235 0.4094095905 0.4488046575 2.5078566378 0.4628668235 0.1895021167 1.1608036357 0.0004683097
0.8160000000 0.4657187878 0.4165701593 0.4526805953 2.5167757282 0.4657187878 0.1940045497 1.1721097414 0.0005599711
0.8180000000 0.4685264751 0.4235852724 0.4565055980 2.5255703105 0.4685264751 0.1984609146 1.1832965553 0.0006696403
0.8200000000 0.4712791755 0.4304303121 0.4602645502 2.5342057184 0.4712791755 0.2028528426 1.1943183816 0.0007998057
0.8220000000 0.4739647583 0.4370775755 0.4639402670 2.5426426827 0.4739647583 0.2071593674 1.2051230244 0.0009528214
0.8240000000 0.4765697820 0.4434965870 0.4675136332 2.5508376714 0.4765697820 0.2113570718 1.2156521530 0.0011307506
0.8260000000 0.4790797452 0.4496547345 0.4709639411 2.5587436815 0.4790797452 0.2154204756 1.2258422710 0.0013352072
0.8280000000 0.4814794979 0.4555182695 0.4742694581 2.5663115476 0.4814794979 0.2193227076 1.2356263953 0.0015672127
0.8300000000 0.4837538178 0.4610536705 0.4774082331 2.5734917829 0.4837538178 0.2230364733 1.2449364750 0.0018270835
0.8320000000 0.4858881317 0.4662293138 0.4803591137 2.5802368876 0.4858881317 0.2265352902 1.2537064807 0.0021143634
0.8340000000 0.4878693323 0.4710173347 0.4831029089 2.5865039720 0.4878693323 0.2297949126 1.2618759658 0.0024278088
0.8360000000 0.4896866175 0.4753955071 0.4856235920 2.5922574556 0.4896866175 0.2327948179 1.2693937852 0.0027654269
0.8380000000 0.4913322594 0.4793489321 0.4879094126 2.5974715480 0.4913322594 0.2355195938 1.2762215643 0.0031245643
0.8400000000 0.4928022057 0.4828713222 0.4899537780 2.6021321998 0.4928022057 0.2379600526 1.2823364875 0.0035020356
0.8420000000 0.4940964326 0.4859657040 0.4917557837 2.6062382558 0.4940964326 0.2401139207 1.2877330246 0.0038942798
0.8440000000 0.4952189934 0.4886444282 0.4933203142 2.6098016403 0.4952189934 0.2419860019 1.2924233412 0.0042975308
0.8460000000 0.4961777537 0.4909284730 0.4946576933 2.6128465328 0.4961777537 0.2435877870 1.2964363235 0.0047079871
0.8480000000 0.4969838451 0.4928461224 0.4957829315 2.6154076405 0.4969838451 0.2449365610 1.2998153458 0.0051219687
0.8500000000 0.4976509081 0.4944311844 0.4967146659 2.6175277901 0.4976509081 0.2460541279 1.3026150817 0.0055360500
0.8520000000 0.4981942190 0.4957209639 0.4974739306 2.6192551414 0.4981942190 0.2469653184 1.3048977694 0.0059471608
0.8540000000 0.4986298010 0.4967542153 0.4980828978 2.6206403447 0.4986298010 0.2476964555 1.3067293736 0.0063526522
0.8560000000 0.4989736086 0.4975692758 0.4985637185 2.6217339259 0.4989736086 0.2482739370 1.3081760377 0.0067503239
0.8580000000 0.4992408495 0.4982025240 0.4989375575 2.6225841117 0.4992408495 0.2487230513 1.3093011198 0.0071384156
0.8600000000 0.4994454835 0.4986872462 0.4992238754 2.6232352139 0.4994454835 0.2490670928 1.3101629797 0.0075155652
0.8620000000 0.4995999033 0.4990529257 0.4994399691 2.6237265995 0.4995999033 0.2493267935 1.3108135555 0.0078807355
0.8640000000 0.4997147857 0.4993249225 0.4996007536 2.6240922032 0.4997147857 0.2495200466 1.3112976731 0.0082331113
0.8660000000 0.4997990820 0.4995244737 0.4997187417 2.6243604869 0.4997990820 0.2496618734 1.3116529622 0.0085719649
0.8680000000 0.4998601123 0.4996689328 0.4998041704 2.6245547334 0.4998601123 0.2497645688 1.3119102237 0.0088964790
0.8700000000 0.4999037272 0.4997721618 0.4998652244 2.6246935557 0.4999037272 0.2498379664 1.3120940913 0.0092055105
0.8720000000 0.4999345049 0.4998450033 0.4999083098 2.6247915211 0.4999345049 0.2498897643 1.3122238496 0.0094972583
0.8740000000 0.4999559579 0.4998957741 0.4999383423 2.6248598072 0.4999559579 0.2499258706 1.3123142991 0.0097687778
0.8760000000 0.4999707319 0.4999307377 0.4999590253 2.6249068347 0.4999707319 0.2499507368 1.3123765913 0.0100152510
0.8780000000 0.4999807861 0.4999545311 0.4999731008 2.6249388387 0.4999807861 0.2499676595 1.3124189841 0.0102288649
0.8800000000 0.4999875477 0.4999705322 0.4999825669 2.6249603618 0.4999875477 0.2499790403 1.3124474940 0.0103970933
0.8820000000 0.4999920406 0.4999811645 0.4999888569 2.6249746636 0.4999920406 0.2499866027 1.3124664385 0.0105001066
0.8840000000 0.4999949891 0.4999881419 0.4999929847 2.6249840492 0.4999949891 0.2499915656 1.3124788710 0.0105070721
0.8860000000 0.4999968984 0.4999926603 0.4999956578 2.6249901270 0.4999968984 0.2499947794 1.3124869218 0.0103715150
0.8880000000 0.4999981167 0.4999955432 0.4999973633 2.6249940050 0.4999981167 0.2499968300 1.3124920588 0.0100274873
0.8900000000 0.4999988809 0.4999973517 0.4999984332 2.6249964376 0.4999988809 0.2499981163 1.3124952811 0.0093925363
0.8920000000 0.4999993507 0.4999984635 0.4999990910 2.6249979332 0.4999993507 0.2499989071 1.3124972622 0.0083908601
0.8940000000 0.4999996328 0.4999991310 0.4999994859 2.6249988310 0.4999996328 0.2499993819 1.3124984515 0.0070109532
0.8960000000 0.4999997975 0.4999995209 0.4999997166 2.6249993555 0.4999997975 0.2499996592 1.3124991463 0.0053772083
0.8980000000 0.4999998910 0.4999997421 0.4999998474 2.6249996531 0.4999998910 0.2499998166 1.3124995405 0.0037477980
0.9000000000 0.4999999426 0.4999998641 0.4999999196 2.6249998172 0.4999999426 0.2499999034 1.3124997579 0.0023833016
0.9020000000 0.4999999703 0.4999999297 0.4999999584 2.6249999054 0.4999999703 0.2499999500 1.3124998747 0.0014046428
0.9040000000 0.4999999849 0.4999999642 0.4999999788 2.6249999518 0.4999999849 0.2499999745 1.3124999362 0.0007823838
0.9060000000 0.4999999924 0.4999999820 0.4999999893 2.6249999758 0.4999999924 0.2499999872 1.3124999679 0.0004188815
0.9080000000 0.4999999962 0.4999999910 0.4999999947 2.6249999880 0.4999999962 0.2499999936 1.3124999840 0.0002181597
0.9100000000 0.4999999981 0.4999999956 0.4999999974 2.6249999941 0.4999999981 0.2499999969 1.3124999922 0.0001113576
0.9120000000 0.4999999991 0.4999999979 0.4999999987 2.6249999971 0.4999999991 0.2499999985 1.3124999962 0.0000559526
0.9140000000 0.4999999996 0.4999999990 0.4999999994 2.6249999986 0.4999999996 0.2499999993 1.3124999982 0.0000277420
0.9160000000 0.4999999998 0.4999999995 0.4999999997 2.6249999993 0.4999999998 0.2499999997 1.3124999991 0.0000135917
0.9180000000 0.4999999999 0.4999999998 0.4999999999 2.6249999997 0.4999999999 0.2499999998 1.3124999996 0.0000065851
0.9200000000 0.5000000000 0.4999999999 0.4999999999 2.6249999999 0.5000000000 0.2499999999 1.3124999998 0.0000031565
0.9220000000 0.5000000000 0.5000000000 0.5000000000 2.6249999999 0.5000000000 0.2500000000 1.3124999999 0.0000014973
0.9240000000 0.5000000000 0.5000000000 0.5000000000 2.6250000000 0.5000000000 0.2500000000 1.3125000000 0.0000007032
0.9260000000 0.5000000000 0.5000000000 0.5000000000 2.6250000000 0.5000000000 0.2500000000 1.3125000000 0.0000003269
0.9280000000 0.5000000000 0.5000000000 0.5000000000 2.6250000000 0.5000000000 0.2500000000 1.3125000000 0.0000001505
0.9300000000 0.5000000000 0.5000000000 0.5000000000 2.6250000000 0.5000000000 0.2500000000 1.3125000000 0.0000000686
0.9320000000 0.5000000000 0.5000000000 0.5000000000 2.6250000000 0.5000000000 0.2500000000 1.3125000000 0.0000000309
0.9340000000 0.5000000000 0.5000000000 0.5000000000 2.6250000000 0.5000000000 0.2500000000 1.3125000000 0.0000000139
0.9360000000 0.5000000000 0.5000000000 0.5000000000 2.6250000000 0.5000000000 0.2500000000 1.3125000000 0.0000000062
0.9380000000 0.5000000000 0.5000000000 0.5000000000 2.6250000000 0.5000000000 0.2500000000 1.3125000000 0.0000000026
0.9400000000 0.5000000000 0.5000000000 0.5000000000 2.6250000000 0.5000000000 0.2500000000 1.3125000000 0.0000000012
0.9420000000 0.5000000000 0.5000000000 0.5000000000 2.6250000000 0.5000000000 0.2500000000 1.3125000000 0.0000000005
0.9440000000 0.5000000000 0.5000000000 0.5000000000 2.6250000000 0.5000000000 0.2500000000 1.3125000000 0.0000000002
0.9460000000 0.5000000000 0.5000000000 0.5000000000 2.6250000000 0.5000000000 0.2500000000 1.3125000000 0.0000000001
0.9480000000 0.5000000000 0.5000000000 0.5000000000 2.6250000000 0.5000000000 0.2500000000 1.3125000000 0.0000000000
0.9500000000 0.5000000000 0.5000000000 0.5000000000 2.6250000000 0.5000000000 0.2500000000 1.3125000000 0.0000000000
0.9520000000 0.5000000000 0.5000000000 0.5000000000 2.6250000000 0.5000000000 0.2500000000 1.3125000000 0.0000000000
0.9540000000 0.5000000000 0.5000000000 0.5000000000 2.6250000000 0.5000000000 0.2500000000 1.3125000000 0.0000000000
0.9560000000 0.5000000000 0.5000000000 0.5000000000 2.6250000000 0.5000000000 0.2500000000 1.3125000000 0.0000000000
0.9580000000 0.5000000000 0.5000000000 0.5000000000 2.6250000000 0.5000000000 0.2500000000 1.3125000000 0.0000000000
0.9600000000 0.5000000000 0.5000000000 0.5000000000 2.6250000000 0.5000000000 0.2500000000 1.3125000000 0.0000000000
0.9620000000 0.5000000000 0.5000000000 0.5000000000 2.6250000000 0.5000000000 0.2500000000 1.3125000000 0.0000000000
0.9640000000 0.5000000000 0.5000000000 0.5000000000 2.6250000000 0.5000000000 0.2500000000 1.3125000000 0.0000000000
0.9660000000 0.5000000000 0.5000000000 0.5000000000 2.6250000000 0.5000000000 0.2500000000 1.3125000000 0.0000000000
0.9680000000 0.5000000000 0.5000000000 0.5000000000 2.6250000000 0.5000000000 0.2500000000 1.3125000000 0.0000000000
0.9700000000 0.5000000000 0.5000000000 0.5000000000 2.6250000000 0.5000000000 0.2500000000 1.3125000000 0.0000000000
0.9720000000 0.5000000000 0.5000000000 0.5000000000 2.6250000000 0.5000000000 0.2500000000 1.3125000000 0.0000000000
0.9740000000 0.5000000000 0.5000000000 0.5000000000 2.6250000000 0.5000000000 0.2500000000 1.3125000000 0.0000000000
0.9760000000 0.5000000000 0.5000000000 0.5000000000 2.6250000000 0.5000000000 0.2500000000 1.3125000000 0.0000000000
0.9780000000 0.5000000000 0.5000000000 0.5000000000 2.6250000000 0.5000000000 0.2500000000 1.3125000000 0.0000000000
0.9800000000 0.5000000000 0.5000000000 0.5000000000 2.6250000000 0.5000000000 0.2500000000 1.3125000000 0.0000000000
0.9820000000 0.5000000000 0.5000000000 0.5000000000 2.6250000000 0.5000000000 0.2500000000 1.3125000000 0.0000000000
0.9840000000 0.5000000000 0.5000000000 0.5000000000 2.6250000000 0.5000000000 0.2500000000 1.3125000000 0.0000000000
0.9860000000 0.5000000000 0.5000000000 0.5000000000 2.6250000000 0.5000000000 0.2500000000 1.3125000000 0.0000000000
0.9880000000 0.5000000000 0.5000000000 0.5000000000 2.6250000000 0.5000000000 0.2500000000 1.3125000000 0.0000000000
0.9900000000 0.5000000000 0.5000000000 0.5000000000 2.6250000000 0.5000000000 0.2500000000 1.3125000000 0.0000000000
0.9920000000 0.5000000000 0.5000000000 0.5000000000 2.6250000000 0.5000000000 0.2500000000 1.3125000000 0.0000000000
0.9940000000 0.5000000000 0.5000000000 0.5000000000 2.6250000000 0.5000000000 0.2500000000 1.3125000000 0.0000000000
0.9960000000 0.5000000000 0.5000000000 0.5000000000 2.6250000000 0.5000000000 0.2500000000 1.3125000000 0.0000000000
0.9980000000 0.5000000000 0.5000000000 0.5000000000 2.6250000000 0.5000000000 0.2500000000 1.3125000000 0.0000000000
1.0000000000 0.5000000000 0.5000000000 0.5000000000 2.6250000000 0.5000000000 0.2500000000 1.3125000000 0.0000000000
