TITLE = "1D Euler Filtered MacCormack Result"
VARIABLES = "x", "rho", "u", "p", "E", "rho_conserved", "rhou", "rhoE", "nu"
ZONE T="t=0.20000000", I=501, F=POINT
0.0000000000 0.4000000000 0.5000000000 1.0000000000 6.3750000000 0.4000000000 0.2000000000 2.5500000000 0.0000000000
0.0020000000 0.4000000000 0.5000000000 1.0000000000 6.3750000000 0.4000000000 0.2000000000 2.5500000000 0.0000000000
0.0040000000 0.4000000000 0.5000000000 1.0000000000 6.3750000000 0.4000000000 0.2000000000 2.5500000000 0.0000000000
0.0060000000 0.4000000000 0.5000000000 1.0000000000 6.3750000000 0.4000000000 0.2000000000 2.5500000000 0.0000000000
0.0080000000 0.4000000000 0.5000000000 1.0000000000 6.3750000000 0.4000000000 0.2000000000 2.5500000000 0.0000000000
0.0100000000 0.4000000000 0.5000000000 1.0000000000 6.3750000000 0.4000000000 0.2000000000 2.5500000000 0.0000000000
0.0120000000 0.4000000000 0.5000000000 1.0000000000 6.3750000000 0.4000000000 0.2000000000 2.5500000000 0.0000000000
0.0140000000 0.4000000000 0.5000000000 1.0000000000 6.3750000000 0.4000000000 0.2000000000 2.5500000000 0.0000000000
0.0160000000 0.4000000000 0.5000000000 1.0000000000 6.3750000000 0.4000000000 0.2000000000 2.5500000000 0.0000000000
0.0180000000 0.4000000000 0.5000000000 1.0000000000 6.3750000000 0.4000000000 0.2000000000 2.5500000000 0.0000000000
0.0200000000 0.4000000000 0.5000000000 1.0000000000 6.3750000000 0.4000000000 0.2000000000 2.5500000000 0.0000000000
0.0220000000 0.4000000000 0.5000000000 1.0000000000 6.3750000000 0.4000000000 0.2000000000 2.5500000000 0.0000000000
0.0240000000 0.4000000000 0.5000000000 1.0000000000 6.3750000000 0.4000000000 0.2000000000 2.5500000000 0.0000000000
0.0260000000 0.4000000000 0.5000000000 1.0000000000 6.3750000000 0.4000000000 0.2000000000 2.5500000000 0.0000000000
0.0280000000 0.4000000000 0.5000000000 1.0000000000 6.3750000000 0.4000000000 0.2000000000 2.5500000000 0.0000000000
0.0300000000 0.4000000000 0.5000000000 1.0000000000 6.3750000000 0.4000000000 0.2000000000 2.5500000000 0.0000000000
0.0320000000 0.4000000000 0.5000000000 1.0000000000 6.3750000000 0.4000000000 0.2000000000 2.5500000000 0.0000000000
0.0340000000 0.4000000000 0.5000000000 1.0000000000 6.3750000000 0.4000000000 0.2000000000 2.5500000000 0.0000000000
0.0360000000 0.4000000000 0.5000000000 1.0000000000 6.3750000000 0.4000000000 0.2000000000 2.5500000000 0.0000000000
0.0380000000 0.4000000000 0.5000000000 1.0000000000 6.3750000000 0.4000000000 0.2000000000 2.5500000000 0.0000000000
0.0400000000 0.4000000000 0.5000000000 1.0000000000 6.3750000000 0.4000000000 0.2000000000 2.5500000000 0.0000000000
0.0420000000 0.4000000000 0.5000000000 1.0000000000 6.3750000000 0.4000000000 0.2000000000 2.5500000000 0.0000000000
0.0440000000 0.4000000000 0.5000000000 1.0000000000 6.3750000000 0.4000000000 0.2000000000 2.5500000000 0.0000000000
0.0460000000 0.4000000000 0.5000000000 1.0000000000 6.3750000000 0.4000000000 0.2000000000 2.5500000000 0.0000000000
0.0480000000 0.4000000000 0.5000000000 1.0000000000 6.3750000000 0.4000000000 0.2000000000 2.5500000000 0.0000000000
0.0500000000 0.4000000000 0.5000000000 1.0000000000 6.3750000000 0.4000000000 0.2000000000 2.5500000000 0.0000000000
0.0520000000 0.4000000000 0.5000000000 1.0000000000 6.3750000000 0.4000000000 0.2000000000 2.5500000000 0.0000000000
0.0540000000 0.4000000000 0.5000000000 1.0000000000 6.3750000000 0.4000000000 0.2000000000 2.5500000000 0.0000000000
0.0560000000 0.4000000000 0.5000000000 1.0000000000 6.3750000000 0.4000000000 0.2000000000 2.5500000000 0.0000000000
0.0580000000 0.4000000000 0.5000000000 1.0000000000 6.3750000000 0.4000000000 0.2000000000 2.5500000000 0.0000000000
0.0600000000 0.4000000000 0.5000000000 1.0000000000 6.3750000000 0.4000000000 0.2000000000 2.5500000000 0.0000000000
0.0620000000 0.4000000000 0.5000000000 1.0000000000 6.3750000000 0.4000000000 0.2000000000 2.5500000000 0.0000000000
0.0640000000 0.4000000000 0.5000000000 1.0000000000 6.3750000000 0.4000000000 0.2000000000 2.5500000000 0.0000000000
0.0660000000 0.4000000000 0.5000000000 1.0000000000 6.3750000000 0.4000000000 0.2000000000 2.5500000000 0.0000000000
0.0680000000 0.4000000000 0.5000000000 1.0000000000 6.3750000000 0.4000000000 0.2000000000 2.5500000000 0.0000000000
0.0700000000 0.4000000000 0.5000000000 1.0000000000 6.3750000000 0.4000000000 0.2000000000 2.5500000000 0.0000000000
0.0720000000 0.4000000000 0.5000000000 1.0000000000 6.3750000000 0.4000000000 0.2000000000 2.5500000000 0.0000000000
0.0740000000 0.4000000000 0.5000000000 1.0000000000 6.3750000000 0.4000000000 0.2000000000 2.5500000000 0.0000000000
0.0760000000 0.4000000000 0.5000000000 1.0000000000 6.3750000000 0.4000000000 0.2000000000 2.5500000000 0.0000000000
0.0780000000 0.4000000000 0.5000000000 1.0000000000 6.3750000000 0.4000000000 0.2000000000 2.5500000000 0.0000000000
0.0800000000 0.4000000000 0.5000000000 1.0000000000 6.3750000000 0.4000000000 0.2000000000 2.5500000000 0.0000000000
0.0820000000 0.4000000000 0.5000000000 1.0000000000 6.3750000000 0.4000000000 0.2000000000 2.5500000000 0.0000000000
0.0840000000 0.4000000000 0.5000000000 1.0000000000 6.3750000000 0.4000000000 0.2000000000 2.5500000000 0.0000000000
0.0860000000 0.4000000000 0.5000000000 1.0000000000 6.3750000000 0.4000000000 0.2000000000 2.5500000000 0.0000000000
0.0880000000 0.4000000000 0.5000000000 1.0000000000 6.3750000000 0.4000000000 0.2000000000 2.5500000000 0.0000000000
0.0900000000 0.4000000000 0.5000000000 1.0000000000 6.3750000000 0.4000000000 0.2000000000 2.5500000000 0.0000000000
0.0920000000 0.4000000000 0.5000000000 1.0000000000 6.3750000000 0.4000000000 0.2000000000 2.5500000000 0.0000000000
0.0940000000 0.4000000000 0.5000000000 1.0000000000 6.3750000000 0.4000000000 0.2000000000 2.5500000000 0.0000000000
0.0960000000 0.4000000000 0.5000000000 1.0000000000 6.3750000000 0.4000000000 0.2000000000 2.5500000000 0.0000000000
0.0980000000 0.4000000000 0.5000000000 1.0000000000 6.3750000000 0.4000000000 0.2000000000 2.5500000000 0.0000000000
0.1000000000 0.4000000000 0.5000000000 1.0000000000 6.3750000000 0.4000000000 0.2000000000 2.5500000000 0.0000000000
0.1020000000 0.4000000000 0.5000000000 1.0000000000 6.3750000000 0.4000000000 0.2000000000 2.5500000000 0.0000000000
0.1040000000 0.4000000000 0.5000000000 1.0000000000 6.3750000000 0.4000000000 0.2000000000 2.5500000000 0.0000000000
0.1060000000 0.4000000000 0.5000000000 1.0000000000 6.3750000000 0.4000000000 0.2000000000 2.5500000000 0.0000000000
0.1080000000 0.4000000000 0.5000000000 1.0000000000 6.3750000000 0.4000000000 0.2000000000 2.5500000000 0.0000000000
0.1100000000 0.4000000000 0.5000000000 1.0000000000 6.3750000000 0.4000000000 0.2000000000 2.5500000000 0.0000000000
0.1120000000 0.4000000000 0.5000000000 1.0000000000 6.3750000000 0.4000000000 0.2000000000 2.5500000000 0.0000000000
0.1140000000 0.4000000000 0.5000000000 1.0000000000 6.3750000000 0.4000000000 0.2000000000 2.5500000000 0.0000000001
0.1160000000 0.4000000000 0.5000000000 1.0000000000 6.3750000000 0.4000000000 0.2000000000 2.5500000000 0.0000000007
0.1180000000 0.4000000000 0.5000000000 1.0000000000 6.3750000000 0.4000000000 0.2000000000 2.5500000000 0.0000000043
0.1200000000 0.4000000000 0.5000000000 1.0000000000 6.3750000000 0.4000000000 0.2000000000 2.5500000000 0.0000000292
0.1220000000 0.4000000000 0.5000000000 1.0000000000 6.3750000000 0.4000000000 0.2000000000 2.5500000000 0.0000001993
0.1240000000 0.4000000000 0.5000000000 1.0000000000 6.3750000000 0.4000000000 0.2000000000 2.5500000000 0.0000013586
0.1260000000 0.4000000000 0.4999999999 1.0000000000 6.3750000000 0.4000000000 0.2000000000 2.5500000001 0.0000092586
0.1280000000 0.4000000001 0.4999999996 1.0000000003 6.3750000003 0.4000000001 0.1999999999 2.5500000007 0.0000629043
0.1300000000 0.4000000006 0.4999999973 1.0000000021 6.3750000023 0.4000000006 0.1999999992 2.5500000047 0.0004193535
0.1320000000 0.4000000040 0.4999999815 1.0000000138 6.3750000155 0.4000000040 0.1999999946 2.5500000314 0.0025404428
0.1340000000 0.4000000254 0.4999998810 1.0000000891 6.3750000995 0.4000000254 0.1999999651 2.5500002020 0.0110381600
0.1360000000 0.4000001509 0.4999992943 1.0000005281 6.3750005902 0.4000001509 0.1999997932 2.5500011980 0.0247276569
0.1380000000 0.4000008223 0.4999961542 1.0000028780 6.3750032163 0.4000008223 0.1999988728 2.5500065286 0.0317655128
0.1400000000 0.4000042740 0.4999800101 1.0000149592 6.3750167182 0.4000042740 0.1999941410 2.5500339343 0.0335458277
0.1420000000 0.4000218241 0.4998979274 1.0000763870 6.3750853780 0.4000218241 0.1999700808 2.5501732820 0.0339074431
0.1440000000 0.4001107725 0.4994819216 1.0003877681 6.3754336335 0.4001107725 0.1998480975 2.5508796762 0.0339553563
0.1460000000 0.4005595846 0.4973829865 1.0019602037 6.3771977818 0.4005595846 0.1992315224 2.5544476942 0.0338435893
0.1480000000 0.4027790065 0.4869969434 1.0097691015 6.3860962464 0.4027790065 0.1961521450 2.5721855013 0.0332116393
0.1500000000 0.4128099768 0.4398378286 1.0457141557 6.4296312918 0.4128099768 0.1815694438 2.6542159443 0.0299144642
0.1520000000 0.4464225706 0.2839219683 1.1710988278 6.5985474319 0.4464225706 0.1267491750 2.9457405070 0.0165152261
0.1540000000 0.5069028221 0.0309222983 1.4036960663 6.9233832607 0.5069028221 0.0156746003 3.5094825132 0.0093550528
0.1560000000 0.5477351734 -0.1142037516 1.5593014724 7.1235622393 0.5477351734 -0.0625534117 3.9018255982 0.0390616572
0.1580000000 0.5488850019 -0.1162936907 1.5615517627 7.1191433817 0.5488850019 -0.0638318626 3.9075910282 0.0507127635
0.1600000000 0.5371541626 -0.0733918006 1.5152166492 7.0547498995 0.5371541626 -0.0394227112 3.7894882748 0.0084827543
0.1620000000 0.5311680136 -0.0508620972 1.4914086195 7.0207702771 0.5311680136 -0.0270163191 3.7292086020 0.0507119102
0.1640000000 0.5327105502 -0.0565553953 1.4974135768 7.0289313420 0.5327105502 -0.0301276557 3.7443858827 0.0379663019
0.1660000000 0.5360459403 -0.0689556232 1.5105719935 7.0473519450 0.5360459403 -0.0369633819 3.7777044002 0.0183640621
0.1680000000 0.5371484389 -0.0730144994 1.5149051247 7.0533475252 0.5371484389 -0.0392196244 3.7886946124 0.0507070124
0.1700000000 0.5364647987 -0.0704780460 1.5122014108 7.0495508516 0.5364647987 -0.0378089908 3.7818358788 0.0138859558
0.1720000000 0.5356720969 -0.0675425443 1.5090750046 7.0451856657 0.5356720969 -0.0361806563 3.7739093783 0.0274419395
0.1740000000 0.5355414320 -0.0670655465 1.5085673761 7.0445022381 0.5355414320 -0.0359163788 3.7726228160 0.0506836845
0.1760000000 0.5357760172 -0.0679309383 1.5094865153 7.0457660779 0.5357760172 -0.0363957676 3.7749524875 0.0000385851
0.1780000000 0.5359503607 -0.0685739995 1.5101705427 7.0467094689 0.5359503607 -0.0367522598 3.7766864814 0.0395801832
0.1800000000 0.5359458812 -0.0685605740 1.5101568509 7.0467035584 0.5359458812 -0.0367447572 3.7766517480 0.0505641058
0.1820000000 0.5358774956 -0.0683041968 1.5098853199 7.0463182146 0.5358774956 -0.0366026819 3.7759633580 0.0100318053
0.1840000000 0.5358437582 -0.0681761419 1.5097501236 7.0461222101 0.5358437582 -0.0365317601 3.7756206062 0.0504271130
0.1860000000 0.5358517228 -0.0682084862 1.5097842848 7.0461790992 0.5358517228 -0.0365496349 3.7757072097 0.0358954166
0.1880000000 0.5358685793 -0.0682756029 1.5098541576 7.0462880849 0.5358685793 -0.0365867503 3.7758843852 0.0192999866
0.1900000000 0.5358748148 -0.0682958414 1.5098741390 7.0463007211 0.5358748148 -0.0365980214 3.7759350939 0.0495735900
0.1920000000 0.5358704693 -0.0682791157 1.5098559659 7.0462719163 0.5358704693 -0.0365887618 3.7758890388 0.0113307748
0.1940000000 0.5358648210 -0.0682600653 1.5098366508 7.0462547519 0.5358648210 -0.0365781677 3.7758400410 0.0226771820
0.1960000000 0.5358645416 -0.0682552373 1.5098328651 7.0462404324 0.5358645416 -0.0365755615 3.7758303995 0.0461639237
0.1980000000 0.5358658491 -0.0682584192 1.5098370727 7.0462430932 0.5358658491 -0.0365773558 3.7758410380 0.0034615795
0.2000000000 0.5358658567 -0.0682607762 1.5098394394 7.0462541957 0.5358658567 -0.0365786193 3.7758470409 0.0393762437
0.2020000000 0.5358652817 -0.0682597253 1.5098375249 7.0462527497 0.5358652817 -0.0365780169 3.7758422150 0.0264200428
0.2040000000 0.5358650971 -0.0682572325 1.5098340308 7.0462387052 0.5358650971 -0.0365766685 3.7758333881 0.0011218213
0.2060000000 0.5358642981 -0.0682551877 1.5098316039 7.0462377458 0.5358642981 -0.0365755182 3.7758272441 0.0059166324
0.2080000000 0.5358634413 -0.0682536406 1.5098305174 7.0462438343 0.5358634413 -0.0365746307 3.7758244694 0.0001563798
0.2100000000 0.5358640055 -0.0682518875 1.5098296489 7.0462322469 0.5358640055 -0.0365737298 3.7758222354 0.0018023613
0.2120000000 0.5358637295 -0.0682498789 1.5098281754 7.0462288626 0.5358637295 -0.0365726347 3.7758184775 0.0027228423
0.2140000000 0.5358627157 -0.0682481729 1.5098261138 7.0462324548 0.5358627157 -0.0365716513 3.7758132587 0.0070263705
0.2160000000 0.5358623811 -0.0682470941 1.5098239397 7.0462266363 0.5358623811 -0.0365710503 3.7758077831 0.0047663406
0.2180000000 0.5358622395 -0.0682463681 1.5098221103 7.0462199128 0.5358622395 -0.0365706517 3.7758031828 0.0030553731
0.2200000000 0.5358613304 -0.0682454798 1.5098208383 7.0462258689 0.5358613304 -0.0365701136 3.7757999681 0.0052670234
0.2220000000 0.5358607537 -0.0682441922 1.5098200349 7.0462296136 0.5358607537 -0.0365693843 3.7757979113 0.0020024515
0.2240000000 0.5358615490 -0.0682426732 1.5098193818 7.0462160084 0.5358615490 -0.0365686246 3.7757962248 0.0019984465
0.2260000000 0.5358612742 -0.0682412456 1.5098185082 7.0462154480 0.5358612742 -0.0365678408 3.7757939881 0.0040790362
0.2280000000 0.5358605317 -0.0682400834 1.5098172116 7.0462190791 0.5358605317 -0.0365671674 3.7757907024 0.0024513873
0.2300000000 0.5358604248 -0.0682391090 1.5098155651 7.0462127357 0.5358604248 -0.0365666379 3.7757865501 0.0018478222
0.2320000000 0.5358598568 -0.0682380906 1.5098138588 7.0462121729 0.5358598568 -0.0365660534 3.7757822459 0.0042458075
0.2340000000 0.5358587505 -0.0682368356 1.5098123999 7.0462198235 0.5358587505 -0.0365653054 3.7757785501 0.0031042750
0.2360000000 0.5358585296 -0.0682353404 1.5098113150 7.0462175631 0.5358585296 -0.0365644892 3.7757757827 0.0001785175
0.2380000000 0.5358592876 -0.0682338176 1.5098104798 7.0462035993 0.5358592876 -0.0365637249 3.7757736409 0.0042451438
0.2400000000 0.5358588659 -0.0682325662 1.5098096330 7.0462051064 0.5358588659 -0.0365630255 3.7757714771 0.0077831372
0.2420000000 0.5358583494 -0.0682317639 1.5098085976 7.0462070100 0.5358583494 -0.0365625604 3.7757688580 0.0079662426
0.2440000000 0.5358585032 -0.0682313387 1.5098074199 7.0461994654 0.5358585032 -0.0365623430 3.7757658984 0.0013865259
0.2460000000 0.5358579097 -0.0682310117 1.5098063312 7.0462021647 0.5358579097 -0.0365621273 3.7757631634 0.0055216357
0.2480000000 0.5358571890 -0.0682304927 1.5098055484 7.0462079511 0.5358571890 -0.0365618000 3.7757611859 0.0055947155
0.2500000000 0.5358573691 -0.0682296783 1.5098050865 7.0462033727 0.5358573691 -0.0365613759 3.7757600017 0.0020479151
0.2520000000 0.5358577729 -0.0682286924 1.5098047324 7.0461963463 0.5358577729 -0.0365608751 3.7757590813 0.0017772368
0.2540000000 0.5358571623 -0.0682277595 1.5098041988 7.0462018190 0.5358571623 -0.0365603336 3.7757577118 0.0039136625
0.2560000000 0.5358568590 -0.0682270177 1.5098033318 7.0462017110 0.5358568590 -0.0365599154 3.7757555164 0.0025468238
0.2580000000 0.5358570759 -0.0682264261 1.5098022082 7.0461935768 0.5358570759 -0.0365596132 3.7757526865 0.0016841353
0.2600000000 0.5358563377 -0.0682258144 1.5098010754 7.0461979536 0.5358563377 -0.0365592350 3.7757498302 0.0041720346
0.2620000000 0.5358557921 -0.0682250323 1.5098001755 7.0462008747 0.5358557921 -0.0365587787 3.7757475508 0.0029532157
0.2640000000 0.5358559798 -0.0682240785 1.5097995914 7.0461956162 0.5358559798 -0.0365582804 3.7757460561 0.0005476215
0.2660000000 0.5358558672 -0.0682231210 1.5097992061 7.0461952335 0.5358558672 -0.0365577597 3.7757450576 0.0048646649
0.2680000000 0.5358551595 -0.0682223864 1.5097988074 7.0462026270 0.5358551595 -0.0365573177 3.7757440323 0.0085902906
0.2700000000 0.5358551099 -0.0682219955 1.5097982587 7.0462006918 0.5358551099 -0.0365571049 3.7757426461 0.0084322232
0.2720000000 0.5358554301 -0.0682218754 1.5097975956 7.0461933806 0.5358554301 -0.0365570624 3.7757409847 0.0004482004
0.2740000000 0.5358546917 -0.0682218020 1.5097969914 7.0462002642 0.5358546917 -0.0365569727 3.7757394699 0.0068304673
0.2760000000 0.5358543720 -0.0682215548 1.5097966048 7.0462026456 0.5358543720 -0.0365568184 3.7757384935 0.0061779944
0.2780000000 0.5358544766 -0.0682210662 1.5097964409 7.0462004718 0.5358544766 -0.0365565637 3.7757380661 0.0020049499
0.2800000000 0.5358539873 -0.0682204497 1.5097963320 7.0462063537 0.5358539873 -0.0365562000 3.7757377703 0.0023718142
0.2820000000 0.5358534472 -0.0682198971 1.5097960579 7.0462121375 0.5358534472 -0.0365558670 3.7757370636 0.0050567787
0.2840000000 0.5358537476 -0.0682195254 1.5097955100 7.0462056072 0.5358537476 -0.0365556884 3.7757356808 0.0037047214
0.2860000000 0.5358540068 -0.0682192999 1.5097947686 7.0461987256 0.5358540068 -0.0365555852 3.7757338196 0.0015979697
0.2880000000 0.5358532049 -0.0682190742 1.5097940510 7.0462059036 0.5358532049 -0.0365554095 3.7757320156 0.0048540089
0.2900000000 0.5358530187 -0.0682187164 1.5097935624 7.0462060475 0.5358530187 -0.0365552051 3.7757307806 0.0034360778
0.2920000000 0.5358530268 -0.0682182186 1.5097933657 7.0462049892 0.5358530268 -0.0365549389 3.7757302706 0.0006350286
0.2940000000 0.5358524369 -0.0682177143 1.5097933511 7.0462126406 0.5358524369 -0.0365546284 3.7757302143 0.0056244692
0.2960000000 0.5358523030 -0.0682173823 1.5097933302 7.0462142813 0.5358523030 -0.0365544414 3.7757301498 0.0100412211
0.2980000000 0.5358528712 -0.0682173115 1.5097931831 7.0462061201 0.5358528712 -0.0365544422 3.7757297807 0.0075170742
0.3000000000 0.5358530374 -0.0682174339 1.5097929338 7.0462027805 0.5358530374 -0.0365545191 3.7757291623 0.0008863596
0.3020000000 0.5358525123 -0.0682175623 1.5097927198 7.0462086939 0.5358525123 -0.0365545522 3.7757286308 0.0076953705
0.3040000000 0.5358527391 -0.0682175229 1.5097926643 7.0462054501 0.5358527391 -0.0365545465 3.7757284910 0.0072901364
0.3060000000 0.5358529089 -0.0682172724 1.5097927634 7.0462036642 0.5358529089 -0.0365544239 3.7757287299 0.0021055025
0.3080000000 0.5358524634 -0.0682169185 1.5097928734 7.0462100096 0.5358524634 -0.0365542038 3.7757289912 0.0030475718
0.3100000000 0.5358526546 -0.0682166310 1.5097928116 7.0462071883 0.5358526546 -0.0365540628 3.7757288265 0.0065845128
0.3120000000 0.5358530769 -0.0682165137 1.5097924913 7.0462001339 0.5358530769 -0.0365540288 3.7757280224 0.0050885951
0.3140000000 0.5358529180 -0.0682165389 1.5097919864 7.0461998696 0.5358529180 -0.0365540314 3.7757267607 0.0012918399
0.3160000000 0.5358526364 -0.0682165782 1.5097914897 7.0462012558 0.5358526364 -0.0365540333 3.7757255197 0.0059465796
0.3180000000 0.5358531447 -0.0682165109 1.5097911857 7.0461931523 0.5358531447 -0.0365540319 3.7757247585 0.0046236869
0.3200000000 0.5358533816 -0.0682163169 1.5097911406 7.0461898135 0.5358533816 -0.0365539441 3.7757246392 0.0001345262
0.3220000000 0.5358531243 -0.0682160933 1.5097912751 7.0461938083 0.5358531243 -0.0365538067 3.7757249666 0.0051623197
0.3240000000 0.5358536242 -0.0682159808 1.5097914374 7.0461879870 0.5358536242 -0.0365537805 3.7757253695 0.0082843017
0.3260000000 0.5358539941 -0.0682160535 1.5097915226 7.0461835275 0.5358539941 -0.0365538447 3.7757255860 0.0049640207
0.3280000000 0.5358538737 -0.0682162655 1.5097915347 7.0461851803 0.5358538737 -0.0365539501 3.7757256237 0.0006140936
0.3300000000 0.5358541692 -0.0682164788 1.5097915644 7.0461814496 0.5358541692 -0.0365540846 3.7757257064 0.0054531632
0.3320000000 0.5358550812 -0.0682165631 1.5097916955 7.0461700777 0.5358550812 -0.0365541920 3.7757260395 0.0065845663
0.3340000000 0.5358554320 -0.0682164846 1.5097919217 7.0461665174 0.5358554320 -0.0365541738 3.7757266029 0.0024396817
0.3360000000 0.5358553204 -0.0682163201 1.5097921387 7.0461689847 0.5358553204 -0.0365540780 3.7757271392 0.0024472021
0.3380000000 0.5358559091 -0.0682161952 1.5097922159 7.0461615981 0.5358559091 -0.0365540513 3.7757273290 0.0054124147
0.3400000000 0.5358560972 -0.0682161913 1.5097920940 7.0461585568 0.5358560972 -0.0365540620 3.7757270244 0.0036733488
0.3420000000 0.5358560991 -0.0682162946 1.5097918322 7.0461573168 0.5358560991 -0.0365541175 3.7757263738 0.0004816908
0.3440000000 0.5358568974 -0.0682164177 1.5097915778 7.0461456458 0.5358568974 -0.0365542380 3.7757257442 0.0037292079
0.3460000000 0.5358579527 -0.0682164778 1.5097914705 7.0461312775 0.5358579527 -0.0365543421 3.7757254805 0.0033797956
0.3480000000 0.5358582817 -0.0682164643 1.5097915597 7.0461273674 0.5358582817 -0.0365543573 3.7757257037 0.0008204311
0.3500000000 0.5358584796 -0.0682164495 1.5097917859 7.0461258199 0.5358584796 -0.0365543629 3.7757262691 0.0053129064
0.3520000000 0.5358593128 -0.0682165317 1.5097920368 7.0461160450 0.5358593128 -0.0365544638 3.7757269015 0.0057760725
0.3540000000 0.5358595980 -0.0682167569 1.5097922340 7.0461132301 0.5358595980 -0.0365546039 3.7757274032 0.0029035156
0.3560000000 0.5358598330 -0.0682170797 1.5097923790 7.0461108408 0.5358598330 -0.0365547929 3.7757277782 0.0008435408
0.3580000000 0.5358607651 -0.0682173882 1.5097925370 7.0460993457 0.5358607651 -0.0365550218 3.7757281865 0.0041078135
0.3600000000 0.5358615058 -0.0682175811 1.5097927663 7.0460906932 0.5358615058 -0.0365551757 3.7757287686 0.0053566120
0.3620000000 0.5358617100 -0.0682176334 1.5097930585 7.0460893748 0.5358617100 -0.0365552177 3.7757295014 0.0028151188
0.3640000000 0.5358621196 -0.0682176070 1.5097933340 7.0460852755 0.5358621196 -0.0365552315 3.7757301903 0.0017568186
0.3660000000 0.5358628196 -0.0682176024 1.5097934967 7.0460768318 0.5358628196 -0.0365552768 3.7757305983 0.0038636884
0.3680000000 0.5358628184 -0.0682176869 1.5097935061 7.0460768979 0.5358628184 -0.0365553219 3.7757306251 0.0025362351
0.3700000000 0.5358628298 -0.0682178551 1.5097934134 7.0460763266 0.5358628298 -0.0365554129 3.7757303994 0.0000857903
0.3720000000 0.5358633623 -0.0682180455 1.5097933338 7.0460689695 0.5358633623 -0.0365555512 3.7757302087 0.0020160148
0.3740000000 0.5358634117 -0.0682181987 1.5097933735 7.0460685147 0.5358634117 -0.0365556367 3.7757303136 0.0016482683
0.3760000000 0.5358632236 -0.0682183099 1.5097935655 7.0460718904 0.5358632236 -0.0365556835 3.7757307972 0.0012150635
0.3780000000 0.5358634625 -0.0682184342 1.5097938578 7.0460701230 0.5358634625 -0.0365557664 3.7757315330 0.0038109441
0.3800000000 0.5358636882 -0.0682186419 1.5097941594 7.0460685775 0.5358636882 -0.0365558931 3.7757322951 0.0037956548
0.3820000000 0.5358631654 -0.0682189590 1.5097944074 7.0460766276 0.5358631654 -0.0365560273 3.7757329256 0.0016749872
0.3840000000 0.5358627147 -0.0682193389 1.5097946037 7.0460834949 0.5358627147 -0.0365562001 3.7757334293 0.0012345039
0.3860000000 0.5358625678 -0.0682196862 1.5097947990 7.0460863591 0.5358625678 -0.0365563762 3.7757339297 0.0037631213
0.3880000000 0.5358617503 -0.0682199197 1.5097950368 7.0460982314 0.5358617503 -0.0365564456 3.7757345310 0.0046117782
0.3900000000 0.5358609417 -0.0682200230 1.5097953075 7.0461101300 0.5358609417 -0.0365564458 3.7757352094 0.0026528446
0.3920000000 0.5358605792 -0.0682200508 1.5097955469 7.0461160137 0.5358605792 -0.0365564359 3.7757358082 0.0008165237
0.3940000000 0.5358598277 -0.0682200867 1.5097956824 7.0461265268 0.5358598277 -0.0365564039 3.7757361466 0.0024577128
0.3960000000 0.5358582830 -0.0682201844 1.5097956920 7.0461468825 0.5358582830 -0.0365563509 3.7757361705 0.0014715049
0.3980000000 0.5358568895 -0.0682203370 1.5097956291 7.0461649175 0.5358568895 -0.0365563376 3.7757360155 0.0005985614
0.4000000000 0.5358557101 -0.0682204948 1.5097955951 7.0461802730 0.5358557101 -0.0365563417 3.7757359337 0.0019544682
0.4020000000 0.5358539075 -0.0682206157 1.5097956759 7.0462043528 0.5358539075 -0.0365562835 3.7757361358 0.0010993930
0.4040000000 0.5358524271 -0.0682207068 1.5097958897 7.0462248166 0.5358524271 -0.0365562313 3.7757366702 0.0018489343
0.4060000000 0.5358512554 -0.0682208254 1.5097961804 7.0462415841 0.5358512554 -0.0365562149 3.7757373986 0.0041607848
0.4080000000 0.5358494052 -0.0682210381 1.5097964615 7.0462672315 0.5358494052 -0.0365562027 3.7757381047 0.0039919356
0.4100000000 0.5358469470 -0.0682213686 1.5097966742 7.0463005601 0.5358469470 -0.0365562121 3.7757386430 0.0019808870
0.4120000000 0.5358447910 -0.0682217737 1.5097968202 7.0463296109 0.5358447910 -0.0365562820 3.7757390177 0.0006816040
0.4140000000 0.5358427459 -0.0682221643 1.5097969477 7.0463571165 0.5358427459 -0.0365563519 3.7757393459 0.0029922296
0.4160000000 0.5358402574 -0.0682224604 1.5097971038 7.0463905782 0.5358402574 -0.0365563407 3.7757397413 0.0039623662
0.4180000000 0.5358382677 -0.0682226367 1.5097972925 7.0464176265 0.5358382677 -0.0365562995 3.7757402147 0.0028293445
0.4200000000 0.5358364047 -0.0682227308 1.5097974712 7.0464429585 0.5358364047 -0.0365562228 3.7757406607 0.0003588591
0.4220000000 0.5358337353 -0.0682228092 1.5097975867 7.0464785949 0.5358337353 -0.0365560827 3.7757409462 0.0011526245
0.4240000000 0.5358308170 -0.0682229191 1.5097976231 7.0465171370 0.5358308170 -0.0365559425 3.7757410343 0.0007250203
0.4260000000 0.5358283992 -0.0682230610 1.5097976226 7.0465489294 0.5358283992 -0.0365558536 3.7757410326 0.0006742568
0.4280000000 0.5358260232 -0.0682232017 1.5097976635 7.0465803654 0.5358260232 -0.0365557669 3.7757411346 0.0015445412
0.4300000000 0.5358233713 -0.0682233129 1.5097978097 7.0466159185 0.5358233713 -0.0365556455 3.7757414978 0.0006581871
0.4320000000 0.5358213884 -0.0682234037 1.5097980690 7.0466432031 0.5358213884 -0.0365555589 3.7757421448 0.0017795449
0.4340000000 0.5358194405 -0.0682235219 1.5097983884 7.0466703109 0.5358194405 -0.0365554893 3.7757429431 0.0036542502
0.4360000000 0.5358169117 -0.0682237213 1.5097986896 7.0467049751 0.5358169117 -0.0365554236 3.7757436976 0.0035355880
0.4380000000 0.5358146786 -0.0682240210 1.5097989172 7.0467354164 0.5358146786 -0.0365554319 3.7757442722 0.0018508114
0.4400000000 0.5358129767 -0.0682243863 1.5097990657 7.0467585092 0.5358129767 -0.0365555115 3.7757446529 0.0004272425
0.4420000000 0.5358111355 -0.0682247451 1.5097991720 7.0467832365 0.5358111355 -0.0365555781 3.7757449274 0.0024132287
0.4440000000 0.5358092679 -0.0682250307 1.5097992782 7.0468083054 0.5358092679 -0.0365556037 3.7757451991 0.0032916045
0.4460000000 0.5358082402 -0.0682252191 1.5097993979 7.0468223874 0.5358082402 -0.0365556346 3.7757455028 0.0025374035
0.4480000000 0.5358073197 -0.0682253360 1.5097995105 7.0468350237 0.5358073197 -0.0365556344 3.7757457864 0.0007247379
0.4500000000 0.5358061835 -0.0682254319 1.5097995865 7.0468503226 0.5358061835 -0.0365556083 3.7757459772 0.0005359230
0.4520000000 0.5358058003 -0.0682255448 1.5097996212 7.0468555314 0.5358058003 -0.0365556426 3.7757460674 0.0004176463
0.4540000000 0.5358055836 -0.0682256787 1.5097996499 7.0468585228 0.5358055836 -0.0365556996 3.7757461433 0.0004784413
0.4560000000 0.5358048951 -0.0682258119 1.5097997298 7.0468679573 0.5358048951 -0.0365557240 3.7757463464 0.0010326058
0.4580000000 0.5358043507 -0.0682259247 1.5097999037 7.0468759328 0.5358043507 -0.0365557473 3.7757467840 0.0003832316
0.4600000000 0.5358043666 -0.0682260228 1.5098001699 7.0468769733 0.5358043666 -0.0365558009 3.7757474531 0.0012655874
0.4620000000 0.5358045450 -0.0682261385 1.5098004806 7.0468760853 0.5358045450 -0.0365558751 3.7757482345 0.0025175319
0.4640000000 0.5358075123 -0.0682263063 1.5098007702 7.0468384356 0.5358075123 -0.0365561675 3.7757489716 0.0023492649
0.4660000000 0.5358246664 -0.0682265345 1.5098009921 7.0466139604 0.5358246664 -0.0365574601 3.7757495747 0.0009396376
0.4680000000 0.5358952083 -0.0682267929 1.5098011393 7.0456873990 0.5358952083 -0.0365624114 3.7757501163 0.0009844628
0.4700000000 0.5361535230 -0.0682270275 1.5098012372 7.0422944345 0.5361535230 -0.0365801612 3.7757509709 0.0026160008
0.4720000000 0.5370129572 -0.0682271932 1.5098013163 7.0310280680 0.5370129572 -0.0366388868 3.7757531749 0.0031683497
0.4740000000 0.5396251027 -0.0682272794 1.5098013871 6.9970048022 0.5396251027 -0.0368171527 3.7757594347 0.0022041951
0.4760000000 0.5468192123 -0.0682273133 1.5098014381 6.9049810667 0.5468192123 -0.0373080057 3.7757763076 0.0003644836
0.4780000000 0.5647198147 -0.0682273386 1.5098014537 6.6861794343 0.5647198147 -0.0385293300 3.7758180111 0.0009565135
0.4800000000 0.6044856002 -0.0682273897 1.5098014366 6.2464854801 0.6044856002 -0.0412424746 3.7759105248 0.0009996908
0.4820000000 0.6815798872 -0.0682274758 1.5098014204 5.5402015162 0.6815798872 -0.0465024753 3.7760899243 0.0009162257
0.4840000000 0.8086933035 -0.0682275541 1.5098015100 4.6697381961 0.8086933035 -0.0551751661 3.7763860083 0.0015664234
0.4860000000 0.9819448197 -0.0682275934 1.5098018197 3.8462344852 0.9819448197 -0.0669957319 3.7767900281 0.0034504998
0.4880000000 1.1734066640 -0.0682276933 1.5098022635 3.2190347040 1.1734066640 -0.0800588300 3.7772367735 0.0037494281
0.4900000000 1.3380535685 -0.0682278827 1.5098027264 2.8232211729 1.3380535685 -0.0912925619 3.7776211651 0.0009310813
0.4920000000 1.4354383978 -0.0682280432 1.5098031787 2.6318433327 1.4354383978 -0.0979371530 3.7778489769 0.0042165393
0.4940000000 1.4613108611 -0.0682280947 1.5098034982 2.5852883876 1.4613108611 -0.0997024559 3.7779099999 0.0049056234
0.4960000000 1.4524539252 -0.0682280417 1.5098036170 2.6010392559 1.4524539252 -0.0990980869 3.7778896768 0.0027634706
0.4980000000 1.4411989029 -0.0682279383 1.5098036525 2.6213339125 1.4411989029 -0.0983300299 3.7778635587 0.0007310206
0.5000000000 1.4400955216 -0.0682278637 1.5098037744 2.6233407656 1.4400955216 -0.0982546409 3.7778612882 0.0042626561
0.5020000000 1.4435763394 -0.0682278841 1.5098040690 2.6170213692 1.4435763394 -0.0984921592 3.7778701282 0.0044443013
0.5040000000 1.4432435099 -0.0682279974 1.5098045178 2.6176251344 1.4432435099 -0.0984696144 3.7778704867 0.0005610465
0.5060000000 1.4429343714 -0.0682281151 1.5098050332 2.6181863446 1.4429343714 -0.0984486924 3.7778710673 0.0043513789
0.5080000000 1.4426896264 -0.0682281261 1.5098055006 2.6186309224 1.4426896264 -0.0984320097 3.7778716672 0.0065961266
0.5100000000 1.4429923518 -0.0682279840 1.5098058388 2.6180826244 1.4429923518 -0.0984524590 3.7778732034 0.0039056946
0.5120000000 1.4427252209 -0.0682277401 1.5098060455 2.6185672917 1.4427252209 -0.0984338814 3.7778730744 0.0002394951
0.5140000000 1.4427748429 -0.0682275121 1.5098062028 2.6184775672 1.4427748429 -0.0984369381 3.7778735607 0.0042867980
0.5160000000 1.4426985046 -0.0682274060 1.5098064221 2.6186163698 1.4426985046 -0.0984315766 3.7778739207 0.0063671160
0.5180000000 1.4426625334 -0.0682274446 1.5098067633 2.6186821980 1.4426625334 -0.0984291781 3.7778746939 0.0034453897
0.5200000000 1.4426193711 -0.0682275546 1.5098071954 2.6187612340 1.4426193711 -0.0984263919 3.7778756846 0.0020727037
0.5220000000 1.4425815429 -0.0682276076 1.5098076184 2.6188305804 1.4425815429 -0.0984238874 3.7778766593 0.0066721184
0.5240000000 1.4425466797 -0.0682275038 1.5098079390 2.6188943640 1.4425466797 -0.0984213590 3.7778773693 0.0063622663
0.5260000000 1.4425150490 -0.0682272322 1.5098081402 2.6189520689 1.4425150490 -0.0984188091 3.7778777720 0.0029441214
0.5280000000 1.4424869728 -0.0682268750 1.5098082977 2.6190032469 1.4424869728 -0.0984163785 3.7778780653 0.0009935931
0.5300000000 1.4424626576 -0.0682265610 1.5098085370 2.6190477486 1.4424626576 -0.0984142666 3.7778785759 0.0044915063
0.5320000000 1.4424411567 -0.0682263852 1.5098089460 2.6190874502 1.4424411567 -0.0984125460 3.7778795311 0.0060872180
0.5340000000 1.4424223150 -0.0682263517 1.5098095092 2.6191226056 1.4424223150 -0.0984112122 3.7778808921 0.0032029949
0.5360000000 1.4424068509 -0.0682263737 1.5098101071 2.6191516982 1.4424068509 -0.0984101888 3.7778823530 0.0028820349
0.5380000000 1.4423942333 -0.0682263234 1.5098105806 2.6191754066 1.4423942333 -0.0984092554 3.7778835024 0.0064673810
0.5400000000 1.4423835686 -0.0682261136 1.5098108352 2.6191951818 1.4423835686 -0.0984082252 3.7778840933 0.0052873941
0.5420000000 1.4423751790 -0.0682257507 1.5098109066 2.6192105020 1.4423751790 -0.0984071294 3.7778842166 0.0019945705
0.5440000000 1.4423691282 -0.0682253327 1.5098109510 2.6192215285 1.4423691282 -0.0984061136 3.7778842725 0.0018149518
0.5460000000 1.4423647021 -0.0682249916 1.5098111568 2.6192298922 1.4423647021 -0.0984053197 3.7778847430 0.0049743380
0.5480000000 1.4423618237 -0.0682248054 1.5098116156 2.6192358970 1.4423618237 -0.0984048547 3.7778858651 0.0055649145
0.5500000000 1.4423609222 -0.0682247470 1.5098122536 2.6192386344 1.4423609222 -0.0984047091 3.7778874521 0.0015071457
0.5520000000 1.4423613685 -0.0682247040 1.5098128705 2.6192388910 1.4423613685 -0.0984046774 3.7778889913 0.0041899342
0.5540000000 1.4423622490 -0.0682245526 1.5098132655 2.6192379677 1.4423622490 -0.0984045191 3.7778899658 0.0056472803
0.5560000000 1.4423639023 -0.0682242452 1.5098133743 2.6192351358 1.4423639023 -0.0984041885 3.7778902114 0.0032909728
0.5580000000 1.4423667589 -0.0682238427 1.5098133114 2.6192298166 1.4423667589 -0.0984038029 3.7778900213 0.0005377126
0.5600000000 1.4423703413 -0.0682234771 1.5098132988 2.6192232703 1.4423703413 -0.0984035199 3.7778899622 0.0043793117
0.5620000000 1.4423746678 -0.0682232604 1.5098135178 2.6192157854 1.4423746678 -0.0984035025 3.7778904984 0.0064416218
0.5640000000 1.4423799945 -0.0682232045 1.5098139871 2.6192069309 1.4423799945 -0.0984037853 3.7778916786 0.0039797059
0.5660000000 1.4423855777 -0.0682232175 1.5098145563 2.6191977889 1.4423855777 -0.0984041850 3.7778931159 0.0020241317
0.5680000000 1.4423905994 -0.0682231712 1.5098149955 2.6191894363 1.4423905994 -0.0984044608 3.7778942209 0.0053564455
0.5700000000 1.4423954251 -0.0682229929 1.5098151369 2.6191809142 1.4423954251 -0.0984045328 3.7778945680 0.0040100615
0.5720000000 1.4424004645 -0.0682227104 1.5098149858 2.6191714903 1.4424004645 -0.0984044692 3.7778941742 0.0006177288
0.5740000000 1.4424052143 -0.0682224280 1.5098147294 2.6191624095 1.4424052143 -0.0984043859 3.7778935166 0.0034375499
0.5760000000 1.4424096527 -0.0682222624 1.5098146210 2.6191541582 1.4424096527 -0.0984044498 3.7778932397 0.0077852988
0.5780000000 1.4424145558 -0.0682222809 1.5098147868 2.6191455517 1.4424145558 -0.0984048110 3.7778936674 0.0076899730
0.5800000000 1.4424195905 -0.0682224645 1.5098151345 2.6191370329 1.4424195905 -0.0984054193 3.7778945664 0.0022939557
0.5820000000 1.4424242532 -0.0682226940 1.5098154364 2.6191291128 1.4424242532 -0.0984060684 3.7778953546 0.0046753090
0.5840000000 1.4424288932 -0.0682227854 1.5098154993 2.6191208104 1.4424288932 -0.0984065168 3.7778955316 0.0100532120
0.5860000000 1.4424333433 -0.0682226281 1.5098152649 2.6191123203 1.4424333433 -0.0984065936 3.7778949405 0.0055346516
0.5880000000 1.4424368205 -0.0682223199 1.5098147490 2.6191050968 1.4424368205 -0.0984063862 3.7778936285 0.0043932660
0.5900000000 1.4424395501 -0.0682221520 1.5098140123 2.6190988567 1.4424395501 -0.0984063303 3.7778917765 0.0125488588
0.5920000000 1.4424422988 -0.0682223370 1.5098132682 2.6190925931 1.4424422988 -0.0984067847 3.7778899408 0.0074419059
0.5940000000 1.4424449744 -0.0682227766 1.5098129089 2.6190871467 1.4424449744 -0.0984076012 3.7778890922 0.0012398158
0.5960000000 1.4424472622 -0.0682231615 1.5098131486 2.6190834380 1.4424472622 -0.0984083125 3.7778897346 0.0040132635
0.5980000000 1.4424495037 -0.0682233609 1.5098135253 2.6190800380 1.4424495037 -0.0984087530 3.7778907011 0.0036857350
0.6000000000 1.4424511149 -0.0682236181 1.5098130417 2.6190762947 1.4424511149 -0.0984092339 3.7778895213 0.0061831359
0.6020000000 1.4424512550 -0.0682241375 1.5098112826 2.6190730271 1.4424512550 -0.0984099927 3.7778851749 0.0048522191
0.6040000000 1.4424510939 -0.0682245752 1.5098093683 2.6190700313 1.4424510939 -0.0984106131 3.7778804318 0.0219691158
0.6060000000 1.4424522251 -0.0682243323 1.5098090287 2.6190673742 1.4424522251 -0.0984103400 3.7778795616 0.0087191148
0.6080000000 1.4424541183 -0.0682236304 1.5098103284 2.6190661444 1.4424541183 -0.0984094566 3.7778827461 0.0281916247
0.6100000000 1.4424547501 -0.0682239621 1.5098104830 2.6190652890 1.4424547501 -0.0984099782 3.7778831668 0.0276031232
0.6120000000 1.4424530138 -0.0682266556 1.5098066478 2.6190619754 1.4424530138 -0.0984137450 3.7778738398 0.0022655974
0.6140000000 1.4424502779 -0.0682299927 1.5098011681 2.6190576691 1.4424502779 -0.0984183720 3.7778604626 0.0405847292
0.6160000000 1.4424502572 -0.0682297876 1.5098011285 2.6190576239 1.4424502572 -0.0984180746 3.7778603433 0.0345129290
0.6180000000 1.4424560268 -0.0682240647 1.5098101372 2.6190623806 1.4424560268 -0.0984102133 3.7778823154 0.0087544747
0.6200000000 1.4424611417 -0.0682193543 1.5098173737 2.6190653224 1.4424611417 -0.0984037677 3.7778999551 0.0469840177
0.6220000000 1.4424523127 -0.0682261420 1.5098050705 2.6190604786 1.4424523127 -0.0984129563 3.7778698444 0.0181717485
0.6240000000 1.4424296688 -0.0682444280 1.5097735595 2.6190481904 1.4424296688 -0.0984377876 3.7777928140 0.0260947397
0.6260000000 1.4424205270 -0.0682523467 1.5097607688 2.6190431464 1.4424205270 -0.0984485859 3.7777615954 0.0493013236
0.6280000000 1.4424511921 -0.0682270494 1.5098060188 2.6190642169 1.4424511921 -0.0984141887 3.7778723019 0.0083235939
0.6300000000 1.4425002204 -0.0681850818 1.5098796461 2.6191000194 1.4425002204 -0.0983569956 3.7780523552 0.0497883858
0.6320000000 1.4424943902 -0.0681890935 1.5098719489 2.6190975292 1.4424943902 -0.0983623848 3.7780334932 0.0386861828
0.6340000000 1.4423860721 -0.0682800882 1.5097115613 2.6190222584 1.4423860721 -0.0984862483 3.7776412280 0.0040820921
0.6360000000 1.4422767537 -0.0683706369 1.5095521138 2.6189503976 1.4422767537 -0.0986093802 3.7772512776 0.0504354685
0.6380000000 1.4423598860 -0.0682988120 1.5096771953 2.6190114775 1.4423598860 -0.0985114667 3.7775570962 0.0234916425
0.6400000000 1.4426719896 -0.0680378701 1.5101339505 2.6192191138 1.4426719896 -0.0981563294 3.7786740500 0.0224764179
0.6420000000 1.4428339043 -0.0679033529 1.5103706359 2.6193264067 1.4428339043 -0.0979732597 3.7792529461 0.0506177444
0.6440000000 1.4424020974 -0.0682643906 1.5097413527 2.6190437500 1.4424020974 -0.0984647002 3.7777141981 0.0106996247
0.6460000000 1.4416154619 -0.0689238270 1.5085900136 2.6185202131 1.4416154619 -0.0993616546 3.7748992266 0.0506470176
0.6480000000 1.4415965094 -0.0689397905 1.5085606643 2.6185048105 1.4415965094 -0.0993833614 3.7748273947 0.0435548162
0.6500000000 1.4431558604 -0.0676285974 1.5108481179 2.6195511011 1.4431558604 -0.0975986067 3.7804205232 0.0023338707
0.6520000000 1.4448249095 -0.0662267549 1.5132983817 2.6206735627 1.4448249095 -0.0956860651 3.7864144430 0.0506949127
0.6540000000 1.4436127605 -0.0672445230 1.5115194009 2.6198593475 1.4436127605 -0.0970750515 3.7820623849 0.0248847264
0.6560000000 1.4388320012 -0.0712613880 1.5045136822 2.6166623556 1.4388320012 -0.1025331655 3.7649375335 0.0203312224
0.6580000000 1.4361706190 -0.0735006310 1.5006226294 2.6148953800 1.4361706190 -0.1055594467 3.7554359165 0.0507073658
0.6600000000 1.4425796803 -0.0681063754 1.5100171607 2.6191888328 1.4425796803 -0.0982488732 3.7783885891 0.0116838746
0.6620000000 1.4549303349 -0.0577877734 1.5281275208 2.6274440962 1.4549303349 -0.0840771846 3.8227481187 0.0507091952
0.6640000000 1.4555984263 -0.0572345058 1.5291136962 2.6279008604 1.4555984263 -0.0833104566 3.8251683568 0.0450287634
0.6660000000 1.4307623757 -0.0780154859 1.4927859656 2.6114182795 1.4307623757 -0.1116216220 3.7363190215 0.0004520263
0.6680000000 1.4029991724 -0.1017585372 1.4522325898 2.5929062782 1.4029991724 -0.1427671434 3.6378453624 0.0507123444
0.6700000000 1.4178950867 -0.0889538063 1.4740425254 2.6029542621 1.4178950867 -0.1261271649 3.6907160591 0.0269839395
0.6720000000 1.4899457811 -0.0286775645 1.5801388891 2.6517474265 1.4899457811 -0.0427280163 3.9509598906 0.0185575201
0.6740000000 1.5351952529 0.0071997765 1.6468442042 2.6818414742 1.5351952529 0.0110530627 4.1171503002 0.0507131886
0.6760000000 1.4265983306 -0.0804808109 1.4887666619 2.6121836318 1.4265983306 -0.1148137904 3.7265368083 0.0164436183
0.6780000000 1.2054197290 -0.2811124508 1.1750348861 2.4764949621 1.2054197290 -0.3388584943 2.9852158860 0.0097446179
0.6800000000 1.0628039619 -0.4301781669 0.9811219588 2.4003886464 1.0628039619 -0.4571950601 2.5511425635 0.0256849173
0.6820000000 1.0148310999 -0.4833872949 0.9188020407 2.3802674967 1.0148310999 -0.4905564602 2.4155694818 0.0313973851
0.6840000000 1.0031986665 -0.4964115625 0.9040353945 2.3760944869 1.0031986665 -0.4979994176 2.3836948208 0.0327582478
0.6860000000 1.0006745228 -0.4992429441 0.9008501230 2.3752289803 1.0006745228 -0.4995796949 2.3768311264 0.0330427159
0.6880000000 1.0001413985 -0.4998412847 0.9001781720 2.3750479203 1.0001413985 -0.4999119615 2.3753837486 0.0330666479
0.6900000000 1.0000294822 -0.4999669065 0.9000371480 2.3750099881 1.0000294822 -0.4999816466 2.3750800085 0.0329002501
0.6920000000 1.0000060581 -0.4999931998 0.9000076333 2.3750020522 1.0000060581 -0.4999962288 2.3750164404 0.0320627230
0.6940000000 1.0000011961 -0.4999986574 0.9000015071 2.3750004052 1.0000011961 -0.4999992554 2.3750032460 0.0284338189
0.6960000000 1.0000002181 -0.4999997552 0.9000002748 2.3750000739 1.0000002181 -0.4999998642 2.3750005918 0.0178106826
0.6980000000 1.0000000365 -0.4999999591 0.9000000460 2.3750000124 1.0000000365 -0.4999999773 2.3750000990 0.0057633738
0.7000000000 1.0000000058 -0.4999999935 0.9000000074 2.3750000020 1.0000000058 -0.4999999964 2.3750000158 0.0011378743
0.7020000000 1.0000000009 -0.4999999990 0.9000000012 2.3750000003 1.0000000009 -0.4999999994 2.3750000025 0.0001883612
0.7040000000 1.0000000001 -0.4999999998 0.9000000002 2.3750000000 1.0000000001 -0.4999999999 2.3750000004 0.0000299244
0.7060000000 1.0000000000 -0.5000000000 0.9000000000 2.3750000000 1.0000000000 -0.5000000000 2.3750000001 0.0000047189
0.7080000000 1.0000000000 -0.5000000000 0.9000000000 2.3750000000 1.0000000000 -0.5000000000 2.3750000000 0.0000007432
0.7100000000 1.0000000000 -0.5000000000 0.9000000000 2.3750000000 1.0000000000 -0.5000000000 2.3750000000 0.0000001171
0.7120000000 1.0000000000 -0.5000000000 0.9000000000 2.3750000000 1.0000000000 -0.5000000000 2.3750000000 0.0000000184
0.7140000000 1.0000000000 -0.5000000000 0.9000000000 2.3750000000 1.0000000000 -0.5000000000 2.3750000000 0.0000000029
0.7160000000 1.0000000000 -0.5000000000 0.9000000000 2.3750000000 1.0000000000 -0.5000000000 2.3750000000 0.0000000004
0.7180000000 1.0000000000 -0.5000000000 0.9000000000 2.3750000000 1.0000000000 -0.5000000000 2.3750000000 0.0000000001
0.7200000000 1.0000000000 -0.5000000000 0.9000000000 2.3750000000 1.0000000000 -0.5000000000 2.3750000000 0.0000000000
0.7220000000 1.0000000000 -0.5000000000 0.9000000000 2.3750000000 1.0000000000 -0.5000000000 2.3750000000 0.0000000000
0.7240000000 1.0000000000 -0.5000000000 0.9000000000 2.3750000000 1.0000000000 -0.5000000000 2.3750000000 0.0000000000
0.7260000000 1.0000000000 -0.5000000000 0.9000000000 2.3750000000 1.0000000000 -0.5000000000 2.3750000000 0.0000000000
0.7280000000 1.0000000000 -0.5000000000 0.9000000000 2.3750000000 1.0000000000 -0.5000000000 2.3750000000 0.0000000000
0.7300000000 1.0000000000 -0.5000000000 0.9000000000 2.3750000000 1.0000000000 -0.5000000000 2.3750000000 0.0000000000
0.7320000000 1.0000000000 -0.5000000000 0.9000000000 2.3750000000 1.0000000000 -0.5000000000 2.3750000000 0.0000000000
0.7340000000 1.0000000000 -0.5000000000 0.9000000000 2.3750000000 1.0000000000 -0.5000000000 2.3750000000 0.0000000000
0.7360000000 1.0000000000 -0.5000000000 0.9000000000 2.3750000000 1.0000000000 -0.5000000000 2.3750000000 0.0000000000
0.7380000000 1.0000000000 -0.5000000000 0.9000000000 2.3750000000 1.0000000000 -0.5000000000 2.3750000000 0.0000000000
0.7400000000 1.0000000000 -0.5000000000 0.9000000000 2.3750000000 1.0000000000 -0.5000000000 2.3750000000 0.0000000000
0.7420000000 1.0000000000 -0.5000000000 0.9000000000 2.3750000000 1.0000000000 -0.5000000000 2.3750000000 0.0000000000
0.7440000000 1.0000000000 -0.5000000000 0.9000000000 2.3750000000 1.0000000000 -0.5000000000 2.3750000000 0.0000000000
0.7460000000 1.0000000000 -0.5000000000 0.9000000000 2.3750000000 1.0000000000 -0.5000000000 2.3750000000 0.0000000000
0.7480000000 1.0000000000 -0.5000000000 0.9000000000 2.3750000000 1.0000000000 -0.5000000000 2.3750000000 0.0000000000
0.7500000000 1.0000000000 -0.5000000000 0.9000000000 2.3750000000 1.0000000000 -0.5000000000 2.3750000000 0.0000000000
0.7520000000 1.0000000000 -0.5000000000 0.9000000000 2.3750000000 1.0000000000 -0.5000000000 2.3750000000 0.0000000000
0.7540000000 1.0000000000 -0.5000000000 0.9000000000 2.3750000000 1.0000000000 -0.5000000000 2.3750000000 0.0000000000
0.7560000000 1.0000000000 -0.5000000000 0.9000000000 2.3750000000 1.0000000000 -0.5000000000 2.3750000000 0.0000000000
0.7580000000 1.0000000000 -0.5000000000 0.9000000000 2.3750000000 1.0000000000 -0.5000000000 2.3750000000 0.0000000000
0.7600000000 1.0000000000 -0.5000000000 0.9000000000 2.3750000000 1.0000000000 -0.5000000000 2.3750000000 0.0000000000
0.7620000000 1.0000000000 -0.5000000000 0.9000000000 2.3750000000 1.0000000000 -0.5000000000 2.3750000000 0.0000000000
0.7640000000 1.0000000000 -0.5000000000 0.9000000000 2.3750000000 1.0000000000 -0.5000000000 2.3750000000 0.0000000000
0.7660000000 1.0000000000 -0.5000000000 0.9000000000 2.3750000000 1.0000000000 -0.5000000000 2.3750000000 0.0000000000
0.7680000000 1.0000000000 -0.5000000000 0.9000000000 2.3750000000 1.0000000000 -0.5000000000 2.3750000000 0.0000000000
0.7700000000 1.0000000000 -0.5000000000 0.9000000000 2.3750000000 1.0000000000 -0.5000000000 2.3750000000 0.0000000000
0.7720000000 1.0000000000 -0.5000000000 0.9000000000 2.3750000000 1.0000000000 -0.5000000000 2.3750000000 0.0000000000
0.7740000000 1.0000000000 -0.5000000000 0.9000000000 2.3750000000 1.0000000000 -0.5000000000 2.3750000000 0.0000000000
0.7760000000 1.0000000000 -0.5000000000 0.9000000000 2.3750000000 1.0000000000 -0.5000000000 2.3750000000 0.0000000000
0.7780000000 1.0000000000 -0.5000000000 0.9000000000 2.3750000000 1.0000000000 -0.5000000000 2.3750000000 0.0000000000
0.7800000000 1.0000000000 -0.5000000000 0.9000000000 2.3750000000 1.0000000000 -0.5000000000 2.3750000000 0.0000000000
0.7820000000 1.0000000000 -0.5000000000 0.9000000000 2.3750000000 1.0000000000 -0.5000000000 2.3750000000 0.0000000000
0.7840000000 1.0000000000 -0.5000000000 0.9000000000 2.3750000000 1.0000000000 -0.5000000000 2.3750000000 0.0000000000
0.7860000000 1.0000000000 -0.5000000000 0.9000000000 2.3750000000 1.0000000000 -0.5000000000 2.3750000000 0.0000000000
0.7880000000 1.0000000000 -0.5000000000 0.9000000000 2.3750000000 1.0000000000 -0.5000000000 2.3750000000 0.0000000000
0.7900000000 1.0000000000 -0.5000000000 0.9000000000 2.3750000000 1.0000000000 -0.5000000000 2.3750000000 0.0000000000
0.7920000000 1.0000000000 -0.5000000000 0.9000000000 2.3750000000 1.0000000000 -0.5000000000 2.3750000000 0.0000000000
0.7940000000 1.0000000000 -0.5000000000 0.9000000000 2.3750000000 1.0000000000 -0.5000000000 2.3750000000 0.0000000000
0.7960000000 1.0000000000 -0.5000000000 0.9000000000 2.3750000000 1.0000000000 -0.5000000000 2.3750000000 0.0000000000
0.7980000000 1.0000000000 -0.5000000000 0.9000000000 2.3750000000 1.0000000000 -0.5000000000 2.3750000000 0.0000000000
0.8000000000 1.0000000000 -0.5000000000 0.9000000000 2.3750000000 1.0000000000 -0.5000000000 2.3750000000 0.0000000000
0.8020000000 1.0000000000 -0.5000000000 0.9000000000 2.3750000000 1.0000000000 -0.5000000000 2.3750000000 0.0000000000
0.8040000000 1.0000000000 -0.5000000000 0.9000000000 2.3750000000 1.0000000000 -0.5000000000 2.3750000000 0.0000000000
0.8060000000 1.0000000000 -0.5000000000 0.9000000000 2.3750000000 1.0000000000 -0.5000000000 2.3750000000 0.0000000000
0.8080000000 1.0000000000 -0.5000000000 0.9000000000 2.3750000000 1.0000000000 -0.5000000000 2.3750000000 0.0000000000
0.8100000000 1.0000000000 -0.5000000000 0.9000000000 2.3750000000 1.0000000000 -0.5000000000 2.3750000000 0.0000000000
0.8120000000 1.0000000000 -0.5000000000 0.9000000000 2.3750000000 1.0000000000 -0.5000000000 2.3750000000 0.0000000000
0.8140000000 1.0000000000 -0.5000000000 0.9000000000 2.3750000000 1.0000000000 -0.5000000000 2.3750000000 0.0000000000
0.8160000000 1.0000000000 -0.5000000000 0.9000000000 2.3750000000 1.0000000000 -0.5000000000 2.3750000000 0.0000000000
0.8180000000 1.0000000000 -0.5000000000 0.9000000000 2.3750000000 1.0000000000 -0.5000000000 2.3750000000 0.0000000000
0.8200000000 1.0000000000 -0.5000000000 0.9000000000 2.3750000000 1.0000000000 -0.5000000000 2.3750000000 0.0000000000
0.8220000000 1.0000000000 -0.5000000000 0.9000000000 2.3750000000 1.0000000000 -0.5000000000 2.3750000000 0.0000000000
0.8240000000 1.0000000000 -0.5000000000 0.9000000000 2.3750000000 1.0000000000 -0.5000000000 2.3750000000 0.0000000000
0.8260000000 1.0000000000 -0.5000000000 0.9000000000 2.3750000000 1.0000000000 -0.5000000000 2.3750000000 0.0000000000
0.8280000000 1.0000000000 -0.5000000000 0.9000000000 2.3750000000 1.0000000000 -0.5000000000 2.3750000000 0.0000000000
0.8300000000 1.0000000000 -0.5000000000 0.9000000000 2.3750000000 1.0000000000 -0.5000000000 2.3750000000 0.0000000000
0.8320000000 1.0000000000 -0.5000000000 0.9000000000 2.3750000000 1.0000000000 -0.5000000000 2.3750000000 0.0000000000
0.8340000000 1.0000000000 -0.5000000000 0.9000000000 2.3750000000 1.0000000000 -0.5000000000 2.3750000000 0.0000000000
0.8360000000 1.0000000000 -0.5000000000 0.9000000000 2.3750000000 1.0000000000 -0.5000000000 2.3750000000 0.0000000000
0.8380000000 1.0000000000 -0.5000000000 0.9000000000 2.3750000000 1.0000000000 -0.5000000000 2.3750000000 0.0000000000
0.8400000000 1.0000000000 -0.5000000000 0.9000000000 2.3750000000 1.0000000000 -0.5000000000 2.3750000000 0.0000000000
0.8420000000 1.0000000000 -0.5000000000 0.9000000000 2.3750000000 1.0000000000 -0.5000000000 2.3750000000 0.0000000000
0.8440000000 1.0000000000 -0.5000000000 0.9000000000 2.3750000000 1.0000000000 -0.5000000000 2.3750000000 0.0000000000
0.8460000000 1.0000000000 -0.5000000000 0.9000000000 2.3750000000 1.0000000000 -0.5000000000 2.3750000000 0.0000000000
0.8480000000 1.0000000000 -0.5000000000 0.9000000000 2.3750000000 1.0000000000 -0.5000000000 2.3750000000 0.0000000000
0.8500000000 1.0000000000 -0.5000000000 0.9000000000 2.3750000000 1.0000000000 -0.5000000000 2.3750000000 0.0000000000
0.8520000000 1.0000000000 -0.5000000000 0.9000000000 2.3750000000 1.0000000000 -0.5000000000 2.3750000000 0.0000000000
0.8540000000 1.0000000000 -0.5000000000 0.9000000000 2.3750000000 1.0000000000 -0.5000000000 2.3750000000 0.0000000000
0.8560000000 1.0000000000 -0.5000000000 0.9000000000 2.3750000000 1.0000000000 -0.5000000000 2.3750000000 0.0000000000
0.8580000000 1.0000000000 -0.5000000000 0.9000000000 2.3750000000 1.0000000000 -0.5000000000 2.3750000000 0.0000000000
0.8600000000 1.0000000000 -0.5000000000 0.9000000000 2.3750000000 1.0000000000 -0.5000000000 2.3750000000 0.0000000000
0.8620000000 1.0000000000 -0.5000000000 0.9000000000 2.3750000000 1.0000000000 -0.5000000000 2.3750000000 0.0000000000
0.8640000000 1.0000000000 -0.5000000000 0.9000000000 2.3750000000 1.0000000000 -0.5000000000 2.3750000000 0.0000000000
0.8660000000 1.0000000000 -0.5000000000 0.9000000000 2.3750000000 1.0000000000 -0.5000000000 2.3750000000 0.0000000000
0.8680000000 1.0000000000 -0.5000000000 0.9000000000 2.3750000000 1.0000000000 -0.5000000000 2.3750000000 0.0000000000
0.8700000000 1.0000000000 -0.5000000000 0.9000000000 2.3750000000 1.0000000000 -0.5000000000 2.3750000000 0.0000000000
0.8720000000 1.0000000000 -0.5000000000 0.9000000000 2.3750000000 1.0000000000 -0.5000000000 2.3750000000 0.0000000000
0.8740000000 1.0000000000 -0.5000000000 0.9000000000 2.3750000000 1.0000000000 -0.5000000000 2.3750000000 0.0000000000
0.8760000000 1.0000000000 -0.5000000000 0.9000000000 2.3750000000 1.0000000000 -0.5000000000 2.3750000000 0.0000000000
0.8780000000 1.0000000000 -0.5000000000 0.9000000000 2.3750000000 1.0000000000 -0.5000000000 2.3750000000 0.0000000000
0.8800000000 1.0000000000 -0.5000000000 0.9000000000 2.3750000000 1.0000000000 -0.5000000000 2.3750000000 0.0000000000
0.8820000000 1.0000000000 -0.5000000000 0.9000000000 2.3750000000 1.0000000000 -0.5000000000 2.3750000000 0.0000000000
0.8840000000 1.0000000000 -0.5000000000 0.9000000000 2.3750000000 1.0000000000 -0.5000000000 2.3750000000 0.0000000000
0.8860000000 1.0000000000 -0.5000000000 0.9000000000 2.3750000000 1.0000000000 -0.5000000000 2.3750000000 0.0000000000
0.8880000000 1.0000000000 -0.5000000000 0.9000000000 2.3750000000 1.0000000000 -0.5000000000 2.3750000000 0.0000000000
0.8900000000 1.0000000000 -0.5000000000 0.9000000000 2.3750000000 1.0000000000 -0.5000000000 2.3750000000 0.0000000000
0.8920000000 1.0000000000 -0.5000000000 0.9000000000 2.3750000000 1.0000000000 -0.5000000000 2.3750000000 0.0000000000
0.8940000000 1.0000000000 -0.5000000000 0.9000000000 2.3750000000 1.0000000000 -0.5000000000 2.3750000000 0.0000000000
0.8960000000 1.0000000000 -0.5000000000 0.9000000000 2.3750000000 1.0000000000 -0.5000000000 2.3750000000 0.0000000000
0.8980000000 1.0000000000 -0.5000000000 0.9000000000 2.3750000000 1.0000000000 -0.5000000000 2.3750000000 0.0000000000
0.9000000000 1.0000000000 -0.5000000000 0.9000000000 2.3750000000 1.0000000000 -0.5000000000 2.3750000000 0.0000000000
0.9020000000 1.0000000000 -0.5000000000 0.9000000000 2.3750000000 1.0000000000 -0.5000000000 2.3750000000 0.0000000000
0.9040000000 1.0000000000 -0.5000000000 0.9000000000 2.3750000000 1.0000000000 -0.5000000000 2.3750000000 0.0000000000
0.9060000000 1.0000000000 -0.5000000000 0.9000000000 2.3750000000 1.0000000000 -0.5000000000 2.3750000000 0.0000000000
0.9080000000 1.0000000000 -0.5000000000 0.9000000000 2.3750000000 1.0000000000 -0.5000000000 2.3750000000 0.0000000000
0.9100000000 1.0000000000 -0.5000000000 0.9000000000 2.3750000000 1.0000000000 -0.5000000000 2.3750000000 0.0000000000
0.9120000000 1.0000000000 -0.5000000000 0.9000000000 2.3750000000 1.0000000000 -0.5000000000 2.3750000000 0.0000000000
0.9140000000 1.0000000000 -0.5000000000 0.9000000000 2.3750000000 1.0000000000 -0.5000000000 2.3750000000 0.0000000000
0.9160000000 1.0000000000 -0.5000000000 0.9000000000 2.3750000000 1.0000000000 -0.5000000000 2.3750000000 0.0000000000
0.9180000000 1.0000000000 -0.5000000000 0.9000000000 2.3750000000 1.0000000000 -0.5000000000 2.3750000000 0.0000000000
0.9200000000 1.0000000000 -0.5000000000 0.9000000000 2.3750000000 1.0000000000 -0.5000000000 2.3750000000 0.0000000000
0.9220000000 1.0000000000 -0.5000000000 0.9000000000 2.3750000000 1.0000000000 -0.5000000000 2.3750000000 0.0000000000
0.9240000000 1.0000000000 -0.5000000000 0.9000000000 2.3750000000 1.0000000000 -0.5000000000 2.3750000000 0.0000000000
0.9260000000 1.0000000000 -0.5000000000 0.9000000000 2.3750000000 1.0000000000 -0.5000000000 2.3750000000 0.0000000000
0.9280000000 1.0000000000 -0.5000000000 0.9000000000 2.3750000000 1.0000000000 -0.5000000000 2.3750000000 0.0000000000
0.9300000000 1.0000000000 -0.5000000000 0.9000000000 2.3750000000 1.0000000000 -0.5000000000 2.3750000000 0.0000000000
0.9320000000 1.0000000000 -0.5000000000 0.9000000000 2.3750000000 1.0000000000 -0.5000000000 2.3750000000 0.0000000000
0.9340000000 1.0000000000 -0.5000000000 0.9000000000 2.3750000000 1.0000000000 -0.5000000000 2.3750000000 0.0000000000
0.9360000000 1.0000000000 -0.5000000000 0.9000000000 2.3750000000 1.0000000000 -0.5000000000 2.3750000000 0.0000000000
0.9380000000 1.0000000000 -0.5000000000 0.9000000000 2.3750000000 1.0000000000 -0.5000000000 2.3750000000 0.0000000000
0.9400000000 1.0000000000 -0.5000000000 0.9000000000 2.3750000000 1.0000000000 -0.5000000000 2.3750000000 0.0000000000
0.9420000000 1.0000000000 -0.5000000000 0.9000000000 2.3750000000 1.0000000000 -0.5000000000 2.3750000000 0.0000000000
0.9440000000 1.0000000000 -0.5000000000 0.9000000000 2.3750000000 1.0000000000 -0.5000000000 2.3750000000 0.0000000000
0.9460000000 1.0000000000 -0.5000000000 0.9000000000 2.3750000000 1.0000000000 -0.5000000000 2.3750000000 0.0000000000
0.9480000000 1.0000000000 -0.5000000000 0.9000000000 2.3750000000 1.0000000000 -0.5000000000 2.3750000000 0.0000000000
0.9500000000 1.0000000000 -0.5000000000 0.9000000000 2.3750000000 1.0000000000 -0.5000000000 2.3750000000 0.0000000000
0.9520000000 1.0000000000 -0.5000000000 0.9000000000 2.3750000000 1.0000000000 -0.5000000000 2.3750000000 0.0000000000
0.9540000000 1.0000000000 -0.5000000000 0.9000000000 2.3750000000 1.0000000000 -0.5000000000 2.3750000000 0.0000000000
0.9560000000 1.0000000000 -0.5000000000 0.9000000000 2.3750000000 1.0000000000 -0.5000000000 2.3750000000 0.0000000000
0.9580000000 1.0000000000 -0.5000000000 0.9000000000 2.3750000000 1.0000000000 -0.5000000000 2.3750000000 0.0000000000
0.9600000000 1.0000000000 -0.5000000000 0.9000000000 2.3750000000 1.0000000000 -0.5000000000 2.3750000000 0.0000000000
0.9620000000 1.0000000000 -0.5000000000 0.9000000000 2.3750000000 1.0000000000 -0.5000000000 2.3750000000 0.0000000000
0.9640000000 1.0000000000 -0.5000000000 0.9000000000 2.3750000000 1.0000000000 -0.5000000000 2.3750000000 0.0000000000
0.9660000000 1.0000000000 -0.5000000000 0.9000000000 2.3750000000 1.0000000000 -0.5000000000 2.3750000000 0.0000000000
0.9680000000 1.0000000000 -0.5000000000 0.9000000000 2.3750000000 1.0000000000 -0.5000000000 2.3750000000 0.0000000000
0.9700000000 1.0000000000 -0.5000000000 0.9000000000 2.3750000000 1.0000000000 -0.5000000000 2.3750000000 0.0000000000
0.9720000000 1.0000000000 -0.5000000000 0.9000000000 2.3750000000 1.0000000000 -0.5000000000 2.3750000000 0.0000000000
0.9740000000 1.0000000000 -0.5000000000 0.9000000000 2.3750000000 1.0000000000 -0.5000000000 2.3750000000 0.0000000000
0.9760000000 1.0000000000 -0.5000000000 0.9000000000 2.3750000000 1.0000000000 -0.5000000000 2.3750000000 0.0000000000
0.9780000000 1.0000000000 -0.5000000000 0.9000000000 2.3750000000 1.0000000000 -0.5000000000 2.3750000000 0.0000000000
0.9800000000 1.0000000000 -0.5000000000 0.9000000000 2.3750000000 1.0000000000 -0.5000000000 2.3750000000 0.0000000000
0.9820000000 1.0000000000 -0.5000000000 0.9000000000 2.3750000000 1.0000000000 -0.5000000000 2.3750000000 0.0000000000
0.9840000000 1.0000000000 -0.5000000000 0.9000000000 2.3750000000 1.0000000000 -0.5000000000 2.3750000000 0.0000000000
0.9860000000 1.0000000000 -0.5000000000 0.9000000000 2.3750000000 1.0000000000 -0.5000000000 2.3750000000 0.0000000000
0.9880000000 1.0000000000 -0.5000000000 0.9000000000 2.3750000000 1.0000000000 -0.5000000000 2.3750000000 0.0000000000
0.9900000000 1.0000000000 -0.5000000000 0.9000000000 2.3750000000 1.0000000000 -0.5000000000 2.3750000000 0.0000000000
0.9920000000 1.0000000000 -0.5000000000 0.9000000000 2.3750000000 1.0000000000 -0.5000000000 2.3750000000 0.0000000000
0.9940000000 1.0000000000 -0.5000000000 0.9000000000 2.3750000000 1.0000000000 -0.5000000000 2.3750000000 0.0000000000
0.9960000000 1.0000000000 -0.5000000000 0.9000000000 2.3750000000 1.0000000000 -0.5000000000 2.3750000000 0.0000000000
0.9980000000 1.0000000000 -0.5000000000 0.9000000000 2.3750000000 1.0000000000 -0.5000000000 2.3750000000 0.0000000000
1.0000000000 1.0000000000 -0.5000000000 0.9000000000 2.3750000000 1.0000000000 -0.5000000000 2.3750000000 0.0000000000
