TITLE = "1D Euler Filtered MacCormack Result"
VARIABLES = "x", "rho", "u", "p", "E", "rho_conserved", "rhou", "rhoE", "nu"
ZONE T="t=0.20000000", I=501, F=POINT
0.0000000000 0.4000000000 0.5000000000 1.0000000000 6.3750000000 0.4000000000 0.2000000000 2.5500000000 0.0000000000
0.0020000000 0.4000000000 0.5000000000 1.0000000000 6.3750000000 0.4000000000 0.2000000000 2.5500000000 0.0000000000
0.0040000000 0.4000000000 0.5000000000 1.0000000000 6.3750000000 0.4000000000 0.2000000000 2.5500000000 0.0000000000
0.0060000000 0.4000000000 0.5000000000 1.0000000000 6.3750000000 0.4000000000 0.2000000000 2.5500000000 0.0000000000
0.0080000000 0.4000000000 0.5000000000 1.0000000000 6.3750000000 0.4000000000 0.2000000000 2.5500000000 0.0000000000
0.0100000000 0.4000000000 0.5000000000 1.0000000000 6.3750000000 0.4000000000 0.2000000000 2.5500000000 0.0000000000
0.0120000000 0.4000000000 0.5000000000 1.0000000000 6.3750000000 0.4000000000 0.2000000000 2.5500000000 0.0000000000
0.0140000000 0.4000000000 0.5000000000 1.0000000000 6.3750000000 0.4000000000 0.2000000000 2.5500000000 0.0000000000
0.0160000000 0.4000000000 0.5000000000 1.0000000000 6.3750000000 0.4000000000 0.2000000000 2.5500000000 0.0000000000
0.0180000000 0.4000000000 0.5000000000 1.0000000000 6.3750000000 0.4000000000 0.2000000000 2.5500000000 0.0000000000
0.0200000000 0.4000000000 0.5000000000 1.0000000000 6.3750000000 0.4000000000 0.2000000000 2.5500000000 0.0000000000
0.0220000000 0.4000000000 0.5000000000 1.0000000000 6.3750000000 0.4000000000 0.2000000000 2.5500000000 0.0000000000
0.0240000000 0.4000000000 0.5000000000 1.0000000000 6.3750000000 0.4000000000 0.2000000000 2.5500000000 0.0000000000
0.0260000000 0.4000000000 0.5000000000 1.0000000000 6.3750000000 0.4000000000 0.2000000000 2.5500000000 0.0000000000
0.0280000000 0.4000000000 0.5000000000 1.0000000000 6.3750000000 0.4000000000 0.2000000000 2.5500000000 0.0000000000
0.0300000000 0.4000000000 0.5000000000 1.0000000000 6.3750000000 0.4000000000 0.2000000000 2.5500000000 0.0000000000
0.0320000000 0.4000000000 0.5000000000 1.0000000000 6.3750000000 0.4000000000 0.2000000000 2.5500000000 0.0000000000
0.0340000000 0.4000000000 0.5000000000 1.0000000000 6.3750000000 0.4000000000 0.2000000000 2.5500000000 0.0000000000
0.0360000000 0.4000000000 0.5000000000 1.0000000000 6.3750000000 0.4000000000 0.2000000000 2.5500000000 0.0000000000
0.0380000000 0.4000000000 0.5000000000 1.0000000000 6.3750000000 0.4000000000 0.2000000000 2.5500000000 0.0000000000
0.0400000000 0.4000000000 0.5000000000 1.0000000000 6.3750000000 0.4000000000 0.2000000000 2.5500000000 0.0000000000
0.0420000000 0.4000000000 0.5000000000 1.0000000000 6.3750000000 0.4000000000 0.2000000000 2.5500000000 0.0000000000
0.0440000000 0.4000000000 0.5000000000 1.0000000000 6.3750000000 0.4000000000 0.2000000000 2.5500000000 0.0000000000
0.0460000000 0.4000000000 0.5000000000 1.0000000000 6.3750000000 0.4000000000 0.2000000000 2.5500000000 0.0000000000
0.0480000000 0.4000000000 0.5000000000 1.0000000000 6.3750000000 0.4000000000 0.2000000000 2.5500000000 0.0000000000
0.0500000000 0.4000000000 0.5000000000 1.0000000000 6.3750000000 0.4000000000 0.2000000000 2.5500000000 0.0000000000
0.0520000000 0.4000000000 0.5000000000 1.0000000000 6.3750000000 0.4000000000 0.2000000000 2.5500000000 0.0000000000
0.0540000000 0.4000000000 0.5000000000 1.0000000000 6.3750000000 0.4000000000 0.2000000000 2.5500000000 0.0000000000
0.0560000000 0.4000000000 0.5000000000 1.0000000000 6.3750000000 0.4000000000 0.2000000000 2.5500000000 0.0000000000
0.0580000000 0.4000000000 0.5000000000 1.0000000000 6.3750000000 0.4000000000 0.2000000000 2.5500000000 0.0000000000
0.0600000000 0.4000000000 0.5000000000 1.0000000000 6.3750000000 0.4000000000 0.2000000000 2.5500000000 0.0000000000
0.0620000000 0.4000000000 0.5000000000 1.0000000000 6.3750000000 0.4000000000 0.2000000000 2.5500000000 0.0000000000
0.0640000000 0.4000000000 0.5000000000 1.0000000000 6.3750000000 0.4000000000 0.2000000000 2.5500000000 0.0000000000
0.0660000000 0.4000000000 0.5000000000 1.0000000000 6.3750000000 0.4000000000 0.2000000000 2.5500000000 0.0000000000
0.0680000000 0.4000000000 0.5000000000 1.0000000000 6.3750000000 0.4000000000 0.2000000000 2.5500000000 0.0000000000
0.0700000000 0.4000000000 0.5000000000 1.0000000000 6.3750000000 0.4000000000 0.2000000000 2.5500000000 0.0000000000
0.0720000000 0.4000000000 0.5000000000 1.0000000000 6.3750000000 0.4000000000 0.2000000000 2.5500000000 0.0000000000
0.0740000000 0.4000000000 0.5000000000 1.0000000000 6.3750000000 0.4000000000 0.2000000000 2.5500000000 0.0000000000
0.0760000000 0.4000000000 0.5000000000 1.0000000000 6.3750000000 0.4000000000 0.2000000000 2.5500000000 0.0000000000
0.0780000000 0.4000000000 0.5000000000 1.0000000000 6.3750000000 0.4000000000 0.2000000000 2.5500000000 0.0000000000
0.0800000000 0.4000000000 0.5000000000 1.0000000000 6.3750000000 0.4000000000 0.2000000000 2.5500000000 0.0000000000
0.0820000000 0.4000000000 0.5000000000 1.0000000000 6.3750000000 0.4000000000 0.2000000000 2.5500000000 0.0000000000
0.0840000000 0.4000000000 0.5000000000 1.0000000000 6.3750000000 0.4000000000 0.2000000000 2.5500000000 0.0000000000
0.0860000000 0.4000000000 0.5000000000 1.0000000000 6.3750000000 0.4000000000 0.2000000000 2.5500000000 0.0000000000
0.0880000000 0.4000000000 0.5000000000 1.0000000000 6.3750000000 0.4000000000 0.2000000000 2.5500000000 0.0000000000
0.0900000000 0.4000000000 0.5000000000 1.0000000000 6.3750000000 0.4000000000 0.2000000000 2.5500000000 0.0000000000
0.0920000000 0.4000000000 0.5000000000 1.0000000000 6.3750000000 0.4000000000 0.2000000000 2.5500000000 0.0000000000
0.0940000000 0.4000000000 0.5000000000 1.0000000000 6.3750000000 0.4000000000 0.2000000000 2.5500000000 0.0000000000
0.0960000000 0.4000000000 0.5000000000 1.0000000000 6.3750000000 0.4000000000 0.2000000000 2.5500000000 0.0000000000
0.0980000000 0.4000000000 0.5000000000 1.0000000000 6.3750000000 0.4000000000 0.2000000000 2.5500000000 0.0000000000
0.1000000000 0.4000000000 0.5000000000 1.0000000000 6.3750000000 0.4000000000 0.2000000000 2.5500000000 0.0000000001
0.1020000000 0.4000000000 0.5000000000 1.0000000000 6.3750000000 0.4000000000 0.2000000000 2.5500000000 0.0000000003
0.1040000000 0.4000000000 0.5000000000 1.0000000000 6.3750000000 0.4000000000 0.2000000000 2.5500000000 0.0000000010
0.1060000000 0.4000000000 0.5000000000 1.0000000000 6.3750000000 0.4000000000 0.2000000000 2.5500000000 0.0000000043
0.1080000000 0.4000000000 0.5000000000 1.0000000000 6.3750000000 0.4000000000 0.2000000000 2.5500000000 0.0000000183
0.1100000000 0.4000000000 0.5000000000 1.0000000000 6.3750000000 0.4000000000 0.2000000000 2.5500000000 0.0000000773
0.1120000000 0.4000000000 0.5000000000 1.0000000000 6.3750000000 0.4000000000 0.2000000000 2.5500000000 0.0000003268
0.1140000000 0.4000000000 0.5000000000 1.0000000000 6.3750000000 0.4000000000 0.2000000000 2.5500000001 0.0000013810
0.1160000000 0.4000000000 0.4999999998 1.0000000001 6.3750000001 0.4000000000 0.2000000000 2.5500000003 0.0000058334
0.1180000000 0.4000000001 0.4999999993 1.0000000005 6.3750000006 0.4000000001 0.1999999998 2.5500000011 0.0000246063
0.1200000000 0.4000000006 0.4999999971 1.0000000021 6.3750000024 0.4000000006 0.1999999992 2.5500000048 0.0001031964
0.1220000000 0.4000000026 0.4999999880 1.0000000090 6.3750000101 0.4000000026 0.1999999965 2.5500000204 0.0004233673
0.1240000000 0.4000000107 0.4999999500 1.0000000374 6.3750000418 0.4000000107 0.1999999854 2.5500000848 0.0016181673
0.1260000000 0.4000000428 0.4999997997 1.0000001499 6.3750001675 0.4000000428 0.1999999413 2.5500003401 0.0051964430
0.1280000000 0.4000001590 0.4999992563 1.0000005566 6.3750006220 0.4000001590 0.1999997820 2.5500012625 0.0122676365
0.1300000000 0.4000005255 0.4999975421 1.0000018393 6.3750020555 0.4000005255 0.1999992796 2.5500041724 0.0201670845
0.1320000000 0.4000015374 0.4999928093 1.0000053810 6.3750060137 0.4000015374 0.1999978924 2.5500122066 0.0254426829
0.1340000000 0.4000040934 0.4999808548 1.0000143270 6.3750160115 0.4000040934 0.1999943886 2.5500325002 0.0281179347
0.1360000000 0.4000102620 0.4999520040 1.0000359174 6.3750401414 0.4000102620 0.1999859321 2.5500814773 0.0293447780
0.1380000000 0.4000248431 0.4998838082 1.0000869529 6.3750971836 0.4000248431 0.1999659419 2.5501972506 0.0298831912
0.1400000000 0.4000589918 0.4997240977 1.0002064830 6.3752308041 0.4000589918 0.1999191187 2.5504684082 0.0301082761
0.1420000000 0.4001386231 0.4993516875 1.0004852445 6.3755425463 0.4001386231 0.1998098967 2.5511008159 0.0301841060
0.1440000000 0.4003238343 0.4984856110 1.0011337667 6.3762684437 0.4003238343 0.1995556712 2.5525722320 0.0301668354
0.1460000000 0.4007534013 0.4964774189 1.0026387750 6.3779564876 0.4007534013 0.1989650143 2.5559877560 0.0300435606
0.1480000000 0.4017446155 0.4918464271 1.0061161466 6.3818751315 0.4017446155 0.1975966537 2.5638839706 0.0297237562
0.1500000000 0.4040063924 0.4812946277 1.0140746829 6.3909375908 0.4040063924 0.1944461062 2.5819796403 0.0289812470
0.1520000000 0.4090405157 0.4578908293 1.0319033043 6.4116846566 0.4090405157 0.1872959009 2.6226387983 0.0273364977
0.1540000000 0.4196610850 0.4089478670 1.0699945894 6.4577781587 0.4196610850 0.1716195056 2.7100781889 0.0239001000
0.1560000000 0.4397918871 0.3182252548 1.1436573092 6.5517614778 0.4397918871 0.1399528853 2.8814115444 0.0172024145
0.1580000000 0.4711717111 0.1834895139 1.2611033131 6.7081490840 0.4711717111 0.0864550682 3.1606900820 0.0049897806
0.1600000000 0.5061649511 0.0440471799 1.3941480137 6.8868084318 0.5061649511 0.0222951387 3.4858610532 0.0142711420
0.1620000000 0.5292177919 -0.0423190008 1.4827909777 7.0055304048 0.5292177919 -0.0223959682 3.7074513318 0.0360565687
0.1640000000 0.5371236754 -0.0713760267 1.5135694274 7.0473374008 0.5371236754 -0.0383377538 3.7852917667 0.0579687161
0.1660000000 0.5381212713 -0.0750483692 1.5174868938 7.0527460184 0.5381212713 -0.0403851239 3.7952326533 0.0759575486
0.1680000000 0.5375592199 -0.0729717094 1.5152670218 7.0496396138 0.5375592199 -0.0392266152 3.7895987712 0.0144880585
0.1700000000 0.5367534610 -0.0699927902 1.5120884702 7.0452008712 0.5367534610 -0.0375688724 3.7815359507 0.0202533680
0.1720000000 0.5363128688 -0.0683620957 1.5103516755 7.0427778340 0.5363128688 -0.0366634717 3.7771323845 0.0481874423
0.1740000000 0.5362194504 -0.0680156331 1.5099834817 7.0422641523 0.5362194504 -0.0364713054 3.7761990136 0.0753375233
0.1760000000 0.5362286046 -0.0680483432 1.5100190154 7.0423118617 0.5362286046 -0.0364894681 3.7762890625 0.0414364131
0.1780000000 0.5362580455 -0.0681563889 1.5101345228 7.0424712067 0.5362580455 -0.0365494119 3.7765818449 0.0065661944
0.1800000000 0.5362815275 -0.0682433938 1.5102271397 7.0426006302 0.5362815275 -0.0365976715 3.7768166238 0.0365958318
0.1820000000 0.5362890423 -0.0682719511 1.5102571367 7.0426437641 0.5362890423 -0.0366134993 3.7768926793 0.0584251263
0.1840000000 0.5362895450 -0.0682744101 1.5102592031 7.0426469651 0.5362895450 -0.0366148523 3.7768979365 0.0476793186
0.1860000000 0.5362884891 -0.0682708482 1.5102548983 7.0426405167 0.5362884891 -0.0366128701 3.7768870417 0.0058662331
0.1880000000 0.5362877253 -0.0682681351 1.5102517255 7.0426355671 0.5362877253 -0.0366113629 3.7768790085 0.0369104248
0.1900000000 0.5362878914 -0.0682686694 1.5102523638 7.0426363982 0.5362878914 -0.0366116608 3.7768806241 0.0251649868
0.1920000000 0.5362886529 -0.0682711153 1.5102553605 7.0426405383 0.5362886529 -0.0366130245 3.7768882073 0.0055867374
0.1940000000 0.5362895897 -0.0682739270 1.5102589398 7.0426451181 0.5362895897 -0.0366145963 3.7768972607 0.0071685124
0.1960000000 0.5362902645 -0.0682757946 1.5102614393 7.0426480380 0.5362902645 -0.0366156440 3.7769035793 0.0138238261
0.1980000000 0.5362905819 -0.0682767511 1.5102626656 7.0426496535 0.5362905819 -0.0366161786 3.7769066809 0.0095983949
0.2000000000 0.5362907256 -0.0682775283 1.5102633345 7.0426509384 0.5362907256 -0.0366166052 3.7769083819 0.0018383316
0.2020000000 0.5362909062 -0.0682786856 1.5102641153 7.0426522866 0.5362909062 -0.0366172382 3.7769103767 0.0063710037
0.2040000000 0.5362912051 -0.0682802130 1.5102652158 7.0426535971 0.5362912051 -0.0366180777 3.7769131845 0.0017314264
0.2060000000 0.5362915335 -0.0682816626 1.5102663857 7.0426548382 0.5362915335 -0.0366188776 3.7769161631 0.0024777191
0.2080000000 0.5362918059 -0.0682826618 1.5102673854 7.0426559909 0.5362918059 -0.0366194320 3.7769186997 0.0020868982
0.2100000000 0.5362920392 -0.0682832221 1.5102682365 7.0426569333 0.5362920392 -0.0366197484 3.7769208483 0.0006895738
0.2120000000 0.5362922909 -0.0682836080 1.5102690903 7.0426576369 0.5362922909 -0.0366199725 3.7769229978 0.0003217337
0.2140000000 0.5362925518 -0.0682840627 1.5102700021 7.0426584931 0.5362925518 -0.0366202342 3.7769252944 0.0022970651
0.2160000000 0.5362927682 -0.0682846579 1.5102708702 7.0426597392 0.5362927682 -0.0366205682 3.7769274871 0.0041337167
0.2180000000 0.5362929100 -0.0682853443 1.5102715498 7.0426610919 0.5362929100 -0.0366209460 3.7769292115 0.0026445004
0.2200000000 0.5362930079 -0.0682860579 1.5102719866 7.0426618928 0.5362930079 -0.0366213354 3.7769303298 0.0001960028
0.2220000000 0.5362931019 -0.0682867633 1.5102722728 7.0426620406 0.5362931019 -0.0366217201 3.7769310713 0.0008888898
0.2240000000 0.5362932090 -0.0682874206 1.5102725718 7.0426620739 0.5362932090 -0.0366220799 3.7769318433 0.0014134897
0.2260000000 0.5362933379 -0.0682879566 1.5102729993 7.0426624101 0.5362933379 -0.0366223762 3.7769329318 0.0022258030
0.2280000000 0.5362935045 -0.0682883077 1.5102735698 7.0426629070 0.5362935045 -0.0366225759 3.7769343714 0.0017366791
0.2300000000 0.5362937033 -0.0682884828 1.5102742186 7.0426633330 0.5362937033 -0.0366226833 3.7769360002 0.0010812719
0.2320000000 0.5362938845 -0.0682885826 1.5102748475 7.0426638932 0.5362938845 -0.0366227492 3.7769375766 0.0033698898
0.2340000000 0.5362940098 -0.0682887347 1.5102753741 7.0426647133 0.5362940098 -0.0366228394 3.7769388989 0.0035271634
0.2360000000 0.5362940807 -0.0682890223 1.5102757480 7.0426655451 0.5362940807 -0.0366229985 3.7769398444 0.0012290989
0.2380000000 0.5362941329 -0.0682894513 1.5102759571 7.0426658644 0.5362941329 -0.0366232321 3.7769403830 0.0000050428
0.2400000000 0.5362941834 -0.0682899472 1.5102760457 7.0426656476 0.5362941834 -0.0366235015 3.7769406228 0.0003441419
0.2420000000 0.5362942274 -0.0682904081 1.5102761009 7.0426653598 0.5362942274 -0.0366237516 3.7769407777 0.0003633017
0.2440000000 0.5362942756 -0.0682907547 1.5102762184 7.0426652986 0.5362942756 -0.0366239408 3.7769410844 0.0022800277
0.2460000000 0.5362943578 -0.0682909560 1.5102764582 7.0426653510 0.5362943578 -0.0366240544 3.7769416913 0.0025000265
0.2480000000 0.5362944804 -0.0682910304 1.5102768164 7.0426654160 0.5362944804 -0.0366241026 3.7769425898 0.0000658120
0.2500000000 0.5362946032 -0.0682910387 1.5102772260 7.0426657135 0.5362946032 -0.0366241155 3.7769436143 0.0022198702
0.2520000000 0.5362946920 -0.0682910615 1.5102775920 7.0426662551 0.5362946920 -0.0366241338 3.7769445304 0.0024623216
0.2540000000 0.5362947450 -0.0682911694 1.5102778358 7.0426667038 0.5362947450 -0.0366241953 3.7769451441 0.0010692370
0.2560000000 0.5362947828 -0.0682913980 1.5102779251 7.0426666399 0.5362947828 -0.0366243204 3.7769453757 0.0006780593
0.2580000000 0.5362948100 -0.0682917224 1.5102778955 7.0426661660 0.5362948100 -0.0366244963 3.7769453137 0.0009885480
0.2600000000 0.5362948222 -0.0682920642 1.5102778356 7.0426657504 0.5362948222 -0.0366246804 3.7769451765 0.0005788064
0.2620000000 0.5362948409 -0.0682923288 1.5102778463 7.0426655730 0.5362948409 -0.0366248236 3.7769452129 0.0028357657
0.2640000000 0.5362948993 -0.0682924532 1.5102779926 7.0426654963 0.5362948993 -0.0366248943 3.7769455835 0.0029252153
0.2660000000 0.5362950032 -0.0682924339 1.5102782783 7.0426654638 0.5362950032 -0.0366248911 3.7769462972 0.0004329358
0.2680000000 0.5362951153 -0.0682923308 1.5102786417 7.0426656783 0.5362951153 -0.0366248434 3.7769472021 0.0014376195
0.2700000000 0.5362952063 -0.0682922362 1.5102789873 7.0426660884 0.5362952063 -0.0366247989 3.7769480629 0.0016048147
0.2720000000 0.5362952741 -0.0682922304 1.5102792304 7.0426663323 0.5362952741 -0.0366248004 3.7769486708 0.0010948327
0.2740000000 0.5362953259 -0.0682923552 1.5102793266 7.0426661080 0.5362953259 -0.0366248709 3.7769489158 0.0016329746
0.2760000000 0.5362953539 -0.0682925957 1.5102792905 7.0426655888 0.5362953539 -0.0366250018 3.7769488345 0.0022245057
0.2780000000 0.5362953504 -0.0682928896 1.5102791881 7.0426651774 0.5362953504 -0.0366251592 3.7769485893 0.0001457824
0.2800000000 0.5362953437 -0.0682931526 1.5102791091 7.0426649153 0.5362953437 -0.0366252998 3.7769484012 0.0024946471
0.2820000000 0.5362953700 -0.0682933171 1.5102791255 7.0426646569 0.5362953700 -0.0366253898 3.7769484483 0.0029124459
0.2840000000 0.5362954384 -0.0682933563 1.5102792657 7.0426644156 0.5362954384 -0.0366254155 3.7769488005 0.0009558062
0.2860000000 0.5362955223 -0.0682932961 1.5102795025 7.0426644152 0.5362955223 -0.0366253889 3.7769493906 0.0004656466
0.2880000000 0.5362956003 -0.0682932062 1.5102797625 7.0426645956 0.5362956003 -0.0366253460 3.7769500373 0.0006414760
0.2900000000 0.5362956700 -0.0682931668 1.5102799613 7.0426646051 0.5362956700 -0.0366253297 3.7769505331 0.0009985988
0.2920000000 0.5362957254 -0.0682932339 1.5102800411 7.0426642543 0.5362957254 -0.0366253694 3.7769507353 0.0022535779
0.2940000000 0.5362957485 -0.0682934124 1.5102799987 7.0426637653 0.5362957485 -0.0366254667 3.7769506358 0.0025692331
0.2960000000 0.5362957355 -0.0682936543 1.5102798869 7.0426634315 0.5362957355 -0.0366255956 3.7769503651 0.0000854135
0.2980000000 0.5362957223 -0.0682938786 1.5102797934 7.0426631839 0.5362957223 -0.0366257149 3.7769501395 0.0027999543
0.3000000000 0.5362957465 -0.0682940138 1.5102797948 7.0426628831 0.5362957465 -0.0366257891 3.7769501480 0.0031195437
0.3020000000 0.5362958154 -0.0682940269 1.5102799267 7.0426625939 0.5362958154 -0.0366258009 3.7769504784 0.0013227483
0.3040000000 0.5362959053 -0.0682939353 1.5102801700 7.0426625416 0.5362959053 -0.0366257579 3.7769510836 0.0001060769
0.3060000000 0.5362959982 -0.0682938014 1.5102804571 7.0426626514 0.5362959982 -0.0366256924 3.7769517967 0.0002191415
0.3080000000 0.5362960889 -0.0682937032 1.5102807032 7.0426626004 0.5362960889 -0.0366256459 3.7769524084 0.0013156249
0.3100000000 0.5362961603 -0.0682937018 1.5102808408 7.0426623059 0.5362961603 -0.0366256500 3.7769527526 0.0031445224
0.3120000000 0.5362961862 -0.0682938163 1.5102808477 7.0426620046 0.5362961862 -0.0366257132 3.7769527740 0.0032178567
0.3140000000 0.5362961672 -0.0682940185 1.5102807517 7.0426618209 0.5362961672 -0.0366258203 3.7769525415 0.0004083174
0.3160000000 0.5362961413 -0.0682942412 1.5102806231 7.0426615769 0.5362961413 -0.0366259380 3.7769522281 0.0022852694
0.3180000000 0.5362961453 -0.0682944104 1.5102805401 7.0426611494 0.5362961453 -0.0366260290 3.7769520268 0.0027447244
0.3200000000 0.5362961865 -0.0682944766 1.5102805549 7.0426606814 0.5362961865 -0.0366260674 3.7769520664 0.0013493037
0.3220000000 0.5362962478 -0.0682944331 1.5102806756 7.0426604369 0.5362962478 -0.0366260482 3.7769523666 0.0005266375
0.3240000000 0.5362963179 -0.0682943213 1.5102808593 7.0426603645 0.5362963179 -0.0366259930 3.7769528218 0.0001188997
0.3260000000 0.5362963911 -0.0682942121 1.5102810326 7.0426602048 0.5362963911 -0.0366259395 3.7769532514 0.0015470627
0.3280000000 0.5362964422 -0.0682941710 1.5102811285 7.0426599778 0.5362964422 -0.0366259209 3.7769534896 0.0034641601
0.3300000000 0.5362964456 -0.0682942289 1.5102811161 7.0426598796 0.5362964456 -0.0366259522 3.7769534609 0.0028272473
0.3320000000 0.5362964098 -0.0682943729 1.5102810116 7.0426598721 0.5362964098 -0.0366260270 3.7769532046 0.0000826800
0.3340000000 0.5362963740 -0.0682945478 1.5102808755 7.0426597190 0.5362963740 -0.0366261184 3.7769528709 0.0024578816
0.3360000000 0.5362963708 -0.0682946855 1.5102807821 7.0426593356 0.5362963708 -0.0366261920 3.7769526423 0.0027038690
0.3380000000 0.5362964037 -0.0682947356 1.5102807859 7.0426589241 0.5362964037 -0.0366262211 3.7769526538 0.0014148622
0.3400000000 0.5362964571 -0.0682946829 1.5102809037 7.0426587686 0.5362964571 -0.0366261965 3.7769529465 0.0007459699
0.3420000000 0.5362965224 -0.0682945567 1.5102811039 7.0426588366 0.5362965224 -0.0366261332 3.7769534426 0.0000794471
0.3440000000 0.5362965900 -0.0682944195 1.5102813188 7.0426589416 0.5362965900 -0.0366260643 3.7769539750 0.0020030563
0.3460000000 0.5362966294 -0.0682943375 1.5102814767 7.0426591553 0.5362966294 -0.0366260230 3.7769543668 0.0036476968
0.3480000000 0.5362966188 -0.0682943514 1.5102815325 7.0426595554 0.5362966188 -0.0366260297 3.7769545068 0.0028613955
0.3500000000 0.5362965678 -0.0682944650 1.5102814810 7.0426599916 0.5362965678 -0.0366260872 3.7769543820 0.0003795937
0.3520000000 0.5362965104 -0.0682946385 1.5102813630 7.0426602080 0.5362965104 -0.0366261763 3.7769540934 0.0014651293
0.3540000000 0.5362964729 -0.0682948067 1.5102812475 7.0426601730 0.5362964729 -0.0366262640 3.7769538105 0.0015900804
0.3560000000 0.5362964565 -0.0682949105 1.5102811965 7.0426601573 0.5362964565 -0.0366263185 3.7769536869 0.0008035314
0.3580000000 0.5362964508 -0.0682949188 1.5102812433 7.0426604515 0.5362964508 -0.0366263225 3.7769538042 0.0008216209
0.3600000000 0.5362964565 -0.0682948429 1.5102813761 7.0426609897 0.5362964565 -0.0366262822 3.7769541334 0.0002850173
0.3620000000 0.5362964671 -0.0682947322 1.5102815430 7.0426616214 0.5362964671 -0.0366262236 3.7769545466 0.0018103654
0.3640000000 0.5362964542 -0.0682946485 1.5102816787 7.0426624177 0.5362964542 -0.0366261778 3.7769548828 0.0030898545
0.3660000000 0.5362963984 -0.0682946382 1.5102817346 7.0426634105 0.5362963984 -0.0366261685 3.7769550219 0.0024286924
0.3680000000 0.5362963056 -0.0682947159 1.5102816955 7.0426644506 0.5362963056 -0.0366262038 3.7769549268 0.0007769288
0.3700000000 0.5362961999 -0.0682948557 1.5102815891 7.0426653524 0.5362961999 -0.0366262716 3.7769546657 0.0002570360
0.3720000000 0.5362960972 -0.0682950028 1.5102814739 7.0426661736 0.5362960972 -0.0366263435 3.7769543829 0.0000018084
0.3740000000 0.5362959936 -0.0682950985 1.5102814121 7.0426672525 0.5362959936 -0.0366263877 3.7769542316 0.0000365856
0.3760000000 0.5362958891 -0.0682951053 1.5102814431 7.0426687698 0.5362958891 -0.0366263842 3.7769543092 0.0003503476
0.3780000000 0.5362957904 -0.0682950242 1.5102815653 7.0426706281 0.5362957904 -0.0366263340 3.7769546114 0.0002245699
0.3800000000 0.5362956892 -0.0682948941 1.5102817366 7.0426727476 0.5362956892 -0.0366262573 3.7769550347 0.0017524686
0.3820000000 0.5362955605 -0.0682947730 1.5102818947 7.0426751656 0.5362955605 -0.0366261835 3.7769554251 0.0027597532
0.3840000000 0.5362953851 -0.0682947130 1.5102819837 7.0426778788 0.5362953851 -0.0366261394 3.7769556450 0.0027423317
0.3860000000 0.5362951592 -0.0682947405 1.5102819753 7.0426808068 0.5362951592 -0.0366261387 3.7769556245 0.0022178142
0.3880000000 0.5362948891 -0.0682948457 1.5102818803 7.0426839174 0.5362948891 -0.0366261767 3.7769553903 0.0017876745
0.3900000000 0.5362945808 -0.0682949836 1.5102817471 7.0426873526 0.5362945808 -0.0366262296 3.7769550617 0.0014795725
0.3920000000 0.5362942395 -0.0682950946 1.5102816401 7.0426913417 0.5362942395 -0.0366262658 3.7769547973 0.0010936481
0.3940000000 0.5362938732 -0.0682951328 1.5102816091 7.0426960094 0.5362938732 -0.0366262613 3.7769547204 0.0010078938
0.3960000000 0.5362934837 -0.0682950864 1.5102816679 7.0427013936 0.5362934837 -0.0366262098 3.7769548648 0.0014469808
0.3980000000 0.5362930604 -0.0682949808 1.5102817908 7.0427075163 0.5362930604 -0.0366261243 3.7769551671 0.0022071957
0.4000000000 0.5362925828 -0.0682948655 1.5102819261 7.0427144092 0.5362925828 -0.0366260298 3.7769555001 0.0028956728
0.4020000000 0.5362920285 -0.0682947927 1.5102820190 7.0427221140 0.5362920285 -0.0366259529 3.7769557284 0.0032520187
0.4040000000 0.5362913801 -0.0682947962 1.5102820340 7.0427306956 0.5362913801 -0.0366259105 3.7769557646 0.0032620501
0.4060000000 0.5362906284 -0.0682948764 1.5102819706 7.0427402748 0.5362906284 -0.0366259022 3.7769556073 0.0030424366
0.4080000000 0.5362897713 -0.0682949996 1.5102818644 7.0427510390 0.5362897713 -0.0366259097 3.7769553442 0.0027596995
0.4100000000 0.5362888111 -0.0682951127 1.5102817709 7.0427632172 0.5362888111 -0.0366259048 3.7769551123 0.0025870528
0.4120000000 0.5362877473 -0.0682951679 1.5102817400 7.0427770425 0.5362877473 -0.0366258617 3.7769550347 0.0026420774
0.4140000000 0.5362865709 -0.0682951437 1.5102817932 7.0427927333 0.5362865709 -0.0366257684 3.7769551641 0.0029291468
0.4160000000 0.5362852606 -0.0682950538 1.5102819148 7.0428104955 0.5362852606 -0.0366256307 3.7769554618 0.0033316986
0.4180000000 0.5362837852 -0.0682949392 1.5102820601 7.0428305339 0.5362837852 -0.0366254685 3.7769558174 0.0036633960
0.4200000000 0.5362821106 -0.0682948510 1.5102821737 7.0428530416 0.5362821106 -0.0366253069 3.7769560941 0.0036553485
0.4220000000 0.5362802170 -0.0682948262 1.5102822157 7.0428780966 0.5362802170 -0.0366251642 3.7769561939 0.0026692664
0.4240000000 0.5362781502 -0.0682948779 1.5102821720 7.0429050304 0.5362781502 -0.0366250508 3.7769560817 0.0044424749
0.4260000000 0.5362763738 -0.0682949843 1.5102820663 7.0429278667 0.5362763738 -0.0366249865 3.7769558171 0.0176887313
0.4280000000 0.5362754616 -0.0682950874 1.5102819606 7.0429393573 0.5362754616 -0.0366249795 3.7769555547 0.0356361162
0.4300000000 0.5362754553 -0.0682951428 1.5102819030 7.0429391749 0.5362754553 -0.0366250088 3.7769554126 0.0403232170
0.4320000000 0.5362765818 -0.0682951377 1.5102819078 7.0429244077 0.5362765818 -0.0366250830 3.7769554269 0.0296371532
0.4340000000 0.5362797840 -0.0682950779 1.5102819694 7.0428826501 0.5362797840 -0.0366252696 3.7769555862 0.0250022960
0.4360000000 0.5362866114 -0.0682949897 1.5102820610 7.0427934385 0.5362866114 -0.0366256886 3.7769558280 0.0225722040
0.4380000000 0.5362996230 -0.0682949088 1.5102821456 7.0426230132 0.5362996230 -0.0366265338 3.7769560669 0.0210628768
0.4400000000 0.5363229849 -0.0682948646 1.5102821921 7.0423165560 0.5363229849 -0.0366281056 3.7769562361 0.0200069048
0.4420000000 0.5363633846 -0.0682948692 1.5102821881 7.0417862755 0.5363633846 -0.0366308672 3.7769563204 0.0191974925
0.4440000000 0.5364314096 -0.0682949137 1.5102821431 7.0408933942 0.5364314096 -0.0366355368 3.7769563681 0.0185271884
0.4460000000 0.5365435855 -0.0682949734 1.5102820828 7.0394215555 0.5365435855 -0.0366432299 3.7769564813 0.0179369317
0.4480000000 0.5367253356 -0.0682950194 1.5102820378 7.0370383943 0.5367253356 -0.0366556672 3.7769567941 0.0173928232
0.4500000000 0.5370151971 -0.0682950308 1.5102820297 7.0332412759 0.5370151971 -0.0366754694 3.7769574503 0.0168741097
0.4520000000 0.5374707025 -0.0682950025 1.5102820633 7.0272827490 0.5374707025 -0.0367065630 3.7769585957 0.0163672055
0.4540000000 0.5381763904 -0.0682949470 1.5102821252 7.0180715123 0.5381763904 -0.0367547281 3.7769603941 0.0158627036
0.4560000000 0.5392544302 -0.0682948877 1.5102821902 7.0040464337 0.5392544302 -0.0368283208 3.7769630686 0.0153537736
0.4580000000 0.5408782885 -0.0682948489 1.5102822328 6.9830256480 0.5408782885 -0.0369392010 3.7769669607 0.0148352021
0.4600000000 0.5432896899 -0.0682948453 1.5102822376 6.9520417311 0.5432896899 -0.0371038853 3.7769725960 0.0143027452
0.4620000000 0.5468187598 -0.0682948766 1.5102822054 6.9071894102 0.5468187598 -0.0373449197 3.7769807468 0.0137526481
0.4640000000 0.5519066131 -0.0682949280 1.5102821527 6.8435354692 0.5519066131 -0.0376924224 3.7769924825 0.0131812609
0.4660000000 0.5591286978 -0.0682949767 1.5102821048 6.7551696448 0.5591286978 -0.0381856814 3.7770092072 0.0125847056
0.4680000000 0.5692158530 -0.0682950017 1.5102820853 6.6355015659 0.5692158530 -0.0388745976 3.7770326837 0.0119585461
0.4700000000 0.5830682863 -0.0682949924 1.5102821070 6.4779119901 0.5830682863 -0.0398206442 3.7770650427 0.0112974064
0.4720000000 0.6017555705 -0.0682949533 1.5102821660 6.2768156280 0.6017555705 -0.0410968686 3.7771087694 0.0105944529
0.4740000000 0.6264934596 -0.0682949025 1.5102822432 6.0290599900 0.6264934596 -0.0427863097 3.7771666514 0.0098405999
0.4760000000 0.6585861076 -0.0682948639 1.5102823108 5.7353801096 0.6585861076 -0.0449780486 3.7772416619 0.0090231640
0.4780000000 0.6993204573 -0.0682948560 1.5102823446 5.4014389296 0.6993204573 -0.0477599899 3.7773367423 0.0081233701
0.4800000000 0.7497982727 -0.0682948813 1.5102823365 5.0379609823 0.7497982727 -0.0512073840 3.7774544424 0.0071112314
0.4820000000 0.8106896243 -0.0682949207 1.5102823044 4.6597319805 0.8106896243 -0.0553659836 3.7775963688 0.0059334093
0.4840000000 0.8818845302 -0.0682949442 1.5102822830 4.2837380871 0.8818845302 -0.0602282548 3.7777623502 0.0044762264
0.4860000000 0.9619797281 -0.0682949264 1.5102823064 3.9272648761 0.9619797281 -0.0656983347 3.7779491976 0.0023782339
0.4880000000 1.0472347940 -0.0682948695 1.5102823747 3.6077374520 1.0472347940 -0.0715207636 3.7781481873 0.0022672261
0.4900000000 1.1275185761 -0.0682948273 1.5102824117 3.3510184098 1.1275185761 -0.0770036864 3.7783355060 0.0054897276
0.4920000000 1.1969866762 -0.0682948370 1.5102823590 3.1566745529 1.1969866762 -0.0817480099 3.7784973809 0.0068335031
0.4940000000 1.2549920260 -0.0682948714 1.5102822607 3.0108816102 1.2549920260 -0.0857095190 3.7786324120 0.0079457791
0.4960000000 1.3020167712 -0.0682948785 1.5102822097 2.9022221795 1.3020167712 -0.0889210772 3.7787419514 0.0089136846
0.4980000000 1.3391696218 -0.0682948455 1.5102822378 2.8217699990 1.3391696218 -0.0914583824 3.7788286625 0.0097758632
0.5000000000 1.3678548253 -0.0682948026 1.5102823006 2.7626438436 1.3678548253 -0.0934173753 3.7788957121 0.0105586544
0.5020000000 1.3895427599 -0.0682947782 1.5102823501 2.7195610821 1.3895427599 -0.0948985145 3.7789464116 0.0112792080
0.5040000000 1.4056259709 -0.0682947716 1.5102823813 2.6884705283 1.4056259709 -0.0959969046 3.7789839966 0.0119489091
0.5060000000 1.4173396258 -0.0682947674 1.5102824131 2.6662708952 1.4173396258 -0.0967968800 3.7790113929 0.0125757380
0.5080000000 1.4257276096 -0.0682947588 1.5102824499 2.6505982069 1.4257276096 -0.0973697232 3.7790310456 0.0131655170
0.5100000000 1.4316389050 -0.0682947529 1.5102824766 2.6396634545 1.4316389050 -0.0977734252 3.7790448976 0.0137225173
0.5120000000 1.4357422074 -0.0682947586 1.5102824809 2.6321260588 1.4357422074 -0.0980536674 3.7790544779 0.0142498033
0.5140000000 1.4385498446 -0.0682947764 1.5102824695 2.6269934358 1.4385498446 -0.0982454400 3.7790609988 0.0147494976
0.5160000000 1.4404448525 -0.0682947990 1.5102824632 2.6235404972 1.4404448525 -0.0983748917 3.7790654046 0.0152229854
0.5180000000 1.4417073553 -0.0682948181 1.5102824795 2.6212451352 1.4417073553 -0.0984611416 3.7790683915 0.0156709861
0.5200000000 1.4425381286 -0.0682948286 1.5102825213 2.6197369482 1.4425381286 -0.0985178943 3.7790704346 0.0160934334
0.5220000000 1.4430784277 -0.0682948290 1.5102825779 2.6187570708 1.4430784277 -0.0985547944 3.7790718362 0.0164891754
0.5240000000 1.4434259350 -0.0682948189 1.5102826327 2.6181272561 1.4434259350 -0.0985785128 3.7790727826 0.0168555307
0.5260000000 1.4436471232 -0.0682947986 1.5102826705 2.6177265415 1.4436471232 -0.0985935896 3.7790733909 0.0171876302
0.5280000000 1.4437865500 -0.0682947700 1.5102826814 2.6174739891 1.4437865500 -0.0986030703 3.7790737404 0.0174771998
0.5300000000 1.4438736629 -0.0682947364 1.5102826623 2.6173161749 1.4438736629 -0.0986089712 3.7790738925 0.0177100954
0.5320000000 1.4439276663 -0.0682947026 1.5102826173 2.6172182935 1.4439276663 -0.0986126105 3.7790739028 0.0178617124
0.5340000000 1.4439609296 -0.0682946739 1.5102825581 2.6171579521 1.4439609296 -0.0986148408 3.7790738294 0.0178900946
0.5360000000 1.4439813284 -0.0682946553 1.5102825016 2.6171209140 1.4439813284 -0.0986162070 3.7790737340 0.0177295700
0.5380000000 1.4439938221 -0.0682946506 1.5102824663 2.6170982288 1.4439938221 -0.0986170535 3.7790736743 0.0172938972
0.5400000000 1.4440014989 -0.0682946611 1.5102824645 2.6170843255 1.4440014989 -0.0986175929 3.7790736888 0.0165015231
0.5420000000 1.4440062579 -0.0682946830 1.5102824959 2.6170757639 1.4440062579 -0.0986179497 3.7790737805 0.0153168752
0.5440000000 1.4440092518 -0.0682947071 1.5102825446 2.6170704288 1.4440092518 -0.0986181889 3.7790739118 0.0137496294
0.5460000000 1.4440111742 -0.0682947210 1.5102825857 2.6170670199 1.4440111742 -0.0986183402 3.7790740202 0.0117559863
0.5480000000 1.4440124470 -0.0682947173 1.5102825997 2.6170647391 1.4440124470 -0.0986184218 3.7790740579 0.0091975702
0.5500000000 1.4440133371 -0.0682947003 1.5102825874 2.6170631049 1.4440133371 -0.0986184581 3.7790740276 0.0061894524
0.5520000000 1.4440140183 -0.0682946846 1.5102825685 2.6170618377 1.4440140183 -0.0986184819 3.7790739804 0.0035624250
0.5540000000 1.4440145940 -0.0682946840 1.5102825636 2.6170607867 1.4440145940 -0.0986185203 3.7790739694 0.0022741880
0.5560000000 1.4440151070 -0.0682947004 1.5102825753 2.6170598792 1.4440151070 -0.0986185791 3.7790740015 0.0021860887
0.5580000000 1.4440155629 -0.0682947249 1.5102825903 2.6170590813 1.4440155629 -0.0986186456 3.7790740425 0.0024366000
0.5600000000 1.4440159592 -0.0682947484 1.5102825970 2.6170583769 1.4440159592 -0.0986187066 3.7790740623 0.0024248074
0.5620000000 1.4440162999 -0.0682947681 1.5102825948 2.6170577574 1.4440162999 -0.0986187584 3.7790740596 0.0021417370
0.5640000000 1.4440165946 -0.0682947852 1.5102825883 2.6170572138 1.4440165946 -0.0986188032 3.7790740458 0.0020128922
0.5660000000 1.4440168480 -0.0682947973 1.5102825737 2.6170567305 1.4440168480 -0.0986188380 3.7790740111 0.0023381475
0.5680000000 1.4440170560 -0.0682947969 1.5102825359 2.6170562883 1.4440170560 -0.0986188516 3.7790739170 0.0028476653
0.5700000000 1.4440172130 -0.0682947794 1.5102824635 2.6170558776 1.4440172130 -0.0986188370 3.7790737346 0.0027905010
0.5720000000 1.4440173241 -0.0682947525 1.5102823667 2.6170555070 1.4440173241 -0.0986188058 3.7790734902 0.0016485312
0.5740000000 1.4440174102 -0.0682947357 1.5102822769 2.6170551944 1.4440174102 -0.0986187874 3.7790732643 0.0000828429
0.5760000000 1.4440174957 -0.0682947484 1.5102822270 2.6170549540 1.4440174957 -0.0986188116 3.7790731409 0.0005866756
0.5780000000 1.4440175900 -0.0682947942 1.5102822229 2.6170547794 1.4440175900 -0.0986188841 3.7790731354 0.0000662386
0.5800000000 1.4440176843 -0.0682948561 1.5102822364 2.6170546363 1.4440176843 -0.0986189800 3.7790731756 0.0007469137
0.5820000000 1.4440177662 -0.0682949121 1.5102822295 2.6170544800 1.4440177662 -0.0986190664 3.7790731641 0.0012259585
0.5840000000 1.4440178294 -0.0682949517 1.5102821840 2.6170542892 1.4440178294 -0.0986191279 3.7790730542 0.0017598966
0.5860000000 1.4440178678 -0.0682949830 1.5102821110 2.6170540957 1.4440178678 -0.0986191757 3.7790728751 0.0021668486
0.5880000000 1.4440178767 -0.0682950201 1.5102820326 2.6170539462 1.4440178767 -0.0986192300 3.7790726825 0.0021434667
0.5900000000 1.4440178565 -0.0682950676 1.5102819544 2.6170538507 1.4440178565 -0.0986192971 3.7790724918 0.0024640737
0.5920000000 1.4440178010 -0.0682951175 1.5102818619 2.6170537943 1.4440178010 -0.0986193654 3.7790722653 0.0022766438
0.5940000000 1.4440177113 -0.0682951616 1.5102817404 2.6170537494 1.4440177113 -0.0986194229 3.7790719656 0.0005933567
0.5960000000 1.4440176131 -0.0682952071 1.5102815985 2.6170536848 1.4440176131 -0.0986194819 3.7790716151 0.0021615081
0.5980000000 1.4440175488 -0.0682952736 1.5102814682 2.6170535803 1.4440175488 -0.0986195736 3.7790712959 0.0039049330
0.6000000000 1.4440175395 -0.0682953700 1.5102813719 2.6170534368 1.4440175395 -0.0986197121 3.7790710645 0.0018620839
0.6020000000 1.4440175541 -0.0682954816 1.5102812925 2.6170532804 1.4440175541 -0.0986198743 3.7790708771 0.0033024720
0.6040000000 1.4440175222 -0.0682955831 1.5102811734 2.6170531391 1.4440175222 -0.0986200187 3.7790705893 0.0062036274
0.6060000000 1.4440173960 -0.0682956609 1.5102809721 2.6170530245 1.4440173960 -0.0986201224 3.7790700936 0.0049366537
0.6080000000 1.4440171841 -0.0682957265 1.5102806987 2.6170529393 1.4440171841 -0.0986202026 3.7790694160 0.0019305016
0.6100000000 1.4440169364 -0.0682958070 1.5102804085 2.6170528909 1.4440169364 -0.0986203020 3.7790686978 0.0015611181
0.6120000000 1.4440167195 -0.0682959251 1.5102801627 2.6170528660 1.4440167195 -0.0986204577 3.7790680944 0.0024554795
0.6140000000 1.4440165473 -0.0682960819 1.5102799572 2.6170528328 1.4440165473 -0.0986206724 3.7790675957 0.0006606708
0.6160000000 1.4440163861 -0.0682962669 1.5102797252 2.6170527357 1.4440163861 -0.0986209285 3.7790670336 0.0019372128
0.6180000000 1.4440161896 -0.0682964682 1.5102794147 2.6170525676 1.4440161896 -0.0986212058 3.7790662767 0.0013457070
0.6200000000 1.4440159679 -0.0682966766 1.5102790579 2.6170523657 1.4440159679 -0.0986214915 3.7790654049 0.0001438053
0.6220000000 1.4440157436 -0.0682968915 1.5102787304 2.6170522194 1.4440157436 -0.0986217866 3.7790646067 0.0003669838
0.6240000000 1.4440155267 -0.0682971217 1.5102784485 2.6170521399 1.4440155267 -0.0986221042 3.7790639242 0.0024545074
0.6260000000 1.4440152619 -0.0682973772 1.5102781188 2.6170520661 1.4440152619 -0.0986224550 3.7790631245 0.0048615111
0.6280000000 1.4440148918 -0.0682976574 1.5102776219 2.6170518949 1.4440148918 -0.0986228344 3.7790619089 0.0039135844
0.6300000000 1.4440144262 -0.0682979347 1.5102769648 2.6170516194 1.4440144262 -0.0986232030 3.7790602925 0.0002021028
0.6320000000 1.4440139660 -0.0682981858 1.5102762999 2.6170513186 1.4440139660 -0.0986235341 3.7790586540 0.0033591298
0.6340000000 1.4440135900 -0.0682984426 1.5102757481 2.6170510618 1.4440135900 -0.0986238792 3.7790572989 0.0012243627
0.6360000000 1.4440132450 -0.0682987912 1.5102752357 2.6170508232 1.4440132450 -0.0986243591 3.7790560515 0.0052381123
0.6380000000 1.4440127738 -0.0682992909 1.5102745565 2.6170505345 1.4440127738 -0.0986250485 3.7790544016 0.0064970349
0.6400000000 1.4440121149 -0.0682998823 1.5102736283 2.6170501610 1.4440121149 -0.0986258575 3.7790521379 0.0006967155
0.6420000000 1.4440114280 -0.0683003823 1.5102726722 2.6170497838 1.4440114280 -0.0986265326 3.7790497955 0.0055072976
0.6440000000 1.4440109023 -0.0683007062 1.5102719245 2.6170494633 1.4440109023 -0.0986269644 3.7790479569 0.0033972509
0.6460000000 1.4440104750 -0.0683010204 1.5102712777 2.6170491387 1.4440104750 -0.0986273889 3.7790463699 0.0104330235
0.6480000000 1.4440097623 -0.0683016699 1.5102701989 2.6170486058 1.4440097623 -0.0986282781 3.7790437352 0.0160827699
0.6500000000 1.4440083917 -0.0683028995 1.5102681795 2.6170476754 1.4440083917 -0.0986299601 3.7790388048 0.0039135088
0.6520000000 1.4440067855 -0.0683042418 1.5102658361 2.6170466183 1.4440067855 -0.0986317887 3.7790330749 0.0198523337
0.6540000000 1.4440060497 -0.0683047659 1.5102647820 2.6170461616 1.4440060497 -0.0986324952 3.7790304898 0.0571362068
0.6560000000 1.4440083049 -0.0683027370 1.5102681275 2.6170477316 1.4440083049 -0.0986297195 3.7790386587 0.0545363397
0.6580000000 1.4440243000 -0.0682892494 1.5102916156 2.6170585120 1.4440243000 -0.0986113355 3.7790960859 0.0438941715
0.6600000000 1.4440850233 -0.0682385378 1.5103805917 2.6170991373 1.4440850233 -0.0985422504 3.7793136687 0.0230786885
0.6620000000 1.4442024834 -0.0681405375 1.5105527463 2.6171777997 1.4442024834 -0.0984087335 3.7797346778 0.0182272320
0.6640000000 1.4442709558 -0.0680833472 1.5106530992 2.6172236435 1.4442709558 -0.0983308009 3.7799800931 0.0757880620
0.6660000000 1.4439832045 -0.0683244560 1.5102314193 2.6170311123 1.4439832045 -0.0986593669 3.7789489720 0.0621897691
0.6680000000 1.4412289741 -0.0706353024 1.5061993180 2.6151942250 1.4412289741 -0.1018016445 3.7690936901 0.0503005797
0.6700000000 1.4277893003 -0.0819639280 1.4865777676 2.6062952172 1.4277893003 -0.1170272194 3.7212404244 0.0406707252
0.6720000000 1.3833574113 -0.1200596742 1.4222027524 2.5774083645 1.3833574113 -0.1660854400 3.5654769630 0.0272779080
0.6740000000 1.2878074798 -0.2053193045 1.2866417825 2.5188150588 1.2878074798 -0.2644117360 3.2437488730 0.0047754246
0.6760000000 1.1772892974 -0.3111241676 1.1339567577 2.4563815122 1.1772892974 -0.3662831526 2.8918716647 0.0113854556
0.6780000000 1.0948449244 -0.3962279054 1.0228961911 2.4142084951 1.0948449244 -0.4338081111 2.6431839173 0.0199609057
0.6800000000 1.0463465586 -0.4485866803 0.9592574276 2.3925359266 1.0463465586 -0.4693771292 2.5034217332 0.0246916902
0.6820000000 1.0215102579 -0.4759842192 0.9272924978 2.3826960196 1.0215102579 -0.4862227625 2.4339484256 0.0271782864
0.6840000000 1.0097239048 -0.4891113696 0.9122910876 2.3783786814 1.0097239048 -0.4938674420 2.4015058093 0.0283920458
0.6860000000 1.0043407733 -0.4951327642 0.9054771532 2.3764874014 1.0043407733 -0.4972820233 2.3868031945 0.0289527789
0.6880000000 1.0019261587 -0.4978389300 0.9024284931 2.3756558358 1.0019261587 -0.4987978468 2.3802317260 0.0292030675
0.6900000000 1.0008519807 -0.4990438569 0.9010737959 2.3752892654 1.0008519807 -0.4994690326 2.3773129661 0.0293094143
0.6920000000 1.0003759284 -0.4995780609 0.9004737283 2.3751274741 1.0003759284 -0.4997658665 2.3760203519 0.0293448920
0.6940000000 1.0001653591 -0.4998143925 0.9002083638 2.3750560404 1.0001653591 -0.4998970413 2.3754487775 0.0293341452
0.6960000000 1.0000723498 -0.4999187890 0.9000911629 2.3750245134 1.0000723498 -0.4999549580 2.3751963459 0.0292696256
0.6980000000 1.0000313435 -0.4999648173 0.9000394932 2.3750106186 1.0000313435 -0.4999804879 2.3750850597 0.0291064317
0.7000000000 1.0000133298 -0.4999850373 0.9000167957 2.3750045157 1.0000133298 -0.4999917021 2.3750361741 0.0287326324
0.7020000000 1.0000054792 -0.4999938496 0.9000069038 2.3750018561 1.0000054792 -0.4999965892 2.3750148693 0.0279003726
0.7040000000 1.0000021184 -0.4999976221 0.9000026692 2.3750007176 1.0000021184 -0.4999986813 2.3750057489 0.0260987487
0.7060000000 1.0000007366 -0.4999991731 0.9000009282 2.3750002495 1.0000007366 -0.4999995414 2.3750019990 0.0224046742
0.7080000000 1.0000002171 -0.4999997563 0.9000002736 2.3750000736 1.0000002171 -0.4999998648 2.3750005893 0.0157215663
0.7100000000 1.0000000527 -0.4999999408 0.9000000664 2.3750000179 1.0000000527 -0.4999999672 2.3750001431 0.0074593043
0.7120000000 1.0000000111 -0.4999999876 0.9000000140 2.3750000038 1.0000000111 -0.4999999931 2.3750000301 0.0022573334
0.7140000000 1.0000000022 -0.4999999976 0.9000000027 2.3750000007 1.0000000022 -0.4999999986 2.3750000059 0.0005104916
0.7160000000 1.0000000004 -0.4999999995 0.9000000005 2.3750000001 1.0000000004 -0.4999999997 2.3750000011 0.0001022229
0.7180000000 1.0000000001 -0.4999999999 0.9000000001 2.3750000000 1.0000000001 -0.4999999999 2.3750000002 0.0000197497
0.7200000000 1.0000000000 -0.5000000000 0.9000000000 2.3750000000 1.0000000000 -0.5000000000 2.3750000000 0.0000037845
0.7220000000 1.0000000000 -0.5000000000 0.9000000000 2.3750000000 1.0000000000 -0.5000000000 2.3750000000 0.0000007240
0.7240000000 1.0000000000 -0.5000000000 0.9000000000 2.3750000000 1.0000000000 -0.5000000000 2.3750000000 0.0000001383
0.7260000000 1.0000000000 -0.5000000000 0.9000000000 2.3750000000 1.0000000000 -0.5000000000 2.3750000000 0.0000000264
0.7280000000 1.0000000000 -0.5000000000 0.9000000000 2.3750000000 1.0000000000 -0.5000000000 2.3750000000 0.0000000051
0.7300000000 1.0000000000 -0.5000000000 0.9000000000 2.3750000000 1.0000000000 -0.5000000000 2.3750000000 0.0000000010
0.7320000000 1.0000000000 -0.5000000000 0.9000000000 2.3750000000 1.0000000000 -0.5000000000 2.3750000000 0.0000000002
0.7340000000 1.0000000000 -0.5000000000 0.9000000000 2.3750000000 1.0000000000 -0.5000000000 2.3750000000 0.0000000000
0.7360000000 1.0000000000 -0.5000000000 0.9000000000 2.3750000000 1.0000000000 -0.5000000000 2.3750000000 0.0000000000
0.7380000000 1.0000000000 -0.5000000000 0.9000000000 2.3750000000 1.0000000000 -0.5000000000 2.3750000000 0.0000000000
0.7400000000 1.0000000000 -0.5000000000 0.9000000000 2.3750000000 1.0000000000 -0.5000000000 2.3750000000 0.0000000000
0.7420000000 1.0000000000 -0.5000000000 0.9000000000 2.3750000000 1.0000000000 -0.5000000000 2.3750000000 0.0000000000
0.7440000000 1.0000000000 -0.5000000000 0.9000000000 2.3750000000 1.0000000000 -0.5000000000 2.3750000000 0.0000000000
0.7460000000 1.0000000000 -0.5000000000 0.9000000000 2.3750000000 1.0000000000 -0.5000000000 2.3750000000 0.0000000000
0.7480000000 1.0000000000 -0.5000000000 0.9000000000 2.3750000000 1.0000000000 -0.5000000000 2.3750000000 0.0000000000
0.7500000000 1.0000000000 -0.5000000000 0.9000000000 2.3750000000 1.0000000000 -0.5000000000 2.3750000000 0.0000000000
0.7520000000 1.0000000000 -0.5000000000 0.9000000000 2.3750000000 1.0000000000 -0.5000000000 2.3750000000 0.0000000000
0.7540000000 1.0000000000 -0.5000000000 0.9000000000 2.3750000000 1.0000000000 -0.5000000000 2.3750000000 0.0000000000
0.7560000000 1.0000000000 -0.5000000000 0.9000000000 2.3750000000 1.0000000000 -0.5000000000 2.3750000000 0.0000000000
0.7580000000 1.0000000000 -0.5000000000 0.9000000000 2.3750000000 1.0000000000 -0.5000000000 2.3750000000 0.0000000000
0.7600000000 1.0000000000 -0.5000000000 0.9000000000 2.3750000000 1.0000000000 -0.5000000000 2.3750000000 0.0000000000
0.7620000000 1.0000000000 -0.5000000000 0.9000000000 2.3750000000 1.0000000000 -0.5000000000 2.3750000000 0.0000000000
0.7640000000 1.0000000000 -0.5000000000 0.9000000000 2.3750000000 1.0000000000 -0.5000000000 2.3750000000 0.0000000000
0.7660000000 1.0000000000 -0.5000000000 0.9000000000 2.3750000000 1.0000000000 -0.5000000000 2.3750000000 0.0000000000
0.7680000000 1.0000000000 -0.5000000000 0.9000000000 2.3750000000 1.0000000000 -0.5000000000 2.3750000000 0.0000000000
0.7700000000 1.0000000000 -0.5000000000 0.9000000000 2.3750000000 1.0000000000 -0.5000000000 2.3750000000 0.0000000000
0.7720000000 1.0000000000 -0.5000000000 0.9000000000 2.3750000000 1.0000000000 -0.5000000000 2.3750000000 0.0000000000
0.7740000000 1.0000000000 -0.5000000000 0.9000000000 2.3750000000 1.0000000000 -0.5000000000 2.3750000000 0.0000000000
0.7760000000 1.0000000000 -0.5000000000 0.9000000000 2.3750000000 1.0000000000 -0.5000000000 2.3750000000 0.0000000000
0.7780000000 1.0000000000 -0.5000000000 0.9000000000 2.3750000000 1.0000000000 -0.5000000000 2.3750000000 0.0000000000
0.7800000000 1.0000000000 -0.5000000000 0.9000000000 2.3750000000 1.0000000000 -0.5000000000 2.3750000000 0.0000000000
0.7820000000 1.0000000000 -0.5000000000 0.9000000000 2.3750000000 1.0000000000 -0.5000000000 2.3750000000 0.0000000000
0.7840000000 1.0000000000 -0.5000000000 0.9000000000 2.3750000000 1.0000000000 -0.5000000000 2.3750000000 0.0000000000
0.7860000000 1.0000000000 -0.5000000000 0.9000000000 2.3750000000 1.0000000000 -0.5000000000 2.3750000000 0.0000000000
0.7880000000 1.0000000000 -0.5000000000 0.9000000000 2.3750000000 1.0000000000 -0.5000000000 2.3750000000 0.0000000000
0.7900000000 1.0000000000 -0.5000000000 0.9000000000 2.3750000000 1.0000000000 -0.5000000000 2.3750000000 0.0000000000
0.7920000000 1.0000000000 -0.5000000000 0.9000000000 2.3750000000 1.0000000000 -0.5000000000 2.3750000000 0.0000000000
0.7940000000 1.0000000000 -0.5000000000 0.9000000000 2.3750000000 1.0000000000 -0.5000000000 2.3750000000 0.0000000000
0.7960000000 1.0000000000 -0.5000000000 0.9000000000 2.3750000000 1.0000000000 -0.5000000000 2.3750000000 0.0000000000
0.7980000000 1.0000000000 -0.5000000000 0.9000000000 2.3750000000 1.0000000000 -0.5000000000 2.3750000000 0.0000000000
0.8000000000 1.0000000000 -0.5000000000 0.9000000000 2.3750000000 1.0000000000 -0.5000000000 2.3750000000 0.0000000000
0.8020000000 1.0000000000 -0.5000000000 0.9000000000 2.3750000000 1.0000000000 -0.5000000000 2.3750000000 0.0000000000
0.8040000000 1.0000000000 -0.5000000000 0.9000000000 2.3750000000 1.0000000000 -0.5000000000 2.3750000000 0.0000000000
0.8060000000 1.0000000000 -0.5000000000 0.9000000000 2.3750000000 1.0000000000 -0.5000000000 2.3750000000 0.0000000000
0.8080000000 1.0000000000 -0.5000000000 0.9000000000 2.3750000000 1.0000000000 -0.5000000000 2.3750000000 0.0000000000
0.8100000000 1.0000000000 -0.5000000000 0.9000000000 2.3750000000 1.0000000000 -0.5000000000 2.3750000000 0.0000000000
0.8120000000 1.0000000000 -0.5000000000 0.9000000000 2.3750000000 1.0000000000 -0.5000000000 2.3750000000 0.0000000000
0.8140000000 1.0000000000 -0.5000000000 0.9000000000 2.3750000000 1.0000000000 -0.5000000000 2.3750000000 0.0000000000
0.8160000000 1.0000000000 -0.5000000000 0.9000000000 2.3750000000 1.0000000000 -0.5000000000 2.3750000000 0.0000000000
0.8180000000 1.0000000000 -0.5000000000 0.9000000000 2.3750000000 1.0000000000 -0.5000000000 2.3750000000 0.0000000000
0.8200000000 1.0000000000 -0.5000000000 0.9000000000 2.3750000000 1.0000000000 -0.5000000000 2.3750000000 0.0000000000
0.8220000000 1.0000000000 -0.5000000000 0.9000000000 2.3750000000 1.0000000000 -0.5000000000 2.3750000000 0.0000000000
0.8240000000 1.0000000000 -0.5000000000 0.9000000000 2.3750000000 1.0000000000 -0.5000000000 2.3750000000 0.0000000000
0.8260000000 1.0000000000 -0.5000000000 0.9000000000 2.3750000000 1.0000000000 -0.5000000000 2.3750000000 0.0000000000
0.8280000000 1.0000000000 -0.5000000000 0.9000000000 2.3750000000 1.0000000000 -0.5000000000 2.3750000000 0.0000000000
0.8300000000 1.0000000000 -0.5000000000 0.9000000000 2.3750000000 1.0000000000 -0.5000000000 2.3750000000 0.0000000000
0.8320000000 1.0000000000 -0.5000000000 0.9000000000 2.3750000000 1.0000000000 -0.5000000000 2.3750000000 0.0000000000
0.8340000000 1.0000000000 -0.5000000000 0.9000000000 2.3750000000 1.0000000000 -0.5000000000 2.3750000000 0.0000000000
0.8360000000 1.0000000000 -0.5000000000 0.9000000000 2.3750000000 1.0000000000 -0.5000000000 2.3750000000 0.0000000000
0.8380000000 1.0000000000 -0.5000000000 0.9000000000 2.3750000000 1.0000000000 -0.5000000000 2.3750000000 0.0000000000
0.8400000000 1.0000000000 -0.5000000000 0.9000000000 2.3750000000 1.0000000000 -0.5000000000 2.3750000000 0.0000000000
0.8420000000 1.0000000000 -0.5000000000 0.9000000000 2.3750000000 1.0000000000 -0.5000000000 2.3750000000 0.0000000000
0.8440000000 1.0000000000 -0.5000000000 0.9000000000 2.3750000000 1.0000000000 -0.5000000000 2.3750000000 0.0000000000
0.8460000000 1.0000000000 -0.5000000000 0.9000000000 2.3750000000 1.0000000000 -0.5000000000 2.3750000000 0.0000000000
0.8480000000 1.0000000000 -0.5000000000 0.9000000000 2.3750000000 1.0000000000 -0.5000000000 2.3750000000 0.0000000000
0.8500000000 1.0000000000 -0.5000000000 0.9000000000 2.3750000000 1.0000000000 -0.5000000000 2.3750000000 0.0000000000
0.8520000000 1.0000000000 -0.5000000000 0.9000000000 2.3750000000 1.0000000000 -0.5000000000 2.3750000000 0.0000000000
0.8540000000 1.0000000000 -0.5000000000 0.9000000000 2.3750000000 1.0000000000 -0.5000000000 2.3750000000 0.0000000000
0.8560000000 1.0000000000 -0.5000000000 0.9000000000 2.3750000000 1.0000000000 -0.5000000000 2.3750000000 0.0000000000
0.8580000000 1.0000000000 -0.5000000000 0.9000000000 2.3750000000 1.0000000000 -0.5000000000 2.3750000000 0.0000000000
0.8600000000 1.0000000000 -0.5000000000 0.9000000000 2.3750000000 1.0000000000 -0.5000000000 2.3750000000 0.0000000000
0.8620000000 1.0000000000 -0.5000000000 0.9000000000 2.3750000000 1.0000000000 -0.5000000000 2.3750000000 0.0000000000
0.8640000000 1.0000000000 -0.5000000000 0.9000000000 2.3750000000 1.0000000000 -0.5000000000 2.3750000000 0.0000000000
0.8660000000 1.0000000000 -0.5000000000 0.9000000000 2.3750000000 1.0000000000 -0.5000000000 2.3750000000 0.0000000000
0.8680000000 1.0000000000 -0.5000000000 0.9000000000 2.3750000000 1.0000000000 -0.5000000000 2.3750000000 0.0000000000
0.8700000000 1.0000000000 -0.5000000000 0.9000000000 2.3750000000 1.0000000000 -0.5000000000 2.3750000000 0.0000000000
0.8720000000 1.0000000000 -0.5000000000 0.9000000000 2.3750000000 1.0000000000 -0.5000000000 2.3750000000 0.0000000000
0.8740000000 1.0000000000 -0.5000000000 0.9000000000 2.3750000000 1.0000000000 -0.5000000000 2.3750000000 0.0000000000
0.8760000000 1.0000000000 -0.5000000000 0.9000000000 2.3750000000 1.0000000000 -0.5000000000 2.3750000000 0.0000000000
0.8780000000 1.0000000000 -0.5000000000 0.9000000000 2.3750000000 1.0000000000 -0.5000000000 2.3750000000 0.0000000000
0.8800000000 1.0000000000 -0.5000000000 0.9000000000 2.3750000000 1.0000000000 -0.5000000000 2.3750000000 0.0000000000
0.8820000000 1.0000000000 -0.5000000000 0.9000000000 2.3750000000 1.0000000000 -0.5000000000 2.3750000000 0.0000000000
0.8840000000 1.0000000000 -0.5000000000 0.9000000000 2.3750000000 1.0000000000 -0.5000000000 2.3750000000 0.0000000000
0.8860000000 1.0000000000 -0.5000000000 0.9000000000 2.3750000000 1.0000000000 -0.5000000000 2.3750000000 0.0000000000
0.8880000000 1.0000000000 -0.5000000000 0.9000000000 2.3750000000 1.0000000000 -0.5000000000 2.3750000000 0.0000000000
0.8900000000 1.0000000000 -0.5000000000 0.9000000000 2.3750000000 1.0000000000 -0.5000000000 2.3750000000 0.0000000000
0.8920000000 1.0000000000 -0.5000000000 0.9000000000 2.3750000000 1.0000000000 -0.5000000000 2.3750000000 0.0000000000
0.8940000000 1.0000000000 -0.5000000000 0.9000000000 2.3750000000 1.0000000000 -0.5000000000 2.3750000000 0.0000000000
0.8960000000 1.0000000000 -0.5000000000 0.9000000000 2.3750000000 1.0000000000 -0.5000000000 2.3750000000 0.0000000000
0.8980000000 1.0000000000 -0.5000000000 0.9000000000 2.3750000000 1.0000000000 -0.5000000000 2.3750000000 0.0000000000
0.9000000000 1.0000000000 -0.5000000000 0.9000000000 2.3750000000 1.0000000000 -0.5000000000 2.3750000000 0.0000000000
0.9020000000 1.0000000000 -0.5000000000 0.9000000000 2.3750000000 1.0000000000 -0.5000000000 2.3750000000 0.0000000000
0.9040000000 1.0000000000 -0.5000000000 0.9000000000 2.3750000000 1.0000000000 -0.5000000000 2.3750000000 0.0000000000
0.9060000000 1.0000000000 -0.5000000000 0.9000000000 2.3750000000 1.0000000000 -0.5000000000 2.3750000000 0.0000000000
0.9080000000 1.0000000000 -0.5000000000 0.9000000000 2.3750000000 1.0000000000 -0.5000000000 2.3750000000 0.0000000000
0.9100000000 1.0000000000 -0.5000000000 0.9000000000 2.3750000000 1.0000000000 -0.5000000000 2.3750000000 0.0000000000
0.9120000000 1.0000000000 -0.5000000000 0.9000000000 2.3750000000 1.0000000000 -0.5000000000 2.3750000000 0.0000000000
0.9140000000 1.0000000000 -0.5000000000 0.9000000000 2.3750000000 1.0000000000 -0.5000000000 2.3750000000 0.0000000000
0.9160000000 1.0000000000 -0.5000000000 0.9000000000 2.3750000000 1.0000000000 -0.5000000000 2.3750000000 0.0000000000
0.9180000000 1.0000000000 -0.5000000000 0.9000000000 2.3750000000 1.0000000000 -0.5000000000 2.3750000000 0.0000000000
0.9200000000 1.0000000000 -0.5000000000 0.9000000000 2.3750000000 1.0000000000 -0.5000000000 2.3750000000 0.0000000000
0.9220000000 1.0000000000 -0.5000000000 0.9000000000 2.3750000000 1.0000000000 -0.5000000000 2.3750000000 0.0000000000
0.9240000000 1.0000000000 -0.5000000000 0.9000000000 2.3750000000 1.0000000000 -0.5000000000 2.3750000000 0.0000000000
0.9260000000 1.0000000000 -0.5000000000 0.9000000000 2.3750000000 1.0000000000 -0.5000000000 2.3750000000 0.0000000000
0.9280000000 1.0000000000 -0.5000000000 0.9000000000 2.3750000000 1.0000000000 -0.5000000000 2.3750000000 0.0000000000
0.9300000000 1.0000000000 -0.5000000000 0.9000000000 2.3750000000 1.0000000000 -0.5000000000 2.3750000000 0.0000000000
0.9320000000 1.0000000000 -0.5000000000 0.9000000000 2.3750000000 1.0000000000 -0.5000000000 2.3750000000 0.0000000000
0.9340000000 1.0000000000 -0.5000000000 0.9000000000 2.3750000000 1.0000000000 -0.5000000000 2.3750000000 0.0000000000
0.9360000000 1.0000000000 -0.5000000000 0.9000000000 2.3750000000 1.0000000000 -0.5000000000 2.3750000000 0.0000000000
0.9380000000 1.0000000000 -0.5000000000 0.9000000000 2.3750000000 1.0000000000 -0.5000000000 2.3750000000 0.0000000000
0.9400000000 1.0000000000 -0.5000000000 0.9000000000 2.3750000000 1.0000000000 -0.5000000000 2.3750000000 0.0000000000
0.9420000000 1.0000000000 -0.5000000000 0.9000000000 2.3750000000 1.0000000000 -0.5000000000 2.3750000000 0.0000000000
0.9440000000 1.0000000000 -0.5000000000 0.9000000000 2.3750000000 1.0000000000 -0.5000000000 2.3750000000 0.0000000000
0.9460000000 1.0000000000 -0.5000000000 0.9000000000 2.3750000000 1.0000000000 -0.5000000000 2.3750000000 0.0000000000
0.9480000000 1.0000000000 -0.5000000000 0.9000000000 2.3750000000 1.0000000000 -0.5000000000 2.3750000000 0.0000000000
0.9500000000 1.0000000000 -0.5000000000 0.9000000000 2.3750000000 1.0000000000 -0.5000000000 2.3750000000 0.0000000000
0.9520000000 1.0000000000 -0.5000000000 0.9000000000 2.3750000000 1.0000000000 -0.5000000000 2.3750000000 0.0000000000
0.9540000000 1.0000000000 -0.5000000000 0.9000000000 2.3750000000 1.0000000000 -0.5000000000 2.3750000000 0.0000000000
0.9560000000 1.0000000000 -0.5000000000 0.9000000000 2.3750000000 1.0000000000 -0.5000000000 2.3750000000 0.0000000000
0.9580000000 1.0000000000 -0.5000000000 0.9000000000 2.3750000000 1.0000000000 -0.5000000000 2.3750000000 0.0000000000
0.9600000000 1.0000000000 -0.5000000000 0.9000000000 2.3750000000 1.0000000000 -0.5000000000 2.3750000000 0.0000000000
0.9620000000 1.0000000000 -0.5000000000 0.9000000000 2.3750000000 1.0000000000 -0.5000000000 2.3750000000 0.0000000000
0.9640000000 1.0000000000 -0.5000000000 0.9000000000 2.3750000000 1.0000000000 -0.5000000000 2.3750000000 0.0000000000
0.9660000000 1.0000000000 -0.5000000000 0.9000000000 2.3750000000 1.0000000000 -0.5000000000 2.3750000000 0.0000000000
0.9680000000 1.0000000000 -0.5000000000 0.9000000000 2.3750000000 1.0000000000 -0.5000000000 2.3750000000 0.0000000000
0.9700000000 1.0000000000 -0.5000000000 0.9000000000 2.3750000000 1.0000000000 -0.5000000000 2.3750000000 0.0000000000
0.9720000000 1.0000000000 -0.5000000000 0.9000000000 2.3750000000 1.0000000000 -0.5000000000 2.3750000000 0.0000000000
0.9740000000 1.0000000000 -0.5000000000 0.9000000000 2.3750000000 1.0000000000 -0.5000000000 2.3750000000 0.0000000000
0.9760000000 1.0000000000 -0.5000000000 0.9000000000 2.3750000000 1.0000000000 -0.5000000000 2.3750000000 0.0000000000
0.9780000000 1.0000000000 -0.5000000000 0.9000000000 2.3750000000 1.0000000000 -0.5000000000 2.3750000000 0.0000000000
0.9800000000 1.0000000000 -0.5000000000 0.9000000000 2.3750000000 1.0000000000 -0.5000000000 2.3750000000 0.0000000000
0.9820000000 1.0000000000 -0.5000000000 0.9000000000 2.3750000000 1.0000000000 -0.5000000000 2.3750000000 0.0000000000
0.9840000000 1.0000000000 -0.5000000000 0.9000000000 2.3750000000 1.0000000000 -0.5000000000 2.3750000000 0.0000000000
0.9860000000 1.0000000000 -0.5000000000 0.9000000000 2.3750000000 1.0000000000 -0.5000000000 2.3750000000 0.0000000000
0.9880000000 1.0000000000 -0.5000000000 0.9000000000 2.3750000000 1.0000000000 -0.5000000000 2.3750000000 0.0000000000
0.9900000000 1.0000000000 -0.5000000000 0.9000000000 2.3750000000 1.0000000000 -0.5000000000 2.3750000000 0.0000000000
0.9920000000 1.0000000000 -0.5000000000 0.9000000000 2.3750000000 1.0000000000 -0.5000000000 2.3750000000 0.0000000000
0.9940000000 1.0000000000 -0.5000000000 0.9000000000 2.3750000000 1.0000000000 -0.5000000000 2.3750000000 0.0000000000
0.9960000000 1.0000000000 -0.5000000000 0.9000000000 2.3750000000 1.0000000000 -0.5000000000 2.3750000000 0.0000000000
0.9980000000 1.0000000000 -0.5000000000 0.9000000000 2.3750000000 1.0000000000 -0.5000000000 2.3750000000 0.0000000000
1.0000000000 1.0000000000 -0.5000000000 0.9000000000 2.3750000000 1.0000000000 -0.5000000000 2.3750000000 0.0000000000
