TITLE = "1D Euler Filtered MacCormack Result"
VARIABLES = "x", "rho", "u", "p", "E", "rho_conserved", "rhou", "rhoE", "nu"
ZONE T="t=0.20000000", I=501, F=POINT
0.0000000000 1.0000000000 -0.2000000000 0.5000000000 1.2700000000 1.0000000000 -0.2000000000 1.2700000000 0.0000000000
0.0020000000 1.0000000000 -0.2000000000 0.5000000000 1.2700000000 1.0000000000 -0.2000000000 1.2700000000 0.0000000000
0.0040000000 1.0000000000 -0.2000000000 0.5000000000 1.2700000000 1.0000000000 -0.2000000000 1.2700000000 0.0000000000
0.0060000000 1.0000000000 -0.2000000000 0.5000000000 1.2700000000 1.0000000000 -0.2000000000 1.2700000000 0.0000000000
0.0080000000 1.0000000000 -0.2000000000 0.5000000000 1.2700000000 1.0000000000 -0.2000000000 1.2700000000 0.0000000000
0.0100000000 1.0000000000 -0.2000000000 0.5000000000 1.2700000000 1.0000000000 -0.2000000000 1.2700000000 0.0000000000
0.0120000000 1.0000000000 -0.2000000000 0.5000000000 1.2700000000 1.0000000000 -0.2000000000 1.2700000000 0.0000000000
0.0140000000 1.0000000000 -0.2000000000 0.5000000000 1.2700000000 1.0000000000 -0.2000000000 1.2700000000 0.0000000000
0.0160000000 1.0000000000 -0.2000000000 0.5000000000 1.2700000000 1.0000000000 -0.2000000000 1.2700000000 0.0000000000
0.0180000000 1.0000000000 -0.2000000000 0.5000000000 1.2700000000 1.0000000000 -0.2000000000 1.2700000000 0.0000000000
0.0200000000 1.0000000000 -0.2000000000 0.5000000000 1.2700000000 1.0000000000 -0.2000000000 1.2700000000 0.0000000000
0.0220000000 1.0000000000 -0.2000000000 0.5000000000 1.2700000000 1.0000000000 -0.2000000000 1.2700000000 0.0000000000
0.0240000000 1.0000000000 -0.2000000000 0.5000000000 1.2700000000 1.0000000000 -0.2000000000 1.2700000000 0.0000000000
0.0260000000 1.0000000000 -0.2000000000 0.5000000000 1.2700000000 1.0000000000 -0.2000000000 1.2700000000 0.0000000000
0.0280000000 1.0000000000 -0.2000000000 0.5000000000 1.2700000000 1.0000000000 -0.2000000000 1.2700000000 0.0000000000
0.0300000000 1.0000000000 -0.2000000000 0.5000000000 1.2700000000 1.0000000000 -0.2000000000 1.2700000000 0.0000000000
0.0320000000 1.0000000000 -0.2000000000 0.5000000000 1.2700000000 1.0000000000 -0.2000000000 1.2700000000 0.0000000000
0.0340000000 1.0000000000 -0.2000000000 0.5000000000 1.2700000000 1.0000000000 -0.2000000000 1.2700000000 0.0000000000
0.0360000000 1.0000000000 -0.2000000000 0.5000000000 1.2700000000 1.0000000000 -0.2000000000 1.2700000000 0.0000000000
0.0380000000 1.0000000000 -0.2000000000 0.5000000000 1.2700000000 1.0000000000 -0.2000000000 1.2700000000 0.0000000000
0.0400000000 1.0000000000 -0.2000000000 0.5000000000 1.2700000000 1.0000000000 -0.2000000000 1.2700000000 0.0000000000
0.0420000000 1.0000000000 -0.2000000000 0.5000000000 1.2700000000 1.0000000000 -0.2000000000 1.2700000000 0.0000000000
0.0440000000 1.0000000000 -0.2000000000 0.5000000000 1.2700000000 1.0000000000 -0.2000000000 1.2700000000 0.0000000000
0.0460000000 1.0000000000 -0.2000000000 0.5000000000 1.2700000000 1.0000000000 -0.2000000000 1.2700000000 0.0000000000
0.0480000000 1.0000000000 -0.2000000000 0.5000000000 1.2700000000 1.0000000000 -0.2000000000 1.2700000000 0.0000000000
0.0500000000 1.0000000000 -0.2000000000 0.5000000000 1.2700000000 1.0000000000 -0.2000000000 1.2700000000 0.0000000000
0.0520000000 1.0000000000 -0.2000000000 0.5000000000 1.2700000000 1.0000000000 -0.2000000000 1.2700000000 0.0000000000
0.0540000000 1.0000000000 -0.2000000000 0.5000000000 1.2700000000 1.0000000000 -0.2000000000 1.2700000000 0.0000000000
0.0560000000 1.0000000000 -0.2000000000 0.5000000000 1.2700000000 1.0000000000 -0.2000000000 1.2700000000 0.0000000000
0.0580000000 1.0000000000 -0.2000000000 0.5000000000 1.2700000000 1.0000000000 -0.2000000000 1.2700000000 0.0000000000
0.0600000000 1.0000000000 -0.2000000000 0.5000000000 1.2700000000 1.0000000000 -0.2000000000 1.2700000000 0.0000000000
0.0620000000 1.0000000000 -0.2000000000 0.5000000000 1.2700000000 1.0000000000 -0.2000000000 1.2700000000 0.0000000000
0.0640000000 1.0000000000 -0.2000000000 0.5000000000 1.2700000000 1.0000000000 -0.2000000000 1.2700000000 0.0000000000
0.0660000000 1.0000000000 -0.2000000000 0.5000000000 1.2700000000 1.0000000000 -0.2000000000 1.2700000000 0.0000000000
0.0680000000 1.0000000000 -0.2000000000 0.5000000000 1.2700000000 1.0000000000 -0.2000000000 1.2700000000 0.0000000000
0.0700000000 1.0000000000 -0.2000000000 0.5000000000 1.2700000000 1.0000000000 -0.2000000000 1.2700000000 0.0000000000
0.0720000000 1.0000000000 -0.2000000000 0.5000000000 1.2700000000 1.0000000000 -0.2000000000 1.2700000000 0.0000000000
0.0740000000 1.0000000000 -0.2000000000 0.5000000000 1.2700000000 1.0000000000 -0.2000000000 1.2700000000 0.0000000000
0.0760000000 1.0000000000 -0.2000000000 0.5000000000 1.2700000000 1.0000000000 -0.2000000000 1.2700000000 0.0000000000
0.0780000000 1.0000000000 -0.2000000000 0.5000000000 1.2700000000 1.0000000000 -0.2000000000 1.2700000000 0.0000000000
0.0800000000 1.0000000000 -0.2000000000 0.5000000000 1.2700000000 1.0000000000 -0.2000000000 1.2700000000 0.0000000000
0.0820000000 1.0000000000 -0.2000000000 0.5000000000 1.2700000000 1.0000000000 -0.2000000000 1.2700000000 0.0000000000
0.0840000000 1.0000000000 -0.2000000000 0.5000000000 1.2700000000 1.0000000000 -0.2000000000 1.2700000000 0.0000000000
0.0860000000 1.0000000000 -0.2000000000 0.5000000000 1.2700000000 1.0000000000 -0.2000000000 1.2700000000 0.0000000000
0.0880000000 1.0000000000 -0.2000000000 0.5000000000 1.2700000000 1.0000000000 -0.2000000000 1.2700000000 0.0000000000
0.0900000000 1.0000000000 -0.2000000000 0.5000000000 1.2700000000 1.0000000000 -0.2000000000 1.2700000000 0.0000000000
0.0920000000 1.0000000000 -0.2000000000 0.5000000000 1.2700000000 1.0000000000 -0.2000000000 1.2700000000 0.0000000000
0.0940000000 1.0000000000 -0.2000000000 0.5000000000 1.2700000000 1.0000000000 -0.2000000000 1.2700000000 0.0000000000
0.0960000000 1.0000000000 -0.2000000000 0.5000000000 1.2700000000 1.0000000000 -0.2000000000 1.2700000000 0.0000000000
0.0980000000 1.0000000000 -0.2000000000 0.5000000000 1.2700000000 1.0000000000 -0.2000000000 1.2700000000 0.0000000000
0.1000000000 1.0000000000 -0.2000000000 0.5000000000 1.2700000000 1.0000000000 -0.2000000000 1.2700000000 0.0000000000
0.1020000000 1.0000000000 -0.2000000000 0.5000000000 1.2700000000 1.0000000000 -0.2000000000 1.2700000000 0.0000000000
0.1040000000 1.0000000000 -0.2000000000 0.5000000000 1.2700000000 1.0000000000 -0.2000000000 1.2700000000 0.0000000000
0.1060000000 1.0000000000 -0.2000000000 0.5000000000 1.2700000000 1.0000000000 -0.2000000000 1.2700000000 0.0000000000
0.1080000000 1.0000000000 -0.2000000000 0.5000000000 1.2700000000 1.0000000000 -0.2000000000 1.2700000000 0.0000000000
0.1100000000 1.0000000000 -0.2000000000 0.5000000000 1.2700000000 1.0000000000 -0.2000000000 1.2700000000 0.0000000000
0.1120000000 1.0000000000 -0.2000000000 0.5000000000 1.2700000000 1.0000000000 -0.2000000000 1.2700000000 0.0000000000
0.1140000000 1.0000000000 -0.2000000000 0.5000000000 1.2700000000 1.0000000000 -0.2000000000 1.2700000000 0.0000000000
0.1160000000 1.0000000000 -0.2000000000 0.5000000000 1.2700000000 1.0000000000 -0.2000000000 1.2700000000 0.0000000000
0.1180000000 1.0000000000 -0.2000000000 0.5000000000 1.2700000000 1.0000000000 -0.2000000000 1.2700000000 0.0000000000
0.1200000000 1.0000000000 -0.2000000000 0.5000000000 1.2700000000 1.0000000000 -0.2000000000 1.2700000000 0.0000000000
0.1220000000 1.0000000000 -0.2000000000 0.5000000000 1.2700000000 1.0000000000 -0.2000000000 1.2700000000 0.0000000000
0.1240000000 1.0000000000 -0.2000000000 0.5000000000 1.2700000000 1.0000000000 -0.2000000000 1.2700000000 0.0000000000
0.1260000000 1.0000000000 -0.2000000000 0.5000000000 1.2700000000 1.0000000000 -0.2000000000 1.2700000000 0.0000000000
0.1280000000 1.0000000000 -0.2000000000 0.5000000000 1.2700000000 1.0000000000 -0.2000000000 1.2700000000 0.0000000000
0.1300000000 1.0000000000 -0.2000000000 0.5000000000 1.2700000000 1.0000000000 -0.2000000000 1.2700000000 0.0000000000
0.1320000000 1.0000000000 -0.2000000000 0.5000000000 1.2700000000 1.0000000000 -0.2000000000 1.2700000000 0.0000000000
0.1340000000 1.0000000000 -0.2000000000 0.5000000000 1.2700000000 1.0000000000 -0.2000000000 1.2700000000 0.0000000000
0.1360000000 1.0000000000 -0.2000000000 0.5000000000 1.2700000000 1.0000000000 -0.2000000000 1.2700000000 0.0000000000
0.1380000000 1.0000000000 -0.2000000000 0.5000000000 1.2700000000 1.0000000000 -0.2000000000 1.2700000000 0.0000000000
0.1400000000 1.0000000000 -0.2000000000 0.5000000000 1.2700000000 1.0000000000 -0.2000000000 1.2700000000 0.0000000000
0.1420000000 1.0000000000 -0.2000000000 0.5000000000 1.2700000000 1.0000000000 -0.2000000000 1.2700000000 0.0000000000
0.1440000000 1.0000000000 -0.2000000000 0.5000000000 1.2700000000 1.0000000000 -0.2000000000 1.2700000000 0.0000000000
0.1460000000 1.0000000000 -0.2000000000 0.5000000000 1.2700000000 1.0000000000 -0.2000000000 1.2700000000 0.0000000000
0.1480000000 1.0000000000 -0.2000000000 0.5000000000 1.2700000000 1.0000000000 -0.2000000000 1.2700000000 0.0000000000
0.1500000000 1.0000000000 -0.2000000000 0.5000000000 1.2700000000 1.0000000000 -0.2000000000 1.2700000000 0.0000000000
0.1520000000 1.0000000000 -0.2000000000 0.5000000000 1.2700000000 1.0000000000 -0.2000000000 1.2700000000 0.0000000000
0.1540000000 1.0000000000 -0.2000000000 0.5000000000 1.2700000000 1.0000000000 -0.2000000000 1.2700000000 0.0000000000
0.1560000000 1.0000000000 -0.2000000000 0.5000000000 1.2700000000 1.0000000000 -0.2000000000 1.2700000000 0.0000000000
0.1580000000 1.0000000000 -0.2000000000 0.5000000000 1.2700000000 1.0000000000 -0.2000000000 1.2700000000 0.0000000000
0.1600000000 1.0000000000 -0.2000000000 0.5000000000 1.2700000000 1.0000000000 -0.2000000000 1.2700000000 0.0000000000
0.1620000000 1.0000000000 -0.2000000000 0.5000000000 1.2700000000 1.0000000000 -0.2000000000 1.2700000000 0.0000000000
0.1640000000 1.0000000000 -0.2000000000 0.5000000000 1.2700000000 1.0000000000 -0.2000000000 1.2700000000 0.0000000000
0.1660000000 1.0000000000 -0.2000000000 0.5000000000 1.2700000000 1.0000000000 -0.2000000000 1.2700000000 0.0000000000
0.1680000000 1.0000000000 -0.2000000000 0.5000000000 1.2700000000 1.0000000000 -0.2000000000 1.2700000000 0.0000000000
0.1700000000 1.0000000000 -0.2000000000 0.5000000000 1.2700000000 1.0000000000 -0.2000000000 1.2700000000 0.0000000000
0.1720000000 1.0000000000 -0.2000000000 0.5000000000 1.2700000000 1.0000000000 -0.2000000000 1.2700000000 0.0000000000
0.1740000000 1.0000000000 -0.2000000000 0.5000000000 1.2700000000 1.0000000000 -0.2000000000 1.2700000000 0.0000000000
0.1760000000 1.0000000000 -0.2000000000 0.5000000000 1.2700000000 1.0000000000 -0.2000000000 1.2700000000 0.0000000000
0.1780000000 1.0000000000 -0.2000000000 0.5000000000 1.2700000000 1.0000000000 -0.2000000000 1.2700000000 0.0000000000
0.1800000000 1.0000000000 -0.2000000000 0.5000000000 1.2700000000 1.0000000000 -0.2000000000 1.2700000000 0.0000000000
0.1820000000 1.0000000000 -0.2000000000 0.5000000000 1.2700000000 1.0000000000 -0.2000000000 1.2700000000 0.0000000000
0.1840000000 1.0000000000 -0.2000000000 0.5000000000 1.2700000000 1.0000000000 -0.2000000000 1.2700000000 0.0000000000
0.1860000000 1.0000000000 -0.2000000000 0.5000000000 1.2700000000 1.0000000000 -0.2000000000 1.2700000000 0.0000000000
0.1880000000 1.0000000000 -0.2000000000 0.5000000000 1.2700000000 1.0000000000 -0.2000000000 1.2700000000 0.0000000000
0.1900000000 1.0000000000 -0.2000000000 0.5000000000 1.2700000000 1.0000000000 -0.2000000000 1.2700000000 0.0000000000
0.1920000000 1.0000000000 -0.2000000000 0.5000000000 1.2700000000 1.0000000000 -0.2000000000 1.2700000000 0.0000000000
0.1940000000 1.0000000000 -0.2000000000 0.5000000000 1.2700000000 1.0000000000 -0.2000000000 1.2700000000 0.0000000000
0.1960000000 1.0000000000 -0.2000000000 0.5000000000 1.2700000000 1.0000000000 -0.2000000000 1.2700000000 0.0000000000
0.1980000000 1.0000000000 -0.2000000000 0.5000000000 1.2700000000 1.0000000000 -0.2000000000 1.2700000000 0.0000000000
0.2000000000 1.0000000000 -0.2000000000 0.5000000000 1.2700000000 1.0000000000 -0.2000000000 1.2700000000 0.0000000000
0.2020000000 1.0000000000 -0.2000000000 0.5000000000 1.2700000000 1.0000000000 -0.2000000000 1.2700000000 0.0000000000
0.2040000000 1.0000000000 -0.2000000000 0.5000000000 1.2700000000 1.0000000000 -0.2000000000 1.2700000000 0.0000000001
0.2060000000 1.0000000000 -0.2000000000 0.5000000000 1.2700000000 1.0000000000 -0.2000000000 1.2700000000 0.0000000002
0.2080000000 1.0000000000 -0.2000000000 0.5000000000 1.2700000000 1.0000000000 -0.2000000000 1.2700000000 0.0000000006
0.2100000000 1.0000000000 -0.2000000000 0.5000000000 1.2700000000 1.0000000000 -0.2000000000 1.2700000000 0.0000000017
0.2120000000 1.0000000000 -0.2000000000 0.5000000000 1.2700000000 1.0000000000 -0.2000000000 1.2700000000 0.0000000047
0.2140000000 1.0000000000 -0.2000000000 0.5000000000 1.2700000000 1.0000000000 -0.2000000000 1.2700000000 0.0000000131
0.2160000000 1.0000000000 -0.2000000000 0.5000000000 1.2700000000 1.0000000000 -0.2000000000 1.2700000000 0.0000000358
0.2180000000 1.0000000000 -0.2000000000 0.5000000000 1.2700000000 1.0000000000 -0.2000000000 1.2700000000 0.0000000964
0.2200000000 1.0000000000 -0.2000000000 0.5000000000 1.2700000000 1.0000000000 -0.2000000000 1.2700000000 0.0000002551
0.2220000000 1.0000000000 -0.2000000000 0.5000000000 1.2700000000 1.0000000000 -0.2000000000 1.2700000000 0.0000006645
0.2240000000 1.0000000000 -0.2000000000 0.5000000000 1.2700000000 1.0000000000 -0.2000000000 1.2699999999 0.0000017016
0.2260000000 0.9999999999 -0.1999999999 0.4999999999 1.2699999999 0.9999999999 -0.1999999999 1.2699999998 0.0000042829
0.2280000000 0.9999999997 -0.1999999998 0.4999999998 1.2699999998 0.9999999997 -0.1999999997 1.2699999995 0.0000105914
0.2300000000 0.9999999993 -0.1999999995 0.4999999995 1.2699999996 0.9999999993 -0.1999999993 1.2699999987 0.0000257207
0.2320000000 0.9999999984 -0.1999999986 0.4999999989 1.2699999989 0.9999999984 -0.1999999983 1.2699999969 0.0000612732
0.2340000000 0.9999999961 -0.1999999967 0.4999999972 1.2699999974 0.9999999961 -0.1999999959 1.2699999924 0.0001429079
0.2360000000 0.9999999906 -0.1999999921 0.4999999934 1.2699999937 0.9999999906 -0.1999999902 1.2699999817 0.0003250038
0.2380000000 0.9999999779 -0.1999999815 0.4999999845 1.2699999852 0.9999999779 -0.1999999770 1.2699999571 0.0007149506
0.2400000000 0.9999999491 -0.1999999574 0.4999999644 1.2699999660 0.9999999491 -0.1999999472 1.2699999013 0.0014984684
0.2420000000 0.9999998854 -0.1999999041 0.4999999198 1.2699999235 0.9999998854 -0.1999998812 1.2699997780 0.0029181707
0.2440000000 0.9999997486 -0.1999997897 0.4999998240 1.2699998323 0.9999997486 -0.1999997394 1.2699995130 0.0051085751
0.2460000000 0.9999994644 -0.1999995519 0.4999996251 1.2699996426 0.9999994644 -0.1999994448 1.2699989624 0.0078144001
0.2480000000 0.9999988950 -0.1999990755 0.4999992265 1.2699992626 0.9999988950 -0.1999988545 1.2699978593 0.0103922056
0.2500000000 0.9999977941 -0.1999981544 0.4999984559 1.2699985279 0.9999977941 -0.1999977133 1.2699957265 0.0122946618
0.2520000000 0.9999957332 -0.1999964301 0.4999970132 1.2699971526 0.9999957332 -0.1999955768 1.2699917338 0.0134066678
0.2540000000 0.9999919804 -0.1999932903 0.4999943863 1.2699946483 0.9999919804 -0.1999916865 1.2699844635 0.0138986054
0.2560000000 0.9999853098 -0.1999877092 0.4999897169 1.2699901968 0.9999853098 -0.1999847713 1.2699715403 0.0139852534
0.2580000000 0.9999737077 -0.1999780022 0.4999815956 1.2699824546 0.9999737077 -0.1999727443 1.2699490638 0.0138258192
0.2600000000 0.9999539397 -0.1999614627 0.4999677582 1.2699692632 0.9999539397 -0.1999522524 1.2699107680 0.0135183485
0.2620000000 0.9999209304 -0.1999338442 0.4999446526 1.2699472362 0.9999209304 -0.1999180355 1.2698468221 0.0131185912
0.2640000000 0.9998669154 -0.1998886491 0.4999068442 1.2699111935 0.9998669154 -0.1998620469 1.2697421879 0.0126570564
0.2660000000 0.9997803336 -0.1998162017 0.4998462428 1.2698534231 0.9997803336 -0.1997723088 1.2695744790 0.0121500630
0.2680000000 0.9996444668 -0.1997025067 0.4997511505 1.2697627751 0.9996444668 -0.1996315059 1.2693113323 0.0116062064
0.2700000000 0.9994358901 -0.1995279472 0.4996051816 1.2696236331 0.9994358901 -0.1994153915 1.2689074258 0.0110300558
0.2720000000 0.9991228920 -0.1992659496 0.4993861630 1.2694148671 0.9991228920 -0.1990911718 1.2683014531 0.0104243072
0.2740000000 0.9986641313 -0.1988818365 0.4990652068 1.2691089529 0.9986641313 -0.1986161564 1.2674135899 0.0097911052
0.2760000000 0.9980079116 -0.1983321746 0.4986062242 1.2686715120 0.9980079116 -0.1979370793 1.2661442062 0.0091329087
0.2780000000 0.9970925209 -0.1975649858 0.4979661972 1.2680615750 0.9970925209 -0.1969905697 1.2643747124 0.0084530837
0.2800000000 0.9958480582 -0.1965211624 0.4970965057 1.2672328498 0.9958480582 -0.1957052180 1.2619713728 0.0077562960
0.2820000000 0.9941999979 -0.1951372941 0.4959454858 1.2661361608 0.9941999979 -0.1940054974 1.2587925685 0.0070487156
0.2840000000 0.9920744200 -0.1933498570 0.4944621603 1.2647230022 0.9920744200 -0.1918174472 1.2546993388 0.0063380246
0.2860000000 0.9894044063 -0.1911003727 0.4926007809 1.2629498600 0.9894044063 -0.1890755508 1.2495681565 0.0056332156
0.2880000000 0.9861366890 -0.1883408234 0.4903255220 1.2607826789 0.9861366890 -0.1857297959 1.2433040564 0.0049441893
0.2900000000 0.9822373907 -0.1850384062 0.4876144972 1.2582006871 0.9822373907 -0.1817516413 1.2358517599 0.0042811842
0.2920000000 0.9776957486 -0.1811787446 0.4844623087 1.2551988341 0.9776957486 -0.1771376883 1.2272025638 0.0036540968
0.2940000000 0.9725250809 -0.1767669481 0.4808806150 1.2517883498 0.9725250809 -0.1719102905 1.2173955662 0.0030717714
0.2960000000 0.9667608543 -0.1718263691 0.4768966302 1.2479953439 0.9667608543 -0.1661150074 1.2065130448 0.0025413496
0.2980000000 0.9604563352 -0.1663953886 0.4725499228 1.2438577838 0.9604563352 -0.1598155051 1.1946710885 0.0020677608
0.3000000000 0.9536767668 -0.1605229349 0.4678882007 1.2394214997 0.9536767668 -0.1530869936 1.1820074885 0.0016534251
0.3020000000 0.9464931795 -0.1542635909 0.4629628811 1.2347359686 0.9464931795 -0.1460094366 1.1686691728 0.0012982061
0.3040000000 0.9389768111 -0.1476730717 0.4578251388 1.2298505404 0.9389768111 -0.1386615899 1.1548011386 0.0009996192
0.3060000000 0.9311947842 -0.1408046181 0.4525228830 1.2248115358 0.9311947842 -0.1311165260 1.1405381138 0.0007532582
0.3080000000 0.9232072974 -0.1337065540 0.4470988296 1.2196603838 0.9232072974 -0.1234388664 1.1259993667 0.0005533675
0.3100000000 0.9150662528 -0.1264209872 0.4415895995 1.2144327381 0.9150662528 -0.1156835790 1.1112864149 0.0003934667
0.3120000000 0.9068150342 -0.1189834572 0.4360256278 1.2091583697 0.9068150342 -0.1078959878 1.0964829884 0.0002669335
0.3140000000 0.8984890693 -0.1114232524 0.4304316161 1.2038615844 0.8984890693 -0.1001125744 1.0816564745 0.0001674731
0.3160000000 0.8901168281 -0.1037641224 0.4248272796 1.1985619261 0.8901168281 -0.0923621915 1.0668601400 0.0000894322
0.3180000000 0.8817209874 -0.0960251621 0.4192281985 1.1932749836 0.8817209874 -0.0846674007 1.0521355968 0.0000279634
0.3200000000 0.8733195764 -0.0882217136 0.4136466451 1.1880131796 0.8733195764 -0.0770457496 1.0375151668 0.0000208650
0.3220000000 0.8649269774 -0.0803661731 0.4080923032 1.1827864618 0.8649269774 -0.0695108711 1.0230239193 0.0000601308
0.3240000000 0.8565547527 -0.0724686417 0.4025728472 1.1776028337 0.8565547527 -0.0620733595 1.0086813040 0.0000922938
0.3260000000 0.8482123360 -0.0645375062 0.3970944350 1.1724688331 0.8482123360 -0.0547415089 0.9945025278 0.0001193125
0.3280000000 0.8399075920 -0.0565799117 0.3916621022 1.1673899096 0.8399075920 -0.0475218974 0.9804996478 0.0001427236
0.3300000000 0.8316472607 -0.0486021418 0.3862800702 1.1623707149 0.8316472607 -0.0404198381 0.9666824209 0.0001637480
0.3320000000 0.8234373133 -0.0406099318 0.3809519923 1.1574153346 0.8234373133 -0.0334397331 0.9530589735 0.0001834080
0.3340000000 0.8152832501 -0.0326087371 0.3756811549 1.1525274739 0.8152832501 -0.0265853571 0.9396363447 0.0002026098
0.3360000000 0.8071903621 -0.0246039814 0.3704706527 1.1477106194 0.8071903621 -0.0198600967 0.9264209504 0.0002222410
0.3380000000 0.7991639835 -0.0166013053 0.3653235525 1.1429681846 0.7991639835 -0.0132671653 0.9134190074 0.0002432447
0.3400000000 0.7912097539 -0.0086068371 0.3602430608 1.1383036585 0.7912097539 -0.0068098134 0.9006369575 0.0002667295
0.3420000000 0.7833339188 -0.0006275141 0.3552327101 1.1337207649 0.7833339188 -0.0004915531 0.8880819296 0.0002940834
0.3440000000 0.7755436948 0.0073285129 0.3502965835 1.1292236540 0.7755436948 0.0056835820 0.8757622849 0.0003271562
0.3460000000 0.7678477442 0.0152513470 0.3454396011 1.1248171415 0.7678477442 0.0117107124 0.8636883047 0.0003685077
0.3480000000 0.7602568118 0.0231286185 0.3406679024 1.1205070263 0.7602568118 0.0175836898 0.8518730993 0.0004218002
0.3500000000 0.7527846060 0.0309444709 0.3359893729 1.1163005246 0.7527846060 0.0232945213 0.8403338505 0.0004924118
0.3520000000 0.7454490424 0.0386781216 0.3314143823 1.1122068758 0.7454490424 0.0288325687 0.8290935505 0.0005884106
0.3540000000 0.7382740154 0.0463018003 0.3269568369 1.1082382044 0.7382740154 0.0341834161 0.8181834692 0.0007221760
0.3560000000 0.7312919377 0.0537777849 0.3226356821 1.1044107423 0.7312919377 0.0393272606 0.8076466717 0.0009130529
0.3580000000 0.7245473490 0.0610541683 0.3184770371 1.1007465685 0.7245473490 0.0442366358 0.7975430082 0.0011919429
0.3600000000 0.7181019422 0.0680589480 0.3145171610 1.0972760101 0.7181019422 0.0488732627 0.7879560340 0.0016092012
0.3620000000 0.7120411944 0.0746921816 0.3108063675 1.0940408169 0.7120411944 0.0531839102 0.7790021300 0.0022490442
0.3640000000 0.7064821836 0.0808166930 0.3074136285 1.0910978735 0.7064821836 0.0570955538 0.7708412082 0.0032568339
0.3660000000 0.7015802943 0.0862499599 0.3044305230 1.0885223846 0.7015802943 0.0605112722 0.7636858550 0.0048963770
0.3680000000 0.6975283114 0.0907647971 0.3019706720 1.0864073519 0.6975283114 0.0633110157 0.7577998857 0.0076888592
0.3700000000 0.6945335740 0.0941155490 0.3001561492 1.0848523370 0.6945335740 0.0653664086 0.7534663708 0.0128407149
0.3720000000 0.6927493236 0.0961174535 0.2990765410 1.0839293979 0.6927493236 0.0665853009 0.7508913572 0.0241305386
0.3740000000 0.6921363005 0.0968059499 0.2987059886 1.0836133163 0.6921363005 0.0670029120 0.7500081119 0.0544804848
0.3760000000 0.6923309346 0.0965870578 0.2988237593 1.0837141013 0.6923309346 0.0668702080 0.7502887967 0.0380320992
0.3780000000 0.6930617519 0.0957662405 0.2992657429 1.0840916409 0.6930617519 0.0663719184 0.7513424519 0.0148204442
0.3800000000 0.6942831863 0.0943961607 0.3000047437 1.0847232456 0.6942831863 0.0655376672 0.7531051113 0.0072793176
0.3820000000 0.6958348467 0.0926588617 0.3009441143 1.0855268196 0.6958348467 0.0644752648 0.7553473881 0.0008694047
0.3840000000 0.6973868802 0.0909247921 0.3018843285 1.0863318515 0.6973868802 0.0634097571 0.7575935808 0.0072317198
0.3860000000 0.6985214028 0.0896594336 0.3025720422 1.0869212370 0.6985214028 0.0626290333 0.7592377472 0.0196548943
0.3880000000 0.6990067861 0.0891184427 0.3028664771 1.0871739697 0.6990067861 0.0622943962 0.7599419825 0.0488958426
0.3900000000 0.6989952828 0.0891309806 0.3028596556 1.0871685157 0.6989952828 0.0623021350 0.7599256641 0.0543238229
0.3920000000 0.6987622852 0.0893903075 0.3027185072 1.0870478539 0.6987622852 0.0624625755 0.7595880424 0.0099994945
0.3940000000 0.6984449211 0.0897437768 0.3025262126 1.0868833421 0.6984449211 0.0626810851 0.7591281501 0.0038065654
0.3960000000 0.6981860274 0.0900321812 0.3023693979 1.0867492917 0.6981860274 0.0628592110 0.7587531708 0.0205022672
0.3980000000 0.6980820955 0.0901477843 0.3023065649 1.0866958804 0.6980820955 0.0629305542 0.7586029374 0.0541306879
0.4000000000 0.6980986049 0.0901290237 0.3023167698 1.0867051313 0.6980986049 0.0629189457 0.7586273361 0.0427847486
0.4020000000 0.6981657813 0.0900537365 0.3023577033 1.0867407535 0.6981657813 0.0628724373 0.7587252073 0.0051316736
0.4040000000 0.6982416105 0.0899687895 0.3024038941 1.0867809100 0.6982416105 0.0628199525 0.7588356528 0.0122372472
0.4060000000 0.6982851376 0.0899198491 0.3024305123 1.0868043151 0.6982851376 0.0627896942 0.7588993007 0.0393869011
0.4080000000 0.6982890011 0.0899151148 0.3024330946 1.0868071437 0.6982890011 0.0627867357 0.7589054748 0.0520764592
0.4100000000 0.6982742753 0.0899310886 0.3024244173 1.0868003476 0.6982742753 0.0627965657 0.7588847251 0.0083039539
0.4120000000 0.6982558482 0.0899511668 0.3024135088 1.0867916711 0.6982558482 0.0628089283 0.7588586401 0.0128315850
0.4140000000 0.6982458421 0.0899618261 0.3024077218 1.0867874266 0.6982458421 0.0628154710 0.7588448018 0.0450448209
0.4160000000 0.6982460518 0.0899610624 0.3024081458 1.0867885508 0.6982460518 0.0628149566 0.7588458147 0.0454569815
0.4180000000 0.6982506177 0.0899554126 0.3024112266 1.0867919929 0.6982506177 0.0628114224 0.7588531803 0.0011625647
0.4200000000 0.6982549485 0.0899499907 0.3024141836 1.0867953766 0.6982549485 0.0628080262 0.7588602497 0.0243190461
0.4220000000 0.6982560148 0.0899481690 0.3024151834 1.0867971387 0.6982560148 0.0628068500 0.7588626390 0.0396388110
0.4240000000 0.6982546397 0.0899490307 0.3024147242 1.0867977048 0.6982546397 0.0628073280 0.7588615397 0.0109590421
0.4260000000 0.6982525779 0.0899506167 0.3024138714 1.0867979911 0.6982525779 0.0628082500 0.7588594990 0.0082711865
0.4280000000 0.6982513170 0.0899512599 0.3024135314 1.0867987870 0.6982513170 0.0628085857 0.7588586843 0.0222638266
0.4300000000 0.6982510984 0.0899506881 0.3024138523 1.0868002231 0.6982510984 0.0628081668 0.7588594496 0.0111455117
0.4320000000 0.6982510436 0.0899498788 0.3024143024 1.0868018468 0.6982510436 0.0628075968 0.7588605237 0.0198733292
0.4340000000 0.6982503375 0.0899497338 0.3024143915 1.0868032481 0.6982503375 0.0628074319 0.7588607347 0.0128970503
0.4360000000 0.6982489743 0.0899502572 0.3024141174 1.0868044274 0.6982489743 0.0628076748 0.7588600768 0.0012830113
0.4380000000 0.6982476043 0.0899507158 0.3024138787 1.0868057387 0.6982476043 0.0628078718 0.7588595034 0.0090734315
0.4400000000 0.6982468047 0.0899504554 0.3024140312 1.0868075010 0.6982468047 0.0628076181 0.7588598649 0.0093312260
0.4420000000 0.6982463418 0.0899497311 0.3024144361 1.0868096034 0.6982463418 0.0628070707 0.7588608298 0.0079920677
0.4440000000 0.6982454720 0.0899493572 0.3024146507 1.0868116868 0.6982454720 0.0628067313 0.7588613392 0.0125812700
0.4460000000 0.6982438270 0.0899497372 0.3024144555 1.0868135732 0.6982438270 0.0628068487 0.7588608686 0.0053987670
0.4480000000 0.6982417947 0.0899504286 0.3024140913 1.0868154829 0.6982417947 0.0628071487 0.7588599932 0.0028567389
0.4500000000 0.6982400778 0.0899506302 0.3024139938 1.0868178141 0.6982400778 0.0628071350 0.7588597551 0.0069784341
0.4520000000 0.6982388557 0.0899501287 0.3024142787 1.0868206843 0.6982388557 0.0628066750 0.7588604310 0.0000780039
0.4540000000 0.6982375505 0.0899495480 0.3024146071 1.0868238319 0.6982375505 0.0628061521 0.7588612102 0.0087974323
0.4560000000 0.6982355294 0.0899495699 0.3024146081 1.0868269716 0.6982355294 0.0628059855 0.7588612059 0.0067382928
0.4580000000 0.6982328614 0.0899500959 0.3024143352 1.0868301794 0.6982328614 0.0628061128 0.7588605460 0.0010856677
0.4600000000 0.6982301283 0.0899504456 0.3024141585 1.0868338163 0.6982301283 0.0628061112 0.7588601151 0.0021760537
0.4620000000 0.6982276492 0.0899502280 0.3024142905 1.0868381139 0.6982276492 0.0628057363 0.7588604213 0.0006561577
0.4640000000 0.6982250399 0.0899498283 0.3024145218 1.0868429525 0.6982250399 0.0628052224 0.7588609639 0.0051616254
0.4660000000 0.6982217533 0.0899498074 0.3024145474 1.0868481394 0.6982217533 0.0628049122 0.7588610134 0.0047438834
0.4680000000 0.6982177839 0.0899501144 0.3024143950 1.0868537769 0.6982177839 0.0628047696 0.7588606356 0.0021485874
0.4700000000 0.6982134861 0.0899502822 0.3024143186 1.0868601837 0.6982134861 0.0628045001 0.7588604378 0.0014357174
0.4720000000 0.6982089202 0.0899501496 0.3024144060 1.0868675655 0.6982089202 0.0628039968 0.7588606293 0.0030715237
0.4740000000 0.6982037182 0.0899500160 0.3024144941 1.0868759369 0.6982037182 0.0628034356 0.7588608204 0.0041518927
0.4760000000 0.6981975767 0.0899500873 0.3024144712 1.0868853860 0.6981975767 0.0628029330 0.7588607427 0.0037244599
0.4780000000 0.6981904836 0.0899502105 0.3024144204 1.0868962161 0.6981904836 0.0628023810 0.7588605947 0.0034051715
0.4800000000 0.6981823857 0.0899502167 0.3024144335 1.0869088231 0.6981823857 0.0628016569 0.7588605951 0.0038495845
0.4820000000 0.6981729717 0.0899501717 0.3024144747 1.0869235675 0.6981729717 0.0628007787 0.7588606572 0.0045207113
0.4840000000 0.6981617635 0.0899501874 0.3024144833 1.0869409842 0.6981617635 0.0627997814 0.7588606343 0.0045311648
0.4860000000 0.6981484428 0.0899502365 0.3024144741 1.0869616173 0.6981484428 0.0627986176 0.7588605605 0.0055585711
0.4880000000 0.6981319947 0.0899502569 0.3024144809 1.0869871572 0.6981319947 0.0627971523 0.7588605123 0.0049269847
0.4900000000 0.6981121730 0.0899502625 0.3024144962 1.0870179606 0.6981121730 0.0627953732 0.7588604706 0.0051745066
0.4920000000 0.6980881003 0.0899502830 0.3024145038 1.0870553347 0.6980881003 0.0627932222 0.7588603935 0.0110490906
0.4940000000 0.6980515863 0.0899503089 0.3024145090 1.0871120062 0.6980515863 0.0627899558 0.7588602604 0.0175253533
0.4960000000 0.6979801178 0.0899503300 0.3024145174 1.0872229369 0.6979801178 0.0627835419 0.7588599935 0.0212164711
0.4980000000 0.6978172044 0.0899503516 0.3024145259 1.0874758497 0.6978172044 0.0627689029 0.7588593573 0.0224729532
0.5000000000 0.6974256267 0.0899503754 0.3024145339 1.0880841847 0.6974256267 0.0627336969 0.7588577945 0.0223563709
0.5020000000 0.6964900085 0.0899503995 0.3024145421 1.0895404419 0.6964900085 0.0626495545 0.7588540316 0.0215308271
0.5040000000 0.6943342402 0.0899504237 0.3024145509 1.0929107190 0.6943342402 0.0624556591 0.7588453336 0.0203020095
0.5060000000 0.6896225007 0.0899504486 0.3024145597 1.1003502569 0.6896225007 0.0620318533 0.7588262958 0.0187818536
0.5080000000 0.6799607446 0.0899504743 0.3024145686 1.1159279982 0.6799607446 0.0611627915 0.7587872326 0.0169729622
0.5100000000 0.6615631329 0.0899505004 0.3024145776 1.1468487140 0.6615631329 0.0595079349 0.7587128282 0.0147527710
0.5120000000 0.6295020182 0.0899505271 0.3024145865 1.2050527644 0.6295020182 0.0566240383 0.7585831472 0.0111515329
0.5140000000 0.5808419131 0.0899505541 0.3024145951 1.3056673361 0.5808419131 0.0522470519 0.7583863133 0.0039604894
0.5160000000 0.5242756138 0.0899505812 0.3024146032 1.4461048220 0.5242756138 0.0471588962 0.7581574931 0.0025702271
0.5180000000 0.4726517544 0.0899506084 0.3024146108 1.6036091245 0.4726517544 0.0425153129 0.7579486661 0.0060623406
0.5200000000 0.4312735162 0.0899506357 0.3024146179 1.7570781846 0.4312735162 0.0387933269 0.7577812868 0.0084592358
0.5220000000 0.4009549756 0.0899506630 0.3024146247 1.8896352349 0.4009549756 0.0360661659 0.7576586494 0.0103541558
0.5240000000 0.3802781052 0.0899506905 0.3024146313 1.9921604931 0.3802781052 0.0342062782 0.7575750175 0.0119525358
0.5260000000 0.3670143694 0.0899507183 0.3024146380 2.0640101288 0.3670143694 0.0330132061 0.7575213758 0.0133523751
0.5280000000 0.3589555909 0.0899507463 0.3024146448 2.1102576769 0.3589555909 0.0322883233 0.7574887913 0.0146102318
0.5300000000 0.3542952216 0.0899507747 0.3024146517 2.1379626637 0.3542952216 0.0318691296 0.7574699556 0.0157642069
0.5320000000 0.3517210542 0.0899508034 0.3024146587 2.1535803762 0.3517210542 0.0316375914 0.7574595601 0.0168450000
0.5340000000 0.3503598305 0.0899508327 0.3024146659 2.1619318372 0.3503598305 0.0315151585 0.7574540720 0.0178841024
0.5360000000 0.3496699777 0.0899508623 0.3024146731 2.1661891169 0.3496699777 0.0314531160 0.7574513003 0.0189243006
0.5380000000 0.3493351925 0.0899508925 0.3024146805 2.1682612618 0.3493351925 0.0314230123 0.7574499653 0.0200397103
0.5400000000 0.3491802720 0.0899509232 0.3024146881 2.1692215145 0.3491802720 0.0314090878 0.7574493584 0.0213824750
0.5420000000 0.3491127169 0.0899509546 0.3024146959 2.1696405455 0.3491127169 0.0314030221 0.7574491056 0.0233080965
0.5440000000 0.3490858045 0.0899509866 0.3024147039 2.1698075603 0.3490858045 0.0314006125 0.7574490178 0.0268570052
0.5460000000 0.3490769018 0.0899510192 0.3024147122 2.1698628572 0.3490769018 0.0313998231 0.7574490035 0.0352539208
0.5480000000 0.3490753133 0.0899510523 0.3024147207 2.1698727768 0.3490753133 0.0313996917 0.7574490193 0.0431109071
0.5500000000 0.3490775183 0.0899510856 0.3024147292 2.1698591604 0.3490775183 0.0313999017 0.7574490507 0.0151203067
0.5520000000 0.3490819678 0.0899511190 0.3024147379 2.1698316188 0.3490819678 0.0314003136 0.7574490914 0.0001892667
0.5540000000 0.3490864911 0.0899511524 0.3024147466 2.1698036211 0.3490864911 0.0314007322 0.7574491324 0.0025953185
0.5560000000 0.3490905633 0.0899511860 0.3024147553 2.1697784230 0.3490905633 0.0314011102 0.7574491719 0.0029763246
0.5580000000 0.3490941630 0.0899512199 0.3024147643 2.1697561582 0.3490941630 0.0314014458 0.7574492099 0.0029106776
0.5600000000 0.3490973470 0.0899512545 0.3024147736 2.1697364750 0.3490973470 0.0314017443 0.7574492471 0.0027538390
0.5620000000 0.3491001765 0.0899512903 0.3024147834 2.1697189951 0.3491001765 0.0314020113 0.7574492842 0.0026008478
0.5640000000 0.3491027027 0.0899513273 0.3024147938 2.1697034016 0.3491027027 0.0314022515 0.7574493216 0.0024722520
0.5660000000 0.3491049663 0.0899513649 0.3024148045 2.1696894396 0.3491049663 0.0314024682 0.7574493587 0.0023526840
0.5680000000 0.3491070012 0.0899514017 0.3024148151 2.1696768955 0.3491070012 0.0314026641 0.7574493946 0.0022366643
0.5700000000 0.3491088362 0.0899514374 0.3024148254 2.1696655895 0.3491088362 0.0314028416 0.7574494289 0.0021221182
0.5720000000 0.3491104961 0.0899514729 0.3024148358 2.1696553704 0.3491104961 0.0314030033 0.7574494627 0.0020069833
0.5740000000 0.3491120024 0.0899515095 0.3024148467 2.1696461076 0.3491120024 0.0314031516 0.7574494972 0.0018892629
0.5760000000 0.3491133743 0.0899515474 0.3024148581 2.1696376831 0.3491133743 0.0314032882 0.7574495326 0.0017653819
0.5780000000 0.3491146285 0.0899515866 0.3024148701 2.1696299922 0.3491146285 0.0314034147 0.7574495688 0.0016349050
0.5800000000 0.3491157804 0.0899516295 0.3024148835 2.1696229468 0.3491157804 0.0314035333 0.7574496082 0.0015181164
0.5820000000 0.3491168426 0.0899516791 0.3024148994 2.1696164760 0.3491168426 0.0314036462 0.7574496538 0.0014542594
0.5840000000 0.3491178241 0.0899517331 0.3024149169 2.1696105179 0.3491178241 0.0314037533 0.7574497033 0.0014449995
0.5860000000 0.3491187299 0.0899517804 0.3024149318 2.1696050105 0.3491187299 0.0314038513 0.7574497457 0.0014289264
0.5880000000 0.3491195641 0.0899518098 0.3024149399 2.1695998963 0.3491195641 0.0314039366 0.7574497701 0.0013130118
0.5900000000 0.3491203348 0.0899518243 0.3024149422 2.1695951343 0.3491203348 0.0314040110 0.7574497796 0.0010985565
0.5920000000 0.3491210538 0.0899518429 0.3024149462 2.1695907046 0.3491210538 0.0314040822 0.7574497931 0.0009138826
0.5940000000 0.3491217319 0.0899518847 0.3024149591 2.1695865945 0.3491217319 0.0314041578 0.7574498293 0.0008778131
0.5960000000 0.3491223730 0.0899519510 0.3024149814 2.1695827835 0.3491223730 0.0314042386 0.7574498898 0.0009308351
0.5980000000 0.3491229764 0.0899520301 0.3024150087 2.1695792430 0.3491229764 0.0314043205 0.7574499629 0.0009245643
0.6000000000 0.3491235432 0.0899521162 0.3024150386 2.1695759495 0.3491235432 0.0314044015 0.7574500427 0.0008779999
0.6020000000 0.3491240768 0.0899522109 0.3024150719 2.1695728865 0.3491240768 0.0314044826 0.7574501311 0.0010472659
0.6040000000 0.3491245744 0.0899522954 0.3024151014 2.1695700187 0.3491245744 0.0314045569 0.7574502094 0.0015853891
0.6060000000 0.3491250199 0.0899523106 0.3024151042 2.1695672768 0.3491250199 0.0314046022 0.7574502187 0.0020784711
0.6080000000 0.3491253969 0.0899521970 0.3024150575 2.1695645936 0.3491253969 0.0314045965 0.7574500999 0.0015259056
0.6100000000 0.3491257184 0.0899519886 0.3024149745 2.1695619865 0.3491257184 0.0314045526 0.7574498872 0.0005862007
0.6120000000 0.3491260429 0.0899518640 0.3024149238 2.1695595995 0.3491260429 0.0314045383 0.7574497578 0.0027422382
0.6140000000 0.3491264460 0.0899520545 0.3024149943 2.1695576217 0.3491264460 0.0314046411 0.7574499418 0.0027358997
0.6160000000 0.3491269546 0.0899526380 0.3024152160 2.1695561068 0.3491269546 0.0314048905 0.7574505164 0.0000460013
0.6180000000 0.3491274928 0.0899533670 0.3024154937 2.1695548225 0.3491274928 0.0314051935 0.7574512357 0.0045623143
0.6200000000 0.3491279046 0.0899537434 0.3024156359 2.1695533204 0.3491279046 0.0314053619 0.7574516046 0.0102857613
0.6220000000 0.3491280542 0.0899533366 0.3024154769 2.1695512173 0.3491280542 0.0314052334 0.7574511950 0.0103377293
0.6240000000 0.3491279436 0.0899521520 0.3024150188 2.1695485167 0.3491279436 0.0314048099 0.7574500122 0.0005197886
0.6260000000 0.3491277842 0.0899508553 0.3024145177 2.1695458003 0.3491277842 0.0314043428 0.7574487180 0.0134851810
0.6280000000 0.3491278938 0.0899504470 0.3024143582 2.1695439416 0.3491278938 0.0314042101 0.7574483068 0.0143552095
0.6300000000 0.3491284932 0.0899516233 0.3024148078 2.1695435494 0.3491284932 0.0314046747 0.7574494703 0.0060481969
0.6320000000 0.3491294661 0.0899540158 0.3024157251 2.1695442980 0.3491294661 0.0314055975 0.7574518425 0.0041053546
0.6340000000 0.3491303383 0.0899561255 0.3024165337 2.1695448680 0.3491303383 0.0314064125 0.7574539338 0.0202720611
0.6360000000 0.3491305951 0.0899563269 0.3024166085 2.1695438294 0.3491305951 0.0314065059 0.7574541283 0.0252611896
0.6380000000 0.3491299806 0.0899538109 0.3024156387 2.1695404698 0.3491299806 0.0314055723 0.7574516222 0.0065450246
0.6400000000 0.3491288615 0.0899497303 0.3024140673 2.1695357920 0.3491288615 0.0314040469 0.7574475611 0.0120014670
0.6420000000 0.3491281398 0.0899469247 0.3024129862 2.1695322749 0.3491281398 0.0314030025 0.7574447673 0.0318428511
0.6440000000 0.3491286821 0.0899481266 0.3024134459 2.1695323103 0.3491286821 0.0314034709 0.7574459564 0.0184690900
0.6460000000 0.3491307342 0.0899541107 0.3024157442 2.1695365784 0.3491307342 0.0314057447 0.7574518985 0.0008280044
0.6480000000 0.3491332011 0.0899614236 0.3024185536 2.1695420518 0.3491332011 0.0314085198 0.7574591615 0.0211428332
0.6500000000 0.3491343948 0.0899647399 0.3024198265 2.1695440607 0.3491343948 0.0314097850 0.7574624527 0.0407503631
0.6520000000 0.3491328581 0.0899594642 0.3024177960 2.1695385784 0.3491328581 0.0314078048 0.7574572047 0.0171935476
0.6540000000 0.3491285094 0.0899453393 0.3024123635 2.1695253807 0.3491285094 0.0314024822 0.7574431622 0.0023688114
0.6560000000 0.3491239293 0.0899305042 0.3024066580 2.1695115990 0.3491239293 0.0313968910 0.7574284141 0.0362828478
0.6580000000 0.3491224659 0.0899255171 0.3024047386 2.1695064835 0.3491224659 0.0313950183 0.7574234532 0.0473888613
0.6600000000 0.3491271664 0.0899399890 0.3024103005 2.1695184571 0.3491271664 0.0314004935 0.7574378313 0.0150390044
0.6620000000 0.3491377830 0.0899731347 0.3024230420 2.1695468262 0.3491377830 0.0314130208 0.7574707689 0.0033524888
0.6640000000 0.3491484714 0.0900065168 0.3024358749 2.1695754247 0.3491484714 0.0314256378 0.7575039432 0.0376423192
0.6660000000 0.3491521430 0.0900177766 0.3024402022 2.1695846510 0.3491521430 0.0314298996 0.7575151304 0.0512118386
0.6680000000 0.3491417039 0.0899845425 0.3024274221 2.1695548970 0.3491417039 0.0314173565 0.7574820935 0.0170792570
0.6700000000 0.3491164220 0.0899045029 0.3023966477 2.1694841435 0.3491164220 0.0313871384 0.7574025418 0.0010183360
0.6720000000 0.3490887948 0.0898170714 0.3023630346 2.1694069412 0.3490887948 0.0313541332 0.7573156546 0.0256291071
0.6740000000 0.3490749969 0.0897732710 0.3023461958 2.1693680033 0.3490749969 0.0313376043 0.7572721290 0.0530104315
0.6760000000 0.3490919104 0.0898263637 0.3023666030 2.1694140054 0.3490919104 0.0313576569 0.7573248796 0.0234033359
0.6780000000 0.3491493503 0.0900072963 0.3024361610 2.1695720929 0.3491493503 0.0314259890 0.7575046866 0.0051082431
0.6800000000 0.3492275131 0.0902535598 0.3025308579 2.1697875126 0.3492275131 0.0315190262 0.7577494969 0.0100513672
0.6820000000 0.3492885141 0.0904456679 0.3026047481 2.1699555032 0.3492885141 0.0315916330 0.7579405334 0.0536809911
0.6840000000 0.3492963851 0.0904702521 0.3026142040 2.1699765998 0.3492963851 0.0316009320 0.7579649821 0.0461193949
0.6860000000 0.3492097831 0.0901969689 0.3025090892 2.1697365207 0.3492097831 0.0314976640 0.7576932199 0.0154113667
0.6880000000 0.3490269765 0.0896201629 0.3022873323 2.1692305593 0.3490269765 0.0312798545 0.7571199835 0.0013772691
0.6900000000 0.3488149715 0.0889509162 0.3020302137 2.1686439931 0.3488149715 0.0310274113 0.7564554926 0.0124389804
0.6920000000 0.3486637869 0.0884733706 0.3018468627 2.1682255927 0.3486637869 0.0308474604 0.7559817461 0.0542095400
0.6940000000 0.3486532327 0.0884398335 0.3018339917 2.1681958524 0.3486532327 0.0308348338 0.7559484930 0.0433390720
0.6960000000 0.3488830011 0.0891651142 0.3021124841 2.1688304982 0.3488830011 0.0311081926 0.7566680931 0.0159340696
0.6980000000 0.3493697037 0.0907003117 0.3027026901 2.1701760923 0.3493697037 0.0316879410 0.7581937784 0.0039023363
0.7000000000 0.3499800034 0.0926227017 0.3034431603 2.1718644679 0.3499800034 0.0324160935 0.7601091338 0.0062534492
0.7020000000 0.3505072518 0.0942809629 0.3040831647 2.1733237181 0.3505072518 0.0330461612 0.7617657236 0.0245207694
0.7040000000 0.3507690502 0.0951033609 0.3044010150 2.1740482198 0.3507690502 0.0333593156 0.7625888291 0.0544397912
0.7060000000 0.3505630368 0.0944559092 0.3041507888 2.1734773477 0.3505630368 0.0331127504 0.7619408195 0.0273608589
0.7080000000 0.3496776774 0.0916709332 0.3030763517 2.1710283417 0.3496776774 0.0320552790 0.7591601480 0.0113399941
0.7100000000 0.3481909915 0.0869809581 0.3012743306 2.1669227436 0.3481909915 0.0302859860 0.7545029785 0.0029121279
0.7120000000 0.3464403392 0.0814359682 0.2991557330 2.1620983821 0.3464403392 0.0282127044 0.7490380970 0.0028823725
0.7140000000 0.3447988887 0.0762148138 0.2971726633 2.1575854769 0.3447988887 0.0262787831 0.7439330746 0.0077191838
0.7160000000 0.3435152180 0.0721170755 0.2956242375 2.1540643459 0.3435152180 0.0247733129 0.7399538833 0.0132039671
0.7180000000 0.3426892927 0.0694739253 0.2946291454 2.1518030929 0.3426892927 0.0238079703 0.7373998800 0.0232799838
0.7200000000 0.3423078773 0.0682515514 0.2941699191 2.1507599690 0.3423078773 0.0233630437 0.7362220796 0.0544183306
0.7220000000 0.3423488868 0.0683828243 0.2942192213 2.1508716092 0.3423488868 0.0234107838 0.7363485011 0.0343641050
0.7240000000 0.3428773323 0.0700754689 0.2948554090 2.1523160467 0.3428773323 0.0240272898 0.7379803844 0.0145225191
0.7260000000 0.3438859477 0.0733003504 0.2960707480 2.1550770377 0.3438859477 0.0252069605 0.7411007094 0.0079297953
0.7280000000 0.3452923187 0.0777841051 0.2977676541 2.1589351037 0.3452923187 0.0268582540 0.7454637079 0.0047963202
0.7300000000 0.3470036857 0.0832202298 0.2998361826 2.1636429037 0.3470036857 0.0288777265 0.7507920621 0.0030896845
0.7320000000 0.3489422859 0.0893519911 0.3021841991 2.1689931753 0.3489422859 0.0311786880 0.7568534366 0.0020862487
0.7340000000 0.3510493137 0.0959854003 0.3047420547 2.1748291486 0.3510493137 0.0336956089 0.7634722800 0.0014668359
0.7360000000 0.3532822844 0.1029804387 0.3074594477 2.1810374517 0.3532822844 0.0363811646 0.7705218933 0.0010705708
0.7380000000 0.3556110864 0.1102379570 0.3103007427 2.1875375992 0.3556110864 0.0392018397 0.7779126222 0.0008095779
0.7400000000 0.3580144785 0.1176880649 0.3132408226 2.1942726900 0.3580144785 0.0421340312 0.7855813927 0.0006332536
0.7420000000 0.3604774225 0.1252813021 0.3162619289 2.2012023285 0.3604774225 0.0451610809 0.7934837419 0.0005113339
0.7440000000 0.3629891803 0.1329823487 0.3193514080 2.2082975721 0.3629891803 0.0482711537 0.8015881256 0.0004251786
0.7460000000 0.3655419950 0.1407656751 0.3225001474 2.2155374274 0.3655419950 0.0514557657 0.8098719712 0.0003630221
0.7480000000 0.3681301882 0.1486125692 0.3257015054 2.2229064487 0.3681301882 0.0547087731 0.8183189693 0.0003172761
0.7500000000 0.3707495432 0.1565091084 0.3289505788 2.2303930945 0.3707495432 0.0580256804 0.8269172208 0.0002829489
0.7520000000 0.3733968815 0.1644447702 0.3322436994 2.2379885978 0.3733968815 0.0614031644 0.8356579632 0.0002566958
0.7540000000 0.3760697702 0.1724114738 0.3355780862 2.2456861842 0.3760697702 0.0648387433 0.8445346872 0.0002362356
0.7560000000 0.3787663175 0.1804029112 0.3389516021 2.2534805248 0.3787663175 0.0683305464 0.8535425199 0.0002199864
0.7580000000 0.3814850282 0.1884140764 0.3423625814 2.2613673490 0.3814850282 0.0718771492 0.8626777869 0.0002068335
0.7600000000 0.3842247002 0.1964409282 0.3458097069 2.2693431673 0.3842247002 0.0754774567 0.8719376980 0.0001959769
0.7620000000 0.3869843497 0.2044801471 0.3492919198 2.2774050688 0.3869843497 0.0791306168 0.8813201195 0.0001868341
0.7640000000 0.3897631558 0.2125289566 0.3528083538 2.2855505733 0.3897631558 0.0828359568 0.8908234042 0.0001789733
0.7660000000 0.3925604193 0.2205849896 0.3563582854 2.2937775185 0.3925604193 0.0865929360 0.9004462645 0.0001720680
0.7680000000 0.3953755310 0.2286461883 0.3599410958 2.3020839745 0.3953755310 0.0904011081 0.9101876738 0.0001658663
0.7700000000 0.3982079472 0.2367107255 0.3635562410 2.3104681769 0.3982079472 0.0942600921 0.9200467898 0.0001601684
0.7720000000 0.4010571701 0.2447769439 0.3672032278 2.3189284720 0.4010571701 0.0981695484 0.9300228906 0.0001548118
0.7740000000 0.4039227315 0.2528433057 0.3708815943 2.3274632728 0.4039227315 0.1021291587 0.9401153227 0.0001496596
0.7760000000 0.4068041793 0.2609083518 0.3745908916 2.3360710189 0.4068041793 0.1061386079 0.9503234535 0.0001445908
0.7780000000 0.4097010645 0.2689706648 0.3783306690 2.3447501419 0.4097010645 0.1101975677 0.9606466291 0.0001394941
0.7800000000 0.4126129305 0.2770288375 0.3821004590 2.3534990315 0.4126129305 0.1143056805 0.9710841324 0.0001342618
0.7820000000 0.4155393014 0.2850814408 0.3858997620 2.3623160022 0.4155393014 0.1184625427 0.9816351412 0.0001287837
0.7840000000 0.4184796701 0.2931269936 0.3897280312 2.3711992577 0.4184796701 0.1226676876 0.9922986832 0.0001229413
0.7860000000 0.4214334864 0.3011639302 0.3935846552 2.3801468525 0.4214334864 0.1269205651 1.0030735861 0.0001166015
0.7880000000 0.4244001420 0.3091905645 0.3974689390 2.3891566482 0.4244001420 0.1312205195 1.0139584208 0.0001096093
0.7900000000 0.4273789547 0.3172050492 0.4013800809 2.3982262616 0.4273789547 0.1355667624 1.0249514329 0.0001017780
0.7920000000 0.4303691482 0.3252053279 0.4053171449 2.4073530026 0.4303691482 0.1399583399 1.0360504612 0.0000928769
0.7940000000 0.4333698276 0.3331890763 0.4092790271 2.4165337967 0.4333698276 0.1443940925 1.0472528349 0.0000826137
0.7960000000 0.4363799491 0.3411536290 0.4132644126 2.4257650887 0.4363799491 0.1488726033 1.0585552460 0.0000706147
0.7980000000 0.4393982810 0.3490958870 0.4172717213 2.4350427184 0.4393982810 0.1533921327 1.0699535845 0.0000563941
0.8000000000 0.4424233533 0.3570121993 0.4212990373 2.4443617613 0.4424233533 0.1579505344 1.0814427272 0.0000393157
0.8020000000 0.4454533936 0.3648982089 0.4253440186 2.4537163224 0.4454533936 0.1625451455 1.0930162628 0.0000185451
0.8040000000 0.4484862421 0.3727486557 0.4294037781 2.4630992672 0.4484862421 0.1671726438 1.1046661343 0.0000070016
0.8060000000 0.4515192437 0.3805571189 0.4334747303 2.4725018698 0.4515192437 0.1718288625 1.1163821742 0.0000387141
0.8080000000 0.4545491114 0.3883157022 0.4375524001 2.4819133822 0.4545491114 0.1765085574 1.1281515223 0.0000783833
0.8100000000 0.4575717560 0.3960146403 0.4416311814 2.4913204926 0.4575717560 0.1812051144 1.1399578926 0.0001283143
0.8120000000 0.4605820730 0.4036418063 0.4457040348 2.5007066384 0.4605820730 0.1859101799 1.1517806474 0.0001913751
0.8140000000 0.4635736880 0.4111821306 0.4497621248 2.5100511883 0.4635736880 0.1906132167 1.1635936863 0.0002710362
0.8160000000 0.4665386699 0.4186169545 0.4537944087 2.5193285186 0.4665386699 0.1953009972 1.1753641761 0.0003713734
0.8180000000 0.4694672291 0.4259233615 0.4577872005 2.5285070380 0.4694672291 0.1999570603 1.1870511929 0.0004970032
0.8200000000 0.4723474341 0.4330735699 0.4617237565 2.5375482686 0.4723474341 0.2045611895 1.1986044136 0.0006529312
0.8220000000 0.4751649998 0.4400345092 0.4655839563 2.5464061501 0.4751649998 0.2090889975 1.2099630779 0.0008443068
0.8240000000 0.4779032176 0.4467677444 0.4693441788 2.5550267962 0.4779032176 0.2135117425 1.2210555269 0.0010760900
0.8260000000 0.4805431117 0.4532299366 0.4729774957 2.5633489722 0.4805431117 0.2177965241 1.2317996916 0.0013526528
0.8280000000 0.4830639058 0.4593740218 0.4764543007 2.5713055652 0.4830639058 0.2219070092 1.2421049095 0.0016773566
0.8300000000 0.4854438585 0.4651512285 0.4797434678 2.5788262419 0.4854438585 0.2258048071 1.2518753612 0.0020521579
0.8320000000 0.4876614790 0.4705139373 0.4828140550 2.5858413294 0.4876614790 0.2294515225 1.2610152071 0.0024772953
0.8340000000 0.4896970558 0.4754192106 0.4856374667 2.5922867105 0.4896970558 0.2328113877 1.2694351699 0.0029511073
0.8360000000 0.4915343428 0.4798326218 0.4881898572 2.5981092353 0.4915343428 0.2358542124 1.2770599154 0.0034700131
0.8380000000 0.4931621689 0.4837318490 0.4904544430 2.6032719043 0.4931621689 0.2385582478 1.2838352186 0.0040286676
0.8400000000 0.4945757011 0.4871094256 0.4924233381 2.6077579502 0.4945757011 0.2409124857 1.2897337165 0.0046202784
0.8420000000 0.4957771140 0.4899741060 0.4940985548 2.6115730290 0.4957771140 0.2429179482 1.2947581393 0.0052370492
0.8440000000 0.4967755147 0.4923505257 0.4954919475 2.6147450266 0.4967755147 0.2445876859 1.2989413065 0.0058706952
0.8460000000 0.4975861130 0.4942771561 0.4966240783 2.6173214447 0.4975861130 0.2459454489 1.3023428042 0.0065129633
0.8480000000 0.4982287767 0.4958028849 0.4975222003 2.6193648089 0.4982287767 0.2470232648 1.3050429244 0.0071560930
0.8500000000 0.4987262261 0.4969828084 0.4982177157 2.6209469101 0.4987262261 0.2478583605 1.3071349613 0.0077931577
0.8520000000 0.4991021671 0.4978739140 0.4987435356 2.6221428336 0.4991021671 0.2484899495 1.3087171708 0.0084182467
0.8540000000 0.4993796305 0.4985312629 0.4991317248 2.6230256416 0.4993796305 0.2489563579 1.3098855758 0.0090264624
0.8560000000 0.4995797032 0.4990050891 0.4994116969 2.6236623009 0.4995797032 0.2492928143 1.3107284337 0.0096137155
0.8580000000 0.4997207286 0.4993389888 0.4996090702 2.6241111089 0.4997207286 0.2495300433 1.3113227152 0.0101762944
0.8600000000 0.4998179574 0.4995691521 0.4997451620 2.6244205590 0.4998179574 0.2496936332 1.3117325232 0.0107101504
0.8620000000 0.4998835649 0.4997244413 0.4998369998 2.6246293788 0.4998835649 0.2498040352 1.3120090903 0.0112097687
0.8640000000 0.4999269193 0.4998270506 0.4998976906 2.6247673754 0.4999269193 0.2498769976 1.3121918680 0.0116663642
0.8660000000 0.4999549912 0.4998934863 0.4999369890 2.6248567299 0.4999549912 0.2499242435 1.3123102232 0.0120649361
0.8680000000 0.4999728085 0.4999356520 0.4999619324 2.6249134447 0.4999728085 0.2499542320 1.3123853471 0.0123794340
0.8700000000 0.4999838963 0.4999618912 0.4999774550 2.6249487387 0.4999838963 0.2499728943 1.3124320979 0.0125650882
0.8720000000 0.4999906606 0.4999778988 0.4999869249 2.6249702707 0.4999906606 0.2499842799 1.3124606197 0.0125475446
0.8740000000 0.4999947038 0.4999874670 0.4999925854 2.6249831413 0.4999947038 0.2499910855 1.3124776683 0.0122121277
0.8760000000 0.4999970689 0.4999930636 0.4999958964 2.6249906695 0.4999970689 0.2499950663 1.3124876405 0.0114081280
0.8780000000 0.4999984198 0.4999962605 0.4999977877 2.6249949699 0.4999984198 0.2499973402 1.3124933369 0.0100033002
0.8800000000 0.4999991714 0.4999980391 0.4999988399 2.6249973623 0.4999991714 0.2499986052 1.3124965060 0.0080173810
0.8820000000 0.4999995775 0.4999990002 0.4999994085 2.6249986551 0.4999995775 0.2499992888 1.3124982185 0.0057472972
0.8840000000 0.4999997903 0.4999995038 0.4999997064 2.6249993325 0.4999997903 0.2499996471 1.3124991159 0.0036654450
0.8860000000 0.4999998985 0.4999997598 0.4999998579 2.6249996769 0.4999998985 0.2499998292 1.3124995720 0.0021087214
0.8880000000 0.4999999520 0.4999998863 0.4999999328 2.6249998471 0.4999999520 0.2499999192 1.3124997975 0.0011208186
0.8900000000 0.4999999777 0.4999999473 0.4999999688 2.6249999291 0.4999999777 0.2499999625 1.3124999061 0.0005631554
0.8920000000 0.4999999899 0.4999999760 0.4999999858 2.6249999678 0.4999999899 0.2499999830 1.3124999573 0.0002719467
0.8940000000 0.4999999955 0.4999999893 0.4999999937 2.6249999856 0.4999999955 0.2499999924 1.3124999809 0.0001274985
0.8960000000 0.4999999980 0.4999999953 0.4999999972 2.6249999937 0.4999999980 0.2499999967 1.3124999916 0.0000583642
0.8980000000 0.4999999991 0.4999999980 0.4999999988 2.6249999973 0.4999999991 0.2499999986 1.3124999964 0.0000261644
0.9000000000 0.4999999996 0.4999999991 0.4999999995 2.6249999988 0.4999999996 0.2499999994 1.3124999985 0.0000115049
0.9020000000 0.4999999998 0.4999999996 0.4999999998 2.6249999995 0.4999999998 0.2499999997 1.3124999994 0.0000049663
0.9040000000 0.4999999999 0.4999999999 0.4999999999 2.6249999998 0.4999999999 0.2499999999 1.3124999997 0.0000021056
0.9060000000 0.5000000000 0.4999999999 0.5000000000 2.6249999999 0.5000000000 0.2500000000 1.3124999999 0.0000008771
0.9080000000 0.5000000000 0.5000000000 0.5000000000 2.6250000000 0.5000000000 0.2500000000 1.3125000000 0.0000003590
0.9100000000 0.5000000000 0.5000000000 0.5000000000 2.6250000000 0.5000000000 0.2500000000 1.3125000000 0.0000001444
0.9120000000 0.5000000000 0.5000000000 0.5000000000 2.6250000000 0.5000000000 0.2500000000 1.3125000000 0.0000000571
0.9140000000 0.5000000000 0.5000000000 0.5000000000 2.6250000000 0.5000000000 0.2500000000 1.3125000000 0.0000000222
0.9160000000 0.5000000000 0.5000000000 0.5000000000 2.6250000000 0.5000000000 0.2500000000 1.3125000000 0.0000000085
0.9180000000 0.5000000000 0.5000000000 0.5000000000 2.6250000000 0.5000000000 0.2500000000 1.3125000000 0.0000000032
0.9200000000 0.5000000000 0.5000000000 0.5000000000 2.6250000000 0.5000000000 0.2500000000 1.3125000000 0.0000000012
0.9220000000 0.5000000000 0.5000000000 0.5000000000 2.6250000000 0.5000000000 0.2500000000 1.3125000000 0.0000000004
0.9240000000 0.5000000000 0.5000000000 0.5000000000 2.6250000000 0.5000000000 0.2500000000 1.3125000000 0.0000000002
0.9260000000 0.5000000000 0.5000000000 0.5000000000 2.6250000000 0.5000000000 0.2500000000 1.3125000000 0.0000000000
0.9280000000 0.5000000000 0.5000000000 0.5000000000 2.6250000000 0.5000000000 0.2500000000 1.3125000000 0.0000000000
0.9300000000 0.5000000000 0.5000000000 0.5000000000 2.6250000000 0.5000000000 0.2500000000 1.3125000000 0.0000000000
0.9320000000 0.5000000000 0.5000000000 0.5000000000 2.6250000000 0.5000000000 0.2500000000 1.3125000000 0.0000000000
0.9340000000 0.5000000000 0.5000000000 0.5000000000 2.6250000000 0.5000000000 0.2500000000 1.3125000000 0.0000000000
0.9360000000 0.5000000000 0.5000000000 0.5000000000 2.6250000000 0.5000000000 0.2500000000 1.3125000000 0.0000000000
0.9380000000 0.5000000000 0.5000000000 0.5000000000 2.6250000000 0.5000000000 0.2500000000 1.3125000000 0.0000000000
0.9400000000 0.5000000000 0.5000000000 0.5000000000 2.6250000000 0.5000000000 0.2500000000 1.3125000000 0.0000000000
0.9420000000 0.5000000000 0.5000000000 0.5000000000 2.6250000000 0.5000000000 0.2500000000 1.3125000000 0.0000000000
0.9440000000 0.5000000000 0.5000000000 0.5000000000 2.6250000000 0.5000000000 0.2500000000 1.3125000000 0.0000000000
0.9460000000 0.5000000000 0.5000000000 0.5000000000 2.6250000000 0.5000000000 0.2500000000 1.3125000000 0.0000000000
0.9480000000 0.5000000000 0.5000000000 0.5000000000 2.6250000000 0.5000000000 0.2500000000 1.3125000000 0.0000000000
0.9500000000 0.5000000000 0.5000000000 0.5000000000 2.6250000000 0.5000000000 0.2500000000 1.3125000000 0.0000000000
0.9520000000 0.5000000000 0.5000000000 0.5000000000 2.6250000000 0.5000000000 0.2500000000 1.3125000000 0.0000000000
0.9540000000 0.5000000000 0.5000000000 0.5000000000 2.6250000000 0.5000000000 0.2500000000 1.3125000000 0.0000000000
0.9560000000 0.5000000000 0.5000000000 0.5000000000 2.6250000000 0.5000000000 0.2500000000 1.3125000000 0.0000000000
0.9580000000 0.5000000000 0.5000000000 0.5000000000 2.6250000000 0.5000000000 0.2500000000 1.3125000000 0.0000000000
0.9600000000 0.5000000000 0.5000000000 0.5000000000 2.6250000000 0.5000000000 0.2500000000 1.3125000000 0.0000000000
0.9620000000 0.5000000000 0.5000000000 0.5000000000 2.6250000000 0.5000000000 0.2500000000 1.3125000000 0.0000000000
0.9640000000 0.5000000000 0.5000000000 0.5000000000 2.6250000000 0.5000000000 0.2500000000 1.3125000000 0.0000000000
0.9660000000 0.5000000000 0.5000000000 0.5000000000 2.6250000000 0.5000000000 0.2500000000 1.3125000000 0.0000000000
0.9680000000 0.5000000000 0.5000000000 0.5000000000 2.6250000000 0.5000000000 0.2500000000 1.3125000000 0.0000000000
0.9700000000 0.5000000000 0.5000000000 0.5000000000 2.6250000000 0.5000000000 0.2500000000 1.3125000000 0.0000000000
0.9720000000 0.5000000000 0.5000000000 0.5000000000 2.6250000000 0.5000000000 0.2500000000 1.3125000000 0.0000000000
0.9740000000 0.5000000000 0.5000000000 0.5000000000 2.6250000000 0.5000000000 0.2500000000 1.3125000000 0.0000000000
0.9760000000 0.5000000000 0.5000000000 0.5000000000 2.6250000000 0.5000000000 0.2500000000 1.3125000000 0.0000000000
0.9780000000 0.5000000000 0.5000000000 0.5000000000 2.6250000000 0.5000000000 0.2500000000 1.3125000000 0.0000000000
0.9800000000 0.5000000000 0.5000000000 0.5000000000 2.6250000000 0.5000000000 0.2500000000 1.3125000000 0.0000000000
0.9820000000 0.5000000000 0.5000000000 0.5000000000 2.6250000000 0.5000000000 0.2500000000 1.3125000000 0.0000000000
0.9840000000 0.5000000000 0.5000000000 0.5000000000 2.6250000000 0.5000000000 0.2500000000 1.3125000000 0.0000000000
0.9860000000 0.5000000000 0.5000000000 0.5000000000 2.6250000000 0.5000000000 0.2500000000 1.3125000000 0.0000000000
0.9880000000 0.5000000000 0.5000000000 0.5000000000 2.6250000000 0.5000000000 0.2500000000 1.3125000000 0.0000000000
0.9900000000 0.5000000000 0.5000000000 0.5000000000 2.6250000000 0.5000000000 0.2500000000 1.3125000000 0.0000000000
0.9920000000 0.5000000000 0.5000000000 0.5000000000 2.6250000000 0.5000000000 0.2500000000 1.3125000000 0.0000000000
0.9940000000 0.5000000000 0.5000000000 0.5000000000 2.6250000000 0.5000000000 0.2500000000 1.3125000000 0.0000000000
0.9960000000 0.5000000000 0.5000000000 0.5000000000 2.6250000000 0.5000000000 0.2500000000 1.3125000000 0.0000000000
0.9980000000 0.5000000000 0.5000000000 0.5000000000 2.6250000000 0.5000000000 0.2500000000 1.3125000000 0.0000000000
1.0000000000 0.5000000000 0.5000000000 0.5000000000 2.6250000000 0.5000000000 0.2500000000 1.3125000000 0.0000000000
