TITLE = "1D Euler Filtered MacCormack Result"
VARIABLES = "x", "rho", "u", "p", "E", "rho_conserved", "rhou", "rhoE", "nu"
ZONE T="t=0.15000000", I=501, F=POINT
0.0000000000 0.6841243258 -1.1355983030 2.3510810474 9.2363626068 0.6841243258 -0.7768904234 6.3188203416 0.0000000000
0.0020000000 0.6841243258 -1.1355983030 2.3510810474 9.2363626068 0.6841243258 -0.7768904234 6.3188203416 0.2498137341
0.0040000000 0.6803315674 -1.1233373266 2.3327802364 9.2031614962 0.6803315674 -0.7642418441 6.2612012860 0.0111964612
0.0060000000 0.6768619763 -1.1121276102 2.3161735038 9.1732359609 0.6768619763 -0.7527568921 6.2090146211 0.0028298157
0.0080000000 0.6734708288 -1.1010951747 2.2999249040 9.1437870465 0.6734708288 -0.7415554799 6.1580738404 0.0004508657
0.0100000000 0.6700671209 -1.0899946112 2.2836811631 9.1143889235 0.6700671209 -0.7303695510 6.1072523452 0.0009036265
0.0120000000 0.6666880987 -1.0789140145 2.2675660096 9.0851269037 0.6666880987 -0.7192991329 6.0569459815 0.0002719504
0.0140000000 0.6633164029 -1.0678240670 2.2515338716 9.0560211282 0.6633164029 -0.7083052190 6.0070073590 0.0005968407
0.0160000000 0.6599607418 -1.0567358878 2.2355991248 9.0270276067 0.6599607418 -0.6974042004 5.9574838355 0.0004346008
0.0180000000 0.6566166032 -1.0456434553 2.2197594075 8.9981901387 0.6566166032 -0.6865868538 5.9083610438 0.0005817310
0.0200000000 0.6532879484 -1.0345460535 2.2040191719 8.9694755055 0.6532879484 -0.6758564688 5.8596502510 0.0004972692
0.0220000000 0.6499725594 -1.0234429452 2.1883777590 8.9409106084 0.6499725594 -0.6652098305 5.8113465516 0.0005279951
0.0240000000 0.6466712962 -1.0123366996 2.1728316254 8.9124749225 0.6466712962 -0.6546490858 5.7634417108 0.0004494481
0.0260000000 0.6433820256 -1.0012306054 2.1573757096 8.8841812417 0.6433820256 -0.6441737750 5.7159225235 0.0004527346
0.0280000000 0.6401047404 -0.9901274771 2.1420059304 8.8560177489 0.6401047404 -0.6337852917 5.6687789420 0.0004225711
0.0300000000 0.6368385253 -0.9790285047 2.1267204856 8.8279914594 0.6368385253 -0.6234830691 5.6220050624 0.0004448007
0.0320000000 0.6335838728 -0.9679334924 2.1115195188 8.8000971862 0.6335838728 -0.6132670508 5.5755996562 0.0004489416
0.0340000000 0.6303408210 -0.9568413939 2.0964043199 8.7723394260 0.6303408210 -0.6031361898 5.5295636361 0.0004724701
0.0360000000 0.6271099416 -0.9457509846 2.0813763663 8.7447163640 0.6271099416 -0.5930898447 5.4838985680 0.0004804189
0.0380000000 0.6238914047 -0.9346612137 2.0664368570 8.7172306629 0.6238914047 -0.5831270975 5.4386052829 0.0004937297
0.0400000000 0.6206855220 -0.9235713551 2.0515865089 8.6898815992 0.6206855220 -0.5732473687 5.3936836968 0.0004973973
0.0420000000 0.6174923486 -0.9124809730 2.0368256267 8.6626705412 0.6174923486 -0.5634500190 5.3491327775 0.0005029908
0.0440000000 0.6143119863 -0.9013898476 2.0221542085 8.6355972335 0.6143119863 -0.5537345877 5.3049508891 0.0005046569
0.0460000000 0.6111444295 -0.8902978910 2.0075720714 8.6086622595 0.6111444295 -0.5441005967 5.2611359855 0.0005069191
0.0480000000 0.6079896874 -0.8792050894 1.9930789298 8.5818656637 0.6079896874 -0.5345476274 5.2176858219 0.0005082383
0.0500000000 0.6048477418 -0.8681114663 1.9786744486 8.5552076846 0.6048477418 -0.5250752600 5.1745980484 0.0005095503
0.0520000000 0.6017185745 -0.8570170627 1.9643582696 8.5286884819 0.6017185745 -0.5156830853 5.1318702754 0.0005108173
0.0540000000 0.5986021652 -0.8459219279 1.9501300252 8.5023082066 0.5986021652 -0.5063706976 5.0895001013 0.0005119875
0.0560000000 0.5954984909 -0.8348261146 1.9359893446 8.4760670299 0.5954984909 -0.4971376914 5.0474851253 0.0005132203
0.0580000000 0.5924075302 -0.8237296777 1.9219358565 8.4499650979 0.5924075302 -0.4879836639 5.0058229543 0.0005144112
0.0600000000 0.5893292603 -0.8126326733 1.9079691898 8.4240025723 0.5893292603 -0.4789082123 4.9645112049 0.0005156364
0.0620000000 0.5862636591 -0.8015351588 1.8940889748 8.3981796048 0.5862636591 -0.4699109351 4.9235475051 0.0005168583
0.0640000000 0.5832107043 -0.7904371927 1.8802948432 8.3724963520 0.5832107043 -0.4609914319 4.8829294945 0.0005180990
0.0660000000 0.5801703740 -0.7793388350 1.8665864280 8.3469529683 0.5801703740 -0.4521493034 4.8426548256 0.0005193519
0.0680000000 0.5771426464 -0.7682401472 1.8529633643 8.3215496099 0.5771426464 -0.4433841516 4.8027211636 0.0005206232
0.0700000000 0.5741274998 -0.7571411925 1.8394252890 8.2962864326 0.5741274998 -0.4346955798 4.7631261874 0.0005219136
0.0720000000 0.5711249132 -0.7460420360 1.8259718413 8.2711635935 0.5711249132 -0.4260831931 4.7238675896 0.0005232253
0.0740000000 0.5681348657 -0.7349427449 1.8126026625 8.2461812510 0.5681348657 -0.4175465977 4.6849430776 0.0005245598
0.0760000000 0.5651573368 -0.7238433889 1.7993173968 8.2213395654 0.5651573368 -0.4090854019 4.6463503737 0.0005259197
0.0780000000 0.5621923065 -0.7127440399 1.7861156908 8.1966386991 0.5621923065 -0.4006992157 4.6080872159 0.0005273078
0.0800000000 0.5592397553 -0.7016447729 1.7729971944 8.1720788175 0.5592397553 -0.3923876511 4.5701513583 0.0005287268
0.0820000000 0.5562996642 -0.6905456659 1.7599615607 8.1476600888 0.5562996642 -0.3841503221 4.5325405718 0.0005301800
0.0840000000 0.5533720150 -0.6794468004 1.7470084461 8.1233826850 0.5533720150 -0.3759868450 4.4952526447 0.0005316712
0.0860000000 0.5504567898 -0.6683482614 1.7341375110 8.0992467820 0.5504567898 -0.3678968384 4.4582853837 0.0005332050
0.0880000000 0.5475539720 -0.6572501381 1.7213484197 8.0752525595 0.5475539720 -0.3598799237 4.4216366141 0.0005347851
0.0900000000 0.5446635456 -0.6461525243 1.7086408410 8.0514002023 0.5446635456 -0.3519357249 4.3853041809 0.0005364155
0.0920000000 0.5417854954 -0.6350555184 1.6960144483 8.0276899007 0.5417854954 -0.3440638687 4.3492859499 0.0005381003
0.0940000000 0.5389198076 -0.6239592243 1.6834689202 8.0041218515 0.5389198076 -0.3362639851 4.3135798082 0.0005398449
0.0960000000 0.5360664692 -0.6128637517 1.6710039409 7.9806962586 0.5360664692 -0.3285357075 4.2781836653 0.0005416553
0.0980000000 0.5332254687 -0.6017692167 1.6586192003 7.9574133339 0.5332254687 -0.3208786726 4.2430954545 0.0005435378
0.1000000000 0.5303967957 -0.5906757425 1.6463143950 7.9342732983 0.5303967957 -0.3132925211 4.2083131339 0.0005454995
0.1020000000 0.5275804416 -0.5795834598 1.6340892285 7.9112763822 0.5275804416 -0.3057768977 4.1738346874 0.0005475489
0.1040000000 0.5247763993 -0.5684925081 1.6219434118 7.8884228268 0.5247763993 -0.2983314514 4.1396581270 0.0005496956
0.1060000000 0.5219846635 -0.5574030357 1.6098766642 7.8657128849 0.5219846635 -0.2909558361 4.1057814936 0.0005519494
0.1080000000 0.5192052312 -0.5463152016 1.5978887139 7.8431468221 0.5192052312 -0.2836497105 4.0722028591 0.0005543205
0.1100000000 0.5164381014 -0.5352291757 1.5859792989 7.8207249186 0.5164381014 -0.2764127393 4.0389203284 0.0005568201
0.1120000000 0.5136832756 -0.5241451404 1.5741481678 7.7984474711 0.5136832756 -0.2692445926 4.0059320418 0.0005594617
0.1140000000 0.5109407582 -0.5130632918 1.5623950809 7.7763147944 0.5109407582 -0.2621449473 3.9732361771 0.0005622608
0.1160000000 0.5082105563 -0.5019838412 1.5507198113 7.7543272236 0.5082105563 -0.2551134872 3.9408309523 0.0005652347
0.1180000000 0.5054926806 -0.4909070165 1.5391221459 7.7324851159 0.5054926806 -0.2481499037 3.9087146291 0.0005684028
0.1200000000 0.5027871454 -0.4798330643 1.5276018872 7.7107888536 0.5027871454 -0.2412538967 3.8768855162 0.0005717872
0.1220000000 0.5000939690 -0.4687622518 1.5161588546 7.6892388464 0.5000939690 -0.2344251750 3.8453419730 0.0005754135
0.1240000000 0.4974131744 -0.4576948691 1.5047928864 7.6678355345 0.4974131744 -0.2276634578 3.8140824143 0.0005793101
0.1260000000 0.4947447899 -0.4466312320 1.4935038416 7.6465793924 0.4947447899 -0.2209684751 3.7831053150 0.0005835082
0.1280000000 0.4920888492 -0.4355716850 1.4822916022 7.6254709326 0.4920888492 -0.2143399692 3.7524092162 0.0005880433
0.1300000000 0.4894453927 -0.4245166043 1.4711560760 7.6045107111 0.4894453927 -0.2077776961 3.7219927311 0.0005929570
0.1320000000 0.4868144675 -0.4134664025 1.4600971996 7.5836993327 0.4868144675 -0.2012814266 3.6918545526 0.0005982973
0.1340000000 0.4841961293 -0.4024215324 1.4491149414 7.5630374569 0.4841961293 -0.1948509483 3.6619934622 0.0006041196
0.1360000000 0.4815904423 -0.3913824922 1.4382093061 7.5425258049 0.4815904423 -0.1884860676 3.6324083388 0.0006104877
0.1380000000 0.4789974815 -0.3803498320 1.4273803388 7.5221651676 0.4789974815 -0.1821866116 3.6030981705 0.0006174753
0.1400000000 0.4764173330 -0.3693241598 1.4166281301 7.5019564149 0.4764173330 -0.1759524312 3.5740620672 0.0006251683
0.1420000000 0.4738500963 -0.3583061500 1.4059528226 7.4819005062 0.4738500963 -0.1697834037 3.5452992754 0.0006336674
0.1440000000 0.4712958860 -0.3472965526 1.3953546174 7.4619985023 0.4712958860 -0.1636794365 3.5168091956 0.0006430888
0.1460000000 0.4687548337 -0.3362962035 1.3848337826 7.4422515807 0.4687548337 -0.1576404710 3.4885914024 0.0006535682
0.1480000000 0.4662270907 -0.3253060376 1.3743906623 7.4226610523 0.4662270907 -0.1516664875 3.4606456677 0.0006652658
0.1500000000 0.4637128307 -0.3143271029 1.3640256883 7.4032283814 0.4637128307 -0.1457575107 3.4329719887 0.0006783718
0.1520000000 0.4612122532 -0.3033605786 1.3537393929 7.3839552099 0.4612122532 -0.1399136160 3.4055706200 0.0006931125
0.1540000000 0.4587255880 -0.2924077948 1.3435324244 7.3648433838 0.4587255880 -0.1341349376 3.3784421117 0.0007097573
0.1560000000 0.4562530994 -0.2814702575 1.3334055655 7.3458949863 0.4562530994 -0.1284216774 3.3515873552 0.0007286283
0.1580000000 0.4537950922 -0.2705496772 1.3233597552 7.3271123766 0.4537950922 -0.1227741157 3.3250076366 0.0007501131
0.1600000000 0.4513519187 -0.2596480034 1.3133961144 7.3084982361 0.4513519187 -0.1171926245 3.2987047015 0.0007746800
0.1620000000 0.4489239864 -0.2487674664 1.3035159779 7.2900556236 0.4489239864 -0.1116776827 3.2726808317 0.0008028971
0.1640000000 0.4465117684 -0.2379106272 1.2937209311 7.2717880422 0.4465117684 -0.1062298949 3.2469389381 0.0008354546
0.1660000000 0.4441158148 -0.2270804377 1.2840128561 7.2536995199 0.4441158148 -0.1008500136 3.2214826728 0.0008731982
0.1680000000 0.4417367675 -0.2162803145 1.2743939861 7.2357947077 0.4417367675 -0.0955389670 3.1963165643 0.0009171697
0.1700000000 0.4393753772 -0.2055142277 1.2648669728 7.2180789987 0.4393753772 -0.0902978913 3.1714461828 0.0009686589
0.1720000000 0.4370325254 -0.1947868105 1.2554349674 7.2005586726 0.4370325254 -0.0851281717 3.1468783411 0.0010292702
0.1740000000 0.4347092502 -0.1841034924 1.2461017208 7.1832410728 0.4347092502 -0.0800314912 3.1226213406 0.0011010084
0.1760000000 0.4324067784 -0.1734706644 1.2368717060 7.1661348234 0.4324067784 -0.0750098911 3.0986852728 0.0011863911
0.1780000000 0.4301265656 -0.1628958803 1.2277502685 7.1492500955 0.4301265656 -0.0700658456 3.0750823901 0.0012885961
0.1800000000 0.4278703441 -0.1523881071 1.2187438116 7.1325989352 0.4278703441 -0.0652023518 3.0518275606 0.0014116531
0.1820000000 0.4256401833 -0.1419580314 1.2098600236 7.1161956648 0.4256401833 -0.0604230425 3.0289388270 0.0015606904
0.1840000000 0.4234385629 -0.1316184370 1.2011081565 7.1000573756 0.4234385629 -0.0557323218 3.0064380918 0.0017422574
0.1860000000 0.4212684627 -0.1213846672 1.1924993664 7.0842045279 0.4212684627 -0.0511355321 2.9843519507 0.0019647438
0.1880000000 0.4191334706 -0.1112751843 1.1840471241 7.0686616759 0.4191334706 -0.0466391542 2.9627127004 0.0022389149
0.1900000000 0.4170379125 -0.1013122410 1.1757677056 7.0534583302 0.4170379125 -0.0422510455 2.9415595380 0.0025785871
0.1920000000 0.4149870037 -0.0915226674 1.1676807637 7.0386299611 0.4149870037 -0.0379807175 2.9209399576 0.0030014651
0.1940000000 0.4129870195 -0.0819387640 1.1598099728 7.0242191273 0.4129870195 -0.0338396459 2.9009113214 0.0035301472
0.1960000000 0.4110454784 -0.0725992652 1.1521837161 7.0102766747 0.4110454784 -0.0298415997 2.8815425293 0.0041932850
0.1980000000 0.4091713201 -0.0635502870 1.1448357508 6.9968628875 0.4091713201 -0.0260029548 2.8629156246 0.0050268303
0.2000000000 0.4073750468 -0.0548461000 1.1378057289 6.9840483746 0.4073750468 -0.0223429326 2.8451270336 0.0060752266
0.2020000000 0.4056687752 -0.0465494621 1.1311393752 6.9719143374 0.4056687752 -0.0188836633 2.8282879502 0.0073923021
0.2040000000 0.4040661229 -0.0387311148 1.1248880273 6.9605516974 0.4040661229 -0.0156499314 2.8125231380 0.0090415203
0.2060000000 0.4025818271 -0.0314679209 1.1191071544 6.9500584031 0.4025818271 -0.0126684131 2.7979672103 0.0110951860
0.2080000000 0.4012309851 -0.0248390699 1.1138534365 6.9405341809 0.4012309851 -0.0099662045 2.7847573668 0.0136323182
0.2100000000 0.4000278360 -0.0189199152 1.1091800956 6.9320721881 0.4000278360 -0.0075684928 2.7730218366 0.0167353503
0.2120000000 0.3989840890 -0.0137734649 1.1051305132 6.9247476383 0.3989840890 -0.0054953933 2.7628641283 0.0204867900
0.2140000000 0.3981069712 -0.0094403827 1.1017307891 6.9186045751 0.3981069712 -0.0037582822 2.7543447125 0.0249686027
0.2160000000 0.3973973687 -0.0059294123 1.0989826754 6.9136433479 0.3973973687 -0.0023563328 2.7474636742 0.0302694915
0.2180000000 0.3968485921 -0.0032109429 1.0968589103 6.9098123974 0.3968485921 -0.0012742582 2.7421493216 0.0365089056
0.2200000000 0.3964462803 -0.0012163514 1.0953029065 6.9070078237 0.3964462803 -0.0004822180 2.7382575596 0.0438936554
0.2220000000 0.3961696846 0.0001556202 1.0942337219 6.9050823831 0.3961696846 0.0000616520 2.7355843095 0.0528414197
0.2240000000 0.3959941271 0.0010265045 1.0935555146 6.9038624759 0.3959941271 0.0004064898 2.7338889951 0.0642631869
0.2260000000 0.3958940003 0.0015229830 1.0931690588 6.9031687886 0.3958940003 0.0006029398 2.7329231062 0.0803163539
0.2280000000 0.3958455043 0.0017630628 1.0929822496 6.9028350955 0.3958455043 0.0006979005 2.7324562392 0.1068416133
0.2300000000 0.3958284179 0.0018471205 1.0929168830 6.9027203692 0.3958284179 0.0007311428 2.7322928827 0.1663820937
0.2320000000 0.3958271151 0.0018527594 1.0929125467 6.9027157102 0.3958271151 0.0007333724 2.7322820462 0.2255734227
0.2340000000 0.3958343561 0.0018159445 1.0929412501 6.9027706551 0.3958343561 0.0007188132 2.7323537779 0.1199454009
0.2360000000 0.3958524446 0.0017252331 1.0930119007 6.9029012654 0.3958524446 0.0006829377 2.7325303409 0.0754644889
0.2380000000 0.3958841929 0.0015666611 1.0931353747 6.9031271557 0.3958841929 0.0006202164 2.7328389227 0.0505807433
0.2400000000 0.3959302573 0.0013369822 1.0933142147 6.9034529194 0.3959302573 0.0005293517 2.7332858906 0.0335037734
0.2420000000 0.3959886826 0.0010459256 1.0935408689 6.9038649552 0.3959886826 0.0004141747 2.7338523888 0.0185420008
0.2440000000 0.3960542953 0.0007192026 1.0937953403 6.9043272239 0.3960542953 0.0002848433 2.7344884531 0.0025175487
0.2460000000 0.3961186214 0.0003988929 1.0940448685 6.9047806777 0.3961186214 0.0001580089 2.7351122028 0.0169793438
0.2480000000 0.3961721577 0.0001321588 1.0942527076 6.9051590812 0.3961721577 0.0000523576 2.7356317725 0.0374997091
0.2500000000 0.3962099238 -0.0000563007 1.0943995926 6.9054276989 0.3962099238 -0.0000223069 2.7359989821 0.0554325285
0.2520000000 0.3962329354 -0.0001715465 1.0944894456 6.9055935932 0.3962329354 -0.0000679724 2.7362236199 0.0699098486
0.2540000000 0.3962452810 -0.0002338789 1.0945380734 6.9056852552 0.3962452810 -0.0000926734 2.7363451944 0.0815174608
0.2560000000 0.3962511426 -0.0002640564 1.0945616470 6.9057318373 0.3962511426 -0.0001046327 2.7364041312 0.0914223911
0.2580000000 0.3962535226 -0.0002769802 1.0945717766 6.9057542723 0.3962535226 -0.0001097544 2.7364294568 0.1015799981
0.2600000000 0.3962541955 -0.0002814578 1.0945753252 6.9057649348 0.3962541955 -0.0001115288 2.7364383287 0.1191971401
0.2620000000 0.3962540627 -0.0002819609 1.0945757774 6.9057701033 0.3962540627 -0.0001117282 2.7364394592 0.0892324280
0.2640000000 0.3962534128 -0.0002799221 1.0945742493 6.9057717874 0.3962534128 -0.0001109201 2.7364356388 0.0478424874
0.2660000000 0.3962522848 -0.0002755354 1.0945708922 6.9057702640 0.3962522848 -0.0001091815 2.7364272456 0.0339384799
0.2680000000 0.3962506927 -0.0002688705 1.0945657606 6.9057656334 0.3962506927 -0.0001065401 2.7364144159 0.0253107232
0.2700000000 0.3962486713 -0.0002601010 1.0945589897 6.9057581409 0.3962486713 -0.0001030647 2.7363974877 0.0183703359
0.2720000000 0.3962462927 -0.0002495852 1.0945508588 6.9057482918 0.3962462927 -0.0000988972 2.7363771592 0.0118724116
0.2740000000 0.3962436727 -0.0002378979 1.0945418156 6.9057368957 0.3962436727 -0.0000942655 2.7363545502 0.0052748305
0.2760000000 0.3962409667 -0.0002258116 1.0945324624 6.9057250409 0.3962409667 -0.0000894758 2.7363311662 0.0016400514
0.2780000000 0.3962383505 -0.0002141999 1.0945234798 6.9057139593 0.3962383505 -0.0000848742 2.7363087085 0.0082518655
0.2800000000 0.3962359689 -0.0002037822 1.0945154283 6.9057046659 0.3962359689 -0.0000807458 2.7362885791 0.0128211461
0.2820000000 0.3962338827 -0.0001948620 1.0945085445 6.9056975904 0.3962338827 -0.0000772109 2.7362713688 0.0139434846
0.2840000000 0.3962320628 -0.0001872959 1.0945027165 6.9056925353 0.3962320628 -0.0000742126 2.7362567983 0.0111437540
0.2860000000 0.3962304181 -0.0001806331 1.0944975932 6.9056888723 0.3962304181 -0.0000715723 2.7362439894 0.0053148033
0.2880000000 0.3962288335 -0.0001743035 1.0944927303 6.9056858067 0.3962288335 -0.0000690641 2.7362318317 0.0010769359
0.2900000000 0.3962272081 -0.0001678097 1.0944877402 6.9056826493 0.3962272081 -0.0000664908 2.7362193561 0.0047175184
0.2920000000 0.3962254978 -0.0001609350 1.0944824542 6.9056791037 0.3962254978 -0.0000637666 2.7362061406 0.0038082289
0.2940000000 0.3962237360 -0.0001538471 1.0944770029 6.9056754129 0.3962237360 -0.0000609579 2.7361925119 0.0006550723
0.2960000000 0.3962220131 -0.0001469973 1.0944717380 6.9056722221 0.3962220131 -0.0000582436 2.7361793494 0.0063716528
0.2980000000 0.3962204228 -0.0001408540 1.0944670246 6.9056701988 0.3962204228 -0.0000558092 2.7361675655 0.0102657349
0.3000000000 0.3962190032 -0.0001356088 1.0944630119 6.9056696197 0.3962190032 -0.0000537308 2.7361575333 0.0100353577
0.3020000000 0.3962177202 -0.0001310931 1.0944595686 6.9056702553 0.3962177202 -0.0000519414 2.7361489248 0.0055106535
0.3040000000 0.3962164918 -0.0001269034 1.0944563802 6.9056715459 0.3962164918 -0.0000502812 2.7361409536 0.0008380274
0.3060000000 0.3962152322 -0.0001226160 1.0944531167 6.9056729078 0.3962152322 -0.0000485823 2.7361327946 0.0048439111
0.3080000000 0.3962138999 -0.0001180278 1.0944496199 6.9056740650 0.3962138999 -0.0000467643 2.7361240524 0.0039481730
0.3100000000 0.3962125231 -0.0001132816 1.0944460010 6.9056752258 0.3962125231 -0.0000448836 2.7361150049 0.0006630756
0.3120000000 0.3962111778 -0.0001087576 1.0944425562 6.9056769370 0.3962111778 -0.0000430910 2.7361063929 0.0059716725
0.3140000000 0.3962099330 -0.0001048011 1.0944395548 6.9056796947 0.3962099330 -0.0000415232 2.7360988892 0.0084396508
0.3160000000 0.3962088006 -0.0001014741 1.0944370451 6.9056835950 0.3962088006 -0.0000402049 2.7360926148 0.0062425062
0.3180000000 0.3962077326 -0.0000985402 1.0944348429 6.9056883142 0.3962077326 -0.0000390424 2.7360871091 0.0006786017
0.3200000000 0.3962066543 -0.0000956331 1.0944326627 6.9056933511 0.3962066543 -0.0000378905 2.7360816586 0.0042837629
0.3220000000 0.3962055129 -0.0000924935 1.0944303027 6.9056983549 0.3962055129 -0.0000366464 2.7360757585 0.0049763322
0.3240000000 0.3962043126 -0.0000891458 1.0944277821 6.9057033702 0.3962043126 -0.0000353200 2.7360694568 0.0016216466
0.3260000000 0.3962031064 -0.0000858570 1.0944253086 6.9057087859 0.3962031064 -0.0000340168 2.7360632731 0.0029857918
0.3280000000 0.3962019533 -0.0000829242 1.0944231142 6.9057150374 0.3962019533 -0.0000328547 2.7360577869 0.0054928669
0.3300000000 0.3962008716 -0.0000804423 1.0944212726 6.9057222718 0.3962008716 -0.0000318713 2.7360531829 0.0040018907
0.3320000000 0.3961998284 -0.0000782524 1.0944196603 6.9057302797 0.3961998284 -0.0000310036 2.7360491519 0.0003222224
0.3340000000 0.3961987674 -0.0000760800 1.0944180632 6.9057386958 0.3961987674 -0.0000301428 2.7360451591 0.0039914517
0.3360000000 0.3961976506 -0.0000737420 1.0944163388 6.9057472812 0.3961976506 -0.0000292164 2.7360408482 0.0042065096
0.3380000000 0.3961964850 -0.0000712775 1.0944145178 6.9057561069 0.3961964850 -0.0000282399 2.7360362955 0.0015421611
0.3400000000 0.3961953099 -0.0000688877 1.0944127568 6.9057654754 0.3961953099 -0.0000272930 2.7360318928 0.0014611494
0.3420000000 0.3961941611 -0.0000667558 1.0944111987 6.9057756689 0.3961941611 -0.0000264483 2.7360279976 0.0023452514
0.3440000000 0.3961930401 -0.0000648966 1.0944098551 6.9057867293 0.3961930401 -0.0000257116 2.7360246385 0.0004849424
0.3460000000 0.3961919165 -0.0000631658 1.0944086136 6.9057984801 0.3961919165 -0.0000250258 2.7360215348 0.0023570894
0.3480000000 0.3961907551 -0.0000613973 1.0944073449 6.9058107170 0.3961907551 -0.0000243250 2.7360183629 0.0036665027
0.3500000000 0.3961895451 -0.0000595438 1.0944060121 6.9058233992 0.3961895451 -0.0000235906 2.7360150310 0.0027757558
0.3520000000 0.3961883026 -0.0000576938 1.0944046844 6.9058366784 0.3961883026 -0.0000228576 2.7360117116 0.0010684803
0.3540000000 0.3961870501 -0.0000559675 1.0944034552 6.9058507549 0.3961870501 -0.0000221736 2.7360086387 0.0002834440
0.3560000000 0.3961857932 -0.0000544031 1.0944023545 6.9058657176 0.3961857932 -0.0000215537 2.7360058868 0.0010751580
0.3580000000 0.3961845166 -0.0000529355 1.0944013314 6.9058815135 0.3961845166 -0.0000209722 2.7360033290 0.0025211569
0.3600000000 0.3961832001 -0.0000514753 1.0944003164 6.9058980561 0.3961832001 -0.0000203936 2.7360007914 0.0032577108
0.3620000000 0.3961818358 -0.0000499950 1.0943992880 6.9059153478 0.3961818358 -0.0000198071 2.7359982204 0.0029546508
0.3640000000 0.3961804295 -0.0000485362 1.0943982784 6.9059334902 0.3961804295 -0.0000192291 2.7359956966 0.0023564364
0.3660000000 0.3961789888 -0.0000471498 1.0943973275 6.9059526034 0.3961789888 -0.0000186798 2.7359933191 0.0022454488
0.3680000000 0.3961775122 -0.0000458442 1.0943964416 6.9059727517 0.3961775122 -0.0000181624 2.7359911043 0.0027189096
0.3700000000 0.3961759903 -0.0000445877 1.0943955961 6.9059939463 0.3961759903 -0.0000176646 2.7359889907 0.0032862471
0.3720000000 0.3961744134 -0.0000433498 1.0943947673 6.9060162043 0.3961744134 -0.0000171741 2.7359869185 0.0035271389
0.3740000000 0.3961727773 -0.0000421284 1.0943939533 6.9060395875 0.3961727773 -0.0000166901 2.7359848837 0.0034921167
0.3760000000 0.3961710815 -0.0000409406 1.0943931677 6.9060641910 0.3961710815 -0.0000162195 2.7359829196 0.0034795562
0.3780000000 0.3961693239 -0.0000397978 1.0943924193 6.9060901074 0.3961693239 -0.0000157667 2.7359810485 0.0036561414
0.3800000000 0.3961674987 -0.0000386951 1.0943917043 6.9061174133 0.3961674987 -0.0000153298 2.7359792610 0.0039394869
0.3820000000 0.3961655983 -0.0000376209 1.0943910136 6.9061461814 0.3961655983 -0.0000149041 2.7359775342 0.0041781249
0.3840000000 0.3961636162 -0.0000365693 1.0943903426 6.9061765004 0.3961636162 -0.0000144874 2.7359758567 0.0043310195
0.3860000000 0.3961615467 -0.0000355423 1.0943896929 6.9062084792 0.3961615467 -0.0000140805 2.7359742326 0.0044631451
0.3880000000 0.3961593837 -0.0000345437 1.0943890675 6.9062422395 0.3961593837 -0.0000136848 2.7359726690 0.0046348387
0.3900000000 0.3961571199 -0.0000335730 1.0943884660 6.9062779088 0.3961571199 -0.0000133002 2.7359711653 0.0048438322
0.3920000000 0.3961547465 -0.0000326271 1.0943878859 6.9063156227 0.3961547465 -0.0000129254 2.7359697150 0.0050572978
0.3940000000 0.3961522544 -0.0000317030 1.0943873251 6.9063555310 0.3961522544 -0.0000125592 2.7359683130 0.0052565775
0.3960000000 0.3961496335 -0.0000308002 1.0943867831 6.9063978015 0.3961496335 -0.0000122015 2.7359669579 0.0054498851
0.3980000000 0.3961468734 -0.0000299189 1.0943862601 6.9064426200 0.3961468734 -0.0000118523 2.7359656504 0.0056527080
0.4000000000 0.3961439623 -0.0000290587 1.0943857558 6.9064901905 0.3961439623 -0.0000115114 2.7359643898 0.0058705778
0.4020000000 0.3961408869 -0.0000282183 1.0943852695 6.9065407386 0.3961408869 -0.0000111784 2.7359631739 0.0060983299
0.4040000000 0.3961376326 -0.0000273965 1.0943848001 6.9065945155 0.3961376326 -0.0000108528 2.7359620005 0.0063323697
0.4060000000 0.3961341829 -0.0000265925 1.0943843471 6.9066518019 0.3961341829 -0.0000105342 2.7359608678 0.0065739297
0.4080000000 0.3961305196 -0.0000258055 1.0943839099 6.9067129125 0.3961305196 -0.0000102223 2.7359597748 0.0068267308
0.4100000000 0.3961266224 -0.0000250349 1.0943834881 6.9067782011 0.3961266224 -0.0000099170 2.7359587203 0.0070930499
0.4120000000 0.3961224681 -0.0000242801 1.0943830811 6.9068480665 0.3961224681 -0.0000096179 2.7359577029 0.0073729987
0.4140000000 0.3961180307 -0.0000235402 1.0943826885 6.9069229602 0.3961180307 -0.0000093247 2.7359567212 0.0076669311
0.4160000000 0.3961132806 -0.0000228145 1.0943823096 6.9070033950 0.3961132806 -0.0000090371 2.7359557742 0.0079772807
0.4180000000 0.3961081842 -0.0000221027 1.0943819443 6.9070899566 0.3961081842 -0.0000087551 2.7359548607 0.0083080825
0.4200000000 0.3961027027 -0.0000214041 1.0943815920 6.9071833178 0.3961027027 -0.0000084782 2.7359539802 0.0086630327
0.4220000000 0.3960967914 -0.0000207183 1.0943812526 6.9072842568 0.3960967914 -0.0000082064 2.7359531316 0.0090448474
0.4240000000 0.3960903985 -0.0000200446 1.0943809256 6.9073936777 0.3960903985 -0.0000079395 2.7359523142 0.0094555473
0.4260000000 0.3960834632 -0.0000193827 1.0943806108 6.9075126367 0.3960834632 -0.0000076772 2.7359515271 0.0098972033
0.4280000000 0.3960759145 -0.0000187320 1.0943803079 6.9076423732 0.3960759145 -0.0000074193 2.7359507698 0.0103732379
0.4300000000 0.3960676684 -0.0000180920 1.0943800165 6.9077843503 0.3960676684 -0.0000071656 2.7359500413 0.0108899945
0.4320000000 0.3960586250 -0.0000174622 1.0943797363 6.9079403100 0.3960586250 -0.0000069161 2.7359493409 0.0114580150
0.4340000000 0.3960486641 -0.0000168422 1.0943794671 6.9081123498 0.3960486641 -0.0000066703 2.7359486678 0.0120929520
0.4360000000 0.3960376389 -0.0000162316 1.0943792085 6.9083030312 0.3960376389 -0.0000064283 2.7359480213 0.0128158390
0.4380000000 0.3960253671 -0.0000156299 1.0943789603 6.9085155346 0.3960253671 -0.0000061898 2.7359474008 0.0136513591
0.4400000000 0.3960116185 -0.0000150368 1.0943787222 6.9087538784 0.3960116185 -0.0000059547 2.7359468055 0.0146224496
0.4420000000 0.3959960979 -0.0000144518 1.0943784940 6.9090232190 0.3959960979 -0.0000057229 2.7359462349 0.0157411966
0.4440000000 0.3959784219 -0.0000138746 1.0943782754 6.9093302487 0.3959784219 -0.0000054940 2.7359456885 0.0169988704
0.4460000000 0.3959580911 -0.0000133048 1.0943780663 6.9096836950 0.3959580911 -0.0000052682 2.7359451658 0.0183599135
0.4480000000 0.3959344546 -0.0000127421 1.0943778665 6.9100949267 0.3959344546 -0.0000050450 2.7359446662 0.0197635305
0.4500000000 0.3959066704 -0.0000121860 1.0943776758 6.9105786645 0.3959066704 -0.0000048245 2.7359441896 0.0211325672
0.4520000000 0.3958736583 -0.0000116362 1.0943774941 6.9111537930 0.3958736583 -0.0000046065 2.7359437354 0.0223857092
0.4540000000 0.3958340496 -0.0000110925 1.0943773213 6.9118442590 0.3958340496 -0.0000043908 2.7359433033 0.0234482477
0.4560000000 0.3957861334 -0.0000105545 1.0943771571 6.9126800113 0.3957861334 -0.0000041773 2.7359428929 0.0242584377
0.4580000000 0.3957278068 -0.0000100220 1.0943770015 6.9136978921 0.3957278068 -0.0000039660 2.7359425038 0.0247688119
0.4600000000 0.3956565382 -0.0000094945 1.0943768542 6.9149423089 0.3956565382 -0.0000037566 2.7359421356 0.0249432998
0.4620000000 0.3955693591 -0.0000089720 1.0943767152 6.9164654065 0.3955693591 -0.0000035490 2.7359417879 0.0247512772
0.4640000000 0.3954629114 -0.0000084540 1.0943765842 6.9183262993 0.3954629114 -0.0000033433 2.7359414605 0.0241589103
0.4660000000 0.3953335871 -0.0000079404 1.0943764612 6.9205886934 0.3953335871 -0.0000031391 2.7359411531 0.0231160197
0.4680000000 0.3951778185 -0.0000074308 1.0943763461 6.9233158786 0.3951778185 -0.0000029365 2.7359408654 0.0215309961
0.4700000000 0.3949926143 -0.0000069250 1.0943762388 6.9265614043 0.3949926143 -0.0000027353 2.7359405971 0.0192064660
0.4720000000 0.3947765337 -0.0000064227 1.0943761393 6.9303520222 0.3947765337 -0.0000025355 2.7359403483 0.0156103885
0.4740000000 0.3945316648 -0.0000059237 1.0943760474 6.9346528112 0.3945316648 -0.0000023371 2.7359401186 0.0082318054
0.4760000000 0.3942702631 -0.0000054277 1.0943759632 6.9392499608 0.3942702631 -0.0000021400 2.7359399079 0.0169574637
0.4780000000 0.3940423031 -0.0000049340 1.0943758863 6.9432639435 0.3940423031 -0.0000019442 2.7359397157 0.0301567676
0.4800000000 0.3938636143 -0.0000044425 1.0943758167 6.9464135355 0.3938636143 -0.0000017497 2.7359395419 0.0437520502
0.4820000000 0.3937383566 -0.0000039529 1.0943757545 6.9486229640 0.3937383566 -0.0000015564 2.7359393863 0.0608522825
0.4840000000 0.3936623713 -0.0000034651 1.0943756994 6.9499638476 0.3936623713 -0.0000013641 2.7359392486 0.0869356623
0.4860000000 0.3936258800 -0.0000029784 1.0943756515 6.9506078438 0.3936258800 -0.0000011724 2.7359391287 0.1387152447
0.4880000000 0.3936158056 -0.0000024917 1.0943756110 6.9507854823 0.3936158056 -0.0000009808 2.7359390275 0.2351593715
0.4900000000 0.3936216698 -0.0000020060 1.0943755769 6.9506817142 0.3936216698 -0.0000007896 2.7359389424 0.1616146900
0.4920000000 0.3936507862 -0.0000015227 1.0943755504 6.9501674375 0.3936507862 -0.0000005994 2.7359388760 0.0974339654
0.4940000000 0.3937177289 -0.0000010410 1.0943755312 6.9489855982 0.3937177289 -0.0000004099 2.7359388281 0.0682716799
0.4960000000 0.3938353520 -0.0000005601 1.0943755191 6.9469101337 0.3938353520 -0.0000002206 2.7359387979 0.0504348601
0.4980000000 0.3940126933 -0.0000000798 1.0943755141 6.9437833654 0.3940126933 -0.0000000314 2.7359387854 0.0370372295
0.5000000000 0.3942519135 0.0000004004 1.0943755163 6.9395700996 0.3942519135 0.0000001578 2.7359387907 0.0246439962
0.5020000000 0.3945436026 0.0000008803 1.0943755254 6.9344396807 0.3945436026 0.0000003473 2.7359388135 0.0063519213
0.5040000000 0.3948507856 0.0000013606 1.0943755416 6.9290449802 0.3948507856 0.0000005372 2.7359388541 0.0169124632
0.5060000000 0.3951190416 0.0000018419 1.0943755648 6.9243408288 0.3951190416 0.0000007278 2.7359389121 0.0242881680
0.5080000000 0.3953397510 0.0000023240 1.0943755952 6.9204753158 0.3953397510 0.0000009188 2.7359389880 0.0300135371
0.5100000000 0.3955130852 0.0000028074 1.0943756326 6.9174426429 0.3955130852 0.0000011103 2.7359390816 0.0350790858
0.5120000000 0.3956436812 0.0000032921 1.0943756772 6.9151595814 0.3956436812 0.0000013025 2.7359391931 0.0398746421
0.5140000000 0.3957382492 0.0000037786 1.0943757290 6.9135074201 0.3957382492 0.0000014953 2.7359393225 0.0446333635
0.5160000000 0.3958040487 0.0000042671 1.0943757880 6.9123584736 0.3958040487 0.0000016889 2.7359394700 0.0495344549
0.5180000000 0.3958479511 0.0000047577 1.0943758544 6.9115922626 0.3958479511 0.0000018833 2.7359396359 0.0547380474
0.5200000000 0.3958759294 0.0000052508 1.0943759281 6.9111042562 0.3958759294 0.0000020787 2.7359398203 0.0603967411
0.5220000000 0.3958928488 0.0000057465 1.0943760094 6.9108094066 0.3958928488 0.0000022750 2.7359400235 0.0666416483
0.5240000000 0.3959024562 0.0000062451 1.0943760983 6.9106422620 0.3959024562 0.0000024725 2.7359402456 0.0734975364
0.5260000000 0.3959074880 0.0000067470 1.0943761948 6.9105550417 0.3959074880 0.0000026712 2.7359404870 0.0805731565
0.5280000000 0.3959098373 0.0000072522 1.0943762991 6.9105146928 0.3959098373 0.0000028712 2.7359407476 0.0857749081
0.5300000000 0.3959107427 0.0000077615 1.0943764114 6.9104995989 0.3959107427 0.0000030729 2.7359410286 0.0798332034
0.5320000000 0.3959109765 0.0000082733 1.0943765307 6.9104962718 0.3959109765 0.0000032755 2.7359413269 0.0137652382
0.5340000000 0.3959112842 0.0000087896 1.0943766590 6.9104917093 0.3959112842 0.0000034799 2.7359416474 0.0669315425
0.5360000000 0.3959121684 0.0000093113 1.0943767951 6.9104771362 0.3959121684 0.0000036864 2.7359419877 0.0697291296
0.5380000000 0.3959141074 0.0000098376 1.0943769395 6.9104442033 0.3959141074 0.0000038948 2.7359423488 0.0628557761
0.5400000000 0.3959176707 0.0000103689 1.0943770922 6.9103829734 0.3959176707 0.0000041052 2.7359427305 0.0537683799
0.5420000000 0.3959234495 0.0000109053 1.0943772533 6.9102831282 0.3959234495 0.0000043177 2.7359431332 0.0444370101
0.5440000000 0.3959319354 0.0000114471 1.0943774229 6.9101360940 0.3959319354 0.0000045323 2.7359435572 0.0351894321
0.5460000000 0.3959433619 0.0000119946 1.0943776012 6.9099378007 0.3959433619 0.0000047492 2.7359440030 0.0258080856
0.5480000000 0.3959575358 0.0000125482 1.0943777884 6.9096916302 0.3959575358 0.0000049686 2.7359444711 0.0156708971
0.5500000000 0.3959736802 0.0000131079 1.0943779845 6.9094111503 0.3959736802 0.0000051904 2.7359449614 0.0031024743
0.5520000000 0.3959894277 0.0000136745 1.0943781899 6.9091376772 0.3959894277 0.0000054150 2.7359454747 0.0088548691
0.5540000000 0.3960040657 0.0000142484 1.0943784045 6.9088836410 0.3960040657 0.0000056424 2.7359460114 0.0103631834
0.5560000000 0.3960174992 0.0000148298 1.0943786288 6.9086506971 0.3960174992 0.0000058729 2.7359465720 0.0108517708
0.5580000000 0.3960297733 0.0000154194 1.0943788628 6.9084380553 0.3960297733 0.0000061065 2.7359471570 0.0109026416
0.5600000000 0.3960409794 0.0000160174 1.0943791068 6.9082441189 0.3960409794 0.0000063435 2.7359477671 0.0107461046
0.5620000000 0.3960512202 0.0000166243 1.0943793612 6.9080670964 0.3960512202 0.0000065841 2.7359484031 0.0104914064
0.5640000000 0.3960605954 0.0000172404 1.0943796262 6.9079052478 0.3960605954 0.0000068283 2.7359490655 0.0101920527
0.5660000000 0.3960691965 0.0000178662 1.0943799019 6.9077569758 0.3960691965 0.0000070762 2.7359497549 0.0098738385
0.5680000000 0.3960771055 0.0000185018 1.0943801887 6.9076208485 0.3960771055 0.0000073281 2.7359504719 0.0095497027
0.5700000000 0.3960843954 0.0000191479 1.0943804869 6.9074955964 0.3960843954 0.0000075842 2.7359512172 0.0092267830
0.5720000000 0.3960911304 0.0000198048 1.0943807967 6.9073800993 0.3960911304 0.0000078445 2.7359519918 0.0089091992
0.5740000000 0.3960973671 0.0000204732 1.0943811185 6.9072733707 0.3960973671 0.0000081094 2.7359527963 0.0085992976
0.5760000000 0.3961031555 0.0000211536 1.0943814527 6.9071745416 0.3961031555 0.0000083790 2.7359536317 0.0082988810
0.5780000000 0.3961085396 0.0000218466 1.0943817995 6.9070828464 0.3961085396 0.0000086536 2.7359544989 0.0080098876
0.5800000000 0.3961135580 0.0000225526 1.0943821593 6.9069976105 0.3961135580 0.0000089334 2.7359553984 0.0077335341
0.5820000000 0.3961182450 0.0000232721 1.0943825324 6.9069182392 0.3961182450 0.0000092185 2.7359563311 0.0074686292
0.5840000000 0.3961226308 0.0000240057 1.0943829191 6.9068442069 0.3961226308 0.0000095092 2.7359572979 0.0072114707
0.5860000000 0.3961267425 0.0000247539 1.0943833199 6.9067750460 0.3961267425 0.0000098057 2.7359582999 0.0069588218
0.5880000000 0.3961306041 0.0000255176 1.0943837354 6.9067103375 0.3961306041 0.0000101083 2.7359593385 0.0067111119
0.5900000000 0.3961342375 0.0000262972 1.0943841659 6.9066497054 0.3961342375 0.0000104172 2.7359604149 0.0064713710
0.5920000000 0.3961376621 0.0000270937 1.0943846121 6.9065928134 0.3961376621 0.0000107328 2.7359615304 0.0062419996
0.5940000000 0.3961408953 0.0000279078 1.0943850746 6.9065393623 0.3961408953 0.0000110554 2.7359626867 0.0060234129
0.5960000000 0.3961439527 0.0000287405 1.0943855542 6.9064890856 0.3961439527 0.0000113854 2.7359638856 0.0058146301
0.5980000000 0.3961468482 0.0000295928 1.0943860514 6.9064417431 0.3961468482 0.0000117231 2.7359651286 0.0056114583
0.6000000000 0.3961495944 0.0000304649 1.0943865663 6.9063971153 0.3961495944 0.0000120686 2.7359664160 0.0054075139
0.6020000000 0.3961522030 0.0000313572 1.0943870994 6.9063550012 0.3961522030 0.0000124222 2.7359677486 0.0052000383
0.6040000000 0.3961546848 0.0000322710 1.0943876514 6.9063152197 0.3961546848 0.0000127843 2.7359691287 0.0049976135
0.6060000000 0.3961570494 0.0000332082 1.0943882238 6.9062776082 0.3961570494 0.0000131557 2.7359705597 0.0048175363
0.6080000000 0.3961593057 0.0000341696 1.0943888172 6.9062420199 0.3961593057 0.0000135366 2.7359720433 0.0046569462
0.6100000000 0.3961614610 0.0000351546 1.0943894311 6.9062083201 0.3961614610 0.0000139269 2.7359735780 0.0044839953
0.6120000000 0.3961635226 0.0000361634 1.0943900656 6.9061763856 0.3961635226 0.0000143266 2.7359751643 0.0042742910
0.6140000000 0.3961654977 0.0000371993 1.0943907234 6.9061461053 0.3961654977 0.0000147371 2.7359768087 0.0040583255
0.6160000000 0.3961673935 0.0000382672 1.0943914081 6.9061173780 0.3961673935 0.0000151602 2.7359785206 0.0038982868
0.6180000000 0.3961692157 0.0000393677 1.0943921202 6.9060901059 0.3961692157 0.0000155963 2.7359803009 0.0038006429
0.6200000000 0.3961709686 0.0000404959 1.0943928561 6.9060641937 0.3961709686 0.0000160433 2.7359821405 0.0036721164
0.6220000000 0.3961726559 0.0000416493 1.0943936135 6.9060395590 0.3961726559 0.0000165003 2.7359840340 0.0034268873
0.6240000000 0.3961742835 0.0000428353 1.0943943982 6.9060161400 0.3961742835 0.0000169702 2.7359859958 0.0031406906
0.6260000000 0.3961758577 0.0000440668 1.0943952203 6.9059938862 0.3961758577 0.0000174582 2.7359880511 0.0030033650
0.6280000000 0.3961773830 0.0000453467 1.0943960818 6.9059727350 0.3961773830 0.0000179653 2.7359902050 0.0030621294
0.6300000000 0.3961788600 0.0000466604 1.0943969716 6.9059526028 0.3961788600 0.0000184858 2.7359924294 0.0030697105
0.6320000000 0.3961802891 0.0000479932 1.0943978780 6.9059334120 0.3961802891 0.0000190140 2.7359946955 0.0027281563
0.6340000000 0.3961816751 0.0000493552 1.0943988089 6.9059151260 0.3961816751 0.0000195536 2.7359970228 0.0021361933
0.6360000000 0.3961830275 0.0000507802 1.0943997906 6.9058977466 0.3961830275 0.0000201182 2.7359994771 0.0018225458
0.6380000000 0.3961843532 0.0000522900 1.0944008402 6.9058812618 0.3961843532 0.0000207165 2.7360021011 0.0021321741
0.6400000000 0.3961856501 0.0000538628 1.0944019405 6.9058655997 0.3961856501 0.0000213397 2.7360048519 0.0026768179
0.6420000000 0.3961869106 0.0000554500 1.0944030538 6.9058506533 0.3961869106 0.0000219686 2.7360076352 0.0026043700
0.6440000000 0.3961881335 0.0000570351 1.0944041672 6.9058363620 0.3961881335 0.0000225966 2.7360104186 0.0015641686
0.6460000000 0.3961893311 0.0000586689 1.0944053202 6.9058227622 0.3961893311 0.0000232440 2.7360133011 0.0003727727
0.6480000000 0.3961905210 0.0000604294 1.0944065735 6.9058099303 0.3961905210 0.0000239416 2.7360164345 0.0002799084
0.6500000000 0.3961917090 0.0000623368 1.0944079429 6.9057978647 0.3961917090 0.0000246973 2.7360198581 0.0014726203
0.6520000000 0.3961928822 0.0000643199 1.0944093729 6.9057864389 0.3961928822 0.0000254831 2.7360234330 0.0027520374
0.6540000000 0.3961940220 0.0000662799 1.0944107863 6.9057754903 0.3961940220 0.0000262597 2.7360269666 0.0025510447
0.6560000000 0.3961951258 0.0000681973 1.0944121680 6.9057649693 0.3961951258 0.0000270194 2.7360304210 0.0005237172
0.6580000000 0.3961962156 0.0000701741 1.0944135975 6.9057549953 0.3961962156 0.0000278027 2.7360339948 0.0016660856
0.6600000000 0.3961973215 0.0000723534 1.0944151861 6.9057457429 0.3961973215 0.0000286662 2.7360379663 0.0019695036
0.6620000000 0.3961984553 0.0000747873 1.0944169745 6.9057372657 0.3961984553 0.0000296306 2.7360424373 0.0000040170
0.6640000000 0.3961995975 0.0000773740 1.0944188833 6.9057294009 0.3961995975 0.0000306556 2.7360472094 0.0025323594
0.6660000000 0.3962007140 0.0000799383 1.0944207760 6.9057218836 0.3962007140 0.0000316716 2.7360519412 0.0032382863
0.6680000000 0.3962017880 0.0000823935 1.0944225850 6.9057145785 0.3962017880 0.0000326445 2.7360564637 0.0009193436
0.6700000000 0.3962028405 0.0000848393 1.0944243880 6.9057076121 0.3962028405 0.0000336136 2.7360609715 0.0028204725
0.6720000000 0.3962039173 0.0000874987 1.0944263587 6.9057012792 0.3962039173 0.0000346673 2.7360658984 0.0048936982
0.6740000000 0.3962050543 0.0000905457 1.0944286327 6.9056958104 0.3962050543 0.0000358747 2.7360715834 0.0035698277
0.6760000000 0.3962062476 0.0000939572 1.0944311919 6.9056911604 0.3962062476 0.0000372264 2.7360779814 0.0001539449
0.6780000000 0.3962074526 0.0000975081 1.0944338609 6.9056869978 0.3962074526 0.0000386334 2.7360846541 0.0033455870
0.6800000000 0.3962086206 0.0001009517 1.0944364474 6.9056829618 0.3962086206 0.0000399979 2.7360911206 0.0032345114
0.6820000000 0.3962097405 0.0001042311 1.0944389071 6.9056789637 0.3962097405 0.0000412974 2.7360972700 0.0007965908
0.6840000000 0.3962108543 0.0001075517 1.0944414000 6.9056752808 0.3962108543 0.0000426131 2.7361035024 0.0059034728
0.6860000000 0.3962120304 0.0001112500 1.0944441883 6.9056723751 0.3962120304 0.0000440786 2.7361104733 0.0083714258
0.6880000000 0.3962133195 0.0001155747 1.0944474657 6.9056705881 0.3962133195 0.0000457922 2.7361186669 0.0064915993
0.6900000000 0.3962147172 0.0001205024 1.0944512140 6.9056698789 0.3962147172 0.0000477448 2.7361280379 0.0015516837
0.6920000000 0.3962161600 0.0001257153 1.0944551855 6.9056697909 0.3962161600 0.0000498105 2.7361379669 0.0030625669
0.6940000000 0.3962175705 0.0001308251 1.0944590777 6.9056697663 0.3962175705 0.0000518352 2.7361476977 0.0040690910
0.6960000000 0.3962189168 0.0001356711 1.0944627654 6.9056695718 0.3962189168 0.0000537555 2.7361569173 0.0000111010
0.6980000000 0.3962202417 0.0001404647 1.0944664133 6.9056694963 0.3962202417 0.0000556549 2.7361660372 0.0067820005
0.7000000000 0.3962216417 0.0001456807 1.0944703913 6.9056701976 0.3962216417 0.0000577219 2.7361759825 0.0118816567
0.7020000000 0.3962232154 0.0001518083 1.0944750806 6.9056723572 0.3962232154 0.0000601500 2.7361877060 0.0123334156
0.7040000000 0.3962250115 0.0001590869 1.0944806677 6.9056763068 0.3962250115 0.0000630342 2.7362016742 0.0079892325
0.7060000000 0.3962269886 0.0001673097 1.0944869913 6.9056817498 0.3962269886 0.0000662926 2.7362174839 0.0013525854
0.7080000000 0.3962290277 0.0001758840 1.0944935899 6.9056878459 0.3962290277 0.0000696904 2.7362339809 0.0037357715
0.7100000000 0.3962310116 0.0001842254 1.0945000079 6.9056937643 0.3962310116 0.0000729958 2.7362500263 0.0040707039
0.7120000000 0.3962329064 0.0001921636 1.0945061125 6.9056992600 0.3962329064 0.0000761415 2.7362652885 0.0015732990
0.7140000000 0.3962347938 0.0002001024 1.0945122185 6.9057048933 0.3962347938 0.0000792875 2.7362805542 0.0103415672
0.7160000000 0.3962368389 0.0002088598 1.0945189632 6.9057118066 0.3962368389 0.0000827579 2.7362974166 0.0176368180
0.7180000000 0.3962392340 0.0002193886 1.0945270890 6.9057213353 0.3962392340 0.0000869304 2.7363177321 0.0201804265
0.7200000000 0.3962421343 0.0002324585 1.0945371959 6.9057345586 0.3962421343 0.0000921099 2.7363430004 0.0170970216
0.7220000000 0.3962455757 0.0002482473 1.0945494222 6.9057517242 0.3962455757 0.0000983669 2.7363735676 0.0096792538
0.7240000000 0.3962494122 0.0002660292 1.0945632026 6.9057718098 0.3962494122 0.0001054139 2.7364080206 0.0009770569
0.7260000000 0.3962533611 0.0002843997 1.0945774426 6.9057928372 0.3962533611 0.0001126944 2.7364436226 0.0052391861
0.7280000000 0.3962571694 0.0003021023 1.0945911631 6.9058130357 0.3962571694 0.0001197102 2.7364779258 0.0058113477
0.7300000000 0.3962607623 0.0003187650 1.0946040742 6.9058318805 0.3962607623 0.0001263141 2.7365102056 0.0013710519
0.7320000000 0.3962643136 0.0003352485 1.0946168465 6.9058505770 0.3962643136 0.0001328470 2.7365421385 0.0137665258
0.7340000000 0.3962682097 0.0003534703 1.0946309743 6.9058718152 0.3962682097 0.0001400690 2.7365774605 0.0261464964
0.7360000000 0.3962730010 0.0003761610 1.0946485855 6.9058994303 0.3962730010 0.0001490624 2.7366214919 0.0342923608
0.7380000000 0.3962793829 0.0004067711 1.0946723693 6.9059382703 0.3962793829 0.0001611950 2.7366809561 0.0364505145
0.7400000000 0.3962881163 0.0004490760 1.0947052683 6.9059936404 0.3962881163 0.0001779635 2.7367632106 0.0327880512
0.7420000000 0.3962997864 0.0005059794 1.0947495460 6.9060696214 0.3962997864 0.0002005195 2.7368739158 0.0244841744
0.7440000000 0.3963144164 0.0005775942 1.0948052919 6.9061663728 0.3963144164 0.0002289089 2.7370132958 0.0134623519
0.7460000000 0.3963311983 0.0006599087 1.0948693805 6.9062782575 0.3963311983 0.0002615424 2.7371735374 0.0024829397
0.7480000000 0.3963487290 0.0007459599 1.0949363855 6.9063954882 0.3963487290 0.0002956603 2.7373410741 0.0054877168
0.7500000000 0.3963657337 0.0008294195 1.0950013747 6.9065091670 0.3963657337 0.0003287535 2.7375035731 0.0086587244
0.7520000000 0.3963816061 0.0009072806 1.0950620035 6.9066150645 0.3963816061 0.0003596293 2.7376551720 0.0050488070
0.7540000000 0.3963966122 0.0009808628 1.0951193002 6.9067150341 0.3963966122 0.0003888107 2.7377984411 0.0051980600
0.7560000000 0.3964118579 0.0010556520 1.0951775411 6.9068167836 0.3964118579 0.0004184730 2.7379440736 0.0181416247
0.7580000000 0.3964290465 0.0011400978 1.0952433141 6.9069321906 0.3964290465 0.0004519679 2.7381085428 0.0300851851
0.7600000000 0.3964505216 0.0012458250 1.0953256842 6.9070776017 0.3964505216 0.0004939080 2.7383145181 0.0390046876
0.7620000000 0.3964796013 0.0013892897 1.0954374867 6.9072761642 0.3964796013 0.0005508250 2.7385940993 0.0444326340
0.7640000000 0.3965210577 0.0015941565 1.0955971843 6.9075611778 0.3965210577 0.0006321166 2.7389934647 0.0468213768
0.7660000000 0.3965816470 0.0018939158 1.0958309179 6.9079797985 0.3965816470 0.0007510922 2.7395780060 0.0469135297
0.7680000000 0.3966705803 0.0023342086 1.0961743378 6.9085963542 0.3966705803 0.0009259119 2.7404369251 0.0454010162
0.7700000000 0.3967997936 0.0029741312 1.0966736578 6.9094942681 0.3967997936 0.0011801346 2.7416858993 0.0428231874
0.7720000000 0.3969838475 0.0038856863 1.0973852907 6.9107754407 0.3969838475 0.0015425547 2.7434662238 0.0395760046
0.7740000000 0.3972393264 0.0051507178 1.0983735553 6.9125561724 0.3972393264 0.0020460677 2.7459391576 0.0359502293
0.7760000000 0.3975837071 0.0068551889 1.0997063451 6.9149594297 0.3975837071 0.0027255114 2.7492752047 0.0321652697
0.7780000000 0.3980338294 0.0090814658 1.1014492601 6.9181043437 0.3980338294 0.0036147306 2.7536395638 0.0283907482
0.7800000000 0.3986042482 0.0119000308 1.1036592790 6.9220948686 0.3986042482 0.0047434028 2.7591764207 0.0247575057
0.7820000000 0.3993058221 0.0153624111 1.1063793237 6.9270100129 0.3993058221 0.0061343002 2.7659954280 0.0213622706
0.7840000000 0.4001448361 0.0194968373 1.1096348635 6.9328976942 0.4001448361 0.0078015588 2.7741632116 0.0182699477
0.7860000000 0.4011228008 0.0243073433 1.1134331044 6.9397731989 0.4011228008 0.0097502296 2.7837012621 0.0155161700
0.7880000000 0.4022368807 0.0297760559 1.1177645852 6.9476219387 0.4022368807 0.0119770279 2.7945897772 0.0131112596
0.7900000000 0.4034807623 0.0358676962 1.1226064582 6.9564052247 0.4034807623 0.0144719254 2.8067756828 0.0110455420
0.7920000000 0.4048457157 0.0425350432 1.1279265275 6.9660674150 0.4048457157 0.0172201300 2.8201825482 0.0092952738
0.7940000000 0.4063216388 0.0497242682 1.1336872238 6.9765429766 0.4063216388 0.0202040461 2.8347203752 0.0078283140
0.7960000000 0.4078979397 0.0573794220 1.1398489778 6.9877624974 0.4078979397 0.0234049480 2.8502939258 0.0066088806
0.7980000000 0.4095641979 0.0654457712 1.1463727531 6.9996572196 0.4095641979 0.0268042448 2.8668089949 0.0056010877
0.8000000000 0.4113106023 0.0738719873 1.1532217326 7.0121620757 0.4113106023 0.0303843316 2.8841766069 0.0047712591
0.8020000000 0.4131282001 0.0826113679 1.1603622859 7.0252174489 0.4131282001 0.0341290857 2.9023154400 0.0040892120
0.8040000000 0.4150090038 0.0916223347 1.1677643931 7.0387699651 0.4150090038 0.0380240939 2.9211529110 0.0035287742
0.8060000000 0.4169460009 0.1008684425 1.1754016972 7.0527726215 0.4169460009 0.0420566937 2.9406253397 0.0030677907
0.8080000000 0.4189331044 0.1103180901 1.1832513271 7.0671845018 0.4189331044 0.0462158999 2.9606775428 0.0026878311
0.8100000000 0.4209650712 0.1199440759 1.1912935973 7.0819702657 0.4209650712 0.0504922664 2.9812621173 0.0023737541
0.8120000000 0.4230374074 0.1297230921 1.1995116545 7.0970995413 0.4230374074 0.0548777205 3.0023385900 0.0021132290
0.8140000000 0.4251462720 0.1396352164 1.2078911178 7.1125463001 0.4251462720 0.0593653917 3.0238725443 0.0018962717
0.8160000000 0.4272883866 0.1496634357 1.2164197374 7.1282882615 0.4272883866 0.0639494480 3.0458347906 0.0017148261
0.8180000000 0.4294609526 0.1597932157 1.2250870844 7.1443063508 0.4294609526 0.0686249467 3.0682006114 0.0015624015
0.8200000000 0.4316615795 0.1700121253 1.2338842780 7.1605842208 0.4316615795 0.0733877025 3.0909490945 0.0014337677
0.8220000000 0.4338882217 0.1803095110 1.2428037494 7.1771078365 0.4338882217 0.0782341731 3.1140625562 0.0013247062
0.8240000000 0.4361391261 0.1906762215 1.2518390400 7.1938651211 0.4361391261 0.0831613606 3.1375260469 0.0012318094
0.8260000000 0.4384127860 0.2011043737 1.2609846304 7.2108456551 0.4384127860 0.0881667288 3.1613269333 0.0011523174
0.8280000000 0.4407079041 0.2115871570 1.2702357966 7.2280404229 0.4407079041 0.0932481325 3.1854545452 0.0010839879
0.8300000000 0.4430233596 0.2221186688 1.2795884892 7.2454415995 0.4430233596 0.0984037589 3.2098998790 0.0010249927
0.8320000000 0.4453581824 0.2326937771 1.2890392317 7.2630423718 0.4453581824 0.1036320776 3.2346553491 0.0009738367
0.8340000000 0.4477115301 0.2433080052 1.2985850359 7.2808367887 0.4477115301 0.1089317993 3.2597145792 0.0009292926
0.8360000000 0.4500826698 0.2539574357 1.3082233306 7.2988196355 0.4500826698 0.1143018407 3.2850722277 0.0008903491
0.8380000000 0.4524709617 0.2646386291 1.3179519017 7.3169863269 0.4524709617 0.1197412950 3.3107238403 0.0008561690
0.8400000000 0.4548758467 0.2753485563 1.3277688420 7.3353328186 0.4548758467 0.1252494077 3.3366657267 0.0008260551
0.8420000000 0.4572968345 0.2860845413 1.3376725086 7.3538555321 0.4572968345 0.1308255551 3.3628948559 0.0007994256
0.8440000000 0.4597334945 0.2968442130 1.3476614874 7.3725512914 0.4597334945 0.1364692274 3.3894087687 0.0007757932
0.8460000000 0.4621854480 0.3076254641 1.3577345624 7.3914172694 0.4621854480 0.1421800130 3.4162055024 0.0007547481
0.8480000000 0.4646523612 0.3184264166 1.3678906902 7.4104509421 0.4646523612 0.1479575863 3.4432835276 0.0007359444
0.8500000000 0.4671339391 0.3292453920 1.3781289777 7.4296500502 0.4671339391 0.1538016969 3.4706416942 0.0007190887
0.8520000000 0.4696299214 0.3400808865 1.3884486636 7.4490125655 0.4696299214 0.1597121600 3.4982791854 0.0007039317
0.8540000000 0.4721400773 0.3509315490 1.3988491021 7.4685366623 0.4721400773 0.1656888487 3.5261954774 0.0006902615
0.8560000000 0.4746642028 0.3617961627 1.4093297493 7.4882206933 0.4746642028 0.1717316871 3.5543903060 0.0006778967
0.8580000000 0.4772021169 0.3726736289 1.4198901512 7.5080631673 0.4772021169 0.1778406446 3.5828636372 0.0006666811
0.8600000000 0.4797536591 0.3835629537 1.4305299332 7.5280627315 0.4797536591 0.1840157305 3.6116156415 0.0006564789
0.8620000000 0.4823186873 0.3944632354 1.4412487913 7.5482181553 0.4823186873 0.1902569899 3.6406466722 0.0006471728
0.8640000000 0.4848970754 0.4053736546 1.4520464846 7.5685283173 0.4848970754 0.1965644996 3.6699572463 0.0006386617
0.8660000000 0.4874887117 0.4162934648 1.4629228280 7.5889921927 0.4874887117 0.2029383649 3.6995480275 0.0006308570
0.8680000000 0.4900934975 0.4272219848 1.4738776867 7.6096088432 0.4900934975 0.2093787167 3.7294198122 0.0006236815
0.8700000000 0.4927113451 0.4381585913 1.4849109709 7.6303774079 0.4927113451 0.2158857089 3.7595735163 0.0006170677
0.8720000000 0.4953421775 0.4491027134 1.4960226312 7.6512970950 0.4953421775 0.2224595160 3.7900101641 0.0006109570
0.8740000000 0.4979859268 0.4600538268 1.5072126545 7.6723671750 0.4979859268 0.2291003313 3.8207308784 0.0006052985
0.8760000000 0.5006425332 0.4710114494 1.5184810609 7.6935869735 0.5006425332 0.2358083652 3.8517368721 0.0006000469
0.8780000000 0.5033119447 0.4819751367 1.5298278998 7.7149558661 0.5033119447 0.2425838433 3.8830294399 0.0005951615
0.8800000000 0.5059941157 0.4929444786 1.5412532478 7.7364732732 0.5059941157 0.2494270055 3.9146099521 0.0005906057
0.8820000000 0.5086890069 0.5039190958 1.5527572061 7.7581386556 0.5086890069 0.2563381044 3.9464798482 0.0005863475
0.8840000000 0.5113965846 0.5148986368 1.5643398981 7.7799515113 0.5113965846 0.2633174043 3.9786406314 0.0005823585
0.8860000000 0.5141168200 0.5258827757 1.5760014673 7.8019113713 0.5141168200 0.2703651803 4.0110938640 0.0005786133
0.8880000000 0.5168496887 0.5368712093 1.5877420761 7.8240177971 0.5168496887 0.2774817174 4.0438411628 0.0005750889
0.8900000000 0.5195951706 0.5478636556 1.5995619037 7.8462703778 0.5195951706 0.2846673096 4.0768841956 0.0005717655
0.8920000000 0.5223532493 0.5588598515 1.6114611448 7.8686687271 0.5223532493 0.2919222593 4.1102246773 0.0005686257
0.8940000000 0.5251239118 0.5698595512 1.6234400086 7.8912124815 0.5251239118 0.2992468767 4.1438643670 0.0005656538
0.8960000000 0.5279071482 0.5808625249 1.6354987173 7.9139012977 0.5279071482 0.3066414790 4.1778050652 0.0005628350
0.8980000000 0.5307029516 0.5918685572 1.6476375053 7.9367348504 0.5307029516 0.3141063903 4.2120486111 0.0005601554
0.9000000000 0.5335113176 0.6028774459 1.6598566178 7.9597128315 0.5335113176 0.3216419405 4.2465968803 0.0005576026
0.9020000000 0.5363322442 0.6138890009 1.6721563107 7.9828349481 0.5363322442 0.3292484656 4.2814517826 0.0005551658
0.9040000000 0.5391657316 0.6249030435 1.6845368493 8.0061009215 0.5391657316 0.3369263066 4.3166152603 0.0005528350
0.9060000000 0.5420117819 0.6359194047 1.6969985074 8.0295104859 0.5420117819 0.3446758097 4.3520892864 0.0005506011
0.9080000000 0.5448703992 0.6469379252 1.7095415674 8.0530633873 0.5448703992 0.3524973256 4.3878758627 0.0005484562
0.9100000000 0.5477415891 0.6579584543 1.7221663189 8.0767593822 0.5477415891 0.3603912093 4.4239770187 0.0005463935
0.9120000000 0.5506253588 0.6689808489 1.7348730586 8.1005982366 0.5506253588 0.3683578199 4.4603948101 0.0005444066
0.9140000000 0.5535217168 0.6800049734 1.7476620898 8.1245797249 0.5535217168 0.3763975203 4.4971313174 0.0005424894
0.9160000000 0.5564306731 0.6910306988 1.7605337216 8.1487036290 0.5564306731 0.3845106768 4.5341886449 0.0005406356
0.9180000000 0.5593522387 0.7020579022 1.7734882689 8.1729697379 0.5593522387 0.3926976593 4.5715689196 0.0005388395
0.9200000000 0.5622864258 0.7130864664 1.7865260516 8.1973778470 0.5622864258 0.4009588405 4.6092742905 0.0005370963
0.9220000000 0.5652332475 0.7241162792 1.7996473947 8.2219277572 0.5652332475 0.4092945961 4.6473069269 0.0005354015
0.9240000000 0.5681927178 0.7351472334 1.8128526275 8.2466192750 0.5681927178 0.4177053045 4.6856690183 0.0005337509
0.9260000000 0.5711648514 0.7461792261 1.8261420834 8.2714522113 0.5711648514 0.4261913468 4.7243627731 0.0005321408
0.9280000000 0.5741496639 0.7572121583 1.8395160997 8.2964263811 0.5741496639 0.4347531062 4.7633904183 0.0005305683
0.9300000000 0.5771471714 0.7682459349 1.8529750174 8.3215416026 0.5771471714 0.4433909683 4.8027541980 0.0005290306
0.9320000000 0.5801573908 0.7792804640 1.8665191806 8.3467976970 0.5801573908 0.4521053207 4.8424563736 0.0005275243
0.9340000000 0.5831803393 0.7903156569 1.8801489365 8.3721944876 0.5831803393 0.4608965530 4.8824992223 0.0005260467
0.9360000000 0.5862160348 0.8013514277 1.8938646352 8.3977317998 0.5862160348 0.4697650565 4.9228850373 0.0005245932
0.9380000000 0.5892644955 0.8123876931 1.9076666291 8.4234094611 0.5892644955 0.4787112241 4.9636161263 0.0005231651
0.9400000000 0.5923257399 0.8234243721 1.9215552733 8.4492272993 0.5923257399 0.4877354504 5.0046948117 0.0005217489
0.9420000000 0.5953997868 0.8344613858 1.9355309246 8.4751851461 0.5953997868 0.4968381312 5.0461234293 0.0005203709
0.9440000000 0.5984866557 0.8454986574 1.9495939420 8.5012828267 0.5984866557 0.5060196639 5.0879043282 0.0005189587
0.9460000000 0.6015863649 0.8565361118 1.9637446858 8.5275201837 0.6015863649 0.5152804460 5.1300398692 0.0005176672
0.9480000000 0.6046989358 0.8675736761 1.9779835172 8.5538970199 0.6046989358 0.5246208787 5.1725324251 0.0005161455
0.9500000000 0.6078243834 0.8786112797 1.9923107974 8.5804132200 0.6078243834 0.5340413593 5.2153843746 0.0005150671
0.9520000000 0.6109627340 0.8896488561 2.0067268847 8.6070685015 0.6109627340 0.5435422974 5.2585981033 0.0005130749
0.9540000000 0.6141139896 0.9006863467 2.0212321290 8.6338628798 0.6141139896 0.5531240857 5.3021759785 0.0005124229
0.9560000000 0.6172781864 0.9117237104 2.0358268590 8.6607958340 0.6172781864 0.5627871585 5.3461203456 0.0005089940
0.9580000000 0.6204552872 0.9227609385 2.0505113593 8.6878676802 0.6204552872 0.5725319031 5.3904334365 0.0005087285
0.9600000000 0.6236453348 0.9337980892 2.0652858250 8.7150773637 0.6236453348 0.5823588219 5.4351173400 0.0005015796
0.9620000000 0.6268481901 0.9448353294 2.0801502975 8.7424257506 0.6268481901 0.5922683162 5.4801737587 0.0005008832
0.9640000000 0.6300638789 0.9558730035 2.0951045704 8.7699107211 0.6300638789 0.6022610523 5.5256039665 0.0004857020
0.9660000000 0.6332920462 0.9669116720 2.1101481214 8.7975341886 0.6332920462 0.6123374712 5.5714084276 0.0004849744
0.9680000000 0.6365327173 0.9779521226 2.1252800930 8.8252920164 0.6365327173 0.6224985220 5.6175871079 0.0004584447
0.9700000000 0.6397852476 0.9889952104 2.1404994969 8.8531885133 0.6397852476 0.6327445455 5.6641394046 0.0004681490
0.9720000000 0.6430499622 1.0000415771 2.1558056011 8.8812161677 0.6430499622 0.6430766983 5.7110657206 0.0004364622
0.9740000000 0.6463261104 1.0110911675 2.1711986447 8.9093846576 0.6463261104 0.6534946215 5.7583679318 0.0004832240
0.9760000000 0.6496150243 1.0221429089 2.1866802180 8.9376807216 0.6496150243 0.6639993906 5.8060516793 0.0004487442
0.9780000000 0.6529158601 1.0331948280 2.2022534921 8.9661243819 0.6529158601 0.6745892898 5.8541248129 0.0005455160
0.9800000000 0.6562312284 1.0442445820 2.2179214509 8.9946896400 0.6562312284 0.6852659048 5.9025962314 0.0004616535
0.9820000000 0.6595588778 1.0552914575 2.2336871153 9.0234148654 0.6595588778 0.6960268495 5.9514733825 0.0005837749
0.9840000000 0.6629020752 1.0663341861 2.2495477120 9.0522447747 0.6629020752 0.7068751448 6.0007518460 0.0004234148
0.9860000000 0.6662565590 1.0773787772 2.2655089626 9.0812605438 0.6662565590 0.7178106768 6.0504494011 0.0005269613
0.9880000000 0.6696251817 1.0884121892 2.2815493492 9.1103296197 0.6696251817 0.7288282100 6.1005061267 0.0006081798
0.9900000000 0.6730103692 1.0994739253 2.2977291413 9.1396879485 0.6730103692 0.7399573524 6.1511047605 0.0001907704
0.9920000000 0.6763900634 1.1104470316 2.3138778572 9.1688520769 0.6763900634 0.7510953381 6.2017204375 0.0029891602
0.9940000000 0.6798526466 1.1216752975 2.3305061182 9.1989719988 0.6798526466 0.7625739197 6.2539454596 0.0099355463
0.9960000000 0.6830471019 1.1319512058 2.3458155590 9.2265052110 0.6830471019 0.7731759906 6.3021376450 0.0559985877
0.9980000000 0.6880794612 1.1481480120 2.3701377102 9.2705463496 0.6880794612 0.7900170655 6.3788725371 0.2498299781
1.0000000000 0.6880794612 1.1481480120 2.3701377102 9.2705463496 0.6880794612 0.7900170655 6.3788725371 0.0000000000
