TITLE = "1D Euler Filtered MacCormack Result"
VARIABLES = "x", "rho", "u", "p", "E", "rho_conserved", "rhou", "rhoE", "nu"
ZONE T="t=0.16000000", I=501, F=POINT
0.0000000000 0.4449999999 0.6980000011 3.5279999984 20.0638267173 0.4449999999 0.3106100004 8.9284028863 0.0000000000
0.0020000000 0.4449999999 0.6980000011 3.5279999984 20.0638267173 0.4449999999 0.3106100004 8.9284028863 0.0000225104
0.0040000000 0.4449999997 0.6980000026 3.5279999962 20.0638267147 0.4449999997 0.3106100009 8.9284028811 0.0000208661
0.0060000000 0.4449999993 0.6980000054 3.5279999919 20.0638267099 0.4449999993 0.3106100019 8.9284028713 0.0000473080
0.0080000000 0.4449999985 0.6980000114 3.5279999831 20.0638266999 0.4449999985 0.3106100040 8.9284028508 0.0000947794
0.0100000000 0.4449999968 0.6980000236 3.5279999650 20.0638266794 0.4449999968 0.3106100083 8.9284028090 0.0001886255
0.0120000000 0.4449999936 0.6980000482 3.5279999285 20.0638266380 0.4449999936 0.3106100170 8.9284027246 0.0003685979
0.0140000000 0.4449999870 0.6980000971 3.5279998560 20.0638265557 0.4449999870 0.3106100342 8.9284025570 0.0007055292
0.0160000000 0.4449999742 0.6980001928 3.5279997141 20.0638263948 0.4449999742 0.3106100678 8.9284022289 0.0013153920
0.0180000000 0.4449999496 0.6980003770 3.5279994411 20.0638260851 0.4449999496 0.3106101326 8.9284015976 0.0023677609
0.0200000000 0.4449999032 0.6980007247 3.5279989256 20.0638255004 0.4449999032 0.3106102549 8.9284004055 0.0040624699
0.0220000000 0.4449998174 0.6980013671 3.5279979732 20.0638244201 0.4449998174 0.3106104809 8.9283982032 0.0065385414
0.0240000000 0.4449996628 0.6980025244 3.5279962575 20.0638224739 0.4449996628 0.3106108880 8.9283942357 0.0097210628
0.0260000000 0.4449993920 0.6980045519 3.5279932515 20.0638190642 0.4449993920 0.3106116012 8.9283872846 0.0132313524
0.0280000000 0.4449989311 0.6980080023 3.5279881362 20.0638132617 0.4449989311 0.3106128150 8.9283754557 0.0165211839
0.0300000000 0.4449981687 0.6980137100 3.5279796743 20.0638036633 0.4449981687 0.3106148227 8.9283558882 0.0191572933
0.0320000000 0.4449969399 0.6980229102 3.5279660348 20.0637881917 0.4449969399 0.3106180590 8.9283243477 0.0209831313
0.0340000000 0.4449950039 0.6980374045 3.5279445465 20.0637638173 0.4449950039 0.3106231575 8.9282746576 0.0220656998
0.0360000000 0.4449920142 0.6980597870 3.5279113639 20.0637261783 0.4449920142 0.3106310307 8.9281979254 0.0225643341
0.0380000000 0.4449874789 0.6980937421 3.5278610252 20.0636690796 0.4449874789 0.3106429743 8.9280815213 0.0226396718
0.0400000000 0.4449807092 0.6981444256 3.5277858877 20.0635838534 0.4449807092 0.3106608017 8.9279077727 0.0224188321
0.0420000000 0.4449707573 0.6982189353 3.5276754307 20.0634585683 0.4449707573 0.3106870084 8.9276523527 0.0219920079
0.0440000000 0.4449563410 0.6983268714 3.5275154258 20.0632770902 0.4449563410 0.3107249695 8.9272823623 0.0214198279
0.0460000000 0.4449357592 0.6984809738 3.5272869943 20.0630180154 0.4449357592 0.3107791623 8.9267541517 0.0207420075
0.0480000000 0.4449068002 0.6986978071 3.5269655957 20.0626535273 0.4449068002 0.3108554057 8.9260109843 0.0199843555
0.0500000000 0.4448666517 0.6989984403 3.5265200265 20.0621482694 0.4448666517 0.3109610957 8.9249807267 0.0191637970
0.0520000000 0.4448118214 0.6994090443 3.5259115463 20.0614583659 0.4448118214 0.3111054109 8.9235738347 0.0182918041
0.0540000000 0.4447380829 0.6999613037 3.5250932850 20.0605307696 0.4447380829 0.3112994483 8.9216819963 0.0173767068
0.0560000000 0.4446404636 0.7006925230 3.5240101134 20.0593031449 0.4446404636 0.3115562483 8.9191778504 0.0164252483
0.0580000000 0.4445132901 0.7016453024 3.5225991642 20.0577045004 0.4445132901 0.3118906618 8.9159162194 0.0154436348
0.0600000000 0.4443503064 0.7028666759 3.5207911628 20.0556567543 0.4443503064 0.3123190228 8.9117372236 0.0144382339
0.0620000000 0.4441448731 0.7044066531 3.5185126585 20.0530773339 0.4441448731 0.3128586035 8.9064714872 0.0134160116
0.0640000000 0.4438902451 0.7063161748 3.5156891339 20.0498827804 0.4438902451 0.3135268599 8.8999473809 0.0123847608
0.0660000000 0.4435799136 0.7086445915 3.5122488261 20.0459931643 0.4435799136 0.3143405066 8.8919999152 0.0113531486
0.0680000000 0.4432079843 0.7114368671 3.5081269475 20.0413369428 0.4432079843 0.3153144998 8.8824805488 0.0103306064
0.0700000000 0.4427695529 0.7147307935 3.5032698679 20.0358557519 0.4427695529 0.3164610339 8.8712668927 0.0093270827
0.0720000000 0.4422610336 0.7185545382 3.4976387645 20.0295085581 0.4422610336 0.3177886728 8.8582711577 0.0083526888
0.0740000000 0.4416803995 0.7229248334 3.4912122735 20.0222746317 0.4416803995 0.3193017292 8.8434462583 0.0074172725
0.0760000000 0.4410273028 0.7278460350 3.4839877976 20.0141549468 0.4410273028 0.3209999736 8.8267887731 0.0065299605
0.0780000000 0.4403030614 0.7333101631 3.4759813136 20.0051718372 0.4403030614 0.3228787097 8.8083384035 0.0056987158
0.0800000000 0.4395105174 0.7392978872 3.4672257439 19.9953669941 0.4395105174 0.3249291970 8.7881740941 0.0049299532
0.0820000000 0.4386537899 0.7457802952 3.4577681592 19.9847981280 0.4386537899 0.3271393529 8.7664074396 0.0042282493
0.0840000000 0.4377379585 0.7527211846 3.4476662153 19.9735347710 0.4377379585 0.3294946346 8.7431743341 0.0035961769
0.0860000000 0.4367687187 0.7600795817 3.4369842850 19.9616537627 0.4367687187 0.3319789850 8.7186259365 0.0030342752
0.0880000000 0.4357520474 0.7678122046 3.4257897164 19.9492349159 0.4357520474 0.3345757402 8.6929199593 0.0025411597
0.0900000000 0.4346939090 0.7758756438 3.4141495560 19.9363572536 0.4346939090 0.3372684165 8.6662130649 0.0021137520
0.0920000000 0.4336000204 0.7842281164 3.4021279474 19.9230960508 0.4336000204 0.3400413272 8.6386548532 0.0017476051
0.0940000000 0.4324756846 0.7928307316 3.3897842872 19.9095207677 0.4324756846 0.3428800134 8.6103836238 0.0014372849
0.0960000000 0.4313256887 0.8016482774 3.3771721129 19.8956938337 0.4313256887 0.3457714953 8.5815238441 0.0011767672
0.0980000000 0.4301542582 0.8106495900 3.3643386202 19.8816701569 0.4301542582 0.3487043731 8.5521850791 0.0009598119
0.1000000000 0.4289650565 0.8198075931 3.3513246702 19.8674971926 0.4289650565 0.3516688105 8.5224620562 0.0007802850
0.1020000000 0.4277612138 0.8290991028 3.3381651396 19.8532153965 0.4277612138 0.3546564386 8.4924355166 0.0006324076
0.1040000000 0.4265453765 0.8385044861 3.3248894785 19.8388589061 0.4265453765 0.3576602118 8.4621735422 0.0005109260
0.1060000000 0.4253197649 0.8480072463 3.3115223676 19.8244563275 0.4253197649 0.3606742426 8.4317331046 0.0004112062
0.1080000000 0.4240862332 0.8575935884 3.2980843950 19.8100315335 0.4240862332 0.3636936345 8.4011616520 0.0003292644
0.1100000000 0.4228463267 0.8672520014 3.2845926993 19.7956044178 0.4228463267 0.3667143232 8.3704986136 0.0002617492
0.1120000000 0.4216013340 0.8769728785 3.2710615501 19.7811915706 0.4216013340 0.3697329354 8.3397767537 0.0002058908
0.1140000000 0.4203523312 0.8867481854 3.2575028522 19.7668068630 0.4203523312 0.3727466670 8.3090233457 0.0001594325
0.1160000000 0.4191002210 0.8965711784 3.2439265713 19.7524619385 0.4191002210 0.3757531790 8.2782611636 0.0001205553
0.1180000000 0.4178457635 0.9064361700 3.2303410881 19.7381666208 0.4178457635 0.3787505136 8.2475093026 0.0000878039
0.1200000000 0.4165896028 0.9163383364 3.2167534864 19.7239292447 0.4165896028 0.3817370236 8.2167838506 0.0000600191
0.1220000000 0.4153322876 0.9262735618 3.2031697881 19.7097569255 0.4153322876 0.3847113173 8.1860984312 0.0000362781
0.1240000000 0.4140742881 0.9362383115 3.1895951419 19.6956557754 0.4140742881 0.3876722123 8.1554646435 0.0000158444
0.1260000000 0.4128160102 0.9462295299 3.1760339768 19.6816310786 0.4128160102 0.3906186992 8.1248924160 0.0000018639
0.1280000000 0.4115578061 0.9562445581 3.1624901240 19.6676874341 0.4115578061 0.3935499124 8.0943902910 0.0000172977
0.1300000000 0.4102999828 0.9662810723 3.1489669112 19.6538288575 0.4102999828 0.3964651074 8.0639656426 0.0000308241
0.1320000000 0.4090428095 0.9763370303 3.1354672418 19.6400588753 0.4090428095 0.3993636419 8.0336248605 0.0000427527
0.1340000000 0.4077865231 0.9864106267 3.1219936615 19.6263805999 0.4077865231 0.4022449598 8.0033735052 0.0000533335
0.1360000000 0.4065313335 0.9965002568 3.1085484131 19.6127967933 0.4065313335 0.4051085782 7.9732164338 0.0000627721
0.1380000000 0.4052774275 1.0066044863 3.0951334808 19.5993099174 0.4052774275 0.4079540767 7.9431579038 0.0000712388
0.1400000000 0.4040249720 1.0167220268 3.0817506276 19.5859221763 0.4040249720 0.4107810884 7.9132016594 0.0000788737
0.1420000000 0.4027741171 1.0268517144 3.0684014266 19.5726355525 0.4027741171 0.4135892926 7.8833510036 0.0000857959
0.1440000000 0.4015249980 1.0369924927 3.0550872868 19.5594518359 0.4015249980 0.4163784085 7.8536088589 0.0000921053
0.1460000000 0.4002777374 1.0471433976 3.0418094756 19.5463726493 0.4002777374 0.4191481900 7.8239778190 0.0000978867
0.1480000000 0.3990324472 1.0573035445 3.0285691377 19.5333994701 0.3990324472 0.4218984208 7.7944601922 0.0001032139
0.1500000000 0.3977892295 1.0674721174 3.0153673114 19.5205336486 0.3977892295 0.4246289111 7.7650580398 0.0001081502
0.1520000000 0.3965481786 1.0776483591 3.0022049426 19.5077764235 0.3965481786 0.4273394939 7.7357732088 0.0001127509
0.1540000000 0.3953093814 1.0878315628 2.9890828979 19.4951289366 0.3953093814 0.4300300222 7.7066073602 0.0001170653
0.1560000000 0.3940729189 1.0980210649 2.9760019744 19.4825922441 0.3940729189 0.4327003661 7.6775619943 0.0001211371
0.1580000000 0.3928388670 1.1082162377 2.9629629104 19.4701673272 0.3928388670 0.4353504112 7.6486384734 0.0001250058
0.1600000000 0.3916072970 1.1184164838 2.9499663937 19.4578551023 0.3916072970 0.4379800561 7.6198380415 0.0001287080
0.1620000000 0.3903782765 1.1286212300 2.9370130697 19.4456564287 0.3903782765 0.4405892106 7.5911618428 0.0001322773
0.1640000000 0.3891518704 1.1388299224 2.9241035487 19.4335721166 0.3891518704 0.4431777944 7.5626109384 0.0001357457
0.1660000000 0.3879281410 1.1490420210 2.9112384127 19.4216029338 0.3879281410 0.4457457352 7.5341863219 0.0001391442
0.1680000000 0.3867071489 1.1592569951 2.8984182220 19.4097496126 0.3867071489 0.4482929675 7.5058889343 0.0001425030
0.1700000000 0.3854889536 1.1694743182 2.8856435219 19.3980128555 0.3854889536 0.4508194312 7.4777196782 0.0001458527
0.1720000000 0.3842736140 1.1796934631 2.8729148483 19.3863933411 0.3842736140 0.4533250705 7.4496794319 0.0001492246
0.1740000000 0.3830611891 1.1899138969 2.8602327347 19.3748917297 0.3830611891 0.4558098322 7.4217690637 0.0001526515
0.1760000000 0.3818517384 1.2001350759 2.8475977184 19.3635086691 0.3818517384 0.4582736650 7.3939894459 0.0001561683
0.1780000000 0.3806453229 1.2103564393 2.8350103473 19.3522447998 0.3806453229 0.4607165176 7.3663414701 0.0001598132
0.1800000000 0.3794420056 1.2205774034 2.8224711874 19.3411007613 0.3794420056 0.4631383380 7.3388260636 0.0001636284
0.1820000000 0.3782418524 1.2307973547 2.8099808310 19.3300771977 0.3782418524 0.4655390714 7.3114442063 0.0001676618
0.1840000000 0.3770449328 1.2410156416 2.7975399052 19.3191747649 0.3770449328 0.4679186592 7.2841969505 0.0001719676
0.1860000000 0.3758513210 1.2512315657 2.7851490824 19.3083941371 0.3758513210 0.4702770368 7.2570854426 0.0001766090
0.1880000000 0.3746610971 1.2614443712 2.7728090918 19.2977360157 0.3746610971 0.4726141321 7.2301109478 0.0001816602
0.1900000000 0.3734743485 1.2716532331 2.7605207327 19.2872011378 0.3734743485 0.4749298628 7.2032748795 0.0001872086
0.1920000000 0.3722911712 1.2818572423 2.7482848907 19.2767902873 0.3722911712 0.4772241340 7.1765788329 0.0001933594
0.1940000000 0.3711116719 1.2920553883 2.7361025560 19.2665043070 0.3711116719 0.4794968353 7.1500246250 0.0002002394
0.1960000000 0.3699359703 1.3022465386 2.7239748467 19.2563441139 0.3699359703 0.4817478368 7.1236143433 0.0002080032
0.1980000000 0.3687642015 1.3124294136 2.7119030355 19.2463107165 0.3687642015 0.4839769848 7.0973504039 0.0002168410
0.2000000000 0.3675965200 1.3226025549 2.6998885836 19.2364052365 0.3675965200 0.4861840966 7.0712356230 0.0002269888
0.2020000000 0.3664331032 1.3327642873 2.6879331818 19.2266289351 0.3664331032 0.4883689536 7.0452733047 0.0002387415
0.2040000000 0.3652741567 1.3429126711 2.6760388021 19.2169832461 0.3652741567 0.4905312935 7.0194673500 0.0002524713
0.2060000000 0.3641199211 1.3530454422 2.6642077615 19.2074698163 0.3641199211 0.4926707997 6.9938223939 0.0002686519
0.2080000000 0.3629706797 1.3631599359 2.6524428041 19.1980905570 0.3629706797 0.4947870885 6.9683439781 0.0002878914
0.2100000000 0.3618267692 1.3732529904 2.6407472037 19.1888477091 0.3618267692 0.4968796928 6.9430387712 0.0003109782
0.2120000000 0.3606885930 1.3833208224 2.6291248976 19.1797439272 0.3606885930 0.4989480411 6.9179148513 0.0003389436
0.2140000000 0.3595566385 1.3933588661 2.6175806586 19.1707823872 0.3595566385 0.5009914301 6.8929820720 0.0003731505
0.2160000000 0.3584314996 1.4033615620 2.6061203200 19.1619669269 0.3584314996 0.5030089891 6.8682525405 0.0004154188
0.2180000000 0.3573139067 1.4133220801 2.5947510720 19.1533022312 0.3573139067 0.5049996339 6.8437412464 0.0004682040
0.2200000000 0.3562047661 1.4232319507 2.5834818542 19.1447940759 0.3562047661 0.5069620041 6.8194668965 0.0005348564
0.2220000000 0.3551052129 1.4330805718 2.5723238813 19.1364496536 0.3551052129 0.5088943816 6.7954530289 0.0006199986
0.2240000000 0.3540166820 1.4428545455 2.5612913494 19.1282780105 0.3540166820 0.5107945788 6.7717295134 0.0007300830
0.2260000000 0.3529410042 1.4525367798 2.5504023909 19.1202906347 0.3529410042 0.5126597897 6.7483345773 0.0008742226
0.2280000000 0.3518805370 1.4621052688 2.5396803706 19.1125022514 0.3518805370 0.5144863871 6.7253175551 0.0010654429
0.2300000000 0.3508383411 1.4715314370 2.5291556424 19.1049318976 0.3508383411 0.5162696483 6.7027426146 0.0013225872
0.2320000000 0.3498184201 1.4807779008 2.5188679217 19.0976043663 0.3498184201 0.5180033858 6.6806937873 0.0016732491
0.2340000000 0.3488260384 1.4897954819 2.5088694463 19.0905521223 0.3488260384 0.5196794560 6.6592816686 0.0021583380
0.2360000000 0.3478681362 1.4985193199 2.4992290840 19.0838177792 0.3478681362 0.5212871229 6.6386521225 0.0028392911
0.2380000000 0.3469538419 1.5068640506 2.4900374170 19.0774571458 0.3469538419 0.5228122716 6.6189970511 0.0038096935
0.2400000000 0.3460950500 1.5147183689 2.4814124587 19.0715426224 0.3460950500 0.5242365296 6.6005664973 0.0052145770
0.2420000000 0.3453069395 1.5219401171 2.4735047865 19.0661661897 0.3453069395 0.5255364840 6.5836794953 0.0072841247
0.2440000000 0.3446081356 1.5283546961 2.4664991139 19.0614401622 0.3446081356 0.5266834624 6.5687273564 0.0103975637
0.2460000000 0.3440199141 1.5337623975 2.4606063566 19.0574920392 0.3440199141 0.5276448083 6.5561567747 0.0152205180
0.2480000000 0.3435634656 1.5379638523 2.4560363978 19.0544473415 0.3435634656 0.5283881910 6.5464119634 0.0230568201
0.2500000000 0.3432540189 1.5408147609 2.4529395848 19.0523927560 0.3432540189 0.5288908591 6.5398103833 0.0369895462
0.2520000000 0.3430912114 1.5423154787 2.4513107536 19.0513150778 0.3430912114 0.5291548860 6.5363387696 0.0673262843
0.2540000000 0.3430468994 1.5427239957 2.4508675146 19.0510223239 0.3430468994 0.5292266833 6.5353941382 0.1228721135
0.2560000000 0.3430709209 1.5425025023 2.4511078214 19.0511811753 0.3430709209 0.5291877540 6.5359062709 0.0687177480
0.2580000000 0.3431524972 1.5417504536 2.4519239010 19.0517207333 0.3431524972 0.5290555182 6.5376455451 0.0380637277
0.2600000000 0.3433036830 1.5403570513 2.4534365526 19.0527221332 0.3433036830 0.5288102488 6.5408696794 0.0253431575
0.2620000000 0.3435298543 1.5382734746 2.4556999400 19.0542236341 0.3435298543 0.5284428626 6.5456946692 0.0167183661
0.2640000000 0.3438237766 1.5355674579 2.4586421767 19.0561808643 0.3438237766 0.5279646027 6.5519680731 0.0091571098
0.2660000000 0.3441616588 1.5324591706 2.4620255794 19.0584388309 0.3441616588 0.5274136901 6.5591839216 0.0009849529
0.2680000000 0.3445014805 1.5293357015 2.4654295846 19.0607182383 0.3445014805 0.5268584133 6.5664456521 0.0091327041
0.2700000000 0.3447907038 1.5266793997 2.4683276786 19.0626649416 0.3447907038 0.5263848647 6.5726296610 0.0215081284
0.2720000000 0.3449912439 1.5248386729 2.4703376789 19.0640185025 0.3449912439 0.5260559905 6.5769194565 0.0363760179
0.2740000000 0.3450988713 1.5238511028 2.4714166363 19.0647463970 0.3450988713 0.5258792956 6.5792224629 0.0547845564
0.2760000000 0.3451397150 1.5234763645 2.4718261530 19.0650230143 0.3451397150 0.5258121983 6.5800966106 0.0778714962
0.2780000000 0.3451489468 1.5233916509 2.4719187361 19.0650856663 0.3451489468 0.5257970239 6.5802942385 0.0849210839
0.2800000000 0.3451506735 1.5233757902 2.4719360708 19.0650974910 0.3451506735 0.5257941800 6.5803312392 0.0598810543
0.2820000000 0.3451562855 1.5233242835 2.4719923634 19.0651356413 0.3451562855 0.5257849513 6.5804514006 0.0554003496
0.2840000000 0.3451708073 1.5231910385 2.4721379944 19.0652341699 0.3451708073 0.5257610804 6.5807622691 0.0336556403
0.2860000000 0.3451959808 1.5229600837 2.4723904363 19.0654049161 0.3451959808 0.5257196999 6.5813011498 0.0198025414
0.2880000000 0.3452304308 1.5226440535 2.4727359052 19.0656386119 0.3452304308 0.5256630625 6.5820386311 0.0088122858
0.2900000000 0.3452697861 1.5222830603 2.4731305767 19.0659056701 0.3452697861 0.5255983465 6.5828811716 0.0017906378
0.2920000000 0.3453075305 1.5219368751 2.4735091103 19.0661619100 0.3453075305 0.5255362639 6.5836892853 0.0130590646
0.2940000000 0.3453376074 1.5216610336 2.4738107630 19.0663662016 0.3453376074 0.5254867806 6.5843332863 0.0237705447
0.2960000000 0.3453576769 1.5214769757 2.4740120611 19.0665026078 0.3453576769 0.5254537537 6.5847630468 0.0316250397
0.2980000000 0.3453693907 1.5213695421 2.4741295641 19.0665822995 0.3453693907 0.5254344717 6.5850139110 0.0316797577
0.3000000000 0.3453762321 1.5213067873 2.4741982027 19.0666289102 0.3453762321 0.5254232060 6.5851604515 0.0164632371
0.3020000000 0.3453814789 1.5212586540 2.4742508499 19.0666646958 0.3453814789 0.5254145638 6.5852728508 0.0072980712
0.3040000000 0.3453875658 1.5212028181 2.4743119234 19.0667061932 0.3453875658 0.5254045385 6.5854032407 0.0153911382
0.3060000000 0.3453954780 1.5211302473 2.4743913034 19.0667600960 0.3453954780 0.5253915088 6.5855727164 0.0090316365
0.3080000000 0.3454046102 1.5210464906 2.4744829217 19.0668222955 0.3454046102 0.5253764702 6.5857683223 0.0021037319
0.3100000000 0.3454132906 1.5209668776 2.4745700101 19.0668814331 0.3454132906 0.5253621742 6.5859542582 0.0154942341
0.3120000000 0.3454198266 1.5209069282 2.4746355903 19.0669260045 0.3454198266 0.5253514073 6.5860942734 0.0284459718
0.3140000000 0.3454236980 1.5208714084 2.4746744469 19.0669524733 0.3454236980 0.5253450260 6.5861772322 0.0370816866
0.3160000000 0.3454255671 1.5208542462 2.4746932215 19.0669653374 0.3454255671 0.5253419404 6.5862173142 0.0332609706
0.3180000000 0.3454264623 1.5208460133 2.4747022279 19.0669715844 0.3454264623 0.5253404580 6.5862365403 0.0089482779
0.3200000000 0.3454272007 1.5208392170 2.4747096627 19.0669767680 0.3454272007 0.5253392335 6.5862524110 0.0130698270
0.3220000000 0.3454282411 1.5208296523 2.4747201261 19.0669840055 0.3454282411 0.5253375118 6.5862747479 0.0104945005
0.3240000000 0.3454295440 1.5208176806 2.4747332226 19.0669930295 0.3454295440 0.5253353578 6.5863027067 0.0042263895
0.3260000000 0.3454306932 1.5208071166 2.4747447793 19.0670010130 0.3454306932 0.5253334566 6.5863273779 0.0245546337
0.3280000000 0.3454312691 1.5208018090 2.4747505855 19.0670051026 0.3454312691 0.5253324990 6.5863397711 0.0485270035
0.3300000000 0.3454312261 1.5208021757 2.4747501842 19.0670049880 0.3454312261 0.5253325602 6.5863389108 0.0386640375
0.3320000000 0.3454307364 1.5208066370 2.4747453034 19.0670018397 0.3454307364 0.5253333565 6.5863284861 0.0151876816
0.3340000000 0.3454299850 1.5208134971 2.4747377984 19.0669969150 0.3454299850 0.5253345835 6.5863124586 0.0050261960
0.3360000000 0.3454291369 1.5208212437 2.4747293236 19.0669913351 0.3454291369 0.5253359696 6.5862943604 0.0009259499
0.3380000000 0.3454282701 1.5208291612 2.4747206619 19.0669856309 0.3454282701 0.5253373863 6.5862758630 0.0022077374
0.3400000000 0.3454273495 1.5208375722 2.4747114603 19.0669795636 0.3454273495 0.5253388916 6.5862562130 0.0056955358
0.3420000000 0.3454262887 1.5208472677 2.4747008536 19.0669725468 0.3454262887 0.5253406273 6.5862335629 0.0069537560
0.3440000000 0.3454250450 1.5208586395 2.4746884132 19.0669642903 0.3454250450 0.5253426639 6.5862069976 0.0050776284
0.3460000000 0.3454236589 1.5208713159 2.4746745456 19.0669550695 0.3454236589 0.5253449347 6.5861773851 0.0017887776
0.3480000000 0.3454222244 1.5208844372 2.4746601915 19.0669455218 0.3454222244 0.5253472853 6.5861467338 0.0009840818
0.3500000000 0.3454208239 1.5208972450 2.4746461803 19.0669362095 0.3454208239 0.5253495794 6.5861168147 0.0018136919
0.3520000000 0.3454194774 1.5209095580 2.4746327104 19.0669272669 0.3454194774 0.5253517846 6.5860880513 0.0005670273
0.3540000000 0.3454181442 1.5209217481 2.4746193751 19.0669184182 0.3454181442 0.5253539677 6.5860595753 0.0012566360
0.3560000000 0.3454167709 1.5209343051 2.4746056384 19.0669093000 0.3454167709 0.5253562165 6.5860302421 0.0019636199
0.3580000000 0.3454153378 1.5209474109 2.4745913015 19.0668997777 0.3454153378 0.5253585637 6.5859996273 0.0013438325
0.3600000000 0.3454138642 1.5209608866 2.4745765599 19.0668899844 0.3454138642 0.5253609772 6.5859681487 0.0004392831
0.3620000000 0.3454123778 1.5209744796 2.4745616901 19.0668801078 0.3454123778 0.5253634116 6.5859363961 0.0003050320
0.3640000000 0.3454108808 1.5209881698 2.4745467141 19.0668701631 0.3454108808 0.5253658634 6.5859044167 0.0011188770
0.3660000000 0.3454093453 1.5210022115 2.4745313536 19.0668599618 0.3454093453 0.5253683781 6.5858716164 0.0020928659
0.3680000000 0.3454077388 1.5210169043 2.4745152810 19.0668492814 0.3454077388 0.5253710096 6.5858372957 0.0024025649
0.3700000000 0.3454060496 1.5210323545 2.4744983800 19.0668380427 0.3454060496 0.5253737769 6.5858012063 0.0020337729
0.3720000000 0.3454042888 1.5210484607 2.4744807615 19.0668263209 0.3454042888 0.5253766618 6.5857635851 0.0015814014
0.3740000000 0.3454024704 1.5210650944 2.4744625661 19.0668142114 0.3454024704 0.5253796413 6.5857247321 0.0015550519
0.3760000000 0.3454005929 1.5210822703 2.4744437777 19.0668017040 0.3454005929 0.5253827180 6.5856846130 0.0019308020
0.3780000000 0.3453986394 1.5211001416 2.4744242289 19.0667886855 0.3453986394 0.5253859193 6.5856428703 0.0022657305
0.3800000000 0.3453965947 1.5211188489 2.4744037656 19.0667750518 0.3453965947 0.5253892706 6.5855991751 0.0022157662
0.3820000000 0.3453944585 1.5211383942 2.4743823858 19.0667608014 0.3453944585 0.5253927720 6.5855535233 0.0018447848
0.3840000000 0.3453922443 1.5211586547 2.4743602239 19.0667460254 0.3453922443 0.5253964017 6.5855062015 0.0014558131
0.3860000000 0.3453899668 1.5211794949 2.4743374280 19.0667308242 0.3453899668 0.5254001352 6.5854575261 0.0012575748
0.3880000000 0.3453876330 1.5212008507 2.4743140684 19.0667152457 0.3453876330 0.5254039611 6.5854076472 0.0012087883
0.3900000000 0.3453852438 1.5212227130 2.4742901548 19.0666992965 0.3453852438 0.5254078777 6.5853565856 0.0011304917
0.3920000000 0.3453828023 1.5212450553 2.4742657165 19.0666829965 0.3453828023 0.5254118802 6.5853044036 0.0009201897
0.3940000000 0.3453803178 1.5212677905 2.4742408487 19.0666664100 0.3453803178 0.5254159530 6.5852513047 0.0006292843
0.3960000000 0.3453778040 1.5212907941 2.4742156875 19.0666496289 0.3453778040 0.5254200738 6.5851975793 0.0003651701
0.3980000000 0.3453752733 1.5213139523 2.4741903574 19.0666327381 0.3453752733 0.5254242221 6.5851434934 0.0001693953
0.4000000000 0.3453727350 1.5213371796 2.4741649519 19.0666158014 0.3453727350 0.5254283826 6.5850892467 0.0000005597
0.4020000000 0.3453701973 1.5213604004 2.4741395538 19.0665988754 0.3453701973 0.5254325417 6.5850350155 0.0001902996
0.4040000000 0.3453676696 1.5213835289 2.4741142569 19.0665820239 0.3453676696 0.5254366839 6.5849810004 0.0003985746
0.4060000000 0.3453651619 1.5214064730 2.4740891618 19.0665653149 0.3453651619 0.5254407928 6.5849274162 0.0005861181
0.4080000000 0.3453626829 1.5214291527 2.4740643563 19.0665488072 0.3453626829 0.5254448540 6.5848744502 0.0007396193
0.4100000000 0.3453602397 1.5214515043 2.4740399097 19.0665325476 0.3453602397 0.5254488562 6.5848222505 0.0008890423
0.4120000000 0.3453578387 1.5214734673 2.4740158882 19.0665165808 0.3453578387 0.5254527884 6.5847709584 0.0010708938
0.4140000000 0.3453554879 1.5214949699 2.4739923706 19.0665009608 0.3453554879 0.5254566377 6.5847207420 0.0012884372
0.4160000000 0.3453531962 1.5215159295 2.4739694470 19.0664857490 0.3453531962 0.5254603893 6.5846717937 0.0015132793
0.4180000000 0.3453509722 1.5215362674 2.4739472036 19.0664710041 0.3453509722 0.5254640292 6.5846242977 0.0017157661
0.4200000000 0.3453488228 1.5215559201 2.4739257096 19.0664567730 0.3453488228 0.5254675459 6.5845784017 0.0018844121
0.4220000000 0.3453467529 1.5215748435 2.4739050135 19.0664430882 0.3453467529 0.5254709314 6.5845342090 0.0020204102
0.4240000000 0.3453447653 1.5215930103 2.4738851450 19.0664299699 0.3453447653 0.5254741810 6.5844917830 0.0021261218
0.4260000000 0.3453428615 1.5216104080 2.4738661178 19.0664174276 0.3453428615 0.5254772924 6.5844511531 0.0022046988
0.4280000000 0.3453410415 1.5216270361 2.4738479324 19.0664054621 0.3453410415 0.5254802654 6.5844123204 0.0022644650
0.4300000000 0.3453393045 1.5216429017 2.4738305809 19.0663940684 0.3453393045 0.5254831015 6.5843752678 0.0023144957
0.4320000000 0.3453376493 1.5216580166 2.4738140505 19.0663832379 0.3453376493 0.5254858025 6.5843399682 0.0023541724
0.4340000000 0.3453360741 1.5216723964 2.4737983241 19.0663729586 0.3453360741 0.5254883715 6.5843063850 0.0023713807
0.4360000000 0.3453345764 1.5216860641 2.4737833766 19.0663632131 0.3453345764 0.5254908124 6.5842744646 0.0023535197
0.4380000000 0.3453331528 1.5216990519 2.4737691727 19.0663539773 0.3453331528 0.5254931312 6.5842441314 0.0022989684
0.4400000000 0.3453317987 1.5217114004 2.4737556678 19.0663452216 0.3453317987 0.5254953351 6.5842152907 0.0022173440
0.4420000000 0.3453305094 1.5217231546 2.4737428132 19.0663369137 0.3453305094 0.5254974321 6.5841878380 0.0021218017
0.4440000000 0.3453292797 1.5217343593 2.4737305594 19.0663290212 0.3453292797 0.5254994302 6.5841616680 0.0020242451
0.4460000000 0.3453281053 1.5217450567 2.4737188605 19.0663215135 0.3453281053 0.5255013371 6.5841366824 0.0019364352
0.4480000000 0.3453269819 1.5217552836 2.4737076762 19.0663143634 0.3453269819 0.5255031593 6.5841127951 0.0018706332
0.4500000000 0.3453259065 1.5217650693 2.4736969744 19.0663075486 0.3453259065 0.5255049020 6.5840899379 0.0018357026
0.4520000000 0.3453248768 1.5217744342 2.4736867329 19.0663010536 0.3453248768 0.5255065691 6.5840680631 0.0018328097
0.4540000000 0.3453238916 1.5217833906 2.4736769381 19.0662948691 0.3453238916 0.5255081626 6.5840471420 0.0018561491
0.4560000000 0.3453229500 1.5217919449 2.4736675830 19.0662889908 0.3453229500 0.5255096837 6.5840271594 0.0018977694
0.4580000000 0.3453220517 1.5218001000 2.4736586646 19.0662834174 0.3453220517 0.5255111329 6.5840081087 0.0019513632
0.4600000000 0.3453211967 1.5218078569 2.4736501817 19.0662781489 0.3453211967 0.5255125103 6.5839899877 0.0020125197
0.4620000000 0.3453203849 1.5218152158 2.4736421339 19.0662731854 0.3453203849 0.5255138161 6.5839727956 0.0020773006
0.4640000000 0.3453196163 1.5218221772 2.4736345208 19.0662685263 0.3453196163 0.5255150503 6.5839565310 0.0021416149
0.4660000000 0.3453188906 1.5218287428 2.4736273407 19.0662641701 0.3453188906 0.5255162131 6.5839411906 0.0022018010
0.4680000000 0.3453182076 1.5218349153 2.4736205903 19.0662601148 0.3453182076 0.5255173051 6.5839267676 0.0022556781
0.4700000000 0.3453175667 1.5218406992 2.4736142649 19.0662563579 0.3453175667 0.5255183271 6.5839132515 0.0023036323
0.4720000000 0.3453169673 1.5218461005 2.4736083580 19.0662528962 0.3453169673 0.5255192802 6.5839006287 0.0023493137
0.4740000000 0.3453164088 1.5218511255 2.4736028625 19.0662497261 0.3453164088 0.5255201653 6.5838888838 0.0023991486
0.4760000000 0.3453158903 1.5218557806 2.4735977716 19.0662468433 0.3453158903 0.5255209837 6.5838780025 0.0024603965
0.4780000000 0.3453154113 1.5218600708 2.4735930798 19.0662442440 0.3453154113 0.5255217363 6.5838679729 0.0025388037
0.4800000000 0.3453149715 1.5218639991 2.4735887837 19.0662419249 0.3453149715 0.5255224236 6.5838587877 0.0026374153
0.4820000000 0.3453145709 1.5218675669 2.4735848819 19.0662398845 0.3453145709 0.5255230458 6.5838504442 0.0027570996
0.4840000000 0.3453142094 1.5218707734 2.4735813750 19.0662381234 0.3453142094 0.5255236029 6.5838429436 0.0028979767
0.4860000000 0.3453138872 1.5218736170 2.4735782651 19.0662366439 0.3453138872 0.5255240945 6.5838362901 0.0030605143
0.4880000000 0.3453136047 1.5218760948 2.4735755552 19.0662354496 0.3453136047 0.5255245201 6.5838304902 0.0032455938
0.4900000000 0.3453133620 1.5218782035 2.4735732488 19.0662345444 0.3453133620 0.5255248790 6.5838255515 0.0034535879
0.4920000000 0.3453131596 1.5218799401 2.4735713494 19.0662339314 0.3453131596 0.5255251707 6.5838214812 0.0036829242
0.4940000000 0.3453129978 1.5218813021 2.4735698597 19.0662336124 0.3453129978 0.5255253947 6.5838182853 0.0039288037
0.4960000000 0.3453128766 1.5218822882 2.4735687810 19.0662335877 0.3453128766 0.5255255508 6.5838159664 0.0041827562
0.4980000000 0.3453127960 1.5218828998 2.4735681119 19.0662338560 0.3453127960 0.5255256393 6.5838145216 0.0044331886
0.5000000000 0.3453127554 1.5218831410 2.4735678478 19.0662344146 0.3453127554 0.5255256608 6.5838139411 0.0046670924
0.5020000000 0.3453127540 1.5218830197 2.4735679800 19.0662352588 0.3453127540 0.5255256169 6.5838142063 0.0045591962
0.5040000000 0.3453127905 1.5218825477 2.4735684959 19.0662363819 0.3453127905 0.5255255094 6.5838152902 0.0041052471
0.5060000000 0.3453128633 1.5218817393 2.4735693794 19.0662377746 0.3453128633 0.5255253410 6.5838171585 0.0036454390
0.5080000000 0.3453129703 1.5218806134 2.4735706103 19.0662394244 0.3453129703 0.5255251150 6.5838197680 0.0031967063
0.5100000000 0.3453131089 1.5218791933 2.4735721628 19.0662413137 0.3453131089 0.5255248356 6.5838230634 0.0027418171
0.5120000000 0.3453132759 1.5218775092 2.4735740040 19.0662434197 0.3453132759 0.5255245083 6.5838269748 0.0022648783
0.5140000000 0.3453134672 1.5218755987 2.4735760929 19.0662457135 0.3453134672 0.5255241397 6.5838314145 0.0017516038
0.5160000000 0.3453136778 1.5218735077 2.4735783790 19.0662481610 0.3453136778 0.5255237381 6.5838362748 0.0011907302
0.5180000000 0.3453139016 1.5218712917 2.4735808018 19.0662507224 0.3453139016 0.5255233135 6.5838414265 0.0005746259
0.5200000000 0.3453141316 1.5218690150 2.4735832910 19.0662533519 0.3453141316 0.5255228773 6.5838467194 0.0001003034
0.5220000000 0.3453143598 1.5218667500 2.4735857674 19.0662559981 0.3453143598 0.5255224425 6.5838519843 0.0008263318
0.5240000000 0.3453145778 1.5218645738 2.4735881467 19.0662586065 0.3453145778 0.5255220228 6.5838570414 0.0015743867
0.5260000000 0.3453147773 1.5218625623 2.4735903459 19.0662611229 0.3453147773 0.5255216318 6.5838617134 0.0023044350
0.5280000000 0.3453149508 1.5218607836 2.4735922905 19.0662634966 0.3453149508 0.5255212816 6.5838658410 0.0029747969
0.5300000000 0.3453150924 1.5218592925 2.4735939208 19.0662656858 0.3453150924 0.5255209822 6.5838692970 0.0035476464
0.5320000000 0.3453151981 1.5218581256 2.4735951964 19.0662676624 0.3453151981 0.5255207401 6.5838719953 0.0039878020
0.5340000000 0.3453152660 1.5218573001 2.4735960986 19.0662694161 0.3453152660 0.5255205585 6.5838738957 0.0042622716
0.5360000000 0.3453152963 1.5218568146 2.4735966292 19.0662709504 0.3453152963 0.5255204368 6.5838750020 0.0043280192
0.5380000000 0.3453152907 1.5218566517 2.4735968069 19.0662722787 0.3453152907 0.5255203721 6.5838753542 0.0039635296
0.5400000000 0.3453152523 1.5218567838 2.4735966620 19.0662734227 0.3453152523 0.5255203592 6.5838750168 0.0033541641
0.5420000000 0.3453151844 1.5218571788 2.4735962296 19.0662744118 0.3453151844 0.5255203924 6.5838740649 0.0028227280
0.5440000000 0.3453150906 1.5218578041 2.4735955453 19.0662752756 0.3453150906 0.5255204655 6.5838725739 0.0023747845
0.5460000000 0.3453149739 1.5218586311 2.4735946404 19.0662760336 0.3453149739 0.5255205735 6.5838706112 0.0020243264
0.5480000000 0.3453148371 1.5218596370 2.4735935398 19.0662766940 0.3453148371 0.5255207126 6.5838682300 0.0017884522
0.5500000000 0.3453146818 1.5218608058 2.4735922612 19.0662772673 0.3453146818 0.5255208799 6.5838654678 0.0016476033
0.5520000000 0.3453145091 1.5218621266 2.4735908162 19.0662777730 0.3453145091 0.5255210732 6.5838623496 0.0015309979
0.5540000000 0.3453143198 1.5218635904 2.4735892150 19.0662782271 0.3453143198 0.5255212905 6.5838588964 0.0013709425
0.5560000000 0.3453141152 1.5218651859 2.4735874697 19.0662786289 0.3453141152 0.5255215301 6.5838551349 0.0011647054
0.5580000000 0.3453138975 1.5218668960 2.4735855991 19.0662789779 0.3453138975 0.5255217894 6.5838511050 0.0009510669
0.5600000000 0.3453136690 1.5218686972 2.4735836289 19.0662793046 0.3453136690 0.5255220636 6.5838468615 0.0007278822
0.5620000000 0.3453134323 1.5218705603 2.4735815910 19.0662796649 0.3453134323 0.5255223466 6.5838424715 0.0004402039
0.5640000000 0.3453131905 1.5218724537 2.4735795200 19.0662800909 0.3453131905 0.5255226325 6.5838380090 0.0000779262
0.5660000000 0.3453129480 1.5218743452 2.4735774510 19.0662805665 0.3453129480 0.5255229166 6.5838335499 0.0002607859
0.5680000000 0.3453127089 1.5218762036 2.4735754182 19.0662810796 0.3453127089 0.5255231944 6.5838291675 0.0004747657
0.5700000000 0.3453124756 1.5218779992 2.4735734541 19.0662816877 0.3453124756 0.5255234595 6.5838249309 0.0006258507
0.5720000000 0.3453122500 1.5218797031 2.4735715902 19.0662824868 0.3453122500 0.5255237046 6.5838209053 0.0008972094
0.5740000000 0.3453120350 1.5218812880 2.4735698565 19.0662834998 0.3453120350 0.5255239246 6.5838171548 0.0013296326
0.5760000000 0.3453118351 1.5218827282 2.4735682810 19.0662846488 0.3453118351 0.5255241177 6.5838137415 0.0016981064
0.5780000000 0.3453116544 1.5218840001 2.4735668895 19.0662858859 0.3453116544 0.5255242818 6.5838107218 0.0017805649
0.5800000000 0.3453114931 1.5218850825 2.4735657052 19.0662873203 0.3453114931 0.5255244102 6.5838081432 0.0017291110
0.5820000000 0.3453113503 1.5218859570 2.4735647482 19.0662891297 0.3453113503 0.5255244949 6.5838060450 0.0019641231
0.5840000000 0.3453112275 1.5218866080 2.4735640357 19.0662913307 0.3453112275 0.5255245328 6.5838044637 0.0025837966
0.5860000000 0.3453111300 1.5218870228 2.4735635816 19.0662937323 0.3453111300 0.5255245276 6.5838034332 0.0030955166
0.5880000000 0.3453110616 1.5218871921 2.4735633958 19.0662961937 0.3453110616 0.5255244819 6.5838029786 0.0029562898
0.5900000000 0.3453110199 1.5218871111 2.4735634838 19.0662988685 0.3453110199 0.5255243905 6.5838031078 0.0023979495
0.5920000000 0.3453109990 1.5218867810 2.4735638442 19.0663020599 0.3453109990 0.5255242446 6.5838038109 0.0023193162
0.5940000000 0.3453109969 1.5218862107 2.4735644670 19.0663058088 0.3453109969 0.5255240446 6.5838050661 0.0029136355
0.5960000000 0.3453110182 1.5218854180 2.4735653333 19.0663097695 0.3453110182 0.5255238033 6.5838068396 0.0031400018
0.5980000000 0.3453110660 1.5218844298 2.4735664132 19.0663136055 0.3453110660 0.5255235347 6.5838090755 0.0021455258
0.6000000000 0.3453111331 1.5218832840 2.4735676654 19.0663174490 0.3453111331 0.5255232412 6.5838116815 0.0003861505
0.6020000000 0.3453112037 1.5218820301 2.4735690358 19.0663217968 0.3453112037 0.5255229158 6.5838145306 0.0007947736
0.6040000000 0.3453112666 1.5218807279 2.4735704590 19.0663268591 0.3453112666 0.5255225618 6.5838174769 0.0006579306
0.6060000000 0.3453113223 1.5218794450 2.4735718611 19.0663321698 0.3453113223 0.5255222035 6.5838203725 0.0001716694
0.6080000000 0.3453113754 1.5218782535 2.4735731633 19.0663370274 0.3453113754 0.5255218730 6.5838230633 0.0010975992
0.6100000000 0.3453114188 1.5218772246 2.4735742876 19.0663413533 0.3453114188 0.5255215837 6.5838253837 0.0037125792
0.6120000000 0.3453114310 1.5218764220 2.4735751646 19.0663458458 0.3453114310 0.5255213251 6.5838271684 0.0060024386
0.6140000000 0.3453113927 1.5218758994 2.4735757353 19.0663511724 0.3453113927 0.5255210863 6.5838282763 0.0054932239
0.6160000000 0.3453113037 1.5218756957 2.4735759573 19.0663570828 0.3453113037 0.5255208806 6.5838286212 0.0032463977
0.6180000000 0.3453111821 1.5218758319 2.4735758077 19.0663625154 0.3453111821 0.5255207425 6.5838281778 0.0018911236
0.6200000000 0.3453110413 1.5218763087 2.4735752855 19.0663667618 0.3453110413 0.5255206929 6.5838269599 0.0027769354
0.6220000000 0.3453108728 1.5218771093 2.4735744093 19.0663703733 0.3453108728 0.5255207129 6.5838249951 0.0047706277
0.6240000000 0.3453106531 1.5218782037 2.4735732118 19.0663747656 0.3453106531 0.5255207564 6.5838223218 0.0053723710
0.6260000000 0.3453103690 1.5218795541 2.4735717343 19.0663808574 0.3453103690 0.5255207904 6.5838190089 0.0034286662
0.6280000000 0.3453100391 1.5218811184 2.4735700228 19.0663879564 0.3453100391 0.5255208285 6.5838151702 0.0002412732
0.6300000000 0.3453097042 1.5218828557 2.4735681223 19.0663942063 0.3453097042 0.5255209188 6.5838109439 0.0016566169
0.6320000000 0.3453093913 1.5218847288 2.4735660730 19.0663984488 0.3453093913 0.5255210894 6.5838064429 0.0004261896
0.6340000000 0.3453090864 1.5218867064 2.4735639096 19.0664016089 0.3453090864 0.5255213082 6.5838017204 0.0030601636
0.6360000000 0.3453087440 1.5218887592 2.4735616639 19.0664062298 0.3453087440 0.5255214960 6.5837967885 0.0052531677
0.6380000000 0.3453083286 1.5218908592 2.4735593666 19.0664143404 0.3453083286 0.5255215888 6.5837916676 0.0037115476
0.6400000000 0.3453078544 1.5218929769 2.4735570499 19.0664253839 0.3453078544 0.5255215984 6.5837864397 0.0006362166
0.6420000000 0.3453073863 1.5218950800 2.4735547491 19.0664362016 0.3453073863 0.5255216123 6.5837812510 0.0047960065
0.6440000000 0.3453069879 1.5218971352 2.4735525009 19.0664437116 0.3453069879 0.5255217157 6.5837762490 0.0054839838
0.6460000000 0.3453066673 1.5218991072 2.4735503435 19.0664477237 0.3453066673 0.5255219087 6.5837715204 0.0007152078
0.6480000000 0.3453063616 1.5219009602 2.4735483162 19.0664517186 0.3453063616 0.5255220833 6.5837670722 0.0057979911
0.6500000000 0.3453059819 1.5219026616 2.4735464548 19.0664605248 0.3453059819 0.5255220929 6.5837628730 0.0079645396
0.6520000000 0.3453054816 1.5219041784 2.4735447953 19.0664767633 0.3453054816 0.5255218553 6.5837589419 0.0039282065
0.6540000000 0.3453049098 1.5219054784 2.4735433727 19.0664981006 0.3453049098 0.5255214339 6.5837554064 0.0039041425
0.6560000000 0.3453043960 1.5219065371 2.4735422140 19.0665179669 0.3453043960 0.5255210176 6.5837524711 0.0122697032
0.6580000000 0.3453040589 1.5219073317 2.4735413441 19.0665303640 0.3453040589 0.5255207788 6.5837503233 0.0165816222
0.6600000000 0.3453039187 1.5219078425 2.4735407844 19.0665343571 0.3453039187 0.5255207420 6.5837490302 0.0060154347
0.6620000000 0.3453038489 1.5219080494 2.4735405570 19.0665366477 0.3453038489 0.5255207071 6.5837484896 0.0146859726
0.6640000000 0.3453036367 1.5219079578 2.4735406560 19.0665482318 0.3453036367 0.5255203525 6.5837484433 0.0222857883
0.6660000000 0.3453031150 1.5219075661 2.4735410833 19.0665777854 0.3453031150 0.5255194233 6.5837487014 0.0152040832
0.6680000000 0.3453022933 1.5219068851 2.4735418268 19.0666247478 0.3453022933 0.5255179376 6.5837492507 0.0013114635
0.6700000000 0.3453014228 1.5219059431 2.4735428558 19.0666759097 0.3453014228 0.5255162875 6.5837503200 0.0146039531
0.6720000000 0.3453008264 1.5219047878 2.4735441181 19.0667142238 0.3453008264 0.5255149809 6.5837521779 0.0414907305
0.6740000000 0.3453007539 1.5219034733 2.4735455543 19.0667263806 0.3453007539 0.5255144167 6.5837549939 0.0521032685
0.6760000000 0.3453013803 1.5219020596 2.4735470992 19.0667029276 0.3453013803 0.5255148818 6.5837588385 0.0182838954
0.6780000000 0.3453024555 1.5219006273 2.4735486643 19.0666563157 0.3453024555 0.5255160236 6.5837632437 0.0165295949
0.6800000000 0.3453031788 1.5218992626 2.4735501555 19.0666275226 0.3453031788 0.5255166532 6.5837670922 0.0726703078
0.6820000000 0.3453025721 1.5218980318 2.4735515003 19.0666668511 0.3453025721 0.5255153048 6.5837691047 0.0722381534
0.6840000000 0.3452988795 1.5218970176 2.4735526081 19.0668648398 0.3452988795 0.5255093349 6.5837670650 0.0403918388
0.6860000000 0.3452909121 1.5218962877 2.4735534050 19.0672827339 0.3452909121 0.5254969573 6.5837594468 0.0144352217
0.6880000000 0.3452804064 1.5218958845 2.4735538446 19.0678302188 0.3452804064 0.5254808295 6.5837481673 0.0096672455
0.6900000000 0.3452713041 1.5218958110 2.4735539235 19.0683028290 0.3452713041 0.5254669514 6.5837377850 0.0432832067
0.6920000000 0.3452672603 1.5218960493 2.4735536616 19.0685110591 0.3452672603 0.5254608795 6.5837325722 0.1156550148
0.6940000000 0.3452752703 1.5218965846 2.4735530748 19.0680921261 0.3452752703 0.5254732546 6.5837406628 0.0794981697
0.6960000000 0.3453145535 1.5218974213 2.4735521584 19.0660493112 0.3453145535 0.5255333285 6.5837843048 0.0430441263
0.6980000000 0.3453986339 1.5218985091 2.4735509672 19.0616830087 0.3453986339 0.5256616660 6.5838792708 0.0175913121
0.7000000000 0.3455137739 1.5218998041 2.4735495490 19.0557084696 0.3455137739 0.5258373449 6.5840097486 0.0039442986
0.7020000000 0.3456239547 1.5219012593 2.4735479553 19.0499936095 0.3456239547 0.5260055319 6.5841341290 0.0272248150
0.7040000000 0.3456934838 1.5219028349 2.4735462295 19.0463849416 0.3456934838 0.5261118930 6.5842111645 0.1230697429
0.7060000000 0.3456809685 1.5219044894 2.4735444174 19.0470219965 0.3456809685 0.5260934178 6.5841930107 0.1127791341
0.7080000000 0.3454185195 1.5219062002 2.4735425443 19.0606030485 0.3454185195 0.5256945865 6.5838852860 0.0613476535
0.7100000000 0.3446174746 1.5219079240 2.4735406599 19.1022054131 0.3446174746 0.5244760654 6.5829537896 0.0366039784
0.7120000000 0.3431147140 1.5219096197 2.4735388125 19.1807854274 0.3431147140 0.5221895839 6.5812097067 0.0186692669
0.7140000000 0.3410423982 1.5219112482 2.4735370478 19.2902882947 0.3410423982 0.5190362619 6.5788061821 0.0037070513
0.7160000000 0.3388083445 1.5219127711 2.4735354088 19.4098395277 0.3388083445 0.5156367464 6.5762155968 0.0098417458
0.7180000000 0.3368777332 1.5219141562 2.4735339287 19.5144294206 0.3368777332 0.5126989911 6.5739767480 0.0273830096
0.7200000000 0.3356452581 1.5219153679 2.4735326426 19.5818253025 0.3356452581 0.5108236765 6.5725468082 0.1058555365
0.7220000000 0.3355572422 1.5219163949 2.4735315590 19.5866512932 0.3355572422 0.5106900683 6.5724426913 0.1245083386
0.7240000000 0.3387461113 1.5219171869 2.4735307254 19.4131648257 0.3387461113 0.5155435287 6.5761340920 0.0687374259
0.7260000000 0.3501911509 1.5219177000 2.4735301793 18.8165453837 0.3501911509 0.5329621109 6.5893876833 0.0456857889
0.7280000000 0.3753624605 1.5219179056 2.4735299475 17.6323933091 0.3753624605 0.5712708497 6.6185385362 0.0316258269
0.7300000000 0.4182213192 1.5219177621 2.4735300944 15.9441283394 0.4182213192 0.6364984541 6.6681743873 0.0216064719
0.7320000000 0.4796764959 1.5219172172 2.4735307334 14.0497771304 0.4796764959 0.7300279178 6.7393478621 0.0139017289
0.7340000000 0.5571792278 1.5219162165 2.4735320177 12.2565721008 0.5571792278 0.8479801023 6.8291073788 0.0077688348
0.7360000000 0.6455465073 1.5219147243 2.4735340949 10.7373372079 0.6455465073 0.9824667347 6.9314505319 0.0028603804
0.7380000000 0.7385260858 1.5219127613 2.4735370144 9.5313307749 0.7385260858 1.1239722746 7.0391364099 0.0009720677
0.7400000000 0.8303953594 1.5219104510 2.4735406105 8.6049820163 0.8303953594 1.2637873759 7.1455371340 0.0039307590
0.7420000000 0.9168867579 1.5219080382 2.4735444462 7.9025130162 0.9168867579 1.3954173270 7.2457095388 0.0063202985
0.7440000000 0.9952106365 1.5219058663 2.4735478312 7.3717276384 0.9952106365 1.5146169059 7.3364217550 0.0083446346
0.7460000000 1.0638422176 1.5219042902 2.4735499943 6.9708709012 1.0638422176 1.6190660351 7.4159067583 0.0101186157
0.7480000000 1.1222709592 1.5219035488 2.4735503762 6.6682404073 1.1222709592 1.7079881556 7.4835725583 0.0117114566
0.7500000000 1.1707407671 1.5219036903 2.4735488402 6.4401119653 1.1707407671 1.7817546939 7.5397016225 0.0131686291
0.7520000000 1.2100056642 1.5219046063 2.4735456458 6.2687043916 1.2100056642 1.8415131939 7.5851678208 0.0145223601
0.7540000000 1.2411188069 1.5219061221 2.4735412588 6.1405819535 1.2411188069 1.8888663105 7.6211917478 0.0157971898
0.7560000000 1.2652641843 1.5219080503 2.4735362005 6.0454928310 1.2652641843 1.9256157479 7.6491455556 0.0170131724
0.7580000000 1.2836328515 1.5219101945 2.4735309930 5.9755478429 1.2836328515 1.9535739226 7.6704095167 0.0181878128
0.7600000000 1.2973402115 1.5219123424 2.4735261393 5.9246419111 1.2973402115 1.9744380801 7.6862761900 0.0193372328
0.7620000000 1.3073777432 1.5219142631 2.4735221180 5.8880415782 1.3073777432 1.9897168346 7.6978945101 0.0204770163
0.7640000000 1.3145913064 1.5219157179 2.4735193661 5.8620839908 1.3145913064 2.0006971718 7.7062446516 0.0216231566
0.7660000000 1.3196782870 1.5219164741 2.4735182669 5.8439506054 1.3196782870 2.0084401255 7.7121347244 0.0227936891
0.7680000000 1.3231968405 1.5219163386 2.4735190996 5.8314917224 1.3231968405 2.0137948908 7.7162114226 0.0240113565
0.7700000000 1.3255819164 1.5219152146 2.4735219359 5.8230867075 1.3255819164 2.0174232868 7.7189784370 0.0253078862
0.7720000000 1.3271641865 1.5219131885 2.4735264652 5.8175304862 1.3271641865 2.0198286788 7.7208181154 0.0267312008
0.7740000000 1.3281892502 1.5219105951 2.4735318634 5.8139406744 1.3281892502 2.0213852922 7.7220135049 0.0283649134
0.7760000000 1.3288354204 1.5219079989 2.4735368409 5.8116821039 1.3288354204 2.0223652555 7.7227690318 0.0303737949
0.7780000000 1.3292292353 1.5219060113 2.4735400469 5.8103063780 1.3292292353 2.0229619637 7.7232291038 0.0330796039
0.7800000000 1.3294585408 1.5219050185 2.4735406594 5.8095036044 1.3294585408 2.0233096252 7.7234941849 0.0370550980
0.7820000000 1.3295833077 1.5219050546 2.4735386487 5.8090633948 1.3295833077 2.0234995566 7.7236337233 0.0433528169
0.7840000000 1.3296441158 1.5219059343 2.4735345132 5.8088442574 1.3296441158 2.0235932703 7.7236955863 0.0546639823
0.7860000000 1.3296680945 1.5219074206 2.4735289446 5.8087521796 1.3296680945 2.0236317399 7.7237124422 0.0856058537
0.7880000000 1.3296728647 1.5219092459 2.4735226846 5.8087265034 1.3296728647 2.0236414268 7.7237060104 0.1149452534
0.7900000000 1.3296657662 1.5219112299 2.4735162011 5.8087421607 1.3296657662 2.0236332616 7.7236855957 0.0342075455
0.7920000000 1.3296512145 1.5219130335 2.4735103346 5.8087847722 1.3296512145 2.0236135133 7.7236577269 0.0057738145
0.7940000000 1.3296348042 1.5219144416 2.4735056597 5.8088355236 1.3296348042 2.0235904105 7.7236298840 0.0013013527
0.7960000000 1.3296186818 1.5219152109 2.4735027590 5.8088876332 1.3296186818 2.0235668966 7.7236055177 0.0015370112
0.7980000000 1.3296029646 1.5219151331 2.4735020847 5.8089412235 1.3296029646 2.0235428728 7.7235854720 0.0029020632
0.8000000000 1.3295879531 1.5219140295 2.4735039792 5.8089956157 1.3295879531 2.0235185593 7.7235705903 0.0074593601
0.8020000000 1.3295746281 1.5219118980 2.4735083721 5.8090472427 1.3295746281 2.0234954459 7.7235618276 0.0130972438
0.8040000000 1.3295638635 1.5219089849 2.4735146375 5.8090922458 1.3295638635 2.0234751898 7.7235591298 0.0143503058
0.8060000000 1.3295554079 1.5219058669 2.4735214322 5.8091298555 1.3295554079 2.0234581756 7.7235600149 0.0036402967
0.8080000000 1.3295475401 1.5219034478 2.4735266882 5.8091635804 1.3295475401 2.0234429853 7.7235591483 0.0101950213
0.8100000000 1.3295382606 1.5219024269 2.4735287796 5.8091984212 1.3295382606 2.0234275055 7.7235515646 0.0133744975
0.8120000000 1.3295266568 1.5219029415 2.4735273464 5.8092371032 1.3295266568 2.0234105298 7.7235355845 0.0078783794
0.8140000000 1.3295133595 1.5219044661 2.4735235019 5.8092787133 1.3295133595 2.0233923196 7.7235136586 0.0002205870
0.8160000000 1.3294999284 1.5219065483 2.4735181475 5.8093188019 1.3294999284 2.0233746471 7.7234889314 0.0078174752
0.8180000000 1.3294880743 1.5219087552 2.4735120675 5.8093521992 1.3294880743 2.0233595401 7.7234644682 0.0134249300
0.8200000000 1.3294785913 1.5219108669 2.4735056792 5.8093765769 1.3294785913 2.0233479154 7.7234417879 0.0125348498
0.8220000000 1.3294709818 1.5219126320 2.4734997494 5.8093947353 1.3294709818 2.0233386812 7.7234217225 0.0028745168
0.8240000000 1.3294638286 1.5219138673 2.4734949904 5.8094126922 1.3294638286 2.0233294369 7.7234040400 0.0015281791
0.8260000000 1.3294564939 1.5219142709 2.4734919551 5.8094332604 1.3294564939 2.0233188106 7.7233887740 0.0062405887
0.8280000000 1.3294498583 1.5219136006 2.4734908173 5.8094533166 1.3294498583 2.0233078207 7.7233768886 0.0220771018
0.8300000000 1.3294453068 1.5219118729 2.4734917938 5.8094684478 1.3294453068 2.0232985968 7.7233705630 0.0459908254
0.8320000000 1.3294434183 1.5219094730 2.4734949434 5.8094773256 1.3294434183 2.0232925322 7.7233713942 0.0865443644
0.8340000000 1.3294437297 1.5219066679 2.4735001646 5.8094817850 1.3294437297 2.0232892768 7.7233791321 0.0120158900
0.8360000000 1.3294443838 1.5219040256 2.4735053596 5.8094852446 1.3294443838 2.0232867595 7.7233875312 0.0817488914
0.8380000000 1.3294432742 1.5219016392 2.4735082642 5.8094909569 1.3294432742 2.0232818983 7.7233886793 0.0629046174
0.8400000000 1.3294386970 1.5219001540 2.4735071507 5.8095026172 1.3294386970 2.0232729577 7.7233775897 0.0091018457
0.8420000000 1.3294329737 1.5219017297 2.4735057352 5.8095223783 1.3294329737 2.0232663422 7.7233706110 0.0446295776
0.8440000000 1.3294303360 1.5219068212 2.4735084850 5.8095445269 1.3294303360 2.0232690967 7.7233847323 0.0484546742
0.8460000000 1.3294296482 1.5219116820 2.4735082180 5.8095538286 1.3294296482 2.0232745121 7.7233931029 0.0817361236
0.8480000000 1.3294249068 1.5219093548 2.4734922715 5.8095368888 1.3294249068 2.0232642021 7.7233430369 0.0395791804
0.8500000000 1.3294138766 1.5219002479 2.4734619797 5.8095046572 1.3294138766 2.0232353084 7.7232361078 0.0747609561
0.8520000000 1.3294104060 1.5219031716 2.4734595032 5.8095165933 1.3294104060 2.0232339133 7.7232318129 0.1209444655
0.8540000000 1.3294367363 1.5219448908 2.4735426787 5.8096443733 1.3294367363 2.0233294485 7.7235546549 0.0210324598
0.8560000000 1.3294798417 1.5220059543 2.4736718500 5.8098293949 1.3294798417 2.0234762351 7.7240510640 0.1232406379
0.8580000000 1.3294458703 1.5219664382 2.4735903583 5.8097348701 1.3294458703 2.0233719961 7.7237280308 0.0834007771
0.8600000000 1.3292084922 1.5216725257 2.4729679057 5.8089475691 1.3292084922 2.0226200435 7.7213024393 0.0096495187
0.8620000000 1.3289873739 1.5213874528 2.4723752255 5.8081727846 1.3289873739 2.0219047156 7.7189882962 0.1243829867
0.8640000000 1.3294099828 1.5218937627 2.4734752958 5.8095334530 1.3294099828 2.0232207609 7.7232517678 0.0617517902
0.8660000000 1.3309966182 1.5238160225 2.4776318787 5.8147232134 1.3309966182 2.0281939728 7.7393769330 0.0452630569
0.8680000000 1.3318332081 1.5248657803 2.4798674222 5.8175965399 1.3318332081 2.0308668841 7.7480682634 0.1245209622
0.8700000000 1.3278339491 1.5200180569 2.4694823851 5.8046837787 1.3278339491 2.0183315793 7.7076561854 0.0427714320
0.8720000000 1.3181938979 1.5082922876 2.4444316463 5.7734213822 1.3181938979 1.9882216898 7.6104888362 0.1245305173
0.8740000000 1.3170297865 1.5069044978 2.4415180597 5.7698962270 1.3170297865 1.9846381089 7.5991251958 0.1241935977
0.8760000000 1.3485987121 1.5455463233 2.5245526205 5.8743119156 1.3485987121 2.0843217811 7.9220894840 0.0232245682
0.8780000000 1.4010892382 1.6079630227 2.6643985074 6.0469281559 1.4010892382 2.2528996866 8.4722859635 0.1245416082
0.8800000000 1.3674375384 1.5730155055 2.5851753850 5.9635023643 1.3674375384 2.1510004506 8.1547169930 0.0895943179
0.8820000000 1.0892717149 1.2238595142 1.8973658075 5.1035820709 1.0892717149 1.3331155518 5.5591875945 0.0081427867
0.8840000000 0.7325152692 0.5943135351 1.0537339180 3.7728908180 0.7325152692 0.4353437392 2.7637001332 0.0477949340
0.8860000000 0.5578220040 0.1574008830 0.6767798329 3.0455227662 0.5578220040 0.0878016760 1.6988596128 0.0767904856
0.8880000000 0.5107720868 0.0280791686 0.5889219385 2.8829026501 0.5107720868 0.0143420556 1.4725062026 0.0871175173
0.8900000000 0.5017611908 0.0044797340 0.5738374839 2.8591265541 0.5017611908 0.0022477567 1.4345987444 0.0901640627
0.8920000000 0.5002767740 0.0007005817 0.5714430534 2.8556347817 0.5002767740 0.0003504847 1.4286077564 0.0907456000
0.8940000000 0.5000429132 0.0001085389 0.5710686227 2.8550980771 0.5000429132 0.0000542741 1.4276715598 0.0905397484
0.8960000000 0.5000064637 0.0000163462 0.5710103345 2.8550147646 0.5000064637 0.0000081732 1.4275258363 0.0886347274
0.8980000000 0.5000008756 0.0000022142 0.5710013999 2.8550019998 0.5000008756 0.0000011071 1.4275034996 0.0771107756
0.9000000000 0.5000000897 0.0000002269 0.5710001435 2.8550002049 0.5000000897 0.0000001135 1.4275003586 0.0372621258
0.9020000000 0.5000000066 0.0000000167 0.5710000106 2.8550000151 0.5000000066 0.0000000084 1.4275000264 0.0060297245
0.9040000000 0.5000000004 0.0000000010 0.5710000007 2.8550000009 0.5000000004 0.0000000005 1.4275000016 0.0004853588
0.9060000000 0.5000000000 0.0000000001 0.5710000000 2.8550000001 0.5000000000 0.0000000000 1.4275000001 0.0000299914
0.9080000000 0.5000000000 0.0000000000 0.5710000000 2.8550000000 0.5000000000 0.0000000000 1.4275000000 0.0000017607
0.9100000000 0.5000000000 0.0000000000 0.5710000000 2.8550000000 0.5000000000 0.0000000000 1.4275000000 0.0000001029
0.9120000000 0.5000000000 0.0000000000 0.5710000000 2.8550000000 0.5000000000 0.0000000000 1.4275000000 0.0000000060
0.9140000000 0.5000000000 0.0000000000 0.5710000000 2.8550000000 0.5000000000 0.0000000000 1.4275000000 0.0000000004
0.9160000000 0.5000000000 0.0000000000 0.5710000000 2.8550000000 0.5000000000 0.0000000000 1.4275000000 0.0000000000
0.9180000000 0.5000000000 0.0000000000 0.5710000000 2.8550000000 0.5000000000 0.0000000000 1.4275000000 0.0000000000
0.9200000000 0.5000000000 0.0000000000 0.5710000000 2.8550000000 0.5000000000 0.0000000000 1.4275000000 0.0000000000
0.9220000000 0.5000000000 0.0000000000 0.5710000000 2.8550000000 0.5000000000 0.0000000000 1.4275000000 0.0000000000
0.9240000000 0.5000000000 0.0000000000 0.5710000000 2.8550000000 0.5000000000 0.0000000000 1.4275000000 0.0000000000
0.9260000000 0.5000000000 0.0000000000 0.5710000000 2.8550000000 0.5000000000 0.0000000000 1.4275000000 0.0000000000
0.9280000000 0.5000000000 0.0000000000 0.5710000000 2.8550000000 0.5000000000 0.0000000000 1.4275000000 0.0000000000
0.9300000000 0.5000000000 0.0000000000 0.5710000000 2.8550000000 0.5000000000 0.0000000000 1.4275000000 0.0000000000
0.9320000000 0.5000000000 0.0000000000 0.5710000000 2.8550000000 0.5000000000 0.0000000000 1.4275000000 0.0000000000
0.9340000000 0.5000000000 0.0000000000 0.5710000000 2.8550000000 0.5000000000 0.0000000000 1.4275000000 0.0000000000
0.9360000000 0.5000000000 0.0000000000 0.5710000000 2.8550000000 0.5000000000 0.0000000000 1.4275000000 0.0000000000
0.9380000000 0.5000000000 0.0000000000 0.5710000000 2.8550000000 0.5000000000 0.0000000000 1.4275000000 0.0000000000
0.9400000000 0.5000000000 0.0000000000 0.5710000000 2.8550000000 0.5000000000 0.0000000000 1.4275000000 0.0000000000
0.9420000000 0.5000000000 0.0000000000 0.5710000000 2.8550000000 0.5000000000 0.0000000000 1.4275000000 0.0000000000
0.9440000000 0.5000000000 0.0000000000 0.5710000000 2.8550000000 0.5000000000 0.0000000000 1.4275000000 0.0000000000
0.9460000000 0.5000000000 0.0000000000 0.5710000000 2.8550000000 0.5000000000 0.0000000000 1.4275000000 0.0000000000
0.9480000000 0.5000000000 0.0000000000 0.5710000000 2.8550000000 0.5000000000 0.0000000000 1.4275000000 0.0000000000
0.9500000000 0.5000000000 0.0000000000 0.5710000000 2.8550000000 0.5000000000 0.0000000000 1.4275000000 0.0000000000
0.9520000000 0.5000000000 0.0000000000 0.5710000000 2.8550000000 0.5000000000 0.0000000000 1.4275000000 0.0000000000
0.9540000000 0.5000000000 0.0000000000 0.5710000000 2.8550000000 0.5000000000 0.0000000000 1.4275000000 0.0000000000
0.9560000000 0.5000000000 0.0000000000 0.5710000000 2.8550000000 0.5000000000 0.0000000000 1.4275000000 0.0000000000
0.9580000000 0.5000000000 0.0000000000 0.5710000000 2.8550000000 0.5000000000 0.0000000000 1.4275000000 0.0000000000
0.9600000000 0.5000000000 0.0000000000 0.5710000000 2.8550000000 0.5000000000 0.0000000000 1.4275000000 0.0000000000
0.9620000000 0.5000000000 0.0000000000 0.5710000000 2.8550000000 0.5000000000 0.0000000000 1.4275000000 0.0000000000
0.9640000000 0.5000000000 0.0000000000 0.5710000000 2.8550000000 0.5000000000 0.0000000000 1.4275000000 0.0000000000
0.9660000000 0.5000000000 0.0000000000 0.5710000000 2.8550000000 0.5000000000 0.0000000000 1.4275000000 0.0000000000
0.9680000000 0.5000000000 0.0000000000 0.5710000000 2.8550000000 0.5000000000 0.0000000000 1.4275000000 0.0000000000
0.9700000000 0.5000000000 0.0000000000 0.5710000000 2.8550000000 0.5000000000 0.0000000000 1.4275000000 0.0000000000
0.9720000000 0.5000000000 0.0000000000 0.5710000000 2.8550000000 0.5000000000 0.0000000000 1.4275000000 0.0000000000
0.9740000000 0.5000000000 0.0000000000 0.5710000000 2.8550000000 0.5000000000 0.0000000000 1.4275000000 0.0000000000
0.9760000000 0.5000000000 0.0000000000 0.5710000000 2.8550000000 0.5000000000 0.0000000000 1.4275000000 0.0000000000
0.9780000000 0.5000000000 0.0000000000 0.5710000000 2.8550000000 0.5000000000 0.0000000000 1.4275000000 0.0000000000
0.9800000000 0.5000000000 0.0000000000 0.5710000000 2.8550000000 0.5000000000 0.0000000000 1.4275000000 0.0000000000
0.9820000000 0.5000000000 0.0000000000 0.5710000000 2.8550000000 0.5000000000 0.0000000000 1.4275000000 0.0000000000
0.9840000000 0.5000000000 0.0000000000 0.5710000000 2.8550000000 0.5000000000 0.0000000000 1.4275000000 0.0000000000
0.9860000000 0.5000000000 0.0000000000 0.5710000000 2.8550000000 0.5000000000 0.0000000000 1.4275000000 0.0000000000
0.9880000000 0.5000000000 0.0000000000 0.5710000000 2.8550000000 0.5000000000 0.0000000000 1.4275000000 0.0000000000
0.9900000000 0.5000000000 0.0000000000 0.5710000000 2.8550000000 0.5000000000 0.0000000000 1.4275000000 0.0000000000
0.9920000000 0.5000000000 0.0000000000 0.5710000000 2.8550000000 0.5000000000 0.0000000000 1.4275000000 0.0000000000
0.9940000000 0.5000000000 0.0000000000 0.5710000000 2.8550000000 0.5000000000 0.0000000000 1.4275000000 0.0000000000
0.9960000000 0.5000000000 0.0000000000 0.5710000000 2.8550000000 0.5000000000 0.0000000000 1.4275000000 0.0000000000
0.9980000000 0.5000000000 0.0000000000 0.5710000000 2.8550000000 0.5000000000 0.0000000000 1.4275000000 0.0000000000
1.0000000000 0.5000000000 0.0000000000 0.5710000000 2.8550000000 0.5000000000 0.0000000000 1.4275000000 0.0000000000
