TITLE = "Correct 1D Riemann Exact Solution"
VARIABLES = "X", "Density", "Velocity", "Pressure"
ZONE T="Exact", I=1001, F=POINT
0.000000000000000e+00	1.000000000000000e+00	-2.000000000000000e-01	5.000000000000000e-01
1.000000000000000e-03	1.000000000000000e+00	-2.000000000000000e-01	5.000000000000000e-01
2.000000000000000e-03	1.000000000000000e+00	-2.000000000000000e-01	5.000000000000000e-01
3.000000000000000e-03	1.000000000000000e+00	-2.000000000000000e-01	5.000000000000000e-01
4.000000000000000e-03	1.000000000000000e+00	-2.000000000000000e-01	5.000000000000000e-01
5.000000000000000e-03	1.000000000000000e+00	-2.000000000000000e-01	5.000000000000000e-01
6.000000000000000e-03	1.000000000000000e+00	-2.000000000000000e-01	5.000000000000000e-01
7.000000000000000e-03	1.000000000000000e+00	-2.000000000000000e-01	5.000000000000000e-01
8.000000000000000e-03	1.000000000000000e+00	-2.000000000000000e-01	5.000000000000000e-01
9.000000000000001e-03	1.000000000000000e+00	-2.000000000000000e-01	5.000000000000000e-01
1.000000000000000e-02	1.000000000000000e+00	-2.000000000000000e-01	5.000000000000000e-01
1.100000000000000e-02	1.000000000000000e+00	-2.000000000000000e-01	5.000000000000000e-01
1.200000000000000e-02	1.000000000000000e+00	-2.000000000000000e-01	5.000000000000000e-01
1.300000000000000e-02	1.000000000000000e+00	-2.000000000000000e-01	5.000000000000000e-01
1.400000000000000e-02	1.000000000000000e+00	-2.000000000000000e-01	5.000000000000000e-01
1.500000000000000e-02	1.000000000000000e+00	-2.000000000000000e-01	5.000000000000000e-01
1.600000000000000e-02	1.000000000000000e+00	-2.000000000000000e-01	5.000000000000000e-01
1.700000000000000e-02	1.000000000000000e+00	-2.000000000000000e-01	5.000000000000000e-01
1.800000000000000e-02	1.000000000000000e+00	-2.000000000000000e-01	5.000000000000000e-01
1.900000000000000e-02	1.000000000000000e+00	-2.000000000000000e-01	5.000000000000000e-01
2.000000000000000e-02	1.000000000000000e+00	-2.000000000000000e-01	5.000000000000000e-01
2.100000000000000e-02	1.000000000000000e+00	-2.000000000000000e-01	5.000000000000000e-01
2.200000000000000e-02	1.000000000000000e+00	-2.000000000000000e-01	5.000000000000000e-01
2.300000000000000e-02	1.000000000000000e+00	-2.000000000000000e-01	5.000000000000000e-01
2.400000000000000e-02	1.000000000000000e+00	-2.000000000000000e-01	5.000000000000000e-01
2.500000000000000e-02	1.000000000000000e+00	-2.000000000000000e-01	5.000000000000000e-01
2.600000000000000e-02	1.000000000000000e+00	-2.000000000000000e-01	5.000000000000000e-01
2.700000000000000e-02	1.000000000000000e+00	-2.000000000000000e-01	5.000000000000000e-01
2.800000000000000e-02	1.000000000000000e+00	-2.000000000000000e-01	5.000000000000000e-01
2.900000000000000e-02	1.000000000000000e+00	-2.000000000000000e-01	5.000000000000000e-01
3.000000000000000e-02	1.000000000000000e+00	-2.000000000000000e-01	5.000000000000000e-01
3.100000000000000e-02	1.000000000000000e+00	-2.000000000000000e-01	5.000000000000000e-01
3.200000000000000e-02	1.000000000000000e+00	-2.000000000000000e-01	5.000000000000000e-01
3.300000000000000e-02	1.000000000000000e+00	-2.000000000000000e-01	5.000000000000000e-01
3.400000000000000e-02	1.000000000000000e+00	-2.000000000000000e-01	5.000000000000000e-01
3.500000000000000e-02	1.000000000000000e+00	-2.000000000000000e-01	5.000000000000000e-01
3.600000000000000e-02	1.000000000000000e+00	-2.000000000000000e-01	5.000000000000000e-01
3.700000000000000e-02	1.000000000000000e+00	-2.000000000000000e-01	5.000000000000000e-01
3.800000000000000e-02	1.000000000000000e+00	-2.000000000000000e-01	5.000000000000000e-01
3.900000000000000e-02	1.000000000000000e+00	-2.000000000000000e-01	5.000000000000000e-01
4.000000000000000e-02	1.000000000000000e+00	-2.000000000000000e-01	5.000000000000000e-01
4.100000000000000e-02	1.000000000000000e+00	-2.000000000000000e-01	5.000000000000000e-01
4.200000000000000e-02	1.000000000000000e+00	-2.000000000000000e-01	5.000000000000000e-01
4.300000000000000e-02	1.000000000000000e+00	-2.000000000000000e-01	5.000000000000000e-01
4.400000000000000e-02	1.000000000000000e+00	-2.000000000000000e-01	5.000000000000000e-01
4.500000000000000e-02	1.000000000000000e+00	-2.000000000000000e-01	5.000000000000000e-01
4.600000000000000e-02	1.000000000000000e+00	-2.000000000000000e-01	5.000000000000000e-01
4.700000000000000e-02	1.000000000000000e+00	-2.000000000000000e-01	5.000000000000000e-01
4.800000000000000e-02	1.000000000000000e+00	-2.000000000000000e-01	5.000000000000000e-01
4.900000000000000e-02	1.000000000000000e+00	-2.000000000000000e-01	5.000000000000000e-01
5.000000000000000e-02	1.000000000000000e+00	-2.000000000000000e-01	5.000000000000000e-01
5.100000000000000e-02	1.000000000000000e+00	-2.000000000000000e-01	5.000000000000000e-01
5.200000000000000e-02	1.000000000000000e+00	-2.000000000000000e-01	5.000000000000000e-01
5.300000000000000e-02	1.000000000000000e+00	-2.000000000000000e-01	5.000000000000000e-01
5.400000000000000e-02	1.000000000000000e+00	-2.000000000000000e-01	5.000000000000000e-01
5.500000000000000e-02	1.000000000000000e+00	-2.000000000000000e-01	5.000000000000000e-01
5.600000000000000e-02	1.000000000000000e+00	-2.000000000000000e-01	5.000000000000000e-01
5.700000000000000e-02	1.000000000000000e+00	-2.000000000000000e-01	5.000000000000000e-01
5.800000000000000e-02	1.000000000000000e+00	-2.000000000000000e-01	5.000000000000000e-01
5.900000000000000e-02	1.000000000000000e+00	-2.000000000000000e-01	5.000000000000000e-01
6.000000000000000e-02	1.000000000000000e+00	-2.000000000000000e-01	5.000000000000000e-01
6.100000000000000e-02	1.000000000000000e+00	-2.000000000000000e-01	5.000000000000000e-01
6.200000000000000e-02	1.000000000000000e+00	-2.000000000000000e-01	5.000000000000000e-01
6.300000000000000e-02	1.000000000000000e+00	-2.000000000000000e-01	5.000000000000000e-01
6.400000000000000e-02	1.000000000000000e+00	-2.000000000000000e-01	5.000000000000000e-01
6.500000000000000e-02	1.000000000000000e+00	-2.000000000000000e-01	5.000000000000000e-01
6.600000000000000e-02	1.000000000000000e+00	-2.000000000000000e-01	5.000000000000000e-01
6.700000000000000e-02	1.000000000000000e+00	-2.000000000000000e-01	5.000000000000000e-01
6.800000000000000e-02	1.000000000000000e+00	-2.000000000000000e-01	5.000000000000000e-01
6.900000000000001e-02	1.000000000000000e+00	-2.000000000000000e-01	5.000000000000000e-01
7.000000000000001e-02	1.000000000000000e+00	-2.000000000000000e-01	5.000000000000000e-01
7.100000000000001e-02	1.000000000000000e+00	-2.000000000000000e-01	5.000000000000000e-01
7.200000000000001e-02	1.000000000000000e+00	-2.000000000000000e-01	5.000000000000000e-01
7.300000000000000e-02	1.000000000000000e+00	-2.000000000000000e-01	5.000000000000000e-01
7.400000000000000e-02	1.000000000000000e+00	-2.000000000000000e-01	5.000000000000000e-01
7.500000000000000e-02	1.000000000000000e+00	-2.000000000000000e-01	5.000000000000000e-01
7.600000000000000e-02	1.000000000000000e+00	-2.000000000000000e-01	5.000000000000000e-01
7.700000000000000e-02	1.000000000000000e+00	-2.000000000000000e-01	5.000000000000000e-01
7.800000000000000e-02	1.000000000000000e+00	-2.000000000000000e-01	5.000000000000000e-01
7.900000000000000e-02	1.000000000000000e+00	-2.000000000000000e-01	5.000000000000000e-01
8.000000000000000e-02	1.000000000000000e+00	-2.000000000000000e-01	5.000000000000000e-01
8.100000000000000e-02	1.000000000000000e+00	-2.000000000000000e-01	5.000000000000000e-01
8.200000000000000e-02	1.000000000000000e+00	-2.000000000000000e-01	5.000000000000000e-01
8.300000000000000e-02	1.000000000000000e+00	-2.000000000000000e-01	5.000000000000000e-01
8.400000000000001e-02	1.000000000000000e+00	-2.000000000000000e-01	5.000000000000000e-01
8.500000000000001e-02	1.000000000000000e+00	-2.000000000000000e-01	5.000000000000000e-01
8.600000000000001e-02	1.000000000000000e+00	-2.000000000000000e-01	5.000000000000000e-01
8.700000000000001e-02	1.000000000000000e+00	-2.000000000000000e-01	5.000000000000000e-01
8.799999999999999e-02	1.000000000000000e+00	-2.000000000000000e-01	5.000000000000000e-01
8.900000000000000e-02	1.000000000000000e+00	-2.000000000000000e-01	5.000000000000000e-01
9.000000000000000e-02	1.000000000000000e+00	-2.000000000000000e-01	5.000000000000000e-01
9.100000000000000e-02	1.000000000000000e+00	-2.000000000000000e-01	5.000000000000000e-01
9.200000000000000e-02	1.000000000000000e+00	-2.000000000000000e-01	5.000000000000000e-01
9.300000000000000e-02	1.000000000000000e+00	-2.000000000000000e-01	5.000000000000000e-01
9.400000000000000e-02	1.000000000000000e+00	-2.000000000000000e-01	5.000000000000000e-01
9.500000000000000e-02	1.000000000000000e+00	-2.000000000000000e-01	5.000000000000000e-01
9.600000000000000e-02	1.000000000000000e+00	-2.000000000000000e-01	5.000000000000000e-01
9.700000000000000e-02	1.000000000000000e+00	-2.000000000000000e-01	5.000000000000000e-01
9.800000000000000e-02	1.000000000000000e+00	-2.000000000000000e-01	5.000000000000000e-01
9.900000000000000e-02	1.000000000000000e+00	-2.000000000000000e-01	5.000000000000000e-01
1.000000000000000e-01	1.000000000000000e+00	-2.000000000000000e-01	5.000000000000000e-01
1.010000000000000e-01	1.000000000000000e+00	-2.000000000000000e-01	5.000000000000000e-01
1.020000000000000e-01	1.000000000000000e+00	-2.000000000000000e-01	5.000000000000000e-01
1.030000000000000e-01	1.000000000000000e+00	-2.000000000000000e-01	5.000000000000000e-01
1.040000000000000e-01	1.000000000000000e+00	-2.000000000000000e-01	5.000000000000000e-01
1.050000000000000e-01	1.000000000000000e+00	-2.000000000000000e-01	5.000000000000000e-01
1.060000000000000e-01	1.000000000000000e+00	-2.000000000000000e-01	5.000000000000000e-01
1.070000000000000e-01	1.000000000000000e+00	-2.000000000000000e-01	5.000000000000000e-01
1.080000000000000e-01	1.000000000000000e+00	-2.000000000000000e-01	5.000000000000000e-01
1.090000000000000e-01	1.000000000000000e+00	-2.000000000000000e-01	5.000000000000000e-01
1.100000000000000e-01	1.000000000000000e+00	-2.000000000000000e-01	5.000000000000000e-01
1.110000000000000e-01	1.000000000000000e+00	-2.000000000000000e-01	5.000000000000000e-01
1.120000000000000e-01	1.000000000000000e+00	-2.000000000000000e-01	5.000000000000000e-01
1.130000000000000e-01	1.000000000000000e+00	-2.000000000000000e-01	5.000000000000000e-01
1.140000000000000e-01	1.000000000000000e+00	-2.000000000000000e-01	5.000000000000000e-01
1.150000000000000e-01	1.000000000000000e+00	-2.000000000000000e-01	5.000000000000000e-01
1.160000000000000e-01	1.000000000000000e+00	-2.000000000000000e-01	5.000000000000000e-01
1.170000000000000e-01	1.000000000000000e+00	-2.000000000000000e-01	5.000000000000000e-01
1.180000000000000e-01	1.000000000000000e+00	-2.000000000000000e-01	5.000000000000000e-01
1.190000000000000e-01	1.000000000000000e+00	-2.000000000000000e-01	5.000000000000000e-01
1.200000000000000e-01	1.000000000000000e+00	-2.000000000000000e-01	5.000000000000000e-01
1.210000000000000e-01	1.000000000000000e+00	-2.000000000000000e-01	5.000000000000000e-01
1.220000000000000e-01	1.000000000000000e+00	-2.000000000000000e-01	5.000000000000000e-01
1.230000000000000e-01	1.000000000000000e+00	-2.000000000000000e-01	5.000000000000000e-01
1.240000000000000e-01	1.000000000000000e+00	-2.000000000000000e-01	5.000000000000000e-01
1.250000000000000e-01	1.000000000000000e+00	-2.000000000000000e-01	5.000000000000000e-01
1.260000000000000e-01	1.000000000000000e+00	-2.000000000000000e-01	5.000000000000000e-01
1.270000000000000e-01	1.000000000000000e+00	-2.000000000000000e-01	5.000000000000000e-01
1.280000000000000e-01	1.000000000000000e+00	-2.000000000000000e-01	5.000000000000000e-01
1.290000000000000e-01	1.000000000000000e+00	-2.000000000000000e-01	5.000000000000000e-01
1.300000000000000e-01	1.000000000000000e+00	-2.000000000000000e-01	5.000000000000000e-01
1.310000000000000e-01	1.000000000000000e+00	-2.000000000000000e-01	5.000000000000000e-01
1.320000000000000e-01	1.000000000000000e+00	-2.000000000000000e-01	5.000000000000000e-01
1.330000000000000e-01	1.000000000000000e+00	-2.000000000000000e-01	5.000000000000000e-01
1.340000000000000e-01	1.000000000000000e+00	-2.000000000000000e-01	5.000000000000000e-01
1.350000000000000e-01	1.000000000000000e+00	-2.000000000000000e-01	5.000000000000000e-01
1.360000000000000e-01	1.000000000000000e+00	-2.000000000000000e-01	5.000000000000000e-01
1.370000000000000e-01	1.000000000000000e+00	-2.000000000000000e-01	5.000000000000000e-01
1.380000000000000e-01	1.000000000000000e+00	-2.000000000000000e-01	5.000000000000000e-01
1.390000000000000e-01	1.000000000000000e+00	-2.000000000000000e-01	5.000000000000000e-01
1.400000000000000e-01	1.000000000000000e+00	-2.000000000000000e-01	5.000000000000000e-01
1.410000000000000e-01	1.000000000000000e+00	-2.000000000000000e-01	5.000000000000000e-01
1.420000000000000e-01	1.000000000000000e+00	-2.000000000000000e-01	5.000000000000000e-01
1.430000000000000e-01	1.000000000000000e+00	-2.000000000000000e-01	5.000000000000000e-01
1.440000000000000e-01	1.000000000000000e+00	-2.000000000000000e-01	5.000000000000000e-01
1.450000000000000e-01	1.000000000000000e+00	-2.000000000000000e-01	5.000000000000000e-01
1.460000000000000e-01	1.000000000000000e+00	-2.000000000000000e-01	5.000000000000000e-01
1.470000000000000e-01	1.000000000000000e+00	-2.000000000000000e-01	5.000000000000000e-01
1.480000000000000e-01	1.000000000000000e+00	-2.000000000000000e-01	5.000000000000000e-01
1.490000000000000e-01	1.000000000000000e+00	-2.000000000000000e-01	5.000000000000000e-01
1.500000000000000e-01	1.000000000000000e+00	-2.000000000000000e-01	5.000000000000000e-01
1.510000000000000e-01	1.000000000000000e+00	-2.000000000000000e-01	5.000000000000000e-01
1.520000000000000e-01	1.000000000000000e+00	-2.000000000000000e-01	5.000000000000000e-01
1.530000000000000e-01	1.000000000000000e+00	-2.000000000000000e-01	5.000000000000000e-01
1.540000000000000e-01	1.000000000000000e+00	-2.000000000000000e-01	5.000000000000000e-01
1.550000000000000e-01	1.000000000000000e+00	-2.000000000000000e-01	5.000000000000000e-01
1.560000000000000e-01	1.000000000000000e+00	-2.000000000000000e-01	5.000000000000000e-01
1.570000000000000e-01	1.000000000000000e+00	-2.000000000000000e-01	5.000000000000000e-01
1.580000000000000e-01	1.000000000000000e+00	-2.000000000000000e-01	5.000000000000000e-01
1.590000000000000e-01	1.000000000000000e+00	-2.000000000000000e-01	5.000000000000000e-01
1.600000000000000e-01	1.000000000000000e+00	-2.000000000000000e-01	5.000000000000000e-01
1.610000000000000e-01	1.000000000000000e+00	-2.000000000000000e-01	5.000000000000000e-01
1.620000000000000e-01	1.000000000000000e+00	-2.000000000000000e-01	5.000000000000000e-01
1.630000000000000e-01	1.000000000000000e+00	-2.000000000000000e-01	5.000000000000000e-01
1.640000000000000e-01	1.000000000000000e+00	-2.000000000000000e-01	5.000000000000000e-01
1.650000000000000e-01	1.000000000000000e+00	-2.000000000000000e-01	5.000000000000000e-01
1.660000000000000e-01	1.000000000000000e+00	-2.000000000000000e-01	5.000000000000000e-01
1.670000000000000e-01	1.000000000000000e+00	-2.000000000000000e-01	5.000000000000000e-01
1.680000000000000e-01	1.000000000000000e+00	-2.000000000000000e-01	5.000000000000000e-01
1.690000000000000e-01	1.000000000000000e+00	-2.000000000000000e-01	5.000000000000000e-01
1.700000000000000e-01	1.000000000000000e+00	-2.000000000000000e-01	5.000000000000000e-01
1.710000000000000e-01	1.000000000000000e+00	-2.000000000000000e-01	5.000000000000000e-01
1.720000000000000e-01	1.000000000000000e+00	-2.000000000000000e-01	5.000000000000000e-01
1.730000000000000e-01	1.000000000000000e+00	-2.000000000000000e-01	5.000000000000000e-01
1.740000000000000e-01	1.000000000000000e+00	-2.000000000000000e-01	5.000000000000000e-01
1.750000000000000e-01	1.000000000000000e+00	-2.000000000000000e-01	5.000000000000000e-01
1.760000000000000e-01	1.000000000000000e+00	-2.000000000000000e-01	5.000000000000000e-01
1.770000000000000e-01	1.000000000000000e+00	-2.000000000000000e-01	5.000000000000000e-01
1.780000000000000e-01	1.000000000000000e+00	-2.000000000000000e-01	5.000000000000000e-01
1.790000000000000e-01	1.000000000000000e+00	-2.000000000000000e-01	5.000000000000000e-01
1.800000000000000e-01	1.000000000000000e+00	-2.000000000000000e-01	5.000000000000000e-01
1.810000000000000e-01	1.000000000000000e+00	-2.000000000000000e-01	5.000000000000000e-01
1.820000000000000e-01	1.000000000000000e+00	-2.000000000000000e-01	5.000000000000000e-01
1.830000000000000e-01	1.000000000000000e+00	-2.000000000000000e-01	5.000000000000000e-01
1.840000000000000e-01	1.000000000000000e+00	-2.000000000000000e-01	5.000000000000000e-01
1.850000000000000e-01	1.000000000000000e+00	-2.000000000000000e-01	5.000000000000000e-01
1.860000000000000e-01	1.000000000000000e+00	-2.000000000000000e-01	5.000000000000000e-01
1.870000000000000e-01	1.000000000000000e+00	-2.000000000000000e-01	5.000000000000000e-01
1.880000000000000e-01	1.000000000000000e+00	-2.000000000000000e-01	5.000000000000000e-01
1.890000000000000e-01	1.000000000000000e+00	-2.000000000000000e-01	5.000000000000000e-01
1.900000000000000e-01	1.000000000000000e+00	-2.000000000000000e-01	5.000000000000000e-01
1.910000000000000e-01	1.000000000000000e+00	-2.000000000000000e-01	5.000000000000000e-01
1.920000000000000e-01	1.000000000000000e+00	-2.000000000000000e-01	5.000000000000000e-01
1.930000000000000e-01	1.000000000000000e+00	-2.000000000000000e-01	5.000000000000000e-01
1.940000000000000e-01	1.000000000000000e+00	-2.000000000000000e-01	5.000000000000000e-01
1.950000000000000e-01	1.000000000000000e+00	-2.000000000000000e-01	5.000000000000000e-01
1.960000000000000e-01	1.000000000000000e+00	-2.000000000000000e-01	5.000000000000000e-01
1.970000000000000e-01	1.000000000000000e+00	-2.000000000000000e-01	5.000000000000000e-01
1.980000000000000e-01	1.000000000000000e+00	-2.000000000000000e-01	5.000000000000000e-01
1.990000000000000e-01	1.000000000000000e+00	-2.000000000000000e-01	5.000000000000000e-01
2.000000000000000e-01	1.000000000000000e+00	-2.000000000000000e-01	5.000000000000000e-01
2.010000000000000e-01	1.000000000000000e+00	-2.000000000000000e-01	5.000000000000000e-01
2.020000000000000e-01	1.000000000000000e+00	-2.000000000000000e-01	5.000000000000000e-01
2.030000000000000e-01	1.000000000000000e+00	-2.000000000000000e-01	5.000000000000000e-01
2.040000000000000e-01	1.000000000000000e+00	-2.000000000000000e-01	5.000000000000000e-01
2.050000000000000e-01	1.000000000000000e+00	-2.000000000000000e-01	5.000000000000000e-01
2.060000000000000e-01	1.000000000000000e+00	-2.000000000000000e-01	5.000000000000000e-01
2.070000000000000e-01	1.000000000000000e+00	-2.000000000000000e-01	5.000000000000000e-01
2.080000000000000e-01	1.000000000000000e+00	-2.000000000000000e-01	5.000000000000000e-01
2.090000000000000e-01	1.000000000000000e+00	-2.000000000000000e-01	5.000000000000000e-01
2.100000000000000e-01	1.000000000000000e+00	-2.000000000000000e-01	5.000000000000000e-01
2.110000000000000e-01	1.000000000000000e+00	-2.000000000000000e-01	5.000000000000000e-01
2.120000000000000e-01	1.000000000000000e+00	-2.000000000000000e-01	5.000000000000000e-01
2.130000000000000e-01	1.000000000000000e+00	-2.000000000000000e-01	5.000000000000000e-01
2.140000000000000e-01	1.000000000000000e+00	-2.000000000000000e-01	5.000000000000000e-01
2.150000000000000e-01	1.000000000000000e+00	-2.000000000000000e-01	5.000000000000000e-01
2.160000000000000e-01	1.000000000000000e+00	-2.000000000000000e-01	5.000000000000000e-01
2.170000000000000e-01	1.000000000000000e+00	-2.000000000000000e-01	5.000000000000000e-01
2.180000000000000e-01	1.000000000000000e+00	-2.000000000000000e-01	5.000000000000000e-01
2.190000000000000e-01	1.000000000000000e+00	-2.000000000000000e-01	5.000000000000000e-01
2.200000000000000e-01	1.000000000000000e+00	-2.000000000000000e-01	5.000000000000000e-01
2.210000000000000e-01	1.000000000000000e+00	-2.000000000000000e-01	5.000000000000000e-01
2.220000000000000e-01	1.000000000000000e+00	-2.000000000000000e-01	5.000000000000000e-01
2.230000000000000e-01	1.000000000000000e+00	-2.000000000000000e-01	5.000000000000000e-01
2.240000000000000e-01	1.000000000000000e+00	-2.000000000000000e-01	5.000000000000000e-01
2.250000000000000e-01	1.000000000000000e+00	-2.000000000000000e-01	5.000000000000000e-01
2.260000000000000e-01	1.000000000000000e+00	-2.000000000000000e-01	5.000000000000000e-01
2.270000000000000e-01	1.000000000000000e+00	-2.000000000000000e-01	5.000000000000000e-01
2.280000000000000e-01	1.000000000000000e+00	-2.000000000000000e-01	5.000000000000000e-01
2.290000000000000e-01	1.000000000000000e+00	-2.000000000000000e-01	5.000000000000000e-01
2.300000000000000e-01	1.000000000000000e+00	-2.000000000000000e-01	5.000000000000000e-01
2.310000000000000e-01	1.000000000000000e+00	-2.000000000000000e-01	5.000000000000000e-01
2.320000000000000e-01	1.000000000000000e+00	-2.000000000000000e-01	5.000000000000000e-01
2.330000000000000e-01	1.000000000000000e+00	-2.000000000000000e-01	5.000000000000000e-01
2.340000000000000e-01	1.000000000000000e+00	-2.000000000000000e-01	5.000000000000000e-01
2.350000000000000e-01	1.000000000000000e+00	-2.000000000000000e-01	5.000000000000000e-01
2.360000000000000e-01	1.000000000000000e+00	-2.000000000000000e-01	5.000000000000000e-01
2.370000000000000e-01	1.000000000000000e+00	-2.000000000000000e-01	5.000000000000000e-01
2.380000000000000e-01	1.000000000000000e+00	-2.000000000000000e-01	5.000000000000000e-01
2.390000000000000e-01	1.000000000000000e+00	-2.000000000000000e-01	5.000000000000000e-01
2.400000000000000e-01	1.000000000000000e+00	-2.000000000000000e-01	5.000000000000000e-01
2.410000000000000e-01	1.000000000000000e+00	-2.000000000000000e-01	5.000000000000000e-01
2.420000000000000e-01	1.000000000000000e+00	-2.000000000000000e-01	5.000000000000000e-01
2.430000000000000e-01	1.000000000000000e+00	-2.000000000000000e-01	5.000000000000000e-01
2.440000000000000e-01	1.000000000000000e+00	-2.000000000000000e-01	5.000000000000000e-01
2.450000000000000e-01	1.000000000000000e+00	-2.000000000000000e-01	5.000000000000000e-01
2.460000000000000e-01	1.000000000000000e+00	-2.000000000000000e-01	5.000000000000000e-01
2.470000000000000e-01	1.000000000000000e+00	-2.000000000000000e-01	5.000000000000000e-01
2.480000000000000e-01	1.000000000000000e+00	-2.000000000000000e-01	5.000000000000000e-01
2.490000000000000e-01	1.000000000000000e+00	-2.000000000000000e-01	5.000000000000000e-01
2.500000000000000e-01	1.000000000000000e+00	-2.000000000000000e-01	5.000000000000000e-01
2.510000000000000e-01	1.000000000000000e+00	-2.000000000000000e-01	5.000000000000000e-01
2.520000000000000e-01	1.000000000000000e+00	-2.000000000000000e-01	5.000000000000000e-01
2.530000000000000e-01	1.000000000000000e+00	-2.000000000000000e-01	5.000000000000000e-01
2.540000000000000e-01	1.000000000000000e+00	-2.000000000000000e-01	5.000000000000000e-01
2.550000000000000e-01	1.000000000000000e+00	-2.000000000000000e-01	5.000000000000000e-01
2.560000000000000e-01	1.000000000000000e+00	-2.000000000000000e-01	5.000000000000000e-01
2.570000000000000e-01	1.000000000000000e+00	-2.000000000000000e-01	5.000000000000000e-01
2.580000000000000e-01	1.000000000000000e+00	-2.000000000000000e-01	5.000000000000000e-01
2.590000000000000e-01	1.000000000000000e+00	-2.000000000000000e-01	5.000000000000000e-01
2.600000000000000e-01	1.000000000000000e+00	-2.000000000000000e-01	5.000000000000000e-01
2.610000000000000e-01	1.000000000000000e+00	-2.000000000000000e-01	5.000000000000000e-01
2.620000000000000e-01	1.000000000000000e+00	-2.000000000000000e-01	5.000000000000000e-01
2.630000000000000e-01	1.000000000000000e+00	-2.000000000000000e-01	5.000000000000000e-01
2.640000000000000e-01	1.000000000000000e+00	-2.000000000000000e-01	5.000000000000000e-01
2.650000000000000e-01	1.000000000000000e+00	-2.000000000000000e-01	5.000000000000000e-01
2.660000000000000e-01	1.000000000000000e+00	-2.000000000000000e-01	5.000000000000000e-01
2.670000000000000e-01	1.000000000000000e+00	-2.000000000000000e-01	5.000000000000000e-01
2.680000000000000e-01	1.000000000000000e+00	-2.000000000000000e-01	5.000000000000000e-01
2.690000000000000e-01	1.000000000000000e+00	-2.000000000000000e-01	5.000000000000000e-01
2.700000000000000e-01	1.000000000000000e+00	-2.000000000000000e-01	5.000000000000000e-01
2.710000000000000e-01	1.000000000000000e+00	-2.000000000000000e-01	5.000000000000000e-01
2.720000000000000e-01	1.000000000000000e+00	-2.000000000000000e-01	5.000000000000000e-01
2.730000000000000e-01	1.000000000000000e+00	-2.000000000000000e-01	5.000000000000000e-01
2.740000000000000e-01	1.000000000000000e+00	-2.000000000000000e-01	5.000000000000000e-01
2.750000000000000e-01	1.000000000000000e+00	-2.000000000000000e-01	5.000000000000000e-01
2.760000000000000e-01	1.000000000000000e+00	-2.000000000000000e-01	5.000000000000000e-01
2.770000000000000e-01	1.000000000000000e+00	-2.000000000000000e-01	5.000000000000000e-01
2.780000000000000e-01	1.000000000000000e+00	-2.000000000000000e-01	5.000000000000000e-01
2.790000000000000e-01	1.000000000000000e+00	-2.000000000000000e-01	5.000000000000000e-01
2.800000000000000e-01	1.000000000000000e+00	-2.000000000000000e-01	5.000000000000000e-01
2.810000000000000e-01	1.000000000000000e+00	-2.000000000000000e-01	5.000000000000000e-01
2.820000000000000e-01	1.000000000000000e+00	-2.000000000000000e-01	5.000000000000000e-01
2.830000000000000e-01	1.000000000000000e+00	-2.000000000000000e-01	5.000000000000000e-01
2.840000000000000e-01	1.000000000000000e+00	-2.000000000000000e-01	5.000000000000000e-01
2.850000000000000e-01	1.000000000000000e+00	-2.000000000000000e-01	5.000000000000000e-01
2.860000000000000e-01	1.000000000000000e+00	-2.000000000000000e-01	5.000000000000000e-01
2.870000000000000e-01	1.000000000000000e+00	-2.000000000000000e-01	5.000000000000000e-01
2.880000000000000e-01	1.000000000000000e+00	-2.000000000000000e-01	5.000000000000000e-01
2.890000000000000e-01	1.000000000000000e+00	-2.000000000000000e-01	5.000000000000000e-01
2.900000000000000e-01	1.000000000000000e+00	-2.000000000000000e-01	5.000000000000000e-01
2.910000000000000e-01	1.000000000000000e+00	-2.000000000000000e-01	5.000000000000000e-01
2.920000000000000e-01	1.000000000000000e+00	-2.000000000000000e-01	5.000000000000000e-01
2.930000000000000e-01	9.983476671606500e-01	-1.986166445549370e-01	4.988437493673860e-01
2.940000000000000e-01	9.933840330217710e-01	-1.944499778882704e-01	4.953749591878933e-01
2.950000000000000e-01	9.884401612965111e-01	-1.902833112216037e-01	4.919268645433985e-01
2.960000000000000e-01	9.835159929138890e-01	-1.861166445549371e-01	4.884993624364710e-01
2.970000000000000e-01	9.786114689207542e-01	-1.819499778882703e-01	4.850923502801680e-01
2.980000000000000e-01	9.737265304816637e-01	-1.777833112216037e-01	4.817057258968032e-01
2.990000000000000e-01	9.688611188787691e-01	-1.736166445549370e-01	4.783393875167238e-01
3.000000000000000e-01	9.640151755116998e-01	-1.694499778882704e-01	4.749932337770872e-01
3.010000000000000e-01	9.591886418974400e-01	-1.652833112216037e-01	4.716671637206378e-01
3.020000000000000e-01	9.543814596702159e-01	-1.611166445549371e-01	4.683610767944907e-01
3.030000000000000e-01	9.495935705813762e-01	-1.569499778882704e-01	4.650748728489152e-01
3.040000000000000e-01	9.448249164992731e-01	-1.527833112216037e-01	4.618084521361205e-01
3.050000000000000e-01	9.400754394091495e-01	-1.486166445549371e-01	4.585617153090466e-01
3.060000000000000e-01	9.353450814130152e-01	-1.444499778882704e-01	4.553345634201533e-01
3.070000000000000e-01	9.306337847295326e-01	-1.402833112216037e-01	4.521268979202152e-01
3.080000000000000e-01	9.259414916938993e-01	-1.361166445549370e-01	4.489386206571178e-01
3.090000000000000e-01	9.212681447577306e-01	-1.319499778882704e-01	4.457696338746572e-01
3.100000000000000e-01	9.166136864889382e-01	-1.277833112216037e-01	4.426198402113379e-01
3.110000000000000e-01	9.119780595716185e-01	-1.236166445549370e-01	4.394891426991808e-01
3.120000000000000e-01	9.073612068059294e-01	-1.194499778882704e-01	4.363774447625250e-01
3.130000000000000e-01	9.027630711079776e-01	-1.152833112216037e-01	4.332846502168396e-01
3.140000000000000e-01	8.981835955096974e-01	-1.111166445549370e-01	4.302106632675320e-01
3.150000000000000e-01	8.936227231587320e-01	-1.069499778882703e-01	4.271553885087607e-01
3.160000000000000e-01	8.890803973183220e-01	-1.027833112216037e-01	4.241187309222544e-01
3.170000000000000e-01	8.845565613671804e-01	-9.861664455493700e-02	4.211005958761257e-01
3.180000000000000e-01	8.800511587993816e-01	-9.444997788827034e-02	4.181008891236950e-01
3.190000000000000e-01	8.755641332242379e-01	-9.028331122160366e-02	4.151195168023106e-01
3.200000000000000e-01	8.710954283661843e-01	-8.611664455493699e-02	4.121563854321746e-01
3.210000000000000e-01	8.666449880646637e-01	-8.194997788827033e-02	4.092114019151725e-01
3.220000000000000e-01	8.622127562740038e-01	-7.778331122160365e-02	4.062844735337001e-01
3.230000000000000e-01	8.577986770633053e-01	-7.361664455493698e-02	4.033755079494986e-01
3.240000000000000e-01	8.534026946163185e-01	-6.944997788827031e-02	4.004844132024872e-01
3.250000000000000e-01	8.490247532313293e-01	-6.528331122160363e-02	3.976110977096013e-01
3.260000000000000e-01	8.446647973210422e-01	-6.111664455493697e-02	3.947554702636331e-01
3.270000000000000e-01	8.403227714124583e-01	-5.694997788827030e-02	3.919174400320703e-01
3.280000000000000e-01	8.359986201467634e-01	-5.278331122160362e-02	3.890969165559445e-01
3.290000000000000e-01	8.316922882792062e-01	-4.861664455493696e-02	3.862938097486750e-01
3.300000000000000e-01	8.274037206789810e-01	-4.444997788827029e-02	3.835080298949183e-01
3.310000000000000e-01	8.231328623291141e-01	-4.028331122160361e-02	3.807394876494216e-01
3.320000000000000e-01	8.188796583263389e-01	-3.611664455493695e-02	3.779880940358727e-01
3.330000000000000e-01	8.146440538809863e-01	-3.194997788827027e-02	3.752537604457608e-01
3.340000000000000e-01	8.104259943168614e-01	-2.778331122160360e-02	3.725363986372311e-01
3.350000000000000e-01	8.062254250711270e-01	-2.361664455493693e-02	3.698359207339479e-01
3.360000000000000e-01	8.020422916941891e-01	-1.944997788827026e-02	3.671522392239580e-01
3.370000000000000e-01	7.978765398495742e-01	-1.528331122160359e-02	3.644852669585543e-01
3.380000000000000e-01	7.937281153138170e-01	-1.111664455493692e-02	3.618349171511468e-01
3.390000000000000e-01	7.895969639763373e-01	-6.949977888270250e-03	3.592011033761296e-01
3.400000000000000e-01	7.854830318393262e-01	-2.783311221603579e-03	3.565837395677560e-01
3.410000000000000e-01	7.813862650176286e-01	1.383355445063091e-03	3.539827400190136e-01
3.420000000000000e-01	7.773066097386230e-01	5.550022111729762e-03	3.513980193804996e-01
3.430000000000000e-01	7.732440123421066e-01	9.716688778396432e-03	3.488294926593035e-01
3.440000000000000e-01	7.691984192801744e-01	1.388335544506310e-02	3.462770752178856e-01
3.450000000000000e-01	7.651697771171040e-01	1.805002211172977e-02	3.437406827729644e-01
3.460000000000000e-01	7.611580325292394e-01	2.221668877839644e-02	3.412202313944029e-01
3.470000000000000e-01	7.571631323048685e-01	2.638335544506312e-02	3.387156375040957e-01
3.480000000000000e-01	7.531850233441114e-01	3.055002211172978e-02	3.362268178748634e-01
3.490000000000000e-01	7.492236526587972e-01	3.471668877839645e-02	3.337536896293435e-01
3.500000000000000e-01	7.452789673723499e-01	3.888335544506313e-02	3.312961702388884e-01
3.510000000000000e-01	7.413509147196702e-01	4.305002211172980e-02	3.288541775224629e-01
3.520000000000000e-01	7.374394420470168e-01	4.721668877839619e-02	3.264276296455454e-01
3.530000000000000e-01	7.335444968118896e-01	5.138335544506286e-02	3.240164451190308e-01
3.540000000000000e-01	7.296660265829120e-01	5.555002211172953e-02	3.216205427981355e-01
3.550000000000000e-01	7.258039790397127e-01	5.971668877839620e-02	3.192398418813053e-01
3.560000000000000e-01	7.219583019728097e-01	6.388335544506288e-02	3.168742619091263e-01
3.570000000000000e-01	7.181289432834904e-01	6.805002211172954e-02	3.145237227632356e-01
3.580000000000000e-01	7.143158509836951e-01	7.221668877839621e-02	3.121881446652370e-01
3.590000000000000e-01	7.105189731958997e-01	7.638335544506289e-02	3.098674481756173e-01
3.600000000000000e-01	7.067382581529974e-01	8.055002211172956e-02	3.075615541926661e-01
3.610000000000000e-01	7.029736541981811e-01	8.471668877839622e-02	3.052703839513969e-01
3.620000000000000e-01	6.992251097848279e-01	8.888335544506290e-02	3.029938590224716e-01
3.630000000000000e-01	6.982685161453088e-01	8.994949120119192e-02	3.024136945605278e-01
3.640000000000000e-01	6.982685161453088e-01	8.994949120119192e-02	3.024136945605278e-01
3.650000000000000e-01	6.982685161453088e-01	8.994949120119192e-02	3.024136945605278e-01
3.660000000000000e-01	6.982685161453088e-01	8.994949120119192e-02	3.024136945605278e-01
3.670000000000000e-01	6.982685161453088e-01	8.994949120119192e-02	3.024136945605278e-01
3.680000000000000e-01	6.982685161453088e-01	8.994949120119192e-02	3.024136945605278e-01
3.690000000000000e-01	6.982685161453088e-01	8.994949120119192e-02	3.024136945605278e-01
3.700000000000000e-01	6.982685161453088e-01	8.994949120119192e-02	3.024136945605278e-01
3.710000000000000e-01	6.982685161453088e-01	8.994949120119192e-02	3.024136945605278e-01
3.720000000000000e-01	6.982685161453088e-01	8.994949120119192e-02	3.024136945605278e-01
3.730000000000000e-01	6.982685161453088e-01	8.994949120119192e-02	3.024136945605278e-01
3.740000000000000e-01	6.982685161453088e-01	8.994949120119192e-02	3.024136945605278e-01
3.750000000000000e-01	6.982685161453088e-01	8.994949120119192e-02	3.024136945605278e-01
3.760000000000000e-01	6.982685161453088e-01	8.994949120119192e-02	3.024136945605278e-01
3.770000000000000e-01	6.982685161453088e-01	8.994949120119192e-02	3.024136945605278e-01
3.780000000000000e-01	6.982685161453088e-01	8.994949120119192e-02	3.024136945605278e-01
3.790000000000000e-01	6.982685161453088e-01	8.994949120119192e-02	3.024136945605278e-01
3.800000000000000e-01	6.982685161453088e-01	8.994949120119192e-02	3.024136945605278e-01
3.810000000000000e-01	6.982685161453088e-01	8.994949120119192e-02	3.024136945605278e-01
3.820000000000000e-01	6.982685161453088e-01	8.994949120119192e-02	3.024136945605278e-01
3.830000000000000e-01	6.982685161453088e-01	8.994949120119192e-02	3.024136945605278e-01
3.840000000000000e-01	6.982685161453088e-01	8.994949120119192e-02	3.024136945605278e-01
3.850000000000000e-01	6.982685161453088e-01	8.994949120119192e-02	3.024136945605278e-01
3.860000000000000e-01	6.982685161453088e-01	8.994949120119192e-02	3.024136945605278e-01
3.870000000000000e-01	6.982685161453088e-01	8.994949120119192e-02	3.024136945605278e-01
3.880000000000000e-01	6.982685161453088e-01	8.994949120119192e-02	3.024136945605278e-01
3.890000000000000e-01	6.982685161453088e-01	8.994949120119192e-02	3.024136945605278e-01
3.900000000000000e-01	6.982685161453088e-01	8.994949120119192e-02	3.024136945605278e-01
3.910000000000000e-01	6.982685161453088e-01	8.994949120119192e-02	3.024136945605278e-01
3.920000000000000e-01	6.982685161453088e-01	8.994949120119192e-02	3.024136945605278e-01
3.930000000000000e-01	6.982685161453088e-01	8.994949120119192e-02	3.024136945605278e-01
3.940000000000000e-01	6.982685161453088e-01	8.994949120119192e-02	3.024136945605278e-01
3.950000000000000e-01	6.982685161453088e-01	8.994949120119192e-02	3.024136945605278e-01
3.960000000000000e-01	6.982685161453088e-01	8.994949120119192e-02	3.024136945605278e-01
3.970000000000000e-01	6.982685161453088e-01	8.994949120119192e-02	3.024136945605278e-01
3.980000000000000e-01	6.982685161453088e-01	8.994949120119192e-02	3.024136945605278e-01
3.990000000000000e-01	6.982685161453088e-01	8.994949120119192e-02	3.024136945605278e-01
4.000000000000000e-01	6.982685161453088e-01	8.994949120119192e-02	3.024136945605278e-01
4.010000000000000e-01	6.982685161453088e-01	8.994949120119192e-02	3.024136945605278e-01
4.020000000000000e-01	6.982685161453088e-01	8.994949120119192e-02	3.024136945605278e-01
4.030000000000000e-01	6.982685161453088e-01	8.994949120119192e-02	3.024136945605278e-01
4.040000000000000e-01	6.982685161453088e-01	8.994949120119192e-02	3.024136945605278e-01
4.050000000000000e-01	6.982685161453088e-01	8.994949120119192e-02	3.024136945605278e-01
4.060000000000000e-01	6.982685161453088e-01	8.994949120119192e-02	3.024136945605278e-01
4.070000000000000e-01	6.982685161453088e-01	8.994949120119192e-02	3.024136945605278e-01
4.080000000000000e-01	6.982685161453088e-01	8.994949120119192e-02	3.024136945605278e-01
4.090000000000000e-01	6.982685161453088e-01	8.994949120119192e-02	3.024136945605278e-01
4.100000000000000e-01	6.982685161453088e-01	8.994949120119192e-02	3.024136945605278e-01
4.110000000000000e-01	6.982685161453088e-01	8.994949120119192e-02	3.024136945605278e-01
4.120000000000000e-01	6.982685161453088e-01	8.994949120119192e-02	3.024136945605278e-01
4.130000000000000e-01	6.982685161453088e-01	8.994949120119192e-02	3.024136945605278e-01
4.140000000000000e-01	6.982685161453088e-01	8.994949120119192e-02	3.024136945605278e-01
4.150000000000000e-01	6.982685161453088e-01	8.994949120119192e-02	3.024136945605278e-01
4.160000000000000e-01	6.982685161453088e-01	8.994949120119192e-02	3.024136945605278e-01
4.170000000000000e-01	6.982685161453088e-01	8.994949120119192e-02	3.024136945605278e-01
4.180000000000000e-01	6.982685161453088e-01	8.994949120119192e-02	3.024136945605278e-01
4.190000000000000e-01	6.982685161453088e-01	8.994949120119192e-02	3.024136945605278e-01
4.200000000000000e-01	6.982685161453088e-01	8.994949120119192e-02	3.024136945605278e-01
4.210000000000000e-01	6.982685161453088e-01	8.994949120119192e-02	3.024136945605278e-01
4.220000000000000e-01	6.982685161453088e-01	8.994949120119192e-02	3.024136945605278e-01
4.230000000000000e-01	6.982685161453088e-01	8.994949120119192e-02	3.024136945605278e-01
4.240000000000000e-01	6.982685161453088e-01	8.994949120119192e-02	3.024136945605278e-01
4.250000000000000e-01	6.982685161453088e-01	8.994949120119192e-02	3.024136945605278e-01
4.260000000000000e-01	6.982685161453088e-01	8.994949120119192e-02	3.024136945605278e-01
4.270000000000000e-01	6.982685161453088e-01	8.994949120119192e-02	3.024136945605278e-01
4.280000000000000e-01	6.982685161453088e-01	8.994949120119192e-02	3.024136945605278e-01
4.290000000000000e-01	6.982685161453088e-01	8.994949120119192e-02	3.024136945605278e-01
4.300000000000000e-01	6.982685161453088e-01	8.994949120119192e-02	3.024136945605278e-01
4.310000000000000e-01	6.982685161453088e-01	8.994949120119192e-02	3.024136945605278e-01
4.320000000000000e-01	6.982685161453088e-01	8.994949120119192e-02	3.024136945605278e-01
4.330000000000000e-01	6.982685161453088e-01	8.994949120119192e-02	3.024136945605278e-01
4.340000000000000e-01	6.982685161453088e-01	8.994949120119192e-02	3.024136945605278e-01
4.350000000000000e-01	6.982685161453088e-01	8.994949120119192e-02	3.024136945605278e-01
4.360000000000000e-01	6.982685161453088e-01	8.994949120119192e-02	3.024136945605278e-01
4.370000000000000e-01	6.982685161453088e-01	8.994949120119192e-02	3.024136945605278e-01
4.380000000000000e-01	6.982685161453088e-01	8.994949120119192e-02	3.024136945605278e-01
4.390000000000000e-01	6.982685161453088e-01	8.994949120119192e-02	3.024136945605278e-01
4.400000000000000e-01	6.982685161453088e-01	8.994949120119192e-02	3.024136945605278e-01
4.410000000000000e-01	6.982685161453088e-01	8.994949120119192e-02	3.024136945605278e-01
4.420000000000000e-01	6.982685161453088e-01	8.994949120119192e-02	3.024136945605278e-01
4.430000000000000e-01	6.982685161453088e-01	8.994949120119192e-02	3.024136945605278e-01
4.440000000000000e-01	6.982685161453088e-01	8.994949120119192e-02	3.024136945605278e-01
4.450000000000000e-01	6.982685161453088e-01	8.994949120119192e-02	3.024136945605278e-01
4.460000000000000e-01	6.982685161453088e-01	8.994949120119192e-02	3.024136945605278e-01
4.470000000000000e-01	6.982685161453088e-01	8.994949120119192e-02	3.024136945605278e-01
4.480000000000000e-01	6.982685161453088e-01	8.994949120119192e-02	3.024136945605278e-01
4.490000000000000e-01	6.982685161453088e-01	8.994949120119192e-02	3.024136945605278e-01
4.500000000000000e-01	6.982685161453088e-01	8.994949120119192e-02	3.024136945605278e-01
4.510000000000000e-01	6.982685161453088e-01	8.994949120119192e-02	3.024136945605278e-01
4.520000000000000e-01	6.982685161453088e-01	8.994949120119192e-02	3.024136945605278e-01
4.530000000000000e-01	6.982685161453088e-01	8.994949120119192e-02	3.024136945605278e-01
4.540000000000000e-01	6.982685161453088e-01	8.994949120119192e-02	3.024136945605278e-01
4.550000000000000e-01	6.982685161453088e-01	8.994949120119192e-02	3.024136945605278e-01
4.560000000000000e-01	6.982685161453088e-01	8.994949120119192e-02	3.024136945605278e-01
4.570000000000000e-01	6.982685161453088e-01	8.994949120119192e-02	3.024136945605278e-01
4.580000000000000e-01	6.982685161453088e-01	8.994949120119192e-02	3.024136945605278e-01
4.590000000000000e-01	6.982685161453088e-01	8.994949120119192e-02	3.024136945605278e-01
4.600000000000000e-01	6.982685161453088e-01	8.994949120119192e-02	3.024136945605278e-01
4.610000000000000e-01	6.982685161453088e-01	8.994949120119192e-02	3.024136945605278e-01
4.620000000000000e-01	6.982685161453088e-01	8.994949120119192e-02	3.024136945605278e-01
4.630000000000000e-01	6.982685161453088e-01	8.994949120119192e-02	3.024136945605278e-01
4.640000000000000e-01	6.982685161453088e-01	8.994949120119192e-02	3.024136945605278e-01
4.650000000000000e-01	6.982685161453088e-01	8.994949120119192e-02	3.024136945605278e-01
4.660000000000000e-01	6.982685161453088e-01	8.994949120119192e-02	3.024136945605278e-01
4.670000000000000e-01	6.982685161453088e-01	8.994949120119192e-02	3.024136945605278e-01
4.680000000000000e-01	6.982685161453088e-01	8.994949120119192e-02	3.024136945605278e-01
4.690000000000000e-01	6.982685161453088e-01	8.994949120119192e-02	3.024136945605278e-01
4.700000000000000e-01	6.982685161453088e-01	8.994949120119192e-02	3.024136945605278e-01
4.710000000000000e-01	6.982685161453088e-01	8.994949120119192e-02	3.024136945605278e-01
4.720000000000000e-01	6.982685161453088e-01	8.994949120119192e-02	3.024136945605278e-01
4.730000000000000e-01	6.982685161453088e-01	8.994949120119192e-02	3.024136945605278e-01
4.740000000000000e-01	6.982685161453088e-01	8.994949120119192e-02	3.024136945605278e-01
4.750000000000000e-01	6.982685161453088e-01	8.994949120119192e-02	3.024136945605278e-01
4.760000000000000e-01	6.982685161453088e-01	8.994949120119192e-02	3.024136945605278e-01
4.770000000000000e-01	6.982685161453088e-01	8.994949120119192e-02	3.024136945605278e-01
4.780000000000000e-01	6.982685161453088e-01	8.994949120119192e-02	3.024136945605278e-01
4.790000000000000e-01	6.982685161453088e-01	8.994949120119192e-02	3.024136945605278e-01
4.800000000000000e-01	6.982685161453088e-01	8.994949120119192e-02	3.024136945605278e-01
4.810000000000000e-01	6.982685161453088e-01	8.994949120119192e-02	3.024136945605278e-01
4.820000000000000e-01	6.982685161453088e-01	8.994949120119192e-02	3.024136945605278e-01
4.830000000000000e-01	6.982685161453088e-01	8.994949120119192e-02	3.024136945605278e-01
4.840000000000000e-01	6.982685161453088e-01	8.994949120119192e-02	3.024136945605278e-01
4.850000000000000e-01	6.982685161453088e-01	8.994949120119192e-02	3.024136945605278e-01
4.860000000000000e-01	6.982685161453088e-01	8.994949120119192e-02	3.024136945605278e-01
4.870000000000000e-01	6.982685161453088e-01	8.994949120119192e-02	3.024136945605278e-01
4.880000000000000e-01	6.982685161453088e-01	8.994949120119192e-02	3.024136945605278e-01
4.890000000000000e-01	6.982685161453088e-01	8.994949120119192e-02	3.024136945605278e-01
4.900000000000000e-01	6.982685161453088e-01	8.994949120119192e-02	3.024136945605278e-01
4.910000000000000e-01	6.982685161453088e-01	8.994949120119192e-02	3.024136945605278e-01
4.920000000000000e-01	6.982685161453088e-01	8.994949120119192e-02	3.024136945605278e-01
4.930000000000000e-01	6.982685161453088e-01	8.994949120119192e-02	3.024136945605278e-01
4.940000000000000e-01	6.982685161453088e-01	8.994949120119192e-02	3.024136945605278e-01
4.950000000000000e-01	6.982685161453088e-01	8.994949120119192e-02	3.024136945605278e-01
4.960000000000000e-01	6.982685161453088e-01	8.994949120119192e-02	3.024136945605278e-01
4.970000000000000e-01	6.982685161453088e-01	8.994949120119192e-02	3.024136945605278e-01
4.980000000000000e-01	6.982685161453088e-01	8.994949120119192e-02	3.024136945605278e-01
4.990000000000000e-01	6.982685161453088e-01	8.994949120119192e-02	3.024136945605278e-01
5.000000000000000e-01	6.982685161453088e-01	8.994949120119192e-02	3.024136945605278e-01
5.010000000000000e-01	6.982685161453088e-01	8.994949120119192e-02	3.024136945605278e-01
5.020000000000000e-01	6.982685161453088e-01	8.994949120119192e-02	3.024136945605278e-01
5.030000000000000e-01	6.982685161453088e-01	8.994949120119192e-02	3.024136945605278e-01
5.040000000000000e-01	6.982685161453088e-01	8.994949120119192e-02	3.024136945605278e-01
5.050000000000000e-01	6.982685161453088e-01	8.994949120119192e-02	3.024136945605278e-01
5.060000000000000e-01	6.982685161453088e-01	8.994949120119192e-02	3.024136945605278e-01
5.070000000000000e-01	6.982685161453088e-01	8.994949120119192e-02	3.024136945605278e-01
5.080000000000000e-01	6.982685161453088e-01	8.994949120119192e-02	3.024136945605278e-01
5.090000000000000e-01	6.982685161453088e-01	8.994949120119192e-02	3.024136945605278e-01
5.100000000000000e-01	6.982685161453088e-01	8.994949120119192e-02	3.024136945605278e-01
5.110000000000000e-01	6.982685161453088e-01	8.994949120119192e-02	3.024136945605278e-01
5.120000000000000e-01	6.982685161453088e-01	8.994949120119192e-02	3.024136945605278e-01
5.130000000000000e-01	6.982685161453088e-01	8.994949120119192e-02	3.024136945605278e-01
5.140000000000000e-01	6.982685161453088e-01	8.994949120119192e-02	3.024136945605278e-01
5.150000000000000e-01	6.982685161453088e-01	8.994949120119192e-02	3.024136945605278e-01
5.160000000000000e-01	6.982685161453088e-01	8.994949120119192e-02	3.024136945605278e-01
5.170000000000000e-01	6.982685161453088e-01	8.994949120119192e-02	3.024136945605278e-01
5.180000000000000e-01	3.491342588258197e-01	8.994949120119192e-02	3.024136945605278e-01
5.190000000000000e-01	3.491342588258197e-01	8.994949120119192e-02	3.024136945605278e-01
5.200000000000000e-01	3.491342588258197e-01	8.994949120119192e-02	3.024136945605278e-01
5.210000000000000e-01	3.491342588258197e-01	8.994949120119192e-02	3.024136945605278e-01
5.220000000000000e-01	3.491342588258197e-01	8.994949120119192e-02	3.024136945605278e-01
5.230000000000000e-01	3.491342588258197e-01	8.994949120119192e-02	3.024136945605278e-01
5.240000000000000e-01	3.491342588258197e-01	8.994949120119192e-02	3.024136945605278e-01
5.250000000000000e-01	3.491342588258197e-01	8.994949120119192e-02	3.024136945605278e-01
5.260000000000000e-01	3.491342588258197e-01	8.994949120119192e-02	3.024136945605278e-01
5.270000000000000e-01	3.491342588258197e-01	8.994949120119192e-02	3.024136945605278e-01
5.280000000000000e-01	3.491342588258197e-01	8.994949120119192e-02	3.024136945605278e-01
5.290000000000000e-01	3.491342588258197e-01	8.994949120119192e-02	3.024136945605278e-01
5.300000000000000e-01	3.491342588258197e-01	8.994949120119192e-02	3.024136945605278e-01
5.310000000000000e-01	3.491342588258197e-01	8.994949120119192e-02	3.024136945605278e-01
5.320000000000000e-01	3.491342588258197e-01	8.994949120119192e-02	3.024136945605278e-01
5.330000000000000e-01	3.491342588258197e-01	8.994949120119192e-02	3.024136945605278e-01
5.340000000000000e-01	3.491342588258197e-01	8.994949120119192e-02	3.024136945605278e-01
5.350000000000000e-01	3.491342588258197e-01	8.994949120119192e-02	3.024136945605278e-01
5.360000000000000e-01	3.491342588258197e-01	8.994949120119192e-02	3.024136945605278e-01
5.370000000000000e-01	3.491342588258197e-01	8.994949120119192e-02	3.024136945605278e-01
5.380000000000000e-01	3.491342588258197e-01	8.994949120119192e-02	3.024136945605278e-01
5.390000000000000e-01	3.491342588258197e-01	8.994949120119192e-02	3.024136945605278e-01
5.400000000000000e-01	3.491342588258197e-01	8.994949120119192e-02	3.024136945605278e-01
5.410000000000000e-01	3.491342588258197e-01	8.994949120119192e-02	3.024136945605278e-01
5.420000000000000e-01	3.491342588258197e-01	8.994949120119192e-02	3.024136945605278e-01
5.430000000000000e-01	3.491342588258197e-01	8.994949120119192e-02	3.024136945605278e-01
5.440000000000000e-01	3.491342588258197e-01	8.994949120119192e-02	3.024136945605278e-01
5.450000000000000e-01	3.491342588258197e-01	8.994949120119192e-02	3.024136945605278e-01
5.460000000000000e-01	3.491342588258197e-01	8.994949120119192e-02	3.024136945605278e-01
5.470000000000000e-01	3.491342588258197e-01	8.994949120119192e-02	3.024136945605278e-01
5.480000000000000e-01	3.491342588258197e-01	8.994949120119192e-02	3.024136945605278e-01
5.490000000000000e-01	3.491342588258197e-01	8.994949120119192e-02	3.024136945605278e-01
5.500000000000000e-01	3.491342588258197e-01	8.994949120119192e-02	3.024136945605278e-01
5.510000000000000e-01	3.491342588258197e-01	8.994949120119192e-02	3.024136945605278e-01
5.520000000000000e-01	3.491342588258197e-01	8.994949120119192e-02	3.024136945605278e-01
5.530000000000000e-01	3.491342588258197e-01	8.994949120119192e-02	3.024136945605278e-01
5.540000000000000e-01	3.491342588258197e-01	8.994949120119192e-02	3.024136945605278e-01
5.550000000000000e-01	3.491342588258197e-01	8.994949120119192e-02	3.024136945605278e-01
5.560000000000000e-01	3.491342588258197e-01	8.994949120119192e-02	3.024136945605278e-01
5.570000000000001e-01	3.491342588258197e-01	8.994949120119192e-02	3.024136945605278e-01
5.580000000000001e-01	3.491342588258197e-01	8.994949120119192e-02	3.024136945605278e-01
5.590000000000001e-01	3.491342588258197e-01	8.994949120119192e-02	3.024136945605278e-01
5.600000000000001e-01	3.491342588258197e-01	8.994949120119192e-02	3.024136945605278e-01
5.610000000000001e-01	3.491342588258197e-01	8.994949120119192e-02	3.024136945605278e-01
5.620000000000001e-01	3.491342588258197e-01	8.994949120119192e-02	3.024136945605278e-01
5.630000000000001e-01	3.491342588258197e-01	8.994949120119192e-02	3.024136945605278e-01
5.640000000000001e-01	3.491342588258197e-01	8.994949120119192e-02	3.024136945605278e-01
5.650000000000001e-01	3.491342588258197e-01	8.994949120119192e-02	3.024136945605278e-01
5.660000000000001e-01	3.491342588258197e-01	8.994949120119192e-02	3.024136945605278e-01
5.670000000000001e-01	3.491342588258197e-01	8.994949120119192e-02	3.024136945605278e-01
5.680000000000001e-01	3.491342588258197e-01	8.994949120119192e-02	3.024136945605278e-01
5.690000000000001e-01	3.491342588258197e-01	8.994949120119192e-02	3.024136945605278e-01
5.700000000000001e-01	3.491342588258197e-01	8.994949120119192e-02	3.024136945605278e-01
5.710000000000001e-01	3.491342588258197e-01	8.994949120119192e-02	3.024136945605278e-01
5.720000000000001e-01	3.491342588258197e-01	8.994949120119192e-02	3.024136945605278e-01
5.730000000000001e-01	3.491342588258197e-01	8.994949120119192e-02	3.024136945605278e-01
5.740000000000001e-01	3.491342588258197e-01	8.994949120119192e-02	3.024136945605278e-01
5.750000000000001e-01	3.491342588258197e-01	8.994949120119192e-02	3.024136945605278e-01
5.760000000000001e-01	3.491342588258197e-01	8.994949120119192e-02	3.024136945605278e-01
5.770000000000000e-01	3.491342588258197e-01	8.994949120119192e-02	3.024136945605278e-01
5.780000000000000e-01	3.491342588258197e-01	8.994949120119192e-02	3.024136945605278e-01
5.790000000000000e-01	3.491342588258197e-01	8.994949120119192e-02	3.024136945605278e-01
5.800000000000000e-01	3.491342588258197e-01	8.994949120119192e-02	3.024136945605278e-01
5.810000000000000e-01	3.491342588258197e-01	8.994949120119192e-02	3.024136945605278e-01
5.820000000000000e-01	3.491342588258197e-01	8.994949120119192e-02	3.024136945605278e-01
5.830000000000000e-01	3.491342588258197e-01	8.994949120119192e-02	3.024136945605278e-01
5.840000000000000e-01	3.491342588258197e-01	8.994949120119192e-02	3.024136945605278e-01
5.850000000000000e-01	3.491342588258197e-01	8.994949120119192e-02	3.024136945605278e-01
5.860000000000000e-01	3.491342588258197e-01	8.994949120119192e-02	3.024136945605278e-01
5.870000000000000e-01	3.491342588258197e-01	8.994949120119192e-02	3.024136945605278e-01
5.880000000000000e-01	3.491342588258197e-01	8.994949120119192e-02	3.024136945605278e-01
5.890000000000000e-01	3.491342588258197e-01	8.994949120119192e-02	3.024136945605278e-01
5.900000000000000e-01	3.491342588258197e-01	8.994949120119192e-02	3.024136945605278e-01
5.910000000000000e-01	3.491342588258197e-01	8.994949120119192e-02	3.024136945605278e-01
5.920000000000000e-01	3.491342588258197e-01	8.994949120119192e-02	3.024136945605278e-01
5.930000000000000e-01	3.491342588258197e-01	8.994949120119192e-02	3.024136945605278e-01
5.940000000000000e-01	3.491342588258197e-01	8.994949120119192e-02	3.024136945605278e-01
5.950000000000000e-01	3.491342588258197e-01	8.994949120119192e-02	3.024136945605278e-01
5.960000000000000e-01	3.491342588258197e-01	8.994949120119192e-02	3.024136945605278e-01
5.970000000000000e-01	3.491342588258197e-01	8.994949120119192e-02	3.024136945605278e-01
5.980000000000000e-01	3.491342588258197e-01	8.994949120119192e-02	3.024136945605278e-01
5.990000000000000e-01	3.491342588258197e-01	8.994949120119192e-02	3.024136945605278e-01
6.000000000000000e-01	3.491342588258197e-01	8.994949120119192e-02	3.024136945605278e-01
6.010000000000000e-01	3.491342588258197e-01	8.994949120119192e-02	3.024136945605278e-01
6.020000000000000e-01	3.491342588258197e-01	8.994949120119192e-02	3.024136945605278e-01
6.030000000000000e-01	3.491342588258197e-01	8.994949120119192e-02	3.024136945605278e-01
6.040000000000000e-01	3.491342588258197e-01	8.994949120119192e-02	3.024136945605278e-01
6.050000000000000e-01	3.491342588258197e-01	8.994949120119192e-02	3.024136945605278e-01
6.060000000000000e-01	3.491342588258197e-01	8.994949120119192e-02	3.024136945605278e-01
6.070000000000000e-01	3.491342588258197e-01	8.994949120119192e-02	3.024136945605278e-01
6.080000000000000e-01	3.491342588258197e-01	8.994949120119192e-02	3.024136945605278e-01
6.090000000000000e-01	3.491342588258197e-01	8.994949120119192e-02	3.024136945605278e-01
6.100000000000000e-01	3.491342588258197e-01	8.994949120119192e-02	3.024136945605278e-01
6.110000000000000e-01	3.491342588258197e-01	8.994949120119192e-02	3.024136945605278e-01
6.120000000000000e-01	3.491342588258197e-01	8.994949120119192e-02	3.024136945605278e-01
6.130000000000000e-01	3.491342588258197e-01	8.994949120119192e-02	3.024136945605278e-01
6.140000000000000e-01	3.491342588258197e-01	8.994949120119192e-02	3.024136945605278e-01
6.150000000000000e-01	3.491342588258197e-01	8.994949120119192e-02	3.024136945605278e-01
6.160000000000000e-01	3.491342588258197e-01	8.994949120119192e-02	3.024136945605278e-01
6.170000000000000e-01	3.491342588258197e-01	8.994949120119192e-02	3.024136945605278e-01
6.180000000000000e-01	3.491342588258197e-01	8.994949120119192e-02	3.024136945605278e-01
6.190000000000000e-01	3.491342588258197e-01	8.994949120119192e-02	3.024136945605278e-01
6.200000000000000e-01	3.491342588258197e-01	8.994949120119192e-02	3.024136945605278e-01
6.210000000000000e-01	3.491342588258197e-01	8.994949120119192e-02	3.024136945605278e-01
6.220000000000000e-01	3.491342588258197e-01	8.994949120119192e-02	3.024136945605278e-01
6.230000000000000e-01	3.491342588258197e-01	8.994949120119192e-02	3.024136945605278e-01
6.240000000000000e-01	3.491342588258197e-01	8.994949120119192e-02	3.024136945605278e-01
6.250000000000000e-01	3.491342588258197e-01	8.994949120119192e-02	3.024136945605278e-01
6.260000000000000e-01	3.491342588258197e-01	8.994949120119192e-02	3.024136945605278e-01
6.270000000000000e-01	3.491342588258197e-01	8.994949120119192e-02	3.024136945605278e-01
6.280000000000000e-01	3.491342588258197e-01	8.994949120119192e-02	3.024136945605278e-01
6.290000000000000e-01	3.491342588258197e-01	8.994949120119192e-02	3.024136945605278e-01
6.300000000000000e-01	3.491342588258197e-01	8.994949120119192e-02	3.024136945605278e-01
6.310000000000000e-01	3.491342588258197e-01	8.994949120119192e-02	3.024136945605278e-01
6.320000000000000e-01	3.491342588258197e-01	8.994949120119192e-02	3.024136945605278e-01
6.330000000000000e-01	3.491342588258197e-01	8.994949120119192e-02	3.024136945605278e-01
6.340000000000000e-01	3.491342588258197e-01	8.994949120119192e-02	3.024136945605278e-01
6.350000000000000e-01	3.491342588258197e-01	8.994949120119192e-02	3.024136945605278e-01
6.360000000000000e-01	3.491342588258197e-01	8.994949120119192e-02	3.024136945605278e-01
6.370000000000000e-01	3.491342588258197e-01	8.994949120119192e-02	3.024136945605278e-01
6.380000000000000e-01	3.491342588258197e-01	8.994949120119192e-02	3.024136945605278e-01
6.390000000000000e-01	3.491342588258197e-01	8.994949120119192e-02	3.024136945605278e-01
6.400000000000000e-01	3.491342588258197e-01	8.994949120119192e-02	3.024136945605278e-01
6.410000000000000e-01	3.491342588258197e-01	8.994949120119192e-02	3.024136945605278e-01
6.420000000000000e-01	3.491342588258197e-01	8.994949120119192e-02	3.024136945605278e-01
6.430000000000000e-01	3.491342588258197e-01	8.994949120119192e-02	3.024136945605278e-01
6.440000000000000e-01	3.491342588258197e-01	8.994949120119192e-02	3.024136945605278e-01
6.450000000000000e-01	3.491342588258197e-01	8.994949120119192e-02	3.024136945605278e-01
6.460000000000000e-01	3.491342588258197e-01	8.994949120119192e-02	3.024136945605278e-01
6.470000000000000e-01	3.491342588258197e-01	8.994949120119192e-02	3.024136945605278e-01
6.480000000000000e-01	3.491342588258197e-01	8.994949120119192e-02	3.024136945605278e-01
6.490000000000000e-01	3.491342588258197e-01	8.994949120119192e-02	3.024136945605278e-01
6.500000000000000e-01	3.491342588258197e-01	8.994949120119192e-02	3.024136945605278e-01
6.510000000000000e-01	3.491342588258197e-01	8.994949120119192e-02	3.024136945605278e-01
6.520000000000000e-01	3.491342588258197e-01	8.994949120119192e-02	3.024136945605278e-01
6.530000000000000e-01	3.491342588258197e-01	8.994949120119192e-02	3.024136945605278e-01
6.540000000000000e-01	3.491342588258197e-01	8.994949120119192e-02	3.024136945605278e-01
6.550000000000000e-01	3.491342588258197e-01	8.994949120119192e-02	3.024136945605278e-01
6.560000000000000e-01	3.491342588258197e-01	8.994949120119192e-02	3.024136945605278e-01
6.570000000000000e-01	3.491342588258197e-01	8.994949120119192e-02	3.024136945605278e-01
6.580000000000000e-01	3.491342588258197e-01	8.994949120119192e-02	3.024136945605278e-01
6.590000000000000e-01	3.491342588258197e-01	8.994949120119192e-02	3.024136945605278e-01
6.600000000000000e-01	3.491342588258197e-01	8.994949120119192e-02	3.024136945605278e-01
6.610000000000000e-01	3.491342588258197e-01	8.994949120119192e-02	3.024136945605278e-01
6.620000000000000e-01	3.491342588258197e-01	8.994949120119192e-02	3.024136945605278e-01
6.630000000000000e-01	3.491342588258197e-01	8.994949120119192e-02	3.024136945605278e-01
6.640000000000000e-01	3.491342588258197e-01	8.994949120119192e-02	3.024136945605278e-01
6.650000000000000e-01	3.491342588258197e-01	8.994949120119192e-02	3.024136945605278e-01
6.660000000000000e-01	3.491342588258197e-01	8.994949120119192e-02	3.024136945605278e-01
6.670000000000000e-01	3.491342588258197e-01	8.994949120119192e-02	3.024136945605278e-01
6.680000000000000e-01	3.491342588258197e-01	8.994949120119192e-02	3.024136945605278e-01
6.690000000000000e-01	3.491342588258197e-01	8.994949120119192e-02	3.024136945605278e-01
6.700000000000000e-01	3.491342588258197e-01	8.994949120119192e-02	3.024136945605278e-01
6.710000000000000e-01	3.491342588258197e-01	8.994949120119192e-02	3.024136945605278e-01
6.720000000000000e-01	3.491342588258197e-01	8.994949120119192e-02	3.024136945605278e-01
6.730000000000000e-01	3.491342588258197e-01	8.994949120119192e-02	3.024136945605278e-01
6.740000000000000e-01	3.491342588258197e-01	8.994949120119192e-02	3.024136945605278e-01
6.750000000000000e-01	3.491342588258197e-01	8.994949120119192e-02	3.024136945605278e-01
6.760000000000000e-01	3.491342588258197e-01	8.994949120119192e-02	3.024136945605278e-01
6.770000000000000e-01	3.491342588258197e-01	8.994949120119192e-02	3.024136945605278e-01
6.780000000000000e-01	3.491342588258197e-01	8.994949120119192e-02	3.024136945605278e-01
6.790000000000000e-01	3.491342588258197e-01	8.994949120119192e-02	3.024136945605278e-01
6.800000000000000e-01	3.491342588258197e-01	8.994949120119192e-02	3.024136945605278e-01
6.810000000000000e-01	3.491342588258197e-01	8.994949120119192e-02	3.024136945605278e-01
6.820000000000001e-01	3.491342588258197e-01	8.994949120119192e-02	3.024136945605278e-01
6.830000000000001e-01	3.491342588258197e-01	8.994949120119192e-02	3.024136945605278e-01
6.840000000000001e-01	3.491342588258197e-01	8.994949120119192e-02	3.024136945605278e-01
6.850000000000001e-01	3.491342588258197e-01	8.994949120119192e-02	3.024136945605278e-01
6.860000000000001e-01	3.491342588258197e-01	8.994949120119192e-02	3.024136945605278e-01
6.870000000000001e-01	3.491342588258197e-01	8.994949120119192e-02	3.024136945605278e-01
6.880000000000001e-01	3.491342588258197e-01	8.994949120119192e-02	3.024136945605278e-01
6.890000000000001e-01	3.491342588258197e-01	8.994949120119192e-02	3.024136945605278e-01
6.900000000000001e-01	3.491342588258197e-01	8.994949120119192e-02	3.024136945605278e-01
6.910000000000001e-01	3.491342588258197e-01	8.994949120119192e-02	3.024136945605278e-01
6.920000000000001e-01	3.491342588258197e-01	8.994949120119192e-02	3.024136945605278e-01
6.930000000000001e-01	3.491342588258197e-01	8.994949120119192e-02	3.024136945605278e-01
6.940000000000001e-01	3.491342588258197e-01	8.994949120119192e-02	3.024136945605278e-01
6.950000000000001e-01	3.491342588258197e-01	8.994949120119192e-02	3.024136945605278e-01
6.960000000000001e-01	3.491342588258197e-01	8.994949120119192e-02	3.024136945605278e-01
6.970000000000001e-01	3.491342588258197e-01	8.994949120119192e-02	3.024136945605278e-01
6.980000000000001e-01	3.491342588258197e-01	8.994949120119192e-02	3.024136945605278e-01
6.990000000000001e-01	3.491342588258197e-01	8.994949120119192e-02	3.024136945605278e-01
7.000000000000001e-01	3.491342588258197e-01	8.994949120119192e-02	3.024136945605278e-01
7.010000000000001e-01	3.491342588258197e-01	8.994949120119192e-02	3.024136945605278e-01
7.020000000000001e-01	3.491342588258197e-01	8.994949120119192e-02	3.024136945605278e-01
7.030000000000001e-01	3.491342588258197e-01	8.994949120119192e-02	3.024136945605278e-01
7.040000000000000e-01	3.491342588258197e-01	8.994949120119192e-02	3.024136945605278e-01
7.050000000000000e-01	3.491342588258197e-01	8.994949120119192e-02	3.024136945605278e-01
7.060000000000000e-01	3.491342588258197e-01	8.994949120119192e-02	3.024136945605278e-01
7.070000000000000e-01	3.491342588258197e-01	8.994949120119192e-02	3.024136945605278e-01
7.080000000000000e-01	3.491342588258197e-01	8.994949120119192e-02	3.024136945605278e-01
7.090000000000000e-01	3.491342588258197e-01	8.994949120119192e-02	3.024136945605278e-01
7.100000000000000e-01	3.491342588258197e-01	8.994949120119192e-02	3.024136945605278e-01
7.110000000000000e-01	3.491342588258197e-01	8.994949120119192e-02	3.024136945605278e-01
7.120000000000000e-01	3.491342588258197e-01	8.994949120119192e-02	3.024136945605278e-01
7.130000000000000e-01	3.491342588258197e-01	8.994949120119192e-02	3.024136945605278e-01
7.140000000000000e-01	3.491342588258197e-01	8.994949120119192e-02	3.024136945605278e-01
7.150000000000000e-01	3.491342588258197e-01	8.994949120119192e-02	3.024136945605278e-01
7.160000000000000e-01	3.491342588258197e-01	8.994949120119192e-02	3.024136945605278e-01
7.170000000000000e-01	3.491342588258197e-01	8.994949120119192e-02	3.024136945605278e-01
7.180000000000000e-01	3.491342588258197e-01	8.994949120119192e-02	3.024136945605278e-01
7.190000000000000e-01	3.491342588258197e-01	8.994949120119192e-02	3.024136945605278e-01
7.200000000000000e-01	3.491342588258197e-01	8.994949120119192e-02	3.024136945605278e-01
7.210000000000000e-01	3.491342588258197e-01	8.994949120119192e-02	3.024136945605278e-01
7.220000000000000e-01	3.491342588258197e-01	8.994949120119192e-02	3.024136945605278e-01
7.230000000000000e-01	3.491342588258197e-01	8.994949120119192e-02	3.024136945605278e-01
7.240000000000000e-01	3.491342588258197e-01	8.994949120119192e-02	3.024136945605278e-01
7.250000000000000e-01	3.491342588258197e-01	8.994949120119192e-02	3.024136945605278e-01
7.260000000000000e-01	3.491342588258197e-01	8.994949120119192e-02	3.024136945605278e-01
7.270000000000000e-01	3.491342588258197e-01	8.994949120119192e-02	3.024136945605278e-01
7.280000000000000e-01	3.491342588258197e-01	8.994949120119192e-02	3.024136945605278e-01
7.290000000000000e-01	3.491342588258197e-01	8.994949120119192e-02	3.024136945605278e-01
7.300000000000000e-01	3.491342588258197e-01	8.994949120119192e-02	3.024136945605278e-01
7.310000000000000e-01	3.491342588258197e-01	8.994949120119192e-02	3.024136945605278e-01
7.320000000000000e-01	3.491342588258197e-01	8.994949120119192e-02	3.024136945605278e-01
7.330000000000000e-01	3.491342588258197e-01	8.994949120119192e-02	3.024136945605278e-01
7.340000000000000e-01	3.491342588258197e-01	8.994949120119192e-02	3.024136945605278e-01
7.350000000000000e-01	3.491342588258197e-01	8.994949120119192e-02	3.024136945605278e-01
7.360000000000000e-01	3.491342588258197e-01	8.994949120119192e-02	3.024136945605278e-01
7.370000000000000e-01	3.491342588258197e-01	8.994949120119192e-02	3.024136945605278e-01
7.380000000000000e-01	3.491342588258197e-01	8.994949120119192e-02	3.024136945605278e-01
7.390000000000000e-01	3.501512287464251e-01	9.315336948339711e-02	3.036476433515056e-01
7.400000000000000e-01	3.514773406827478e-01	9.732003615006388e-02	3.052588493260689e-01
7.410000000000000e-01	3.528074674382741e-01	1.014867028167304e-01	3.068773777522004e-01
7.420000000000000e-01	3.541416181222946e-01	1.056533694833972e-01	3.085032563408889e-01
7.430000000000000e-01	3.554798018578702e-01	1.098200361500638e-01	3.101365128869571e-01
7.440000000000000e-01	3.568220277818395e-01	1.139867028167306e-01	3.117771752692487e-01
7.450000000000000e-01	3.581683050448300e-01	1.181533694833971e-01	3.134252714508187e-01
7.460000000000000e-01	3.595186428112702e-01	1.223200361500639e-01	3.150808294791272e-01
7.470000000000000e-01	3.608730502593968e-01	1.264867028167305e-01	3.167438774862258e-01
7.480000000000000e-01	3.622315365812688e-01	1.306533694833972e-01	3.184144436889534e-01
7.490000000000000e-01	3.635941109827739e-01	1.348200361500638e-01	3.200925563891233e-01
7.500000000000000e-01	3.649607826836430e-01	1.389867028167306e-01	3.217782439737187e-01
7.510000000000000e-01	3.663315609174577e-01	1.431533694833972e-01	3.234715349150832e-01
7.520000000000000e-01	3.677064549316609e-01	1.473200361500639e-01	3.251724577711118e-01
7.530000000000000e-01	3.690854739875690e-01	1.514867028167305e-01	3.268810411854463e-01
7.540000000000000e-01	3.704686273603812e-01	1.556533694833973e-01	3.285973138876671e-01
7.550000000000000e-01	3.718559243391886e-01	1.598200361500638e-01	3.303213046934844e-01
7.560000000000000e-01	3.732473742269874e-01	1.639867028167306e-01	3.320530425049358e-01
7.570000000000000e-01	3.746429863406867e-01	1.681533694833972e-01	3.337925563105762e-01
7.580000000000000e-01	3.760427700111201e-01	1.723200361500639e-01	3.355398751856743e-01
7.590000000000000e-01	3.774467345830567e-01	1.764867028167305e-01	3.372950282924062e-01
7.600000000000000e-01	3.788548894152098e-01	1.806533694833973e-01	3.390580448800496e-01
7.610000000000000e-01	3.802672438802495e-01	1.848200361500639e-01	3.408289542851808e-01
7.620000000000000e-01	3.816838073648101e-01	1.889867028167306e-01	3.426077859318662e-01
7.630000000000000e-01	3.831045892695041e-01	1.931533694833972e-01	3.443945693318627e-01
7.640000000000000e-01	3.845295990089292e-01	1.973200361500640e-01	3.461893340848083e-01
7.650000000000000e-01	3.859588460116818e-01	2.014867028167305e-01	3.479921098784236e-01
7.660000000000000e-01	3.873923397203640e-01	2.056533694833973e-01	3.498029264887029e-01
7.670000000000000e-01	3.888300895915974e-01	2.098200361500639e-01	3.516218137801156e-01
7.680000000000000e-01	3.902721050960318e-01	2.139867028167307e-01	3.534488017058010e-01
7.690000000000000e-01	3.917183957183545e-01	2.181533694833972e-01	3.552839203077640e-01
7.700000000000000e-01	3.931689709573037e-01	2.223200361500640e-01	3.571271997170770e-01
7.710000000000000e-01	3.946238403256753e-01	2.264867028167306e-01	3.589786701540728e-01
7.720000000000000e-01	3.960830133503367e-01	2.306533694833973e-01	3.608383619285476e-01
7.730000000000000e-01	3.975464995722346e-01	2.348200361500639e-01	3.627063054399550e-01
7.740000000000000e-01	3.990143085464067e-01	2.389867028167307e-01	3.645825311776080e-01
7.750000000000000e-01	4.004864498419927e-01	2.431533694833972e-01	3.664670697208778e-01
7.760000000000000e-01	4.019629330422419e-01	2.473200361500640e-01	3.683599517393900e-01
7.770000000000000e-01	4.034437677445273e-01	2.514867028167306e-01	3.702612079932285e-01
7.780000000000000e-01	4.049289635603541e-01	2.556533694833973e-01	3.721708693331338e-01
7.790000000000000e-01	4.064185301153688e-01	2.598200361500639e-01	3.740889667007007e-01
7.800000000000000e-01	4.079124770493727e-01	2.639867028167307e-01	3.760155311285838e-01
7.810000000000000e-01	4.094108140163289e-01	2.681533694833973e-01	3.779505937406931e-01
7.820000000000000e-01	4.109135506843765e-01	2.723200361500641e-01	3.798941857524000e-01
7.830000000000000e-01	4.124206967358364e-01	2.764867028167306e-01	3.818463384707340e-01
7.840000000000000e-01	4.139322618672265e-01	2.806533694833974e-01	3.838070832945887e-01
7.850000000000000e-01	4.154482557892690e-01	2.848200361500640e-01	3.857764517149219e-01
7.860000000000000e-01	4.169686882269005e-01	2.889867028167307e-01	3.877544753149557e-01
7.870000000000000e-01	4.184935689192854e-01	2.931533694833973e-01	3.897411857703840e-01
7.880000000000000e-01	4.200229076198231e-01	2.973200361500641e-01	3.917366148495713e-01
7.890000000000000e-01	4.215567140961596e-01	3.014867028167306e-01	3.937407944137569e-01
7.900000000000000e-01	4.230949981301990e-01	3.056533694833974e-01	3.957537564172597e-01
7.910000000000000e-01	4.246377695181116e-01	3.098200361500640e-01	3.977755329076805e-01
7.920000000000000e-01	4.261850380703472e-01	3.139867028167307e-01	3.998061560261078e-01
7.930000000000000e-01	4.277368136116419e-01	3.181533694833973e-01	4.018456580073188e-01
7.940000000000000e-01	4.292931059810321e-01	3.223200361500641e-01	4.038940711799885e-01
7.950000000000000e-01	4.308539250318631e-01	3.264867028167306e-01	4.059514279668923e-01
7.960000000000000e-01	4.324192806317988e-01	3.306533694833974e-01	4.080177608851101e-01
7.970000000000000e-01	4.339891826628331e-01	3.348200361500640e-01	4.100931025462336e-01
7.980000000000000e-01	4.355636410213008e-01	3.389867028167308e-01	4.121774856565729e-01
7.990000000000000e-01	4.371426656178876e-01	3.431533694833974e-01	4.142709430173616e-01
8.000000000000000e-01	4.387262663776388e-01	3.473200361500641e-01	4.163735075249614e-01
8.010000000000000e-01	4.403144532399729e-01	3.514867028167307e-01	4.184852121710730e-01
8.020000000000000e-01	4.419072361586888e-01	3.556533694833974e-01	4.206060900429398e-01
8.030000000000000e-01	4.435046251019789e-01	3.598200361500640e-01	4.227361743235564e-01
8.040000000000000e-01	4.451066300524373e-01	3.639867028167308e-01	4.248754982918768e-01
8.050000000000000e-01	4.467132610070711e-01	3.681533694833974e-01	4.270240953230207e-01
8.060000000000000e-01	4.483245279773121e-01	3.723200361500641e-01	4.291819988884847e-01
8.070000000000001e-01	4.499404409890243e-01	3.764867028167307e-01	4.313492425563471e-01
8.080000000000001e-01	4.515610100825168e-01	3.806533694833975e-01	4.335258599914801e-01
8.090000000000001e-01	4.531862453125542e-01	3.848200361500640e-01	4.357118849557582e-01
8.100000000000001e-01	4.548161567483639e-01	3.889867028167308e-01	4.379073513082647e-01
8.110000000000001e-01	4.564507544736506e-01	3.931533694833974e-01	4.401122930055060e-01
8.120000000000001e-01	4.580900485866049e-01	3.973200361500642e-01	4.423267441016197e-01
8.130000000000001e-01	4.597340491999123e-01	4.014867028167307e-01	4.445507387485833e-01
8.140000000000001e-01	4.613827664407650e-01	4.056533694833975e-01	4.467843111964264e-01
8.150000000000001e-01	4.630362104508736e-01	4.098200361500641e-01	4.490274957934432e-01
8.160000000000001e-01	4.646943913864758e-01	4.139867028167308e-01	4.512803269864023e-01
8.170000000000001e-01	4.663573194183459e-01	4.181533694833974e-01	4.535428393207564e-01
8.180000000000001e-01	4.680250047318069e-01	4.223200361500642e-01	4.558150674408572e-01
8.190000000000001e-01	4.696974575267418e-01	4.264867028167307e-01	4.580970460901675e-01
8.200000000000001e-01	4.713746880176008e-01	4.306533694833975e-01	4.603888101114709e-01
8.210000000000001e-01	4.730567064334136e-01	4.348200361500641e-01	4.626903944470863e-01
8.220000000000001e-01	4.747435230178012e-01	4.389867028167309e-01	4.650018341390825e-01
8.230000000000001e-01	4.764351480289840e-01	4.431533694833975e-01	4.673231643294903e-01
8.240000000000001e-01	4.781315917397920e-01	4.473200361500642e-01	4.696544202605138e-01
8.250000000000001e-01	4.798328644376778e-01	4.514867028167308e-01	4.719956372747489e-01
8.260000000000001e-01	4.815389764247251e-01	4.556533694833975e-01	4.743468508153953e-01
8.270000000000001e-01	4.832499380176578e-01	4.598200361500641e-01	4.767080964264693e-01
8.280000000000001e-01	4.849657595478545e-01	4.639867028167309e-01	4.790794097530234e-01
8.290000000000001e-01	4.866864513613537e-01	4.681533694833975e-01	4.814608265413561e-01
8.300000000000001e-01	4.884120238188696e-01	4.723200361500642e-01	4.838523826392330e-01
8.310000000000001e-01	4.901424872957971e-01	4.764867028167308e-01	4.862541139960966e-01
8.320000000000001e-01	4.918778521822272e-01	4.806533694833975e-01	4.886660566632887e-01
8.330000000000000e-01	4.936181288829539e-01	4.848200361500637e-01	4.910882467942623e-01
8.340000000000000e-01	4.953633278174853e-01	4.889867028167303e-01	4.935207206447992e-01
8.350000000000000e-01	4.971134594200555e-01	4.931533694833971e-01	4.959635145732293e-01
8.360000000000000e-01	4.988685341396342e-01	4.973200361500637e-01	4.984166650406465e-01
8.370000000000000e-01	5.000000000000000e-01	5.000000000000000e-01	5.000000000000000e-01
8.380000000000000e-01	5.000000000000000e-01	5.000000000000000e-01	5.000000000000000e-01
8.390000000000000e-01	5.000000000000000e-01	5.000000000000000e-01	5.000000000000000e-01
8.400000000000000e-01	5.000000000000000e-01	5.000000000000000e-01	5.000000000000000e-01
8.410000000000000e-01	5.000000000000000e-01	5.000000000000000e-01	5.000000000000000e-01
8.420000000000000e-01	5.000000000000000e-01	5.000000000000000e-01	5.000000000000000e-01
8.430000000000000e-01	5.000000000000000e-01	5.000000000000000e-01	5.000000000000000e-01
8.440000000000000e-01	5.000000000000000e-01	5.000000000000000e-01	5.000000000000000e-01
8.450000000000000e-01	5.000000000000000e-01	5.000000000000000e-01	5.000000000000000e-01
8.460000000000000e-01	5.000000000000000e-01	5.000000000000000e-01	5.000000000000000e-01
8.470000000000000e-01	5.000000000000000e-01	5.000000000000000e-01	5.000000000000000e-01
8.480000000000000e-01	5.000000000000000e-01	5.000000000000000e-01	5.000000000000000e-01
8.490000000000000e-01	5.000000000000000e-01	5.000000000000000e-01	5.000000000000000e-01
8.500000000000000e-01	5.000000000000000e-01	5.000000000000000e-01	5.000000000000000e-01
8.510000000000000e-01	5.000000000000000e-01	5.000000000000000e-01	5.000000000000000e-01
8.520000000000000e-01	5.000000000000000e-01	5.000000000000000e-01	5.000000000000000e-01
8.530000000000000e-01	5.000000000000000e-01	5.000000000000000e-01	5.000000000000000e-01
8.540000000000000e-01	5.000000000000000e-01	5.000000000000000e-01	5.000000000000000e-01
8.550000000000000e-01	5.000000000000000e-01	5.000000000000000e-01	5.000000000000000e-01
8.560000000000000e-01	5.000000000000000e-01	5.000000000000000e-01	5.000000000000000e-01
8.570000000000000e-01	5.000000000000000e-01	5.000000000000000e-01	5.000000000000000e-01
8.580000000000000e-01	5.000000000000000e-01	5.000000000000000e-01	5.000000000000000e-01
8.590000000000000e-01	5.000000000000000e-01	5.000000000000000e-01	5.000000000000000e-01
8.600000000000000e-01	5.000000000000000e-01	5.000000000000000e-01	5.000000000000000e-01
8.610000000000000e-01	5.000000000000000e-01	5.000000000000000e-01	5.000000000000000e-01
8.620000000000000e-01	5.000000000000000e-01	5.000000000000000e-01	5.000000000000000e-01
8.630000000000000e-01	5.000000000000000e-01	5.000000000000000e-01	5.000000000000000e-01
8.640000000000000e-01	5.000000000000000e-01	5.000000000000000e-01	5.000000000000000e-01
8.650000000000000e-01	5.000000000000000e-01	5.000000000000000e-01	5.000000000000000e-01
8.660000000000000e-01	5.000000000000000e-01	5.000000000000000e-01	5.000000000000000e-01
8.670000000000000e-01	5.000000000000000e-01	5.000000000000000e-01	5.000000000000000e-01
8.680000000000000e-01	5.000000000000000e-01	5.000000000000000e-01	5.000000000000000e-01
8.690000000000000e-01	5.000000000000000e-01	5.000000000000000e-01	5.000000000000000e-01
8.700000000000000e-01	5.000000000000000e-01	5.000000000000000e-01	5.000000000000000e-01
8.710000000000000e-01	5.000000000000000e-01	5.000000000000000e-01	5.000000000000000e-01
8.720000000000000e-01	5.000000000000000e-01	5.000000000000000e-01	5.000000000000000e-01
8.730000000000000e-01	5.000000000000000e-01	5.000000000000000e-01	5.000000000000000e-01
8.740000000000000e-01	5.000000000000000e-01	5.000000000000000e-01	5.000000000000000e-01
8.750000000000000e-01	5.000000000000000e-01	5.000000000000000e-01	5.000000000000000e-01
8.760000000000000e-01	5.000000000000000e-01	5.000000000000000e-01	5.000000000000000e-01
8.770000000000000e-01	5.000000000000000e-01	5.000000000000000e-01	5.000000000000000e-01
8.780000000000000e-01	5.000000000000000e-01	5.000000000000000e-01	5.000000000000000e-01
8.790000000000000e-01	5.000000000000000e-01	5.000000000000000e-01	5.000000000000000e-01
8.800000000000000e-01	5.000000000000000e-01	5.000000000000000e-01	5.000000000000000e-01
8.810000000000000e-01	5.000000000000000e-01	5.000000000000000e-01	5.000000000000000e-01
8.820000000000000e-01	5.000000000000000e-01	5.000000000000000e-01	5.000000000000000e-01
8.830000000000000e-01	5.000000000000000e-01	5.000000000000000e-01	5.000000000000000e-01
8.840000000000000e-01	5.000000000000000e-01	5.000000000000000e-01	5.000000000000000e-01
8.850000000000000e-01	5.000000000000000e-01	5.000000000000000e-01	5.000000000000000e-01
8.860000000000000e-01	5.000000000000000e-01	5.000000000000000e-01	5.000000000000000e-01
8.870000000000000e-01	5.000000000000000e-01	5.000000000000000e-01	5.000000000000000e-01
8.880000000000000e-01	5.000000000000000e-01	5.000000000000000e-01	5.000000000000000e-01
8.890000000000000e-01	5.000000000000000e-01	5.000000000000000e-01	5.000000000000000e-01
8.900000000000000e-01	5.000000000000000e-01	5.000000000000000e-01	5.000000000000000e-01
8.910000000000000e-01	5.000000000000000e-01	5.000000000000000e-01	5.000000000000000e-01
8.920000000000000e-01	5.000000000000000e-01	5.000000000000000e-01	5.000000000000000e-01
8.930000000000000e-01	5.000000000000000e-01	5.000000000000000e-01	5.000000000000000e-01
8.940000000000000e-01	5.000000000000000e-01	5.000000000000000e-01	5.000000000000000e-01
8.950000000000000e-01	5.000000000000000e-01	5.000000000000000e-01	5.000000000000000e-01
8.960000000000000e-01	5.000000000000000e-01	5.000000000000000e-01	5.000000000000000e-01
8.970000000000000e-01	5.000000000000000e-01	5.000000000000000e-01	5.000000000000000e-01
8.980000000000000e-01	5.000000000000000e-01	5.000000000000000e-01	5.000000000000000e-01
8.990000000000000e-01	5.000000000000000e-01	5.000000000000000e-01	5.000000000000000e-01
9.000000000000000e-01	5.000000000000000e-01	5.000000000000000e-01	5.000000000000000e-01
9.010000000000000e-01	5.000000000000000e-01	5.000000000000000e-01	5.000000000000000e-01
9.020000000000000e-01	5.000000000000000e-01	5.000000000000000e-01	5.000000000000000e-01
9.030000000000000e-01	5.000000000000000e-01	5.000000000000000e-01	5.000000000000000e-01
9.040000000000000e-01	5.000000000000000e-01	5.000000000000000e-01	5.000000000000000e-01
9.050000000000000e-01	5.000000000000000e-01	5.000000000000000e-01	5.000000000000000e-01
9.060000000000000e-01	5.000000000000000e-01	5.000000000000000e-01	5.000000000000000e-01
9.070000000000000e-01	5.000000000000000e-01	5.000000000000000e-01	5.000000000000000e-01
9.080000000000000e-01	5.000000000000000e-01	5.000000000000000e-01	5.000000000000000e-01
9.090000000000000e-01	5.000000000000000e-01	5.000000000000000e-01	5.000000000000000e-01
9.100000000000000e-01	5.000000000000000e-01	5.000000000000000e-01	5.000000000000000e-01
9.110000000000000e-01	5.000000000000000e-01	5.000000000000000e-01	5.000000000000000e-01
9.120000000000000e-01	5.000000000000000e-01	5.000000000000000e-01	5.000000000000000e-01
9.130000000000000e-01	5.000000000000000e-01	5.000000000000000e-01	5.000000000000000e-01
9.140000000000000e-01	5.000000000000000e-01	5.000000000000000e-01	5.000000000000000e-01
9.150000000000000e-01	5.000000000000000e-01	5.000000000000000e-01	5.000000000000000e-01
9.160000000000000e-01	5.000000000000000e-01	5.000000000000000e-01	5.000000000000000e-01
9.170000000000000e-01	5.000000000000000e-01	5.000000000000000e-01	5.000000000000000e-01
9.180000000000000e-01	5.000000000000000e-01	5.000000000000000e-01	5.000000000000000e-01
9.190000000000000e-01	5.000000000000000e-01	5.000000000000000e-01	5.000000000000000e-01
9.200000000000000e-01	5.000000000000000e-01	5.000000000000000e-01	5.000000000000000e-01
9.210000000000000e-01	5.000000000000000e-01	5.000000000000000e-01	5.000000000000000e-01
9.220000000000000e-01	5.000000000000000e-01	5.000000000000000e-01	5.000000000000000e-01
9.230000000000000e-01	5.000000000000000e-01	5.000000000000000e-01	5.000000000000000e-01
9.240000000000000e-01	5.000000000000000e-01	5.000000000000000e-01	5.000000000000000e-01
9.250000000000000e-01	5.000000000000000e-01	5.000000000000000e-01	5.000000000000000e-01
9.260000000000000e-01	5.000000000000000e-01	5.000000000000000e-01	5.000000000000000e-01
9.270000000000000e-01	5.000000000000000e-01	5.000000000000000e-01	5.000000000000000e-01
9.280000000000000e-01	5.000000000000000e-01	5.000000000000000e-01	5.000000000000000e-01
9.290000000000000e-01	5.000000000000000e-01	5.000000000000000e-01	5.000000000000000e-01
9.300000000000000e-01	5.000000000000000e-01	5.000000000000000e-01	5.000000000000000e-01
9.310000000000000e-01	5.000000000000000e-01	5.000000000000000e-01	5.000000000000000e-01
9.320000000000001e-01	5.000000000000000e-01	5.000000000000000e-01	5.000000000000000e-01
9.330000000000001e-01	5.000000000000000e-01	5.000000000000000e-01	5.000000000000000e-01
9.340000000000001e-01	5.000000000000000e-01	5.000000000000000e-01	5.000000000000000e-01
9.350000000000001e-01	5.000000000000000e-01	5.000000000000000e-01	5.000000000000000e-01
9.360000000000001e-01	5.000000000000000e-01	5.000000000000000e-01	5.000000000000000e-01
9.370000000000001e-01	5.000000000000000e-01	5.000000000000000e-01	5.000000000000000e-01
9.380000000000001e-01	5.000000000000000e-01	5.000000000000000e-01	5.000000000000000e-01
9.390000000000001e-01	5.000000000000000e-01	5.000000000000000e-01	5.000000000000000e-01
9.400000000000001e-01	5.000000000000000e-01	5.000000000000000e-01	5.000000000000000e-01
9.410000000000001e-01	5.000000000000000e-01	5.000000000000000e-01	5.000000000000000e-01
9.420000000000001e-01	5.000000000000000e-01	5.000000000000000e-01	5.000000000000000e-01
9.430000000000001e-01	5.000000000000000e-01	5.000000000000000e-01	5.000000000000000e-01
9.440000000000001e-01	5.000000000000000e-01	5.000000000000000e-01	5.000000000000000e-01
9.450000000000001e-01	5.000000000000000e-01	5.000000000000000e-01	5.000000000000000e-01
9.460000000000001e-01	5.000000000000000e-01	5.000000000000000e-01	5.000000000000000e-01
9.470000000000001e-01	5.000000000000000e-01	5.000000000000000e-01	5.000000000000000e-01
9.480000000000001e-01	5.000000000000000e-01	5.000000000000000e-01	5.000000000000000e-01
9.490000000000001e-01	5.000000000000000e-01	5.000000000000000e-01	5.000000000000000e-01
9.500000000000001e-01	5.000000000000000e-01	5.000000000000000e-01	5.000000000000000e-01
9.510000000000001e-01	5.000000000000000e-01	5.000000000000000e-01	5.000000000000000e-01
9.520000000000001e-01	5.000000000000000e-01	5.000000000000000e-01	5.000000000000000e-01
9.530000000000001e-01	5.000000000000000e-01	5.000000000000000e-01	5.000000000000000e-01
9.540000000000001e-01	5.000000000000000e-01	5.000000000000000e-01	5.000000000000000e-01
9.550000000000001e-01	5.000000000000000e-01	5.000000000000000e-01	5.000000000000000e-01
9.560000000000001e-01	5.000000000000000e-01	5.000000000000000e-01	5.000000000000000e-01
9.570000000000001e-01	5.000000000000000e-01	5.000000000000000e-01	5.000000000000000e-01
9.580000000000001e-01	5.000000000000000e-01	5.000000000000000e-01	5.000000000000000e-01
9.590000000000001e-01	5.000000000000000e-01	5.000000000000000e-01	5.000000000000000e-01
9.600000000000000e-01	5.000000000000000e-01	5.000000000000000e-01	5.000000000000000e-01
9.610000000000000e-01	5.000000000000000e-01	5.000000000000000e-01	5.000000000000000e-01
9.620000000000000e-01	5.000000000000000e-01	5.000000000000000e-01	5.000000000000000e-01
9.630000000000000e-01	5.000000000000000e-01	5.000000000000000e-01	5.000000000000000e-01
9.640000000000000e-01	5.000000000000000e-01	5.000000000000000e-01	5.000000000000000e-01
9.650000000000000e-01	5.000000000000000e-01	5.000000000000000e-01	5.000000000000000e-01
9.660000000000000e-01	5.000000000000000e-01	5.000000000000000e-01	5.000000000000000e-01
9.670000000000000e-01	5.000000000000000e-01	5.000000000000000e-01	5.000000000000000e-01
9.680000000000000e-01	5.000000000000000e-01	5.000000000000000e-01	5.000000000000000e-01
9.690000000000000e-01	5.000000000000000e-01	5.000000000000000e-01	5.000000000000000e-01
9.700000000000000e-01	5.000000000000000e-01	5.000000000000000e-01	5.000000000000000e-01
9.710000000000000e-01	5.000000000000000e-01	5.000000000000000e-01	5.000000000000000e-01
9.720000000000000e-01	5.000000000000000e-01	5.000000000000000e-01	5.000000000000000e-01
9.730000000000000e-01	5.000000000000000e-01	5.000000000000000e-01	5.000000000000000e-01
9.740000000000000e-01	5.000000000000000e-01	5.000000000000000e-01	5.000000000000000e-01
9.750000000000000e-01	5.000000000000000e-01	5.000000000000000e-01	5.000000000000000e-01
9.760000000000000e-01	5.000000000000000e-01	5.000000000000000e-01	5.000000000000000e-01
9.770000000000000e-01	5.000000000000000e-01	5.000000000000000e-01	5.000000000000000e-01
9.780000000000000e-01	5.000000000000000e-01	5.000000000000000e-01	5.000000000000000e-01
9.790000000000000e-01	5.000000000000000e-01	5.000000000000000e-01	5.000000000000000e-01
9.800000000000000e-01	5.000000000000000e-01	5.000000000000000e-01	5.000000000000000e-01
9.810000000000000e-01	5.000000000000000e-01	5.000000000000000e-01	5.000000000000000e-01
9.820000000000000e-01	5.000000000000000e-01	5.000000000000000e-01	5.000000000000000e-01
9.830000000000000e-01	5.000000000000000e-01	5.000000000000000e-01	5.000000000000000e-01
9.840000000000000e-01	5.000000000000000e-01	5.000000000000000e-01	5.000000000000000e-01
9.850000000000000e-01	5.000000000000000e-01	5.000000000000000e-01	5.000000000000000e-01
9.860000000000000e-01	5.000000000000000e-01	5.000000000000000e-01	5.000000000000000e-01
9.870000000000000e-01	5.000000000000000e-01	5.000000000000000e-01	5.000000000000000e-01
9.880000000000000e-01	5.000000000000000e-01	5.000000000000000e-01	5.000000000000000e-01
9.890000000000000e-01	5.000000000000000e-01	5.000000000000000e-01	5.000000000000000e-01
9.900000000000000e-01	5.000000000000000e-01	5.000000000000000e-01	5.000000000000000e-01
9.910000000000000e-01	5.000000000000000e-01	5.000000000000000e-01	5.000000000000000e-01
9.920000000000000e-01	5.000000000000000e-01	5.000000000000000e-01	5.000000000000000e-01
9.930000000000000e-01	5.000000000000000e-01	5.000000000000000e-01	5.000000000000000e-01
9.940000000000000e-01	5.000000000000000e-01	5.000000000000000e-01	5.000000000000000e-01
9.950000000000000e-01	5.000000000000000e-01	5.000000000000000e-01	5.000000000000000e-01
9.960000000000000e-01	5.000000000000000e-01	5.000000000000000e-01	5.000000000000000e-01
9.970000000000000e-01	5.000000000000000e-01	5.000000000000000e-01	5.000000000000000e-01
9.980000000000000e-01	5.000000000000000e-01	5.000000000000000e-01	5.000000000000000e-01
9.990000000000000e-01	5.000000000000000e-01	5.000000000000000e-01	5.000000000000000e-01
1.000000000000000e+00	5.000000000000000e-01	5.000000000000000e-01	5.000000000000000e-01
