TITLE = "1D Euler Filtered MacCormack Result"
VARIABLES = "x", "rho", "u", "p", "E", "rho_conserved", "rhou", "rhoE", "nu"
ZONE T="t=0.20000000", I=501, F=POINT
0.0000000000 0.4000000000 0.5000000000 1.0000000000 6.3750000000 0.4000000000 0.2000000000 2.5500000000 0.0000000000
0.0020000000 0.4000000000 0.5000000000 1.0000000000 6.3750000000 0.4000000000 0.2000000000 2.5500000000 0.0000000000
0.0040000000 0.4000000000 0.5000000000 1.0000000000 6.3750000000 0.4000000000 0.2000000000 2.5500000000 0.0000000000
0.0060000000 0.4000000000 0.5000000000 1.0000000000 6.3750000000 0.4000000000 0.2000000000 2.5500000000 0.0000000000
0.0080000000 0.4000000000 0.5000000000 1.0000000000 6.3750000000 0.4000000000 0.2000000000 2.5500000000 0.0000000000
0.0100000000 0.4000000000 0.5000000000 1.0000000000 6.3750000000 0.4000000000 0.2000000000 2.5500000000 0.0000000000
0.0120000000 0.4000000000 0.5000000000 1.0000000000 6.3750000000 0.4000000000 0.2000000000 2.5500000000 0.0000000000
0.0140000000 0.4000000000 0.5000000000 1.0000000000 6.3750000000 0.4000000000 0.2000000000 2.5500000000 0.0000000000
0.0160000000 0.4000000000 0.5000000000 1.0000000000 6.3750000000 0.4000000000 0.2000000000 2.5500000000 0.0000000000
0.0180000000 0.4000000000 0.5000000000 1.0000000000 6.3750000000 0.4000000000 0.2000000000 2.5500000000 0.0000000000
0.0200000000 0.4000000000 0.5000000000 1.0000000000 6.3750000000 0.4000000000 0.2000000000 2.5500000000 0.0000000000
0.0220000000 0.4000000000 0.5000000000 1.0000000000 6.3750000000 0.4000000000 0.2000000000 2.5500000000 0.0000000000
0.0240000000 0.4000000000 0.5000000000 1.0000000000 6.3750000000 0.4000000000 0.2000000000 2.5500000000 0.0000000000
0.0260000000 0.4000000000 0.5000000000 1.0000000000 6.3750000000 0.4000000000 0.2000000000 2.5500000000 0.0000000000
0.0280000000 0.4000000000 0.5000000000 1.0000000000 6.3750000000 0.4000000000 0.2000000000 2.5500000000 0.0000000000
0.0300000000 0.4000000000 0.5000000000 1.0000000000 6.3750000000 0.4000000000 0.2000000000 2.5500000000 0.0000000000
0.0320000000 0.4000000000 0.5000000000 1.0000000000 6.3750000000 0.4000000000 0.2000000000 2.5500000000 0.0000000000
0.0340000000 0.4000000000 0.5000000000 1.0000000000 6.3750000000 0.4000000000 0.2000000000 2.5500000000 0.0000000000
0.0360000000 0.4000000000 0.5000000000 1.0000000000 6.3750000000 0.4000000000 0.2000000000 2.5500000000 0.0000000000
0.0380000000 0.4000000000 0.5000000000 1.0000000000 6.3750000000 0.4000000000 0.2000000000 2.5500000000 0.0000000000
0.0400000000 0.4000000000 0.5000000000 1.0000000000 6.3750000000 0.4000000000 0.2000000000 2.5500000000 0.0000000000
0.0420000000 0.4000000000 0.5000000000 1.0000000000 6.3750000000 0.4000000000 0.2000000000 2.5500000000 0.0000000000
0.0440000000 0.4000000000 0.5000000000 1.0000000000 6.3750000000 0.4000000000 0.2000000000 2.5500000000 0.0000000000
0.0460000000 0.4000000000 0.5000000000 1.0000000000 6.3750000000 0.4000000000 0.2000000000 2.5500000000 0.0000000000
0.0480000000 0.4000000000 0.5000000000 1.0000000000 6.3750000000 0.4000000000 0.2000000000 2.5500000000 0.0000000000
0.0500000000 0.4000000000 0.5000000000 1.0000000000 6.3750000000 0.4000000000 0.2000000000 2.5500000000 0.0000000000
0.0520000000 0.4000000000 0.5000000000 1.0000000000 6.3750000000 0.4000000000 0.2000000000 2.5500000000 0.0000000000
0.0540000000 0.4000000000 0.5000000000 1.0000000000 6.3750000000 0.4000000000 0.2000000000 2.5500000000 0.0000000000
0.0560000000 0.4000000000 0.5000000000 1.0000000000 6.3750000000 0.4000000000 0.2000000000 2.5500000000 0.0000000000
0.0580000000 0.4000000000 0.5000000000 1.0000000000 6.3750000000 0.4000000000 0.2000000000 2.5500000000 0.0000000000
0.0600000000 0.4000000000 0.5000000000 1.0000000000 6.3750000000 0.4000000000 0.2000000000 2.5500000000 0.0000000000
0.0620000000 0.4000000000 0.5000000000 1.0000000000 6.3750000000 0.4000000000 0.2000000000 2.5500000000 0.0000000000
0.0640000000 0.4000000000 0.5000000000 1.0000000000 6.3750000000 0.4000000000 0.2000000000 2.5500000000 0.0000000000
0.0660000000 0.4000000000 0.5000000000 1.0000000000 6.3750000000 0.4000000000 0.2000000000 2.5500000000 0.0000000000
0.0680000000 0.4000000000 0.5000000000 1.0000000000 6.3750000000 0.4000000000 0.2000000000 2.5500000000 0.0000000000
0.0700000000 0.4000000000 0.5000000000 1.0000000000 6.3750000000 0.4000000000 0.2000000000 2.5500000000 0.0000000000
0.0720000000 0.4000000000 0.5000000000 1.0000000000 6.3750000000 0.4000000000 0.2000000000 2.5500000000 0.0000000000
0.0740000000 0.4000000000 0.5000000000 1.0000000000 6.3750000000 0.4000000000 0.2000000000 2.5500000000 0.0000000000
0.0760000000 0.4000000000 0.5000000000 1.0000000000 6.3750000000 0.4000000000 0.2000000000 2.5500000000 0.0000000000
0.0780000000 0.4000000000 0.5000000000 1.0000000000 6.3750000000 0.4000000000 0.2000000000 2.5500000000 0.0000000000
0.0800000000 0.4000000000 0.5000000000 1.0000000000 6.3750000000 0.4000000000 0.2000000000 2.5500000000 0.0000000000
0.0820000000 0.4000000000 0.5000000000 1.0000000000 6.3750000000 0.4000000000 0.2000000000 2.5500000000 0.0000000000
0.0840000000 0.4000000000 0.5000000000 1.0000000000 6.3750000000 0.4000000000 0.2000000000 2.5500000000 0.0000000000
0.0860000000 0.4000000000 0.5000000000 1.0000000000 6.3750000000 0.4000000000 0.2000000000 2.5500000000 0.0000000000
0.0880000000 0.4000000000 0.5000000000 1.0000000000 6.3750000000 0.4000000000 0.2000000000 2.5500000000 0.0000000000
0.0900000000 0.4000000000 0.5000000000 1.0000000000 6.3750000000 0.4000000000 0.2000000000 2.5500000000 0.0000000000
0.0920000000 0.4000000000 0.5000000000 1.0000000000 6.3750000000 0.4000000000 0.2000000000 2.5500000000 0.0000000000
0.0940000000 0.4000000000 0.5000000000 1.0000000000 6.3750000000 0.4000000000 0.2000000000 2.5500000000 0.0000000000
0.0960000000 0.4000000000 0.5000000000 1.0000000000 6.3750000000 0.4000000000 0.2000000000 2.5500000000 0.0000000000
0.0980000000 0.4000000000 0.5000000000 1.0000000000 6.3750000000 0.4000000000 0.2000000000 2.5500000000 0.0000000000
0.1000000000 0.4000000000 0.5000000000 1.0000000000 6.3750000000 0.4000000000 0.2000000000 2.5500000000 0.0000000000
0.1020000000 0.4000000000 0.5000000000 1.0000000000 6.3750000000 0.4000000000 0.2000000000 2.5500000000 0.0000000000
0.1040000000 0.4000000000 0.5000000000 1.0000000000 6.3750000000 0.4000000000 0.2000000000 2.5500000000 0.0000000001
0.1060000000 0.4000000000 0.5000000000 1.0000000000 6.3750000000 0.4000000000 0.2000000000 2.5500000000 0.0000000005
0.1080000000 0.4000000000 0.5000000000 1.0000000000 6.3750000000 0.4000000000 0.2000000000 2.5500000000 0.0000000017
0.1100000000 0.4000000000 0.5000000000 1.0000000000 6.3750000000 0.4000000000 0.2000000000 2.5500000000 0.0000000059
0.1120000000 0.4000000000 0.5000000000 1.0000000000 6.3750000000 0.4000000000 0.2000000000 2.5500000000 0.0000000208
0.1140000000 0.4000000000 0.5000000000 1.0000000000 6.3750000000 0.4000000000 0.2000000000 2.5500000000 0.0000000730
0.1160000000 0.4000000000 0.5000000000 1.0000000000 6.3750000000 0.4000000000 0.2000000000 2.5500000001 0.0000002564
0.1180000000 0.4000000000 0.4999999999 1.0000000001 6.3750000001 0.4000000000 0.2000000000 2.5500000002 0.0000009010
0.1200000000 0.4000000001 0.4999999995 1.0000000003 6.3750000004 0.4000000001 0.1999999999 2.5500000008 0.0000031655
0.1220000000 0.4000000004 0.4999999984 1.0000000012 6.3750000014 0.4000000004 0.1999999995 2.5500000028 0.0000111122
0.1240000000 0.4000000012 0.4999999942 1.0000000043 6.3750000048 0.4000000012 0.1999999983 2.5500000098 0.0000388907
0.1260000000 0.4000000043 0.4999999797 1.0000000152 6.3750000169 0.4000000043 0.1999999941 2.5500000344 0.0001347141
0.1280000000 0.4000000152 0.4999999291 1.0000000531 6.3750000593 0.4000000152 0.1999999792 2.5500001204 0.0004511430
0.1300000000 0.4000000527 0.4999997535 1.0000001844 6.3750002061 0.4000000527 0.1999999278 2.5500004184 0.0013696729
0.1320000000 0.4000001794 0.4999991609 1.0000006279 6.3750007018 0.4000001794 0.1999997541 2.5500014244 0.0033278156
0.1340000000 0.4000005865 0.4999972571 1.0000020526 6.3750022939 0.4000005865 0.1999991961 2.5500046562 0.0057907129
0.1360000000 0.4000018142 0.4999915146 1.0000063499 6.3750070964 0.4000018142 0.1999975130 2.5500144044 0.0075204031
0.1380000000 0.4000053372 0.4999750376 1.0000186803 6.3750208768 0.4000053372 0.1999926835 2.5500423754 0.0083363369
0.1400000000 0.4000151760 0.4999290211 1.0000531168 6.3750593646 0.4000151760 0.1999791954 2.5501204938 0.0086594569
0.1420000000 0.4000423320 0.4998020135 1.0001481682 6.3751656121 0.4000423320 0.1999419630 2.5503361184 0.0087782101
0.1440000000 0.4001169165 0.4994531990 1.0004092547 6.3754575570 0.4001169165 0.1998396739 2.5509284189 0.0088152788
0.1460000000 0.4003211924 0.4984979563 1.0011245269 6.3762581556 0.4003211924 0.1995592963 2.5525512680 0.0088105757
0.1480000000 0.4008786400 0.4958920154 1.0030778792 6.3784503675 0.4008786400 0.1987925168 2.5569845089 0.0087590929
0.1500000000 0.4023870851 0.4888464413 1.0083741999 6.3844367412 0.4023870851 0.1967054946 2.5690148904 0.0086067647
0.1520000000 0.4063802785 0.4702396476 1.0224680357 6.4006565103 0.4063802785 0.1910961189 2.6011005750 0.0082069989
0.1540000000 0.4163803597 0.4239642836 1.0582016652 6.4434486226 0.4163803597 0.1765304009 2.6829254555 0.0072570015
0.1560000000 0.4384716393 0.3238717173 1.1389843851 6.5465060546 0.4384716393 0.1420085628 2.8704572412 0.0053177370
0.1580000000 0.4769981662 0.1585874941 1.2838895831 6.7415819092 0.4769981662 0.0756459439 3.2157222080 0.0019013005
0.1600000000 0.5228079747 -0.0207027680 1.4596220294 6.9799377386 0.5228079747 -0.0108235722 3.6491671124 0.0039861718
0.1620000000 0.5511974172 -0.1231901178 1.5696920362 7.1270517605 0.5511974172 -0.0679020747 3.9284125228 0.0163307729
0.1640000000 0.5521774380 -0.1266359863 1.5734431942 7.1318298407 0.5521774380 -0.0699255345 3.9380355300 0.0190225228
0.1660000000 0.5409384892 -0.0859068710 1.5290028757 7.0701259492 0.5409384892 -0.0464703330 3.8245032497 0.0009481928
0.1680000000 0.5314264904 -0.0504661223 1.4913368397 7.0169983868 0.5314264904 -0.0268190342 3.7290188256 0.0135032604
0.1700000000 0.5301978768 -0.0458409627 1.4864740387 7.0101038435 0.5301978768 -0.0243047811 3.7167421742 0.0190201191
0.1720000000 0.5336014616 -0.0585628948 1.4998793843 7.0288665859 0.5336014616 -0.0312492463 3.7506134839 0.0010609244
0.1740000000 0.5371652338 -0.0717585466 1.5139092123 7.0484011285 0.5371652338 -0.0385461965 3.7861560403 0.0098069424
0.1760000000 0.5381693327 -0.0754582729 1.5178631892 7.0538953025 0.5381693327 -0.0406093284 3.7961901280 0.0190143762
0.1780000000 0.5372903112 -0.0722141383 1.5143960064 7.0490587488 0.5372903112 -0.0387999568 3.7873909688 0.0037809806
0.1800000000 0.5360852450 -0.0677535748 1.5096419490 7.0424160519 0.5360852450 -0.0363216917 3.7753353347 0.0072586755
0.1820000000 0.5355938505 -0.0659308658 1.5077032301 7.0397039706 0.5355938505 -0.0353121663 3.7704221560 0.0189978116
0.1840000000 0.5358007251 -0.0666975818 1.5085184966 7.0408415626 0.5358007251 -0.0357366127 3.7724880144 0.0071297634
0.1860000000 0.5361982908 -0.0681700966 1.5100855892 7.0430285551 0.5361982908 -0.0365526893 3.7764598733 0.0048925634
0.1880000000 0.5364157650 -0.0689750150 1.5109428625 7.0442246778 0.5364157650 -0.0369992854 3.7786331695 0.0189503554
0.1900000000 0.5363824709 -0.0688518423 1.5108116682 7.0440418105 0.5363824709 -0.0369309213 3.7783005515 0.0129954202
0.1920000000 0.5362581201 -0.0683916483 1.5103215867 7.0433583696 0.5362581201 -0.0366755767 3.7770581183 0.0027026893
0.1940000000 0.5361709507 -0.0680691789 1.5099782793 7.0428803420 0.5361709507 -0.0364967164 3.7761878489 0.0166140929
0.1960000000 0.5361693828 -0.0680638077 1.5099725973 7.0428740720 0.5361693828 -0.0364937298 3.7761734443 0.0185942342
0.1980000000 0.5362078390 -0.0682066149 1.5101246802 7.0430879280 0.5362078390 -0.0365729216 3.7765589581 0.0006195381
0.2000000000 0.5362416391 -0.0683319761 1.5102582014 7.0432751840 0.5362416391 -0.0366424509 3.7768974291 0.0121493699
0.2020000000 0.5362473913 -0.0683531958 1.5102808362 7.0433066307 0.5362473913 -0.0366542229 3.7769548070 0.0180164673
0.2040000000 0.5362363541 -0.0683120504 1.5102370628 7.0432446647 0.5362363541 -0.0366314049 3.7768438402 0.0014081973
0.2060000000 0.5362243650 -0.0682672610 1.5101894086 7.0431768556 0.5362243650 -0.0366065687 3.7767230367 0.0094823270
0.2080000000 0.5362211592 -0.0682549574 1.5101763407 7.0431571836 0.5362211592 -0.0365997524 3.7766899091 0.0166989579
0.2100000000 0.5362248060 -0.0682680525 1.5101903137 7.0431753387 0.5362248060 -0.0366070232 3.7767253293 0.0033527040
0.2120000000 0.5362298217 -0.0682862750 1.5102097456 7.0432013200 0.5362298217 -0.0366171371 3.7767745880 0.0058689017
0.2140000000 0.5362320442 -0.0682942586 1.5102182755 7.0432124510 0.5362320442 -0.0366215699 3.7767962102 0.0144359923
0.2160000000 0.5362312166 -0.0682910765 1.5102149119 7.0432074189 0.5362312166 -0.0366198071 3.7767876828 0.0058967605
0.2180000000 0.5362294335 -0.0682844910 1.5102079168 7.0431977688 0.5362294335 -0.0366161539 3.7767699497 0.0040373885
0.2200000000 0.5362285354 -0.0682813333 1.5102045627 7.0431937078 0.5362285354 -0.0366143993 3.7767614467 0.0109446593
0.2220000000 0.5362289696 -0.0682832250 1.5102065823 7.0431975525 0.5362289696 -0.0366154434 3.7767665660 0.0049584088
0.2240000000 0.5362299596 -0.0682872342 1.5102108583 7.0432047629 0.5362299596 -0.0366176608 3.7767774052 0.0022566889
0.2260000000 0.5362305864 -0.0682898788 1.5102136831 7.0432098827 0.5362305864 -0.0366191218 3.7767845654 0.0079419292
0.2280000000 0.5362304991 -0.0682897678 1.5102135677 7.0432104834 0.5362304991 -0.0366190563 3.7767842727 0.0049157296
0.2300000000 0.5362300606 -0.0682881952 1.5102118818 7.0432082733 0.5362300606 -0.0366181831 3.7767799994 0.0018596776
0.2320000000 0.5362298175 -0.0682871744 1.5102107628 7.0432061789 0.5362298175 -0.0366176191 3.7767771638 0.0059066752
0.2340000000 0.5362300270 -0.0682877094 1.5102112815 7.0432058824 0.5362300270 -0.0366179203 3.7767784806 0.0033105788
0.2360000000 0.5362305082 -0.0682891948 1.5102128004 7.0432067475 0.5362305082 -0.0366187496 3.7767823334 0.0006259208
0.2380000000 0.5362309075 -0.0682903750 1.5102139918 7.0432071398 0.5362309075 -0.0366194098 3.7767853561 0.0036615351
0.2400000000 0.5362310083 -0.0682904933 1.5102140585 7.0432061344 0.5362310083 -0.0366194801 3.7767855273 0.0035196760
0.2420000000 0.5362308937 -0.0682898888 1.5102133665 7.0432043726 0.5362308937 -0.0366191481 3.7767837751 0.0001116186
0.2440000000 0.5362307854 -0.0682894092 1.5102128210 7.0432032185 0.5362307854 -0.0366188835 3.7767823934 0.0024718238
0.2460000000 0.5362308303 -0.0682896156 1.5102130200 7.0432035704 0.5362308303 -0.0366189973 3.7767828986 0.0018919032
0.2480000000 0.5362309859 -0.0682903505 1.5102137950 7.0432051907 0.5362309859 -0.0366194020 3.7767848633 0.0005249308
0.2500000000 0.5362310963 -0.0682910220 1.5102145147 7.0432071423 0.5362310963 -0.0366197696 3.7767866875 0.0025068722
0.2520000000 0.5362310512 -0.0682911783 1.5102146958 7.0432085892 0.5362310512 -0.0366198503 3.7767871458 0.0019975502
0.2540000000 0.5362308849 -0.0682908762 1.5102143970 7.0432093595 0.5362308849 -0.0366196770 3.7767863873 0.0000409872
0.2560000000 0.5362307287 -0.0682905187 1.5102140461 7.0432097500 0.5362307287 -0.0366194746 3.7767854968 0.0019010226
0.2580000000 0.5362306955 -0.0682904538 1.5102140127 7.0432100255 0.5362306955 -0.0366194375 3.7767854108 0.0021531110
0.2600000000 0.5362307873 -0.0682906727 1.5102142850 7.0432101057 0.5362307873 -0.0366195612 3.7767860998 0.0007417927
0.2620000000 0.5362309219 -0.0682909061 1.5102145734 7.0432096977 0.5362309219 -0.0366196956 3.7767868295 0.0005409760
0.2640000000 0.5362310192 -0.0682909207 1.5102146268 7.0432086707 0.5362310192 -0.0366197100 3.7767869639 0.0008774179
0.2660000000 0.5362310656 -0.0682907348 1.5102144652 7.0432072956 0.5362310656 -0.0366196135 3.7767865531 0.0002220074
0.2680000000 0.5362311029 -0.0682905566 1.5102143119 7.0432060788 0.5362311029 -0.0366195205 3.7767861634 0.0004081993
0.2700000000 0.5362311650 -0.0682905518 1.5102143443 7.0432054137 0.5362311650 -0.0366195221 3.7767862444 0.0001655175
0.2720000000 0.5362312349 -0.0682906881 1.5102145267 7.0432053552 0.5362312349 -0.0366196000 3.7767867056 0.0007561641
0.2740000000 0.5362312583 -0.0682907877 1.5102146656 7.0432057035 0.5362312583 -0.0366196550 3.7767870567 0.0014784602
0.2760000000 0.5362311964 -0.0682907142 1.5102146130 7.0432062659 0.5362311964 -0.0366196114 3.7767869222 0.0011776955
0.2780000000 0.5362310625 -0.0682905029 1.5102144063 7.0432070448 0.5362310625 -0.0366194889 3.7767863973 0.0003275629
0.2800000000 0.5362309092 -0.0682903090 1.5102142144 7.0432081498 0.5362309092 -0.0366193745 3.7767859101 0.0004446182
0.2820000000 0.5362307868 -0.0682902513 1.5102141683 7.0432095385 0.5362307868 -0.0366193352 3.7767857925 0.0007583066
0.2840000000 0.5362307109 -0.0682903018 1.5102142398 7.0432108726 0.5362307109 -0.0366193571 3.7767859730 0.0005724573
0.2860000000 0.5362306666 -0.0682903350 1.5102142928 7.0432117035 0.5362306666 -0.0366193718 3.7767861066 0.0002683903
0.2880000000 0.5362306367 -0.0682902617 1.5102142264 7.0432117809 0.5362306367 -0.0366193305 3.7767859379 0.0002563377
0.2900000000 0.5362306221 -0.0682901070 1.5102140610 7.0432111905 0.5362306221 -0.0366192466 3.7767855185 0.0004755548
0.2920000000 0.5362306349 -0.0682899743 1.5102139022 7.0432102741 0.5362306349 -0.0366191763 3.7767851168 0.0004980575
0.2940000000 0.5362306756 -0.0682899378 1.5102138287 7.0432093944 0.5362306756 -0.0366191595 3.7767849318 0.0001179717
0.2960000000 0.5362307219 -0.0682899725 1.5102138168 7.0432087337 0.5362307219 -0.0366191813 3.7767849035 0.0005003178
0.2980000000 0.5362307387 -0.0682899879 1.5102137760 7.0432083237 0.5362307387 -0.0366191907 3.7767848020 0.0009492527
0.3000000000 0.5362307025 -0.0682899215 1.5102136463 7.0432081895 0.5362307025 -0.0366191526 3.7767844754 0.0008799385
0.3020000000 0.5362306154 -0.0682897940 1.5102134563 7.0432084386 0.5362306154 -0.0366190783 3.7767839954 0.0005244870
0.3040000000 0.5362304963 -0.0682896790 1.5102132883 7.0432092119 0.5362304963 -0.0366190084 3.7767835709 0.0002395946
0.3060000000 0.5362303617 -0.0682896281 1.5102131994 7.0432105614 0.5362303617 -0.0366189720 3.7767833465 0.0001741949
0.3080000000 0.5362302146 -0.0682896238 1.5102131717 7.0432123632 0.5362302146 -0.0366189596 3.7767832767 0.0002014599
0.3100000000 0.5362300526 -0.0682896022 1.5102131377 7.0432143300 0.5362300526 -0.0366189370 3.7767831907 0.0000642226
0.3120000000 0.5362298859 -0.0682895194 1.5102130512 7.0432161094 0.5362298859 -0.0366188812 3.7767829708 0.0002876340
0.3140000000 0.5362297397 -0.0682893893 1.5102129261 7.0432174375 0.5362297397 -0.0366188015 3.7767826531 0.0006612150
0.3160000000 0.5362296377 -0.0682892608 1.5102128123 7.0432182376 0.5362296377 -0.0366187256 3.7767823637 0.0008430282
0.3180000000 0.5362295871 -0.0682891689 1.5102127435 7.0432185752 0.5362295871 -0.0366186729 3.7767821882 0.0006764220
0.3200000000 0.5362295738 -0.0682891062 1.5102127088 7.0432185825 0.5362295738 -0.0366186383 3.7767820990 0.0001943791
0.3220000000 0.5362295704 -0.0682890365 1.5102126683 7.0432184346 0.5362295704 -0.0366186007 3.7767819953 0.0002921000
0.3240000000 0.5362295510 -0.0682889349 1.5102125962 7.0432183456 0.5362295510 -0.0366185449 3.7767818113 0.0004706113
0.3260000000 0.5362295057 -0.0682888122 1.5102125052 7.0432185075 0.5362295057 -0.0366184760 3.7767815791 0.0004665091
0.3280000000 0.5362294335 -0.0682886980 1.5102124258 7.0432190786 0.5362294335 -0.0366184099 3.7767813763 0.0004741627
0.3300000000 0.5362293320 -0.0682886089 1.5102123728 7.0432201574 0.5362293320 -0.0366183551 3.7767812402 0.0005368501
0.3320000000 0.5362291953 -0.0682885362 1.5102123330 7.0432217621 0.5362291953 -0.0366183068 3.7767811378 0.0005797123
0.3340000000 0.5362290183 -0.0682884587 1.5102122815 7.0432238410 0.5362290183 -0.0366182532 3.7767810057 0.0005018489
0.3360000000 0.5362288046 -0.0682883660 1.5102122077 7.0432262963 0.5362288046 -0.0366181889 3.7767808173 0.0002739718
0.3380000000 0.5362285703 -0.0682882678 1.5102121248 7.0432289792 0.5362285703 -0.0366181202 3.7767806060 0.0000691929
0.3400000000 0.5362283417 -0.0682881801 1.5102120537 7.0432316443 0.5362283417 -0.0366180576 3.7767804245 0.0004161807
0.3420000000 0.5362281442 -0.0682881064 1.5102120005 7.0432339839 0.5362281442 -0.0366180046 3.7767802882 0.0005923989
0.3440000000 0.5362279887 -0.0682880368 1.5102119536 7.0432358026 0.5362279887 -0.0366179566 3.7767801681 0.0005931171
0.3460000000 0.5362278727 -0.0682879614 1.5102118990 7.0432370655 0.5362278727 -0.0366179083 3.7767800285 0.0004668158
0.3480000000 0.5362277863 -0.0682878820 1.5102118330 7.0432378868 0.5362277863 -0.0366178598 3.7767798606 0.0002446861
0.3500000000 0.5362277150 -0.0682878104 1.5102117625 7.0432384896 0.5362277150 -0.0366178165 3.7767796816 0.0000684005
0.3520000000 0.5362276396 -0.0682877557 1.5102116935 7.0432391542 0.5362276396 -0.0366177821 3.7767795067 0.0003475015
0.3540000000 0.5362275426 -0.0682877157 1.5102116227 7.0432400952 0.5362275426 -0.0366177540 3.7767793282 0.0004994175
0.3560000000 0.5362274133 -0.0682876811 1.5102115435 7.0432414217 0.5362274133 -0.0366177266 3.7767791286 0.0005686086
0.3580000000 0.5362272451 -0.0682876467 1.5102114550 7.0432432147 0.5362272451 -0.0366176967 3.7767789056 0.0005549727
0.3600000000 0.5362270368 -0.0682876138 1.5102113639 7.0432455222 0.5362270368 -0.0366176648 3.7767786761 0.0004849342
0.3620000000 0.5362267916 -0.0682875855 1.5102112775 7.0432483385 0.5362267916 -0.0366176329 3.7767784587 0.0003737851
0.3640000000 0.5362265164 -0.0682875605 1.5102111981 7.0432515798 0.5362265164 -0.0366176007 3.7767782585 0.0002083283
0.3660000000 0.5362262240 -0.0682875333 1.5102111227 7.0432550661 0.5362262240 -0.0366175661 3.7767780685 0.0000559067
0.3680000000 0.5362259362 -0.0682874995 1.5102110500 7.0432585030 0.5362259362 -0.0366175283 3.7767778847 0.0003836318
0.3700000000 0.5362256797 -0.0682874591 1.5102109829 7.0432615558 0.5362256797 -0.0366174892 3.7767777148 0.0005831435
0.3720000000 0.5362254682 -0.0682874147 1.5102109249 7.0432640596 0.5362254682 -0.0366174509 3.7767775678 0.0006212787
0.3740000000 0.5362253017 -0.0682873675 1.5102108758 7.0432660134 0.5362253017 -0.0366174142 3.7767774428 0.0005017671
0.3760000000 0.5362251694 -0.0682873169 1.5102108317 7.0432675416 0.5362251694 -0.0366173781 3.7767773306 0.0002463840
0.3780000000 0.5362250532 -0.0682872630 1.5102107898 7.0432688675 0.5362250532 -0.0366173413 3.7767772235 0.0001076228
0.3800000000 0.5362249301 -0.0682872071 1.5102107501 7.0432702961 0.5362249301 -0.0366173028 3.7767771219 0.0003869155
0.3820000000 0.5362247810 -0.0682871504 1.5102107146 7.0432720844 0.5362247810 -0.0366172623 3.7767770309 0.0004949904
0.3840000000 0.5362245972 -0.0682870927 1.5102106842 7.0432743517 0.5362245972 -0.0366172188 3.7767769522 0.0005616599
0.3860000000 0.5362243718 -0.0682870330 1.5102106575 7.0432771826 0.5362243718 -0.0366171714 3.7767768827 0.0005777045
0.3880000000 0.5362241010 -0.0682869721 1.5102106327 7.0432806185 0.5362241010 -0.0366171202 3.7767768178 0.0005376198
0.3900000000 0.5362237854 -0.0682869123 1.5102106082 7.0432846441 0.5362237854 -0.0366170666 3.7767767538 0.0004418660
0.3920000000 0.5362234311 -0.0682868561 1.5102105830 7.0432891746 0.5362234311 -0.0366170123 3.7767766878 0.0002894080
0.3940000000 0.5362230505 -0.0682868044 1.5102105559 7.0432940429 0.5362230505 -0.0366169585 3.7767766172 0.0000775644
0.3960000000 0.5362226627 -0.0682867564 1.5102105267 7.0432989963 0.5362226627 -0.0366169064 3.7767765417 0.0001733446
0.3980000000 0.5362222909 -0.0682867106 1.5102104970 7.0433037362 0.5362222909 -0.0366168564 3.7767764647 0.0003148024
0.4000000000 0.5362219475 -0.0682866654 1.5102104689 7.0433081116 0.5362219475 -0.0366168087 3.7767763921 0.0002741255
0.4020000000 0.5362216280 -0.0682866198 1.5102104442 7.0433121886 0.5362216280 -0.0366167624 3.7767763280 0.0000842516
0.4040000000 0.5362213156 -0.0682865735 1.5102104228 7.0433161865 0.5362213156 -0.0366167163 3.7767762720 0.0002580456
0.4060000000 0.5362209810 -0.0682865280 1.5102104028 7.0433204848 0.5362209810 -0.0366166690 3.7767762196 0.0005567991
0.4080000000 0.5362205959 -0.0682864859 1.5102103813 7.0433254375 0.5362205959 -0.0366166202 3.7767761635 0.0007154089
0.4100000000 0.5362201418 -0.0682864503 1.5102103555 7.0433312785 0.5362201418 -0.0366165700 3.7767760966 0.0008149282
0.4120000000 0.5362196022 -0.0682864229 1.5102103233 7.0433382117 0.5362196022 -0.0366165185 3.7767760138 0.0008677789
0.4140000000 0.5362189632 -0.0682864042 1.5102102840 7.0433464175 0.5362189632 -0.0366164649 3.7767759133 0.0008774004
0.4160000000 0.5362182140 -0.0682863937 1.5102102380 7.0433560395 0.5362182140 -0.0366164081 3.7767757962 0.0008522980
0.4180000000 0.5362173477 -0.0682863901 1.5102101866 7.0433671756 0.5362173477 -0.0366163470 3.7767756655 0.0007984195
0.4200000000 0.5362163616 -0.0682863919 1.5102101312 7.0433798656 0.5362163616 -0.0366162806 3.7767755248 0.0007243191
0.4220000000 0.5362152578 -0.0682863976 1.5102100734 7.0433940898 0.5362152578 -0.0366162083 3.7767753780 0.0006454750
0.4240000000 0.5362140414 -0.0682864051 1.5102100152 7.0434097918 0.5362140414 -0.0366161292 3.7767752300 0.0005884030
0.4260000000 0.5362127154 -0.0682864118 1.5102099591 7.0434269427 0.5362127154 -0.0366160423 3.7767750869 0.0005869507
0.4280000000 0.5362112731 -0.0682864155 1.5102099075 7.0434456418 0.5362112731 -0.0366159458 3.7767749546 0.0006592849
0.4300000000 0.5362096912 -0.0682864145 1.5102098619 7.0434662011 0.5362096912 -0.0366158372 3.7767748369 0.0007792541
0.4320000000 0.5362079315 -0.0682864083 1.5102098228 7.0434891266 0.5362079315 -0.0366157137 3.7767747349 0.0008955618
0.4340000000 0.5362059484 -0.0682863975 1.5102097894 7.0435150107 0.5362059484 -0.0366155725 3.7767746464 0.0009653766
0.4360000000 0.5362036999 -0.0682863831 1.5102097607 7.0435444016 0.5362036999 -0.0366154113 3.7767745686 0.0009077492
0.4380000000 0.5362011764 -0.0682863657 1.5102097356 7.0435774213 0.5362011764 -0.0366152296 3.7767744995 0.0002034518
0.4400000000 0.5361985910 -0.0682863458 1.5102097139 7.0436112707 0.5361985910 -0.0366150424 3.7767744385 0.0037812389
0.4420000000 0.5361970370 -0.0682863225 1.5102096963 7.0436315931 0.5361970370 -0.0366149238 3.7767743900 0.0116704007
0.4440000000 0.5361970690 -0.0682862959 1.5102096828 7.0436311083 0.5361970690 -0.0366149117 3.7767743553 0.0128686311
0.4460000000 0.5361992927 -0.0682862665 1.5102096727 7.0436018572 0.5361992927 -0.0366150478 3.7767743341 0.0088987067
0.4480000000 0.5362062949 -0.0682862354 1.5102096648 7.0435098682 0.5362062949 -0.0366155093 3.7767743298 0.0075453328
0.4500000000 0.5362231480 -0.0682862043 1.5102096575 7.0432885327 0.5362231480 -0.0366166435 3.7767743496 0.0068631639
0.4520000000 0.5362595723 -0.0682861749 1.5102096489 7.0428102484 0.5362595723 -0.0366191150 3.7767744119 0.0064360753
0.4540000000 0.5363337321 -0.0682861483 1.5102096379 7.0418366959 0.5363337321 -0.0366241648 3.7767745563 0.0061271798
0.4560000000 0.5364787976 -0.0682861244 1.5102096245 7.0399331292 0.5364787976 -0.0366340579 3.7767748602 0.0058746912
0.4580000000 0.5367538736 -0.0682861022 1.5102096098 7.0363264240 0.5367538736 -0.0366528299 3.7767754640 0.0056482965
0.4600000000 0.5372615935 -0.0682860806 1.5102095952 7.0296791285 0.5372615935 -0.0366874885 3.7767766104 0.0054322051
0.4620000000 0.5381753876 -0.0682860584 1.5102095818 7.0177469905 0.5381753876 -0.0367498760 3.7767787067 0.0052175877
0.4640000000 0.5397799471 -0.0682860354 1.5102095700 6.9968927847 0.5397799471 -0.0368594326 3.7767824174 0.0049990507
0.4660000000 0.5425282596 -0.0682860124 1.5102095590 6.9614600342 0.5425282596 -0.0370470914 3.7767887966 0.0047728704
0.4680000000 0.5471170374 -0.0682859908 1.5102095471 6.9030924036 0.5471170374 -0.0373604290 3.7767994648 0.0045360351
0.4700000000 0.5545783236 -0.0682859727 1.5102095324 6.8102496297 0.5545783236 -0.0378699203 3.7768168232 0.0042856581
0.4720000000 0.5663772511 -0.0682859599 1.5102095128 6.6684251090 0.5663772511 -0.0386756143 3.7768442826 0.0040185313
0.4740000000 0.5844932009 -0.0682859539 1.5102094863 6.4618141789 0.5844932009 -0.0399126757 3.7768864533 0.0037306655
0.4760000000 0.6114436002 -0.0682859558 1.5102094512 6.1771015326 0.6114436002 -0.0417530107 3.7769492002 0.0034166526
0.4780000000 0.6501877239 -0.0682859663 1.5102094060 5.8091521573 0.6501877239 -0.0443986970 3.7770394190 0.0030685662
0.4800000000 0.7038261370 -0.0682859851 1.5102093495 5.3666156136 0.7038261370 -0.0480614611 3.7771643358 0.0026737375
0.4820000000 0.7749958980 -0.0682860109 1.5102092813 4.8740001181 0.7749958980 -0.0529213783 3.7773300982 0.0022094320
0.4840000000 0.8648534925 -0.0682860413 1.5102092024 4.3678373705 0.8648534925 -0.0590574213 3.7775394047 0.0016264362
0.4860000000 0.9714906644 -0.0682860718 1.5102091172 3.8886506642 0.9714906644 -0.0663392812 3.7777878175 0.0007671873
0.4880000000 1.0870550505 -0.0682860983 1.5102090308 3.4754974363 1.0870550505 -0.0742307480 3.7780570412 0.0010175312
0.4900000000 1.1908327224 -0.0682861202 1.5102089454 3.1728207626 1.1908327224 -0.0813173464 3.7782987865 0.0023896376
0.4920000000 1.2714402862 -0.0682861374 1.5102088638 2.9718159485 1.2714402862 -0.0868217460 3.7784865202 0.0029312944
0.4940000000 1.3305198498 -0.0682861471 1.5102087928 2.8399607028 1.3305198498 -0.0908560742 3.7786240876 0.0033820548
0.4960000000 1.3717625565 -0.0682861474 1.5102087378 2.7546459041 1.3717625565 -0.0936723802 3.7787201075 0.0037688533
0.4980000000 1.3993656121 -0.0682861413 1.5102086952 2.7003553068 1.3993656121 -0.0955572780 3.7787843569 0.0041114030
0.5000000000 1.4171578638 -0.0682861352 1.5102086550 2.6664818612 1.4171578638 -0.0967722335 3.7788257383 0.0044201831
0.5020000000 1.4282409959 -0.0682861332 1.5102086105 2.6458080101 1.4282409959 -0.0975290549 3.7788514672 0.0047010276
0.5040000000 1.4349319609 -0.0682861342 1.5102085636 2.6334816236 1.4349319609 -0.0979859565 3.7788669501 0.0049570880
0.5060000000 1.4388567176 -0.0682861350 1.5102085200 2.6263045830 1.4388567176 -0.0982539640 3.7788759917 0.0051894433
0.5080000000 1.4410990531 -0.0682861340 1.5102084820 2.6222216414 1.4410990531 -0.0984070830 3.7788811245 0.0053970982
0.5100000000 1.4423501172 -0.0682861335 1.5102084454 2.6199491404 1.4423501172 -0.0984925127 3.7788839499 0.0055765431
0.5120000000 1.4430338040 -0.0682861384 1.5102084020 2.6187088794 1.4430338040 -0.0985392060 3.7788854358 0.0057208981
0.5140000000 1.4434011527 -0.0682861533 1.5102083434 2.6180429054 1.4434011527 -0.0985643124 3.7788861474 0.0058187356
0.5160000000 1.4435961964 -0.0682861815 1.5102082642 2.6176893624 1.4435961964 -0.0985776718 3.7788864069 0.0058530823
0.5180000000 1.4436992306 -0.0682862236 1.5102081626 2.6175025358 1.4436992306 -0.0985847685 3.7788863972 0.0058021410
0.5200000000 1.4437538726 -0.0682862779 1.5102080412 2.6174033526 1.4437538726 -0.0985885781 3.7788862265 0.0056454615
0.5220000000 1.4437832768 -0.0682863398 1.5102079072 2.6173498661 1.4437832768 -0.0985906755 3.7788859661 0.0053819195
0.5240000000 1.4437994912 -0.0682864038 1.5102077700 2.6173202653 1.4437994912 -0.0985918751 3.7788856674 0.0050620798
0.5260000000 1.4438086788 -0.0682864649 1.5102076385 2.6173034013 1.4438086788 -0.0985925907 3.7788853660 0.0048123219
0.5280000000 1.4438139538 -0.0682865201 1.5102075180 2.6172936426 1.4438139538 -0.0985930306 3.7788850824 0.0047975994
0.5300000000 1.4438169019 -0.0682865684 1.5102074101 2.6172881197 1.4438169019 -0.0985933016 3.7788848244 0.0051490676
0.5320000000 1.4438183806 -0.0682866110 1.5102073125 2.6172852755 1.4438183806 -0.0985934641 3.7788845881 0.0059983332
0.5340000000 1.4438189104 -0.0682866500 1.5102072214 2.6172841608 1.4438189104 -0.0985935567 3.7788843653 0.0072264522
0.5360000000 1.4438188280 -0.0682866865 1.5102071353 2.6172841635 1.4438188280 -0.0985936037 3.7788841536 0.0061664040
0.5380000000 1.4438181880 -0.0682867202 1.5102070554 2.6172851867 1.4438181880 -0.0985936086 3.7788839557 0.0040876961
0.5400000000 1.4438169246 -0.0682867521 1.5102069802 2.6172873466 1.4438169246 -0.0985935684 3.7788837677 0.0026032913
0.5420000000 1.4438151026 -0.0682867821 1.5102069089 2.6172905253 1.4438151026 -0.0985934873 3.7788835884 0.0014067372
0.5440000000 1.4438129103 -0.0682868076 1.5102068455 2.6172943878 1.4438129103 -0.0985933745 3.7788834271 0.0004313935
0.5460000000 1.4438105937 -0.0682868340 1.5102067803 2.6172984724 1.4438105937 -0.0985932543 3.7788832613 0.0001385247
0.5480000000 1.4438083183 -0.0682868722 1.5102066951 2.6173024487 1.4438083183 -0.0985931541 3.7788830468 0.0001827384
0.5500000000 1.4438060955 -0.0682869209 1.5102065932 2.6173063014 1.4438060955 -0.0985930726 3.7788827917 0.0003334485
0.5520000000 1.4438039665 -0.0682869709 1.5102064900 2.6173099821 1.4438039665 -0.0985929994 3.7788825337 0.0003699933
0.5540000000 1.4438019385 -0.0682870297 1.5102063716 2.6173134540 1.4438019385 -0.0985929459 3.7788822386 0.0003307546
0.5560000000 1.4437999973 -0.0682871164 1.5102062047 2.6173166869 1.4437999973 -0.0985929385 3.7788818255 0.0003935839
0.5580000000 1.4437981541 -0.0682872240 1.5102060020 2.6173196816 1.4437981541 -0.0985929680 3.7788813250 0.0005941756
0.5600000000 1.4437964516 -0.0682873161 1.5102058269 2.6173224682 1.4437964516 -0.0985929847 3.7788808923 0.0006928631
0.5620000000 1.4437949044 -0.0682873785 1.5102057044 2.6173250627 1.4437949044 -0.0985929691 3.7788805886 0.0005018282
0.5640000000 1.4437934641 -0.0682874483 1.5102055694 2.6173274424 1.4437934641 -0.0985929716 3.7788802547 0.0003004398
0.5660000000 1.4437920842 -0.0682875599 1.5102053622 2.6173295905 1.4437920842 -0.0985930385 3.7788797444 0.0004973843
0.5680000000 1.4437907978 -0.0682876799 1.5102051407 2.6173315450 1.4437907978 -0.0985931238 3.7788791995 0.0009290335
0.5700000000 1.4437896762 -0.0682877432 1.5102050180 2.6173333685 1.4437896762 -0.0985931387 3.7788788965 0.0009497771
0.5720000000 1.4437887105 -0.0682877524 1.5102049900 2.6173350695 1.4437887105 -0.0985930860 3.7788788250 0.0002969786
0.5740000000 1.4437877931 -0.0682877917 1.5102049090 2.6173365936 1.4437877931 -0.0985930801 3.7788786243 0.0001235512
0.5760000000 1.4437868567 -0.0682879100 1.5102046890 2.6173379168 1.4437868567 -0.0985931869 3.7788780839 0.0003649099
0.5780000000 1.4437859706 -0.0682880411 1.5102044445 2.6173391074 1.4437859706 -0.0985933157 3.7788774834 0.0011997676
0.5800000000 1.4437852463 -0.0682880848 1.5102043505 2.6173402595 1.4437852463 -0.0985933294 3.7788772510 0.0012412618
0.5820000000 1.4437846743 -0.0682880434 1.5102044029 2.6173413832 1.4437846743 -0.0985932305 3.7788773767 0.0000431000
0.5840000000 1.4437841027 -0.0682880389 1.5102043881 2.6173423926 1.4437841027 -0.0985931850 3.7788773378 0.0009598585
0.5860000000 1.4437834176 -0.0682881639 1.5102041447 2.6173432206 1.4437834176 -0.0985933187 3.7788767400 0.0003112391
0.5880000000 1.4437826882 -0.0682883602 1.5102037759 2.6173439165 1.4437826882 -0.0985935523 3.7788758357 0.0010489871
0.5900000000 1.4437820828 -0.0682884870 1.5102035302 2.6173445962 1.4437820828 -0.0985936940 3.7788752326 0.0017059792
0.5920000000 1.4437816601 -0.0682884967 1.5102034925 2.6173452973 1.4437816601 -0.0985936792 3.7788751384 0.0004449953
0.5940000000 1.4437812853 -0.0682885025 1.5102034655 2.6173459296 1.4437812853 -0.0985936619 3.7788750704 0.0011587461
0.5960000000 1.4437807994 -0.0682886362 1.5102032177 2.6173463900 1.4437807994 -0.0985938218 3.7788744632 0.0007714522
0.5980000000 1.4437802254 -0.0682888766 1.5102027846 2.6173466959 1.4437802254 -0.0985941297 3.7788734026 0.0008781742
0.6000000000 1.4437797407 -0.0682890708 1.5102024307 2.6173469744 1.4437797407 -0.0985943769 3.7788725358 0.0021002915
0.6020000000 1.4437794504 -0.0682891270 1.5102023155 2.6173473045 1.4437794504 -0.0985944382 3.7788722529 0.0010853104
0.6040000000 1.4437792507 -0.0682891303 1.5102022936 2.6173476286 1.4437792507 -0.0985944294 3.7788721979 0.0012045110
0.6060000000 1.4437789600 -0.0682892299 1.5102021080 2.6173478404 1.4437789600 -0.0985945534 3.7788717430 0.0011731356
0.6080000000 1.4437785617 -0.0682894361 1.5102017401 2.6173479389 1.4437785617 -0.0985948238 3.7788708426 0.0006762380
0.6100000000 1.4437782195 -0.0682896056 1.5102014357 2.6173480432 1.4437782195 -0.0985950451 3.7788700977 0.0021145558
0.6120000000 1.4437780448 -0.0682896428 1.5102013613 2.6173482334 1.4437780448 -0.0985950870 3.7788699148 0.0007345544
0.6140000000 1.4437779261 -0.0682896418 1.5102013562 2.6173484393 1.4437779261 -0.0985950774 3.7788699017 0.0020276735
0.6160000000 1.4437776636 -0.0682897706 1.5102011295 2.6173485311 1.4437776636 -0.0985952454 3.7788693470 0.0016242504
0.6180000000 1.4437772528 -0.0682900311 1.5102006754 2.6173485068 1.4437772528 -0.0985955935 3.7788682366 0.0010783214
0.6200000000 1.4437769317 -0.0682902210 1.5102003439 2.6173485271 1.4437769317 -0.0985958457 3.7788674258 0.0037840585
0.6220000000 1.4437768801 -0.0682901899 1.5102003986 2.6173487133 1.4437768801 -0.0985957973 3.7788675593 0.0015159488
0.6240000000 1.4437769262 -0.0682900811 1.5102005902 2.6173489541 1.4437769262 -0.0985956435 3.7788680277 0.0047103679
0.6260000000 1.4437766551 -0.0682902388 1.5102003145 2.6173489785 1.4437766551 -0.0985958526 3.7788673533 0.0044153325
0.6280000000 1.4437759024 -0.0682907970 1.5101993358 2.6173486851 1.4437759024 -0.0985966071 3.7788649599 0.0004284541
0.6300000000 1.4437751834 -0.0682913236 1.5101984132 2.6173484259 1.4437751834 -0.0985973183 3.7788627036 0.0080137613
0.6320000000 1.4437751753 -0.0682912519 1.5101985401 2.6173486554 1.4437751753 -0.0985972142 3.7788630139 0.0078647791
0.6340000000 1.4437759230 -0.0682905428 1.5101997816 2.6173494025 1.4437759230 -0.0985962415 3.7788660495 0.0063056439
0.6360000000 1.4437760999 -0.0682903073 1.5102001890 2.6173497715 1.4437760999 -0.0985959135 3.7788670451 0.0137038591
0.6380000000 1.4437737515 -0.0682921894 1.5101968942 2.6173484484 1.4437737515 -0.0985984705 3.7788589883 0.0039209248
0.6400000000 1.4437697647 -0.0682954568 1.5101911870 2.6173460101 1.4437697647 -0.0986029156 3.7788450331 0.0136514352
0.6420000000 1.4437693016 -0.0682957816 1.5101906241 2.6173458964 1.4437693016 -0.0986033529 3.7788436568 0.0175867952
0.6440000000 1.4437808663 -0.0682860369 1.5102076490 2.6173537643 1.4437808663 -0.0985900736 3.7788852851 0.0029759127
0.6460000000 1.4437976709 -0.0682719100 1.5102323171 2.6173650770 1.4437976709 -0.0985708246 3.7789456021 0.0183320756
0.6480000000 1.4437894407 -0.0682787846 1.5102203017 2.6173596478 1.4437894407 -0.0985801882 3.7789162219 0.0147679570
0.6500000000 1.4437097798 -0.0683455526 1.5101036624 2.6173065222 1.4437097798 -0.0986711427 3.7786310228 0.0005805276
0.6520000000 1.4436210248 -0.0684199529 1.5099736955 2.6172473093 1.4436210248 -0.0987724825 3.7783132429 0.0189292083
0.6540000000 1.4437225596 -0.0683348337 1.5101223886 2.6173150690 1.4437225596 -0.0986565410 3.7786768106 0.0122660997
0.6560000000 1.4442380162 -0.0679028005 1.5108773012 2.6176591046 1.4442380162 -0.0980678058 3.7805227923 0.0020647386
0.6580000000 1.4446760166 -0.0675358861 1.5115187394 2.6179513318 1.4446760166 -0.0975674750 3.7820915015 0.0190110391
0.6600000000 1.4437018822 -0.0683519293 1.5100925229 2.6173019732 1.4437018822 -0.0986798090 3.7786037850 0.0097983912
0.6620000000 1.4404523909 -0.0710777282 1.5053366833 2.6151369847 1.4404523909 -0.1023840836 3.7669803222 0.0053544931
0.6640000000 1.4384801919 -0.0727373348 1.5024482095 2.6138182804 1.4384801919 -0.1046312153 3.7599258216 0.0190221159
0.6660000000 1.4464858901 -0.0660055328 1.5141930767 2.6191984949 1.4464858901 -0.0954760719 3.7886336663 0.0073812418
0.6680000000 1.4656727250 -0.0500373156 1.5423770820 2.6320865946 1.4656727250 -0.0733383287 3.8577775315 0.0125801239
0.6700000000 1.4706877559 -0.0459702143 1.5496714134 2.6353197620 1.4706877559 -0.0676078313 3.8757325068 0.0190237011
0.6720000000 1.4038395510 -0.1014001812 1.4531318320 2.5929221856 1.4038395510 -0.1423495849 3.6400467168 0.0067095055
0.6740000000 1.2586104201 -0.2307355918 1.2478297666 2.5052056553 1.2586104201 -0.2904062202 3.1530779421 0.0011215696
0.6760000000 1.1271973086 -0.3615945414 1.0667573169 2.4313260337 1.1271973086 -0.4075883939 2.7405841614 0.0052576159
0.6780000000 1.0518817637 -0.4424054750 0.9665655489 2.3950908538 1.0518817637 -0.4653582513 2.5193523914 0.0075280821
0.6800000000 1.0190550037 -0.4786952723 0.9241742365 2.3818080315 1.0190550037 -0.4878168124 2.4271933922 0.0086339729
0.6820000000 1.0066836203 -0.4925080917 0.9084416823 2.3773078962 1.0066836203 -0.4957998288 2.3931969196 0.0090845156
0.6840000000 1.0023037179 -0.4974153257 0.9029050989 2.3757856058 1.0023037179 -0.4985612303 2.3812587457 0.0092476134
0.6860000000 1.0007887830 -0.4991147388 0.9009941498 2.3752678138 1.0007887830 -0.4995084320 2.3771413847 0.0093024881
0.6880000000 1.0002691197 -0.4996979309 0.9003391238 2.3750912361 1.0002691197 -0.4998324094 2.3757304198 0.0093157752
0.6900000000 1.0000914284 -0.4998973739 0.9001152036 2.3750309798 1.0000914284 -0.4999430787 2.3752481250 0.0093040558
0.6920000000 1.0000307942 -0.4999654339 0.9000388011 2.3750104325 1.0000307942 -0.4999808299 2.3750835689 0.0092526485
0.6940000000 1.0000101763 -0.4999885772 0.9000128222 2.3750034473 1.0000101763 -0.4999936652 2.3750276161 0.0090980252
0.6960000000 1.0000032305 -0.4999963738 0.9000040704 2.3750010943 1.0000032305 -0.4999979890 2.3750087667 0.0086578977
0.6980000000 1.0000009503 -0.4999989333 0.9000011973 2.3750003219 1.0000009503 -0.4999994085 2.3750025788 0.0074899968
0.7000000000 1.0000002491 -0.4999997204 0.9000003139 2.3750000844 1.0000002491 -0.4999998449 2.3750006760 0.0050365248
0.7020000000 1.0000000583 -0.4999999345 0.9000000735 2.3750000198 1.0000000583 -0.4999999637 2.3750001583 0.0021605919
0.7040000000 1.0000000128 -0.4999999856 0.9000000162 2.3750000043 1.0000000128 -0.4999999920 2.3750000348 0.0006114328
0.7060000000 1.0000000028 -0.4999999969 0.9000000035 2.3750000009 1.0000000028 -0.4999999983 2.3750000075 0.0001415805
0.7080000000 1.0000000006 -0.4999999993 0.9000000007 2.3750000002 1.0000000006 -0.4999999996 2.3750000016 0.0000308105
0.7100000000 1.0000000001 -0.4999999999 0.9000000002 2.3750000000 1.0000000001 -0.4999999999 2.3750000003 0.0000066035
0.7120000000 1.0000000000 -0.5000000000 0.9000000000 2.3750000000 1.0000000000 -0.5000000000 2.3750000001 0.0000014107
0.7140000000 1.0000000000 -0.5000000000 0.9000000000 2.3750000000 1.0000000000 -0.5000000000 2.3750000000 0.0000003010
0.7160000000 1.0000000000 -0.5000000000 0.9000000000 2.3750000000 1.0000000000 -0.5000000000 2.3750000000 0.0000000642
0.7180000000 1.0000000000 -0.5000000000 0.9000000000 2.3750000000 1.0000000000 -0.5000000000 2.3750000000 0.0000000137
0.7200000000 1.0000000000 -0.5000000000 0.9000000000 2.3750000000 1.0000000000 -0.5000000000 2.3750000000 0.0000000030
0.7220000000 1.0000000000 -0.5000000000 0.9000000000 2.3750000000 1.0000000000 -0.5000000000 2.3750000000 0.0000000006
0.7240000000 1.0000000000 -0.5000000000 0.9000000000 2.3750000000 1.0000000000 -0.5000000000 2.3750000000 0.0000000002
0.7260000000 1.0000000000 -0.5000000000 0.9000000000 2.3750000000 1.0000000000 -0.5000000000 2.3750000000 0.0000000000
0.7280000000 1.0000000000 -0.5000000000 0.9000000000 2.3750000000 1.0000000000 -0.5000000000 2.3750000000 0.0000000000
0.7300000000 1.0000000000 -0.5000000000 0.9000000000 2.3750000000 1.0000000000 -0.5000000000 2.3750000000 0.0000000000
0.7320000000 1.0000000000 -0.5000000000 0.9000000000 2.3750000000 1.0000000000 -0.5000000000 2.3750000000 0.0000000000
0.7340000000 1.0000000000 -0.5000000000 0.9000000000 2.3750000000 1.0000000000 -0.5000000000 2.3750000000 0.0000000000
0.7360000000 1.0000000000 -0.5000000000 0.9000000000 2.3750000000 1.0000000000 -0.5000000000 2.3750000000 0.0000000000
0.7380000000 1.0000000000 -0.5000000000 0.9000000000 2.3750000000 1.0000000000 -0.5000000000 2.3750000000 0.0000000000
0.7400000000 1.0000000000 -0.5000000000 0.9000000000 2.3750000000 1.0000000000 -0.5000000000 2.3750000000 0.0000000000
0.7420000000 1.0000000000 -0.5000000000 0.9000000000 2.3750000000 1.0000000000 -0.5000000000 2.3750000000 0.0000000000
0.7440000000 1.0000000000 -0.5000000000 0.9000000000 2.3750000000 1.0000000000 -0.5000000000 2.3750000000 0.0000000000
0.7460000000 1.0000000000 -0.5000000000 0.9000000000 2.3750000000 1.0000000000 -0.5000000000 2.3750000000 0.0000000000
0.7480000000 1.0000000000 -0.5000000000 0.9000000000 2.3750000000 1.0000000000 -0.5000000000 2.3750000000 0.0000000000
0.7500000000 1.0000000000 -0.5000000000 0.9000000000 2.3750000000 1.0000000000 -0.5000000000 2.3750000000 0.0000000000
0.7520000000 1.0000000000 -0.5000000000 0.9000000000 2.3750000000 1.0000000000 -0.5000000000 2.3750000000 0.0000000000
0.7540000000 1.0000000000 -0.5000000000 0.9000000000 2.3750000000 1.0000000000 -0.5000000000 2.3750000000 0.0000000000
0.7560000000 1.0000000000 -0.5000000000 0.9000000000 2.3750000000 1.0000000000 -0.5000000000 2.3750000000 0.0000000000
0.7580000000 1.0000000000 -0.5000000000 0.9000000000 2.3750000000 1.0000000000 -0.5000000000 2.3750000000 0.0000000000
0.7600000000 1.0000000000 -0.5000000000 0.9000000000 2.3750000000 1.0000000000 -0.5000000000 2.3750000000 0.0000000000
0.7620000000 1.0000000000 -0.5000000000 0.9000000000 2.3750000000 1.0000000000 -0.5000000000 2.3750000000 0.0000000000
0.7640000000 1.0000000000 -0.5000000000 0.9000000000 2.3750000000 1.0000000000 -0.5000000000 2.3750000000 0.0000000000
0.7660000000 1.0000000000 -0.5000000000 0.9000000000 2.3750000000 1.0000000000 -0.5000000000 2.3750000000 0.0000000000
0.7680000000 1.0000000000 -0.5000000000 0.9000000000 2.3750000000 1.0000000000 -0.5000000000 2.3750000000 0.0000000000
0.7700000000 1.0000000000 -0.5000000000 0.9000000000 2.3750000000 1.0000000000 -0.5000000000 2.3750000000 0.0000000000
0.7720000000 1.0000000000 -0.5000000000 0.9000000000 2.3750000000 1.0000000000 -0.5000000000 2.3750000000 0.0000000000
0.7740000000 1.0000000000 -0.5000000000 0.9000000000 2.3750000000 1.0000000000 -0.5000000000 2.3750000000 0.0000000000
0.7760000000 1.0000000000 -0.5000000000 0.9000000000 2.3750000000 1.0000000000 -0.5000000000 2.3750000000 0.0000000000
0.7780000000 1.0000000000 -0.5000000000 0.9000000000 2.3750000000 1.0000000000 -0.5000000000 2.3750000000 0.0000000000
0.7800000000 1.0000000000 -0.5000000000 0.9000000000 2.3750000000 1.0000000000 -0.5000000000 2.3750000000 0.0000000000
0.7820000000 1.0000000000 -0.5000000000 0.9000000000 2.3750000000 1.0000000000 -0.5000000000 2.3750000000 0.0000000000
0.7840000000 1.0000000000 -0.5000000000 0.9000000000 2.3750000000 1.0000000000 -0.5000000000 2.3750000000 0.0000000000
0.7860000000 1.0000000000 -0.5000000000 0.9000000000 2.3750000000 1.0000000000 -0.5000000000 2.3750000000 0.0000000000
0.7880000000 1.0000000000 -0.5000000000 0.9000000000 2.3750000000 1.0000000000 -0.5000000000 2.3750000000 0.0000000000
0.7900000000 1.0000000000 -0.5000000000 0.9000000000 2.3750000000 1.0000000000 -0.5000000000 2.3750000000 0.0000000000
0.7920000000 1.0000000000 -0.5000000000 0.9000000000 2.3750000000 1.0000000000 -0.5000000000 2.3750000000 0.0000000000
0.7940000000 1.0000000000 -0.5000000000 0.9000000000 2.3750000000 1.0000000000 -0.5000000000 2.3750000000 0.0000000000
0.7960000000 1.0000000000 -0.5000000000 0.9000000000 2.3750000000 1.0000000000 -0.5000000000 2.3750000000 0.0000000000
0.7980000000 1.0000000000 -0.5000000000 0.9000000000 2.3750000000 1.0000000000 -0.5000000000 2.3750000000 0.0000000000
0.8000000000 1.0000000000 -0.5000000000 0.9000000000 2.3750000000 1.0000000000 -0.5000000000 2.3750000000 0.0000000000
0.8020000000 1.0000000000 -0.5000000000 0.9000000000 2.3750000000 1.0000000000 -0.5000000000 2.3750000000 0.0000000000
0.8040000000 1.0000000000 -0.5000000000 0.9000000000 2.3750000000 1.0000000000 -0.5000000000 2.3750000000 0.0000000000
0.8060000000 1.0000000000 -0.5000000000 0.9000000000 2.3750000000 1.0000000000 -0.5000000000 2.3750000000 0.0000000000
0.8080000000 1.0000000000 -0.5000000000 0.9000000000 2.3750000000 1.0000000000 -0.5000000000 2.3750000000 0.0000000000
0.8100000000 1.0000000000 -0.5000000000 0.9000000000 2.3750000000 1.0000000000 -0.5000000000 2.3750000000 0.0000000000
0.8120000000 1.0000000000 -0.5000000000 0.9000000000 2.3750000000 1.0000000000 -0.5000000000 2.3750000000 0.0000000000
0.8140000000 1.0000000000 -0.5000000000 0.9000000000 2.3750000000 1.0000000000 -0.5000000000 2.3750000000 0.0000000000
0.8160000000 1.0000000000 -0.5000000000 0.9000000000 2.3750000000 1.0000000000 -0.5000000000 2.3750000000 0.0000000000
0.8180000000 1.0000000000 -0.5000000000 0.9000000000 2.3750000000 1.0000000000 -0.5000000000 2.3750000000 0.0000000000
0.8200000000 1.0000000000 -0.5000000000 0.9000000000 2.3750000000 1.0000000000 -0.5000000000 2.3750000000 0.0000000000
0.8220000000 1.0000000000 -0.5000000000 0.9000000000 2.3750000000 1.0000000000 -0.5000000000 2.3750000000 0.0000000000
0.8240000000 1.0000000000 -0.5000000000 0.9000000000 2.3750000000 1.0000000000 -0.5000000000 2.3750000000 0.0000000000
0.8260000000 1.0000000000 -0.5000000000 0.9000000000 2.3750000000 1.0000000000 -0.5000000000 2.3750000000 0.0000000000
0.8280000000 1.0000000000 -0.5000000000 0.9000000000 2.3750000000 1.0000000000 -0.5000000000 2.3750000000 0.0000000000
0.8300000000 1.0000000000 -0.5000000000 0.9000000000 2.3750000000 1.0000000000 -0.5000000000 2.3750000000 0.0000000000
0.8320000000 1.0000000000 -0.5000000000 0.9000000000 2.3750000000 1.0000000000 -0.5000000000 2.3750000000 0.0000000000
0.8340000000 1.0000000000 -0.5000000000 0.9000000000 2.3750000000 1.0000000000 -0.5000000000 2.3750000000 0.0000000000
0.8360000000 1.0000000000 -0.5000000000 0.9000000000 2.3750000000 1.0000000000 -0.5000000000 2.3750000000 0.0000000000
0.8380000000 1.0000000000 -0.5000000000 0.9000000000 2.3750000000 1.0000000000 -0.5000000000 2.3750000000 0.0000000000
0.8400000000 1.0000000000 -0.5000000000 0.9000000000 2.3750000000 1.0000000000 -0.5000000000 2.3750000000 0.0000000000
0.8420000000 1.0000000000 -0.5000000000 0.9000000000 2.3750000000 1.0000000000 -0.5000000000 2.3750000000 0.0000000000
0.8440000000 1.0000000000 -0.5000000000 0.9000000000 2.3750000000 1.0000000000 -0.5000000000 2.3750000000 0.0000000000
0.8460000000 1.0000000000 -0.5000000000 0.9000000000 2.3750000000 1.0000000000 -0.5000000000 2.3750000000 0.0000000000
0.8480000000 1.0000000000 -0.5000000000 0.9000000000 2.3750000000 1.0000000000 -0.5000000000 2.3750000000 0.0000000000
0.8500000000 1.0000000000 -0.5000000000 0.9000000000 2.3750000000 1.0000000000 -0.5000000000 2.3750000000 0.0000000000
0.8520000000 1.0000000000 -0.5000000000 0.9000000000 2.3750000000 1.0000000000 -0.5000000000 2.3750000000 0.0000000000
0.8540000000 1.0000000000 -0.5000000000 0.9000000000 2.3750000000 1.0000000000 -0.5000000000 2.3750000000 0.0000000000
0.8560000000 1.0000000000 -0.5000000000 0.9000000000 2.3750000000 1.0000000000 -0.5000000000 2.3750000000 0.0000000000
0.8580000000 1.0000000000 -0.5000000000 0.9000000000 2.3750000000 1.0000000000 -0.5000000000 2.3750000000 0.0000000000
0.8600000000 1.0000000000 -0.5000000000 0.9000000000 2.3750000000 1.0000000000 -0.5000000000 2.3750000000 0.0000000000
0.8620000000 1.0000000000 -0.5000000000 0.9000000000 2.3750000000 1.0000000000 -0.5000000000 2.3750000000 0.0000000000
0.8640000000 1.0000000000 -0.5000000000 0.9000000000 2.3750000000 1.0000000000 -0.5000000000 2.3750000000 0.0000000000
0.8660000000 1.0000000000 -0.5000000000 0.9000000000 2.3750000000 1.0000000000 -0.5000000000 2.3750000000 0.0000000000
0.8680000000 1.0000000000 -0.5000000000 0.9000000000 2.3750000000 1.0000000000 -0.5000000000 2.3750000000 0.0000000000
0.8700000000 1.0000000000 -0.5000000000 0.9000000000 2.3750000000 1.0000000000 -0.5000000000 2.3750000000 0.0000000000
0.8720000000 1.0000000000 -0.5000000000 0.9000000000 2.3750000000 1.0000000000 -0.5000000000 2.3750000000 0.0000000000
0.8740000000 1.0000000000 -0.5000000000 0.9000000000 2.3750000000 1.0000000000 -0.5000000000 2.3750000000 0.0000000000
0.8760000000 1.0000000000 -0.5000000000 0.9000000000 2.3750000000 1.0000000000 -0.5000000000 2.3750000000 0.0000000000
0.8780000000 1.0000000000 -0.5000000000 0.9000000000 2.3750000000 1.0000000000 -0.5000000000 2.3750000000 0.0000000000
0.8800000000 1.0000000000 -0.5000000000 0.9000000000 2.3750000000 1.0000000000 -0.5000000000 2.3750000000 0.0000000000
0.8820000000 1.0000000000 -0.5000000000 0.9000000000 2.3750000000 1.0000000000 -0.5000000000 2.3750000000 0.0000000000
0.8840000000 1.0000000000 -0.5000000000 0.9000000000 2.3750000000 1.0000000000 -0.5000000000 2.3750000000 0.0000000000
0.8860000000 1.0000000000 -0.5000000000 0.9000000000 2.3750000000 1.0000000000 -0.5000000000 2.3750000000 0.0000000000
0.8880000000 1.0000000000 -0.5000000000 0.9000000000 2.3750000000 1.0000000000 -0.5000000000 2.3750000000 0.0000000000
0.8900000000 1.0000000000 -0.5000000000 0.9000000000 2.3750000000 1.0000000000 -0.5000000000 2.3750000000 0.0000000000
0.8920000000 1.0000000000 -0.5000000000 0.9000000000 2.3750000000 1.0000000000 -0.5000000000 2.3750000000 0.0000000000
0.8940000000 1.0000000000 -0.5000000000 0.9000000000 2.3750000000 1.0000000000 -0.5000000000 2.3750000000 0.0000000000
0.8960000000 1.0000000000 -0.5000000000 0.9000000000 2.3750000000 1.0000000000 -0.5000000000 2.3750000000 0.0000000000
0.8980000000 1.0000000000 -0.5000000000 0.9000000000 2.3750000000 1.0000000000 -0.5000000000 2.3750000000 0.0000000000
0.9000000000 1.0000000000 -0.5000000000 0.9000000000 2.3750000000 1.0000000000 -0.5000000000 2.3750000000 0.0000000000
0.9020000000 1.0000000000 -0.5000000000 0.9000000000 2.3750000000 1.0000000000 -0.5000000000 2.3750000000 0.0000000000
0.9040000000 1.0000000000 -0.5000000000 0.9000000000 2.3750000000 1.0000000000 -0.5000000000 2.3750000000 0.0000000000
0.9060000000 1.0000000000 -0.5000000000 0.9000000000 2.3750000000 1.0000000000 -0.5000000000 2.3750000000 0.0000000000
0.9080000000 1.0000000000 -0.5000000000 0.9000000000 2.3750000000 1.0000000000 -0.5000000000 2.3750000000 0.0000000000
0.9100000000 1.0000000000 -0.5000000000 0.9000000000 2.3750000000 1.0000000000 -0.5000000000 2.3750000000 0.0000000000
0.9120000000 1.0000000000 -0.5000000000 0.9000000000 2.3750000000 1.0000000000 -0.5000000000 2.3750000000 0.0000000000
0.9140000000 1.0000000000 -0.5000000000 0.9000000000 2.3750000000 1.0000000000 -0.5000000000 2.3750000000 0.0000000000
0.9160000000 1.0000000000 -0.5000000000 0.9000000000 2.3750000000 1.0000000000 -0.5000000000 2.3750000000 0.0000000000
0.9180000000 1.0000000000 -0.5000000000 0.9000000000 2.3750000000 1.0000000000 -0.5000000000 2.3750000000 0.0000000000
0.9200000000 1.0000000000 -0.5000000000 0.9000000000 2.3750000000 1.0000000000 -0.5000000000 2.3750000000 0.0000000000
0.9220000000 1.0000000000 -0.5000000000 0.9000000000 2.3750000000 1.0000000000 -0.5000000000 2.3750000000 0.0000000000
0.9240000000 1.0000000000 -0.5000000000 0.9000000000 2.3750000000 1.0000000000 -0.5000000000 2.3750000000 0.0000000000
0.9260000000 1.0000000000 -0.5000000000 0.9000000000 2.3750000000 1.0000000000 -0.5000000000 2.3750000000 0.0000000000
0.9280000000 1.0000000000 -0.5000000000 0.9000000000 2.3750000000 1.0000000000 -0.5000000000 2.3750000000 0.0000000000
0.9300000000 1.0000000000 -0.5000000000 0.9000000000 2.3750000000 1.0000000000 -0.5000000000 2.3750000000 0.0000000000
0.9320000000 1.0000000000 -0.5000000000 0.9000000000 2.3750000000 1.0000000000 -0.5000000000 2.3750000000 0.0000000000
0.9340000000 1.0000000000 -0.5000000000 0.9000000000 2.3750000000 1.0000000000 -0.5000000000 2.3750000000 0.0000000000
0.9360000000 1.0000000000 -0.5000000000 0.9000000000 2.3750000000 1.0000000000 -0.5000000000 2.3750000000 0.0000000000
0.9380000000 1.0000000000 -0.5000000000 0.9000000000 2.3750000000 1.0000000000 -0.5000000000 2.3750000000 0.0000000000
0.9400000000 1.0000000000 -0.5000000000 0.9000000000 2.3750000000 1.0000000000 -0.5000000000 2.3750000000 0.0000000000
0.9420000000 1.0000000000 -0.5000000000 0.9000000000 2.3750000000 1.0000000000 -0.5000000000 2.3750000000 0.0000000000
0.9440000000 1.0000000000 -0.5000000000 0.9000000000 2.3750000000 1.0000000000 -0.5000000000 2.3750000000 0.0000000000
0.9460000000 1.0000000000 -0.5000000000 0.9000000000 2.3750000000 1.0000000000 -0.5000000000 2.3750000000 0.0000000000
0.9480000000 1.0000000000 -0.5000000000 0.9000000000 2.3750000000 1.0000000000 -0.5000000000 2.3750000000 0.0000000000
0.9500000000 1.0000000000 -0.5000000000 0.9000000000 2.3750000000 1.0000000000 -0.5000000000 2.3750000000 0.0000000000
0.9520000000 1.0000000000 -0.5000000000 0.9000000000 2.3750000000 1.0000000000 -0.5000000000 2.3750000000 0.0000000000
0.9540000000 1.0000000000 -0.5000000000 0.9000000000 2.3750000000 1.0000000000 -0.5000000000 2.3750000000 0.0000000000
0.9560000000 1.0000000000 -0.5000000000 0.9000000000 2.3750000000 1.0000000000 -0.5000000000 2.3750000000 0.0000000000
0.9580000000 1.0000000000 -0.5000000000 0.9000000000 2.3750000000 1.0000000000 -0.5000000000 2.3750000000 0.0000000000
0.9600000000 1.0000000000 -0.5000000000 0.9000000000 2.3750000000 1.0000000000 -0.5000000000 2.3750000000 0.0000000000
0.9620000000 1.0000000000 -0.5000000000 0.9000000000 2.3750000000 1.0000000000 -0.5000000000 2.3750000000 0.0000000000
0.9640000000 1.0000000000 -0.5000000000 0.9000000000 2.3750000000 1.0000000000 -0.5000000000 2.3750000000 0.0000000000
0.9660000000 1.0000000000 -0.5000000000 0.9000000000 2.3750000000 1.0000000000 -0.5000000000 2.3750000000 0.0000000000
0.9680000000 1.0000000000 -0.5000000000 0.9000000000 2.3750000000 1.0000000000 -0.5000000000 2.3750000000 0.0000000000
0.9700000000 1.0000000000 -0.5000000000 0.9000000000 2.3750000000 1.0000000000 -0.5000000000 2.3750000000 0.0000000000
0.9720000000 1.0000000000 -0.5000000000 0.9000000000 2.3750000000 1.0000000000 -0.5000000000 2.3750000000 0.0000000000
0.9740000000 1.0000000000 -0.5000000000 0.9000000000 2.3750000000 1.0000000000 -0.5000000000 2.3750000000 0.0000000000
0.9760000000 1.0000000000 -0.5000000000 0.9000000000 2.3750000000 1.0000000000 -0.5000000000 2.3750000000 0.0000000000
0.9780000000 1.0000000000 -0.5000000000 0.9000000000 2.3750000000 1.0000000000 -0.5000000000 2.3750000000 0.0000000000
0.9800000000 1.0000000000 -0.5000000000 0.9000000000 2.3750000000 1.0000000000 -0.5000000000 2.3750000000 0.0000000000
0.9820000000 1.0000000000 -0.5000000000 0.9000000000 2.3750000000 1.0000000000 -0.5000000000 2.3750000000 0.0000000000
0.9840000000 1.0000000000 -0.5000000000 0.9000000000 2.3750000000 1.0000000000 -0.5000000000 2.3750000000 0.0000000000
0.9860000000 1.0000000000 -0.5000000000 0.9000000000 2.3750000000 1.0000000000 -0.5000000000 2.3750000000 0.0000000000
0.9880000000 1.0000000000 -0.5000000000 0.9000000000 2.3750000000 1.0000000000 -0.5000000000 2.3750000000 0.0000000000
0.9900000000 1.0000000000 -0.5000000000 0.9000000000 2.3750000000 1.0000000000 -0.5000000000 2.3750000000 0.0000000000
0.9920000000 1.0000000000 -0.5000000000 0.9000000000 2.3750000000 1.0000000000 -0.5000000000 2.3750000000 0.0000000000
0.9940000000 1.0000000000 -0.5000000000 0.9000000000 2.3750000000 1.0000000000 -0.5000000000 2.3750000000 0.0000000000
0.9960000000 1.0000000000 -0.5000000000 0.9000000000 2.3750000000 1.0000000000 -0.5000000000 2.3750000000 0.0000000000
0.9980000000 1.0000000000 -0.5000000000 0.9000000000 2.3750000000 1.0000000000 -0.5000000000 2.3750000000 0.0000000000
1.0000000000 1.0000000000 -0.5000000000 0.9000000000 2.3750000000 1.0000000000 -0.5000000000 2.3750000000 0.0000000000
