TITLE = "1D Euler Filtered MacCormack Result"
VARIABLES = "x", "rho", "u", "p", "E", "rho_conserved", "rhou", "rhoE", "nu"
ZONE T="t=0.16000000", I=501, F=POINT
0.0000000000 0.4449999944 0.6980000420 3.5279999378 20.0638266485 0.4449999944 0.3106100148 8.9284027461 0.0000000000
0.0020000000 0.4449999944 0.6980000420 3.5279999378 20.0638266485 0.4449999944 0.3106100148 8.9284027461 0.0111911230
0.0040000000 0.4449999873 0.6980000948 3.5279998595 20.0638265597 0.4449999873 0.3106100333 8.9284025651 0.0076830064
0.0060000000 0.4449999752 0.6980001859 3.5279997243 20.0638264064 0.4449999752 0.3106100654 8.9284022526 0.0145976701
0.0080000000 0.4449999522 0.6980003576 3.5279994699 20.0638261178 0.4449999522 0.3106101258 8.9284016641 0.0211142268
0.0100000000 0.4449999113 0.6980006638 3.5279990159 20.0638256029 0.4449999113 0.3106102335 8.9284006144 0.0280241690
0.0120000000 0.4449998412 0.6980011886 3.5279982378 20.0638247202 0.4449998412 0.3106104181 8.9283988150 0.0339200121
0.0140000000 0.4449997254 0.6980020562 3.5279969516 20.0638232612 0.4449997254 0.3106107233 8.9283958408 0.0383259169
0.0160000000 0.4449995395 0.6980034477 3.5279948886 20.0638209211 0.4449995395 0.3106112128 8.9283910702 0.0412609149
0.0180000000 0.4449992484 0.6980056270 3.5279916578 20.0638172563 0.4449992484 0.3106119794 8.9283835992 0.0430075501
0.0200000000 0.4449988012 0.6980089753 3.5279866937 20.0638116255 0.4449988012 0.3106131572 8.9283721201 0.0438807779
0.0220000000 0.4449981246 0.6980140407 3.5279791840 20.0638031071 0.4449981246 0.3106149390 8.9283547544 0.0441401750
0.0240000000 0.4449971144 0.6980216035 3.5279679719 20.0637903890 0.4449971144 0.3106175994 8.9283288272 0.0439754838
0.0260000000 0.4449956237 0.6980327640 3.5279514261 20.0637716209 0.4449956237 0.3106215252 8.9282905662 0.0435178178
0.0280000000 0.4449934474 0.6980490577 3.5279272703 20.0637442209 0.4449934474 0.3106272566 8.9282347077 0.0428551768
0.0300000000 0.4449903024 0.6980726034 3.5278923634 20.0637046260 0.4449903024 0.3106355389 8.9281539882 0.0420456445
0.0320000000 0.4449858028 0.6981062912 3.5278424213 20.0636479775 0.4449858028 0.3106473884 8.9280385014 0.0411271232
0.0340000000 0.4449794285 0.6981540140 3.5277716733 20.0635677303 0.4449794285 0.3106641742 8.9278749033 0.0401240993
0.0360000000 0.4449704884 0.6982209489 3.5276724458 20.0634551822 0.4449704884 0.3106877166 8.9276454505 0.0390522185
0.0380000000 0.4449580753 0.6983138865 3.5275346745 20.0632989208 0.4449580753 0.3107204029 8.9273268722 0.0379213485
0.0400000000 0.4449410171 0.6984416062 3.5273453493 20.0630841954 0.4449410171 0.3107653186 8.9268890874 0.0367376347
0.0420000000 0.4449178212 0.6986152860 3.5270879092 20.0627922328 0.4449178212 0.3108263909 8.9262938069 0.0355048962
0.0440000000 0.4448866185 0.6988489270 3.5267416154 20.0623995303 0.4448866185 0.3109085360 8.9254930869 0.0342255991
0.0460000000 0.4448451089 0.6991597643 3.5262809488 20.0618771786 0.4448451089 0.3110178015 8.9244279384 0.0329015585
0.0480000000 0.4447905140 0.6995686217 3.5256750925 20.0611902837 0.4447905140 0.3111614868 8.9230271374 0.0315344685
0.0500000000 0.4447195451 0.7001001590 3.5248875776 20.0602975800 0.4447195451 0.3113482243 8.9212064145 0.0301263194
0.0520000000 0.4446283935 0.7007829540 3.5238761817 20.0591513348 0.4446283935 0.3115879991 8.9188682335 0.0286797360
0.0540000000 0.4445127516 0.7016493549 3.5225931736 20.0576976533 0.4445127516 0.3118920854 8.9159023743 0.0271982529
0.0560000000 0.4443678723 0.7027350495 3.5209859863 20.0558772786 0.4443678723 0.3122728788 8.9121875143 0.0256865296
0.0580000000 0.4441886730 0.7040783114 3.5189983794 20.0536269540 0.4441886730 0.3127436108 8.9075939451 0.0241505013
0.0600000000 0.4439698833 0.7057189110 3.5165721045 20.0508813644 0.4439698833 0.3133179426 8.9019874598 0.0225974547
0.0620000000 0.4437062360 0.7076967180 3.5136490346 20.0475756074 0.4437062360 0.3140094470 8.8952343139 0.0210360205
0.0640000000 0.4433926886 0.7100500650 3.5101736470 20.0436480659 0.4433926886 0.3148310074 8.8872070061 0.0194760722
0.0660000000 0.4430246623 0.7128139843 3.5060956872 20.0390434769 0.4430246623 0.3157941747 8.8777904699 0.0179285301
0.0680000000 0.4425982769 0.7160184651 3.5013727878 20.0337159359 0.4425982769 0.3169085388 8.8668881523 0.0164050729
0.0700000000 0.4421105598 0.7196868936 3.4959727924 20.0276315423 0.4421105598 0.3181811754 8.8544273919 0.0149177675
0.0720000000 0.4415596083 0.7238348333 3.4898755445 20.0207704107 0.4415596083 0.3196162254 8.8403635399 0.0134786390
0.0740000000 0.4409446867 0.7284692732 3.4830739508 20.0131278276 0.4409446867 0.3212146555 8.8246823804 0.0120992045
0.0760000000 0.4402662495 0.7335884186 3.4755742079 20.0047144300 0.4402662495 0.3229742217 8.8074005939 0.0107900037
0.0780000000 0.4395258881 0.7391820380 3.4673951803 19.9955553995 0.4395258881 0.3248896417 8.7885642446 0.0095601592
0.0800000000 0.4387262103 0.7452323132 3.4585670192 19.9856887801 0.4387262103 0.3269529486 8.7682454990 0.0084170005
0.0820000000 0.4378706661 0.7517150866 3.4491291898 19.9751631266 0.4378706661 0.3291539856 8.7465379829 0.0073657817
0.0840000000 0.4369633398 0.7586013641 3.4391281336 19.9640347453 0.4369633398 0.3314809856 8.7235512979 0.0064095140
0.0860000000 0.4360087308 0.7658589189 3.4286148006 19.9523648094 0.4360087308 0.3339211752 8.6994052566 0.0055489298
0.0880000000 0.4350115409 0.7734538519 3.4176422740 19.9402166017 0.4350115409 0.3364613519 8.6742243493 0.0047825767
0.0900000000 0.4339764852 0.7813519935 3.4062636601 19.9276530870 0.4339764852 0.3390883919 8.6481328457 0.0041070339
0.0920000000 0.4329081367 0.7895200664 3.3945303590 19.9147349405 0.4329081367 0.3417896608 8.6212507954 0.0035172272
0.0940000000 0.4318108084 0.7979265712 3.3824907690 19.9015190899 0.4318108084 0.3445533177 8.5936910463 0.0030068116
0.0960000000 0.4306884752 0.8065423907 3.3701894229 19.8880577632 0.4306884752 0.3473685124 8.5655572726 0.0025685849
0.0980000000 0.4295447297 0.8153411381 3.3576665146 19.8743979875 0.4295447297 0.3502254888 8.5369429109 0.0021948958
0.1000000000 0.4283827672 0.8242992885 3.3449577482 19.8605814592 0.4283827672 0.3531156102 8.5079308436 0.0018780146
0.1020000000 0.4272053933 0.8333961450 3.3320944329 19.8466446914 0.4272053933 0.3560313279 8.4785936504 0.0016104421
0.1040000000 0.4260150461 0.8426136875 3.3191037472 19.8326193513 0.4260150461 0.3589661089 8.4489942463 0.0013851451
0.1060000000 0.4248138285 0.8519363487 3.3060091053 19.8185327086 0.4248138285 0.3619143419 8.4191867548 0.0011957130
0.1080000000 0.4236035447 0.8613507530 3.2928305728 19.8044081340 0.4236035447 0.3648712322 8.3892174872 0.0010364447
0.1100000000 0.4223857379 0.8708454456 3.2795852903 19.7902656019 0.4223857379 0.3678326961 8.3591259400 0.0009023739
0.1120000000 0.4211617260 0.8804106307 3.2662878804 19.7761221689 0.4211617260 0.3707952608 8.3289457457 0.0007892491
0.1140000000 0.4199326349 0.8900379292 3.2529508188 19.7619924090 0.4199326349 0.3737559727 8.2987055431 0.0006934821
0.1160000000 0.4186994282 0.8997201625 3.2395847656 19.7478887979 0.4186994282 0.3767123176 8.2684297478 0.0006120794
0.1180000000 0.4174629325 0.9094511646 3.2261988511 19.7338220462 0.4174629325 0.3796621501 8.2381392202 0.0005425643
0.1200000000 0.4162238592 0.9192256207 3.2128009207 19.7198013813 0.4162238592 0.3826036353 8.2078518339 0.0004829003
0.1220000000 0.4149828233 0.9290389309 3.1993977402 19.7058347858 0.4149828233 0.3855351985 8.1775829549 0.0004314190
0.1240000000 0.4137403583 0.9388870966 3.1859951684 19.6919291950 0.4137403583 0.3884554838 8.1473458416 0.0003867559
0.1260000000 0.4124969295 0.9487666253 3.1725982997 19.6780906623 0.4124969295 0.3913633198 8.1171519773 0.0003477944
0.1280000000 0.4112529443 0.9586744513 3.1592115835 19.6643244954 0.4112529443 0.3942576907 8.0870113463 0.0003136194
0.1300000000 0.4100087611 0.9686078706 3.1458389223 19.6506353697 0.4100087611 0.3971377130 8.0569326631 0.0002834785
0.1320000000 0.4087646969 0.9785644858 3.1324837543 19.6370274218 0.4087646969 0.4000026155 8.0269235626 0.0002567505
0.1340000000 0.4075210332 0.9885421609 3.1191491210 19.6235043288 0.4075210332 0.4028517228 7.9969907588 0.0002329200
0.1360000000 0.4062780211 0.9985389829 3.1058377251 19.6100693728 0.4062780211 0.4056844419 7.9671401777 0.0002115570
0.1380000000 0.4050358857 1.0085532298 3.0925519781 19.5967254963 0.4050358857 0.4085002507 7.9373770688 0.0001923006
0.1400000000 0.4037948300 1.0185833432 3.0792940412 19.5834753486 0.4037948300 0.4112986879 7.9077060993 0.0001748456
0.1420000000 0.4025550375 1.0286279054 3.0660658600 19.5703213251 0.4025550375 0.4140793450 7.8781314345 0.0001589321
0.1440000000 0.4013166752 1.0386856193 3.0528691935 19.5572656006 0.4013166752 0.4168418593 7.8486568060 0.0001443373
0.1460000000 0.4000798958 1.0487552913 3.0397056402 19.5443101582 0.4000798958 0.4195859076 7.8192855708 0.0001308680
0.1480000000 0.3988448397 1.0588358164 3.0265766597 19.5314568143 0.3988448397 0.4223112015 7.7900207622 0.0001183553
0.1500000000 0.3976116369 1.0689261648 3.0134835925 19.5187072396 0.3976116369 0.4250174821 7.7608651348 0.0001066500
0.1520000000 0.3963804081 1.0790253705 3.0004276765 19.5060629786 0.3963804081 0.4277045167 7.7318212035 0.0000956183
0.1540000000 0.3951512666 1.0891325203 2.9874100626 19.4935254657 0.3951512666 0.4303720949 7.7028912788 0.0000851389
0.1560000000 0.3939243194 1.0992467445 2.9744318285 19.4810960406 0.3939243194 0.4330200256 7.6740774980 0.0000750997
0.1580000000 0.3926996679 1.1093672078 2.9614939910 19.4687759609 0.3926996679 0.4356481341 7.6453818547 0.0000653957
0.1600000000 0.3914774099 1.1194931007 2.9485975181 19.4565664146 0.3914774099 0.4382562594 7.6168062247 0.0000559263
0.1620000000 0.3902576396 1.1296236314 2.9357433397 19.4444685315 0.3902576396 0.4408442520 7.5883523917 0.0000465934
0.1640000000 0.3890404493 1.1397580178 2.9229323584 19.4324833930 0.3890404493 0.4434119714 7.5600220707 0.0000372992
0.1660000000 0.3878259303 1.1498954797 2.9101654598 19.4206120424 0.3878259303 0.4459592841 7.5318169320 0.0000279441
0.1680000000 0.3866141734 1.1600352302 2.8974435231 19.4088554944 0.3866141734 0.4484860617 7.5037386238 0.0000184248
0.1700000000 0.3854052705 1.1701764674 2.8847674317 19.3972147442 0.3854052705 0.4509921780 7.4757887962 0.0000086329
0.1720000000 0.3841993154 1.1803183654 2.8721380840 19.3856907772 0.3841993154 0.4534775080 7.4479691254 0.0000015301
0.1740000000 0.3829964045 1.1904600660 2.8595564026 19.3742845786 0.3829964045 0.4559419250 7.4202813337 0.0000121021
0.1760000000 0.3817966374 1.2006006773 2.8470233367 19.3629971295 0.3817966374 0.4583853014 7.3927271935 0.0000231540
0.1780000000 0.3806001173 1.2107392663 2.8345398698 19.3518294145 0.3806001173 0.4608075068 7.3653085459 0.0000348273
0.1800000000 0.3794069529 1.2208748471 2.8221070331 19.3407824318 0.3794069529 0.4632084055 7.3380273283 0.0000472736
0.1820000000 0.3782172589 1.2310063688 2.8097259195 19.3298572039 0.3782172589 0.4655878545 7.3108856059 0.0000606647
0.1840000000 0.3770311583 1.2411327014 2.7973976999 19.3190547885 0.3770311583 0.4679457001 7.2838856051 0.0000751985
0.1860000000 0.3758487841 1.2512526192 2.7851236405 19.3083762916 0.3758487841 0.4702817756 7.2570297529 0.0000911049
0.1880000000 0.3746702810 1.2613647820 2.7729051242 19.2978228808 0.3746702810 0.4725958973 7.2303207211 0.0001086535
0.1900000000 0.3734958079 1.2714677137 2.7607436744 19.2873958021 0.3734958079 0.4748878610 7.2037614775 0.0001281643
0.1920000000 0.3723255411 1.2815597754 2.7486409832 19.2770963984 0.3723255411 0.4771574368 7.1773553468 0.0001500197
0.1940000000 0.3711596771 1.2916391351 2.7365989449 19.2669261307 0.3711596771 0.4794043643 7.1511060816 0.0001746806
0.1960000000 0.3699984371 1.3017037304 2.7246196964 19.2568866049 0.3699984371 0.4816283459 7.1250179482 0.0002027076
0.1980000000 0.3688420716 1.3117512239 2.7127056648 19.2469796021 0.3688420716 0.4838290389 7.0990958288 0.0002347872
0.2000000000 0.3676908662 1.3217789481 2.7008596266 19.2372071161 0.3676908662 0.4860060463 7.0733453468 0.0002717664
0.2020000000 0.3665451488 1.3317838395 2.6890847792 19.2275713991 0.3665451488 0.4881589056 7.0477730187 0.0003146989
0.2040000000 0.3654052987 1.3417623559 2.6773848287 19.2180750173 0.3654052987 0.4902870744 7.0223864417 0.0003649041
0.2060000000 0.3642717573 1.3517103743 2.6657640994 19.2087209198 0.3642717573 0.4923899135 6.9971945257 0.0004240475
0.2080000000 0.3631450420 1.3616230644 2.6542276698 19.1995125240 0.3631450420 0.4944666649 6.9722077823 0.0004942463
0.2100000000 0.3620257630 1.3714947286 2.6427815427 19.1904538227 0.3620257630 0.4965164255 6.9474386869 0.0005782124
0.2120000000 0.3609146450 1.3813186015 2.6314328599 19.1815495180 0.3609146450 0.4985381126 6.9229021340 0.0006794446
0.2140000000 0.3598125545 1.3910865963 2.6201901729 19.1728051907 0.3598125545 0.5005304217 6.8986160127 0.0008024903
0.2160000000 0.3587205345 1.4007889815 2.6090637872 19.1642275136 0.3587205345 0.5024917722 6.8746019370 0.0009533011
0.2180000000 0.3576398481 1.4104139713 2.5980661989 19.1558245226 0.3576398481 0.5044202385 6.8508861732 0.0011397182
0.2200000000 0.3565720348 1.4199472036 2.5872126499 19.1476059594 0.3565720348 0.5063134637 6.8275008182 0.0013721354
0.2220000000 0.3555189809 1.4293710775 2.5765218318 19.1395837040 0.3555189809 0.5081685487 6.8044852924 0.0016644010
0.2240000000 0.3544830090 1.4386639183 2.5660167713 19.1317723156 0.3544830090 0.5099819147 6.7818882181 0.0020350394
0.2260000000 0.3534669891 1.4477989386 2.5557259311 19.1241897012 0.3534669891 0.5117491316 6.7597697526 0.0025088859
0.2280000000 0.3524744731 1.4567429709 2.5456845473 19.1168579204 0.3524744731 0.5134647111 6.7382044227 0.0031192348
0.2300000000 0.3515098532 1.4654549810 2.5359361955 19.1098041179 0.3515098532 0.5151218652 6.7172844403 0.0039105836
0.2320000000 0.3505785357 1.4738844273 2.5265345086 19.1030615264 0.3505785357 0.5167122443 6.6971233366 0.0049419933
0.2340000000 0.3496871094 1.4819696583 2.5175448413 19.0966704082 0.3496871094 0.5182256861 6.6778594748 0.0062909433
0.2360000000 0.3488434675 1.4896367405 2.5090454563 19.0906786588 0.3488434675 0.5196500459 6.6596585410 0.0080573480
0.2380000000 0.3480568056 1.4967994182 2.5011274833 19.0851416047 0.3480568056 0.5209712241 6.6427134208 0.0103671685
0.2400000000 0.3473373831 1.5033612725 2.4938925155 19.0801202883 0.3473373831 0.5221735702 6.6272390501 0.0133750884
0.2420000000 0.3466959044 1.5092214254 2.4874464158 19.0756773693 0.3466959044 0.5232408870 6.6134592182 0.0172666796
0.2440000000 0.3461423928 1.5142849743 2.4818880881 19.0718698969 0.3461423928 0.5241582244 6.6015826820 0.0222636301
0.2460000000 0.3456845475 1.5184782740 2.4772931112 19.0687389364 0.3456845475 0.5249144751 6.5917683910 0.0286431958
0.2480000000 0.3453258142 1.5217669276 2.4736945385 19.0662975303 0.3453258142 0.5255054032 6.5840847176 0.0367997162
0.2500000000 0.3450637046 1.5241714964 2.4710661964 19.0645203603 0.3450637046 0.5259362629 6.5784740214 0.0474159821
0.2520000000 0.3448890739 1.5257743218 2.4693155322 19.0633395379 0.3448890739 0.5262228929 6.5747375194 0.0619312603
0.2540000000 0.3447868706 1.5267126541 2.4682911397 19.0626497487 0.3447868706 0.5263904783 6.5725513513 0.0839847549
0.2560000000 0.3447382876 1.5271587474 2.4678042571 19.0623222960 0.3447382876 0.5264700914 6.5715123455 0.1251963357
0.2580000000 0.3447235993 1.5272935994 2.4676570893 19.0622234941 0.3447235993 0.5264941468 6.5711982935 0.2392486125
0.2600000000 0.3447248618 1.5272819696 2.4676697793 19.0622322232 0.3447248618 0.5264920658 6.5712253678 0.1984755301
0.2620000000 0.3447389061 1.5271529578 2.4678105707 19.0623271283 0.3447389061 0.5264690402 6.5715258027 0.0978284184
0.2640000000 0.3447718108 1.5268507578 2.4681403915 19.0625492607 0.3447718108 0.5264151005 6.5722296264 0.0643865146
0.2660000000 0.3448281191 1.5263336924 2.4687048045 19.0629294434 0.3448281191 0.5263227763 6.5734341044 0.0448789143
0.2680000000 0.3449096271 1.5255853611 2.4695218573 19.0634801219 0.3449096271 0.5261890781 6.5751778207 0.0304262653
0.2700000000 0.3450141122 1.5246263007 2.4705693329 19.0641867253 0.3450141122 0.5260175896 6.5774134581 0.0177067886
0.2720000000 0.3451345469 1.5235211521 2.4717768425 19.0650021725 0.3451345469 0.5258197826 6.5799908866 0.0043384462
0.2740000000 0.3452585944 1.5223831976 2.4730207313 19.0658431947 0.3452585944 0.5256158829 6.5826462226 0.0117405136
0.2760000000 0.3453700257 1.5213612665 2.4741382574 19.0665997059 0.3453700257 0.5254325797 6.5850320309 0.0286190219
0.2780000000 0.3454571089 1.5205628098 2.4750117062 19.0671916437 0.3454571089 0.5252892322 6.5868969009 0.0422381520
0.2800000000 0.3455179667 1.5200048927 2.4756221791 19.0676057597 0.3455179667 0.5251889999 6.5882003726 0.0507835509
0.2820000000 0.3455576046 1.5196415361 2.4760198323 19.0678757404 0.3455576046 0.5251236890 6.5890494654 0.0534348063
0.2840000000 0.3455828906 1.5194097422 2.4762735325 19.0680481346 0.3455828906 0.5250820107 6.5895911926 0.0491819866
0.2860000000 0.3455996574 1.5192560351 2.4764417777 19.0681625674 0.3455996574 0.5250543653 6.5899504508 0.0372154640
0.2880000000 0.3456119942 1.5191429310 2.4765655851 19.0682468531 0.3456119942 0.5250340179 6.5902148213 0.0191139642
0.2900000000 0.3456225778 1.5190458966 2.4766718063 19.0683192119 0.3456225778 0.5250165586 6.5904416401 0.0011498798
0.2920000000 0.3456331237 1.5189492085 2.4767776521 19.0683913278 0.3456331237 0.5249991597 6.5906676593 0.0076110162
0.2940000000 0.3456443678 1.5188461246 2.4768905038 19.0684682136 0.3456443678 0.5249806086 6.5909086410 0.0034893161
0.2960000000 0.3456558914 1.5187404817 2.4770061618 19.0685470175 0.3456558914 0.5249615950 6.5911556173 0.0091130138
0.2980000000 0.3456664826 1.5186433852 2.4771124670 19.0686194804 0.3456664826 0.5249441172 6.5913826231 0.0240081544
0.3000000000 0.3456750871 1.5185644944 2.4771988425 19.0686784138 0.3456750871 0.5249299138 6.5915670709 0.0346069281
0.3020000000 0.3456815043 1.5185056467 2.4772632746 19.0687224461 0.3456815043 0.5249193162 6.5917046593 0.0374742011
0.3040000000 0.3456861887 1.5184626761 2.4773103233 19.0687546727 0.3456861887 0.5249115752 6.5918051259 0.0319691086
0.3060000000 0.3456897777 1.5184297428 2.4773463824 19.0687794364 0.3456897777 0.5249056402 6.5918821240 0.0200535053
0.3080000000 0.3456928213 1.5184018058 2.4773769709 19.0688004871 0.3456928213 0.5249006042 6.5919474399 0.0071447052
0.3100000000 0.3456956979 1.5183753991 2.4774058841 19.0688204033 0.3456956979 0.5248958433 6.5920091781 0.0002502250
0.3120000000 0.3456985708 1.5183490263 2.4774347605 19.0688402988 0.3456985708 0.5248910883 6.5920708378 0.0027875201
0.3140000000 0.3457013664 1.5183233606 2.4774628629 19.0688596726 0.3457013664 0.5248864604 6.5921308445 0.0119111997
0.3160000000 0.3457038793 1.5183002843 2.4774881301 19.0688771238 0.3457038793 0.5248822983 6.5921847965 0.0212162132
0.3180000000 0.3457059694 1.5182810820 2.4775091553 19.0688916963 0.3457059694 0.5248788333 6.5922296898 0.0253361371
0.3200000000 0.3457076514 1.5182656182 2.4775260869 19.0689034908 0.3457076514 0.5248760411 6.5922658408 0.0224482284
0.3220000000 0.3457090407 1.5182528358 2.4775400824 19.0689132937 0.3457090407 0.5248737314 6.5922957215 0.0144728228
0.3240000000 0.3457102701 1.5182415169 2.4775524753 19.0689220116 0.3457102701 0.5248716849 6.5923221798 0.0062520727
0.3260000000 0.3457114373 1.5182307681 2.4775642439 19.0689303094 0.3457114373 0.5248697410 6.5923473047 0.0027739708
0.3280000000 0.3457125764 1.5182202758 2.4775757317 19.0689384207 0.3457125764 0.5248678430 6.5923718299 0.0053658058
0.3300000000 0.3457136604 1.5182102872 2.4775866679 19.0689461618 0.3457136604 0.5248660356 6.5923951772 0.0108390922
0.3320000000 0.3457146433 1.5182012241 2.4775965908 19.0689532188 0.3457146433 0.5248643946 6.5924163603 0.0143988403
0.3340000000 0.3457155082 1.5181932414 2.4776053306 19.0689594763 0.3457155082 0.5248629480 6.5924350166 0.0132036441
0.3360000000 0.3457162784 1.5181861262 2.4776131203 19.0689650929 0.3457162784 0.5248616574 6.5924516441 0.0079673017
0.3380000000 0.3457169972 1.5181794800 2.4776203965 19.0689703651 0.3457169972 0.5248604511 6.5924671746 0.0022577889
0.3400000000 0.3457177029 1.5181729534 2.4776275418 19.0689755533 0.3457177029 0.5248592661 6.5924824255 0.0001454117
0.3420000000 0.3457184095 1.5181664180 2.4776346967 19.0689807529 0.3457184095 0.5248580794 6.5924976968 0.0017464398
0.3440000000 0.3457191037 1.5181599950 2.4776417285 19.0689858738 0.3457191037 0.5248569128 6.5925127052 0.0055889032
0.3460000000 0.3457197624 1.5181538967 2.4776484046 19.0689907580 0.3457197624 0.5248558044 6.5925269539 0.0080331576
0.3480000000 0.3457203743 1.5181482264 2.4776546121 19.0689953287 0.3457203743 0.5248547730 6.5925402016 0.0074697112
0.3500000000 0.3457209460 1.5181429224 2.4776604185 19.0689996318 0.3457209460 0.5248538074 6.5925525927 0.0049566133
0.3520000000 0.3457214928 1.5181378464 2.4776659751 19.0690037704 0.3457214928 0.5248528826 6.5925644503 0.0029948316
0.3540000000 0.3457220248 1.5181329056 2.4776713838 19.0690078138 0.3457220248 0.5248519820 6.5925759917 0.0032714284
0.3560000000 0.3457225403 1.5181281142 2.4776766288 19.0690117513 0.3457225403 0.5248511081 6.5925871835 0.0052927697
0.3580000000 0.3457230303 1.5181235555 2.4776816190 19.0690155212 0.3457230303 0.5248502760 6.5925978310 0.0070899717
0.3600000000 0.3457234884 1.5181192879 2.4776862903 19.0690190801 0.3457234884 0.5248494961 6.5926077974 0.0071017238
0.3620000000 0.3457239169 1.5181152913 2.4776906650 19.0690224432 0.3457239169 0.5248487648 6.5926171302 0.0054129494
0.3640000000 0.3457243241 1.5181114883 2.4776948275 19.0690256679 0.3457243241 0.5248480682 6.5926260098 0.0034507997
0.3660000000 0.3457247182 1.5181078042 2.4776988599 19.0690288102 0.3457247182 0.5248473928 6.5926346113 0.0026164179
0.3680000000 0.3457251024 1.5181042099 2.4777027939 19.0690318915 0.3457251024 0.5248467334 6.5926430026 0.0031425921
0.3700000000 0.3457254747 1.5181007229 2.4777066106 19.0690348989 0.3457254747 0.5248460931 6.5926511431 0.0041755430
0.3720000000 0.3457258320 1.5180973733 2.4777102766 19.0690378099 0.3457258320 0.5248454774 6.5926589618 0.0047894160
0.3740000000 0.3457261727 1.5180941744 2.4777137776 19.0690406148 0.3457261727 0.5248448887 6.5926664280 0.0047856048
0.3760000000 0.3457264975 1.5180911195 2.4777171210 19.0690433188 0.3457264975 0.5248443256 6.5926735574 0.0045854228
0.3780000000 0.3457268077 1.5180881973 2.4777203190 19.0690459304 0.3457268077 0.5248437863 6.5926803762 0.0045524386
0.3800000000 0.3457271040 1.5180854021 2.4777233779 19.0690484541 0.3457271040 0.5248432697 6.5926868978 0.0045659261
0.3820000000 0.3457273867 1.5180827293 2.4777263028 19.0690508935 0.3457273867 0.5248427749 6.5926931330 0.0042507362
0.3840000000 0.3457276574 1.5180801657 2.4777291081 19.0690532585 0.3457276574 0.5248422995 6.5926991126 0.0035025309
0.3860000000 0.3457279185 1.5180776887 2.4777318184 19.0690555659 0.3457279185 0.5248418395 6.5927048894 0.0026774967
0.3880000000 0.3457281725 1.5180752764 2.4777344580 19.0690578324 0.3457281725 0.5248413909 6.5927105148 0.0022587942
0.3900000000 0.3457284203 1.5180729180 2.4777370384 19.0690600659 0.3457284203 0.5248409519 6.5927160136 0.0024082380
0.3920000000 0.3457286618 1.5180706168 2.4777395562 19.0690622645 0.3457286618 0.5248405229 6.5927213787 0.0028990007
0.3940000000 0.3457288958 1.5180683829 2.4777420002 19.0690644209 0.3457288958 0.5248401057 6.5927265858 0.0034451087
0.3960000000 0.3457291211 1.5180662270 2.4777443588 19.0690665274 0.3457291211 0.5248397024 6.5927316105 0.0040015287
0.3980000000 0.3457293367 1.5180641587 2.4777466214 19.0690685770 0.3457293367 0.5248393146 6.5927364298 0.0047090157
0.4000000000 0.3457295412 1.5180621901 2.4777487749 19.0690705611 0.3457295412 0.5248389445 6.5927410159 0.0056090927
0.4020000000 0.3457297332 1.5180603350 2.4777508040 19.0690724692 0.3457297332 0.5248385945 6.5927453363 0.0064970689
0.4040000000 0.3457299114 1.5180586044 2.4777526967 19.0690742934 0.3457299114 0.5248382667 6.5927493652 0.0070754466
0.4060000000 0.3457300755 1.5180570016 2.4777544496 19.0690760316 0.3457300755 0.5248379617 6.5927530952 0.0072158212
0.4080000000 0.3457302260 1.5180555211 2.4777560685 19.0690776879 0.3457302260 0.5248376784 6.5927565388 0.0070475496
0.4100000000 0.3457303641 1.5180541530 2.4777575642 19.0690792701 0.3457303641 0.5248374151 6.5927597193 0.0068091903
0.4120000000 0.3457304908 1.5180528876 2.4777589476 19.0690807857 0.3457304908 0.5248371699 6.5927626596 0.0066361389
0.4140000000 0.3457306070 1.5180517167 2.4777602274 19.0690822407 0.3457306070 0.5248369415 6.5927653784 0.0064754420
0.4160000000 0.3457307135 1.5180506331 2.4777614115 19.0690836407 0.3457307135 0.5248367285 6.5927678927 0.0061517549
0.4180000000 0.3457308112 1.5180496280 2.4777625097 19.0690849924 0.3457308112 0.5248365293 6.5927702232 0.0054721021
0.4200000000 0.3457309015 1.5180486891 2.4777635353 19.0690863053 0.3457309015 0.5248363418 6.5927723986 0.0042788673
0.4220000000 0.3457309862 1.5180477994 2.4777645071 19.0690875924 0.3457309862 0.5248361627 6.5927744586 0.0024592658
0.4240000000 0.3457310677 1.5180469362 2.4777654497 19.0690888709 0.3457310677 0.5248359881 6.5927764562 0.0000281447
0.4260000000 0.3457311493 1.5180460708 2.4777663948 19.0690901627 0.3457311493 0.5248358128 6.5927784587 0.0030134321
0.4280000000 0.3457312347 1.5180451684 2.4777673803 19.0690914940 0.3457312347 0.5248356304 6.5927805472 0.0059422758
0.4300000000 0.3457313278 1.5180441930 2.4777684457 19.0690928917 0.3457313278 0.5248354346 6.5927828061 0.0082336296
0.4320000000 0.3457314323 1.5180431117 2.4777696271 19.0690943805 0.3457314323 0.5248352193 6.5927853124 0.0095930964
0.4340000000 0.3457315509 1.5180418985 2.4777709528 19.0690959799 0.3457315509 0.5248349799 6.5927881267 0.0100057890
0.4360000000 0.3457316854 1.5180405370 2.4777724411 19.0690977025 0.3457316854 0.5248347133 6.5927912877 0.0096007987
0.4380000000 0.3457318365 1.5180390216 2.4777740976 19.0690995525 0.3457318365 0.5248344188 6.5927948078 0.0085397987
0.4400000000 0.3457320033 1.5180373597 2.4777759148 19.0691015251 0.3457320033 0.5248340974 6.5927986706 0.0069644729
0.4420000000 0.3457321836 1.5180355711 2.4777778706 19.0691036057 0.3457321836 0.5248337528 6.5928028293 0.0049787323
0.4440000000 0.3457323740 1.5180336884 2.4777799294 19.0691057704 0.3457323740 0.5248333909 6.5928072076 0.0026475681
0.4460000000 0.3457325695 1.5180317558 2.4777820430 19.0691079867 0.3457325695 0.5248330195 6.5928117024 0.0000181949
0.4480000000 0.3457327644 1.5180298262 2.4777841532 19.0691102156 0.3457327644 0.5248326483 6.5928161899 0.0027658847
0.4500000000 0.3457329526 1.5180279551 2.4777861993 19.0691124163 0.3457329526 0.5248322871 6.5928205400 0.0052866028
0.4520000000 0.3457331292 1.5180261884 2.4777881311 19.0691145551 0.3457331292 0.5248319443 6.5928246457 0.0070347719
0.4540000000 0.3457332912 1.5180245515 2.4777899207 19.0691166138 0.3457332912 0.5248316243 6.5928284474 0.0075665087
0.4560000000 0.3457334387 1.5180230445 2.4777915682 19.0691185929 0.3457334387 0.5248313273 6.5928319451 0.0065928818
0.4580000000 0.3457335745 1.5180216426 2.4777931004 19.0691205112 0.3457335745 0.5248310486 6.5928351963 0.0040817609
0.4600000000 0.3457337032 1.5180203012 2.4777945664 19.0691224024 0.3457337032 0.5248307803 6.5928383056 0.0003630118
0.4620000000 0.3457338315 1.5180189616 2.4777960304 19.0691243105 0.3457338315 0.5248305118 6.5928414103 0.0036953355
0.4640000000 0.3457339660 1.5180175610 2.4777975612 19.0691262827 0.3457339660 0.5248302317 6.5928446571 0.0067061267
0.4660000000 0.3457341122 1.5180160494 2.4777992134 19.0691283568 0.3457341122 0.5248299312 6.5928481628 0.0078750685
0.4680000000 0.3457342729 1.5180144019 2.4778010145 19.0691305523 0.3457342729 0.5248296055 6.5928519861 0.0073196894
0.4700000000 0.3457344477 1.5180126213 2.4778029613 19.0691328678 0.3457344477 0.5248292552 6.5928561200 0.0054898604
0.4720000000 0.3457346334 1.5180107371 2.4778050215 19.0691352825 0.3457346334 0.5248288856 6.5928604956 0.0027733472
0.4740000000 0.3457348243 1.5180088010 2.4778071385 19.0691377586 0.3457348243 0.5248285060 6.5928649919 0.0005674279
0.4760000000 0.3457350130 1.5180068808 2.4778092381 19.0691402466 0.3457350130 0.5248281286 6.5928694505 0.0041685738
0.4780000000 0.3457351918 1.5180050472 2.4778112428 19.0691426942 0.3457351918 0.5248277661 6.5928737060 0.0073322406
0.4800000000 0.3457353547 1.5180033544 2.4778130933 19.0691450617 0.3457353547 0.5248274281 6.5928776314 0.0094176309
0.4820000000 0.3457354990 1.5180018280 2.4778147616 19.0691473305 0.3457354990 0.5248271194 6.5928811673 0.0100561306
0.4840000000 0.3457356251 1.5180004637 2.4778162523 19.0691495040 0.3457356251 0.5248268392 6.5928843233 0.0092068397
0.4860000000 0.3457357358 1.5179992354 2.4778175940 19.0691516025 0.3457357358 0.5248265826 6.5928871606 0.0071327466
0.4880000000 0.3457358354 1.5179981045 2.4778188291 19.0691536556 0.3457358354 0.5248263428 6.5928897696 0.0043065695
0.4900000000 0.3457359285 1.5179970285 2.4778200039 19.0691556951 0.3457359285 0.5248261121 6.5928922491 0.0012822756
0.4920000000 0.3457360194 1.5179959671 2.4778211629 19.0691577516 0.3457360194 0.5248258831 6.5928946942 0.0013945779
0.4940000000 0.3457361119 1.5179948855 2.4778223437 19.0691598522 0.3457361119 0.5248256497 6.5928971854 0.0032005583
0.4960000000 0.3457362087 1.5179937604 2.4778235723 19.0691620163 0.3457362087 0.5248254075 6.5928997778 0.0038841874
0.4980000000 0.3457363106 1.5179925819 2.4778248594 19.0691642515 0.3457363106 0.5248251548 6.5929024943 0.0035958311
0.5000000000 0.3457364174 1.5179913530 2.4778262015 19.0691665557 0.3457364174 0.5248248920 6.5929053278 0.0027083803
0.5020000000 0.3457365278 1.5179900857 2.4778275858 19.0691689226 0.3457365278 0.5248246214 6.5929082505 0.0017004058
0.5040000000 0.3457366401 1.5179887940 2.4778289968 19.0691713448 0.3457366401 0.5248243453 6.5929112294 0.0010742452
0.5060000000 0.3457367534 1.5179874864 2.4778304251 19.0691738146 0.3457367534 0.5248240652 6.5929142446 0.0012011534
0.5080000000 0.3457368682 1.5179861601 2.4778318739 19.0691763302 0.3457368682 0.5248237809 6.5929173027 0.0020755825
0.5100000000 0.3457369858 1.5179848011 2.4778333586 19.0691789071 0.3457369858 0.5248234896 6.5929204366 0.0031927602
0.5120000000 0.3457371080 1.5179833913 2.4778348988 19.0691815692 0.3457371080 0.5248231877 6.5929236883 0.0038223600
0.5140000000 0.3457372362 1.5179819197 2.4778365067 19.0691843198 0.3457372362 0.5248228735 6.5929270832 0.0035098259
0.5160000000 0.3457373701 1.5179803908 2.4778381774 19.0691871401 0.3457373701 0.5248225482 6.5929306119 0.0023197020
0.5180000000 0.3457375075 1.5179788238 2.4778398898 19.0691900249 0.3457375075 0.5248222149 6.5929342287 0.0007114372
0.5200000000 0.3457376446 1.5179772462 2.4778416138 19.0691929877 0.3457376446 0.5248218777 6.5929378687 0.0007131452
0.5220000000 0.3457377791 1.5179756820 2.4778433230 19.0691960062 0.3457377791 0.5248215410 6.5929414758 0.0014714226
0.5240000000 0.3457379106 1.5179741432 2.4778450044 19.0691990123 0.3457379106 0.5248212086 6.5929450232 0.0015158007
0.5260000000 0.3457380393 1.5179726299 2.4778466579 19.0692020022 0.3457380393 0.5248208807 6.5929485109 0.0012870703
0.5280000000 0.3457381635 1.5179711379 2.4778482879 19.0692050859 0.3457381635 0.5248205535 6.5929519462 0.0013329717
0.5300000000 0.3457382823 1.5179696681 2.4778498936 19.0692083076 0.3457382823 0.5248202257 6.5929553260 0.0018212828
0.5320000000 0.3457383982 1.5179682284 2.4778514663 19.0692114892 0.3457383982 0.5248199039 6.5929586356 0.0023460702
0.5340000000 0.3457385129 1.5179668264 2.4778529978 19.0692144902 0.3457385129 0.5248195932 6.5929618607 0.0022192922
0.5360000000 0.3457386220 1.5179654584 2.4778544919 19.0692175678 0.3457386220 0.5248192857 6.5929650036 0.0010483831
0.5380000000 0.3457387209 1.5179641051 2.4778559699 19.0692210730 0.3457387209 0.5248189681 6.5929681023 0.0008263548
0.5400000000 0.3457388186 1.5179627373 2.4778574637 19.0692247374 0.3457388186 0.5248186434 6.5929712314 0.0023910047
0.5420000000 0.3457389313 1.5179613312 2.4778589994 19.0692278636 0.3457389313 0.5248183285 6.5929744628 0.0027239975
0.5440000000 0.3457390558 1.5179598819 2.4778605824 19.0692306577 0.3457390558 0.5248180164 6.5929778032 0.0017683218
0.5460000000 0.3457391654 1.5179584051 2.4778621956 19.0692344020 0.3457391654 0.5248176721 6.5929811873 0.0002204570
0.5480000000 0.3457392510 1.5179569260 2.4778638112 19.0692394058 0.3457392510 0.5248172906 6.5929845486 0.0009434797
0.5500000000 0.3457393500 1.5179554629 2.4778654093 19.0692436066 0.3457393500 0.5248169351 6.5929878900 0.0009742554
0.5520000000 0.3457394938 1.5179540150 2.4778669905 19.0692453941 0.3457394938 0.5248166527 6.5929912489 0.0000950989
0.5540000000 0.3457396351 1.5179525644 2.4778685748 19.0692473239 0.3457396351 0.5248163657 6.5929946110 0.0013551879
0.5560000000 0.3457396953 1.5179510911 2.4778701839 19.0692536015 0.3457396953 0.5248159477 6.5929979300 0.0015962781
0.5580000000 0.3457397111 1.5179495920 2.4778718211 19.0692623461 0.3457397111 0.5248154534 6.5930012545 0.0001910680
0.5600000000 0.3457398330 1.5179480921 2.4778734593 19.0692655987 0.3457398330 0.5248151198 6.5930047031 0.0025864384
0.5620000000 0.3457400917 1.5179466377 2.4778750474 19.0692614677 0.3457400917 0.5248150097 6.5930082082 0.0056531043
0.5640000000 0.3457402486 1.5179452754 2.4778765347 19.0692620212 0.3457402486 0.5248147769 6.5930113922 0.0076507749
0.5660000000 0.3457401076 1.5179440285 2.4778778955 19.0692772780 0.3457401076 0.5248141317 6.5930139773 0.0076844787
0.5680000000 0.3457399085 1.5179428887 2.4778791389 19.0692948557 0.3457399085 0.5248134355 6.5930162585 0.0057685296
0.5700000000 0.3457401090 1.5179418238 2.4778803005 19.0692912477 0.3457401090 0.5248133716 6.5930188344 0.0028592263
0.5720000000 0.3457406735 1.5179407935 2.4778814240 19.0692685510 0.3457406735 0.5248138723 6.5930217529 0.0004024280
0.5740000000 0.3457408630 1.5179397670 2.4778825432 19.0692652707 0.3457408630 0.5248138050 6.5930242305 0.0004846351
0.5760000000 0.3457401713 1.5179387344 2.4778836692 19.0693076890 0.3457401713 0.5248123980 6.5930257067 0.0002861147
0.5780000000 0.3457393895 1.5179377064 2.4778847902 19.0693547498 0.3457393895 0.5248108559 6.5930270689 0.0017602577
0.5800000000 0.3457399272 1.5179367014 2.4778858858 19.0693332791 0.3457399272 0.5248113247 6.5930299000 0.0026405065
0.5820000000 0.3457416363 1.5179357293 2.4778869455 19.0692508986 0.3457416363 0.5248135828 6.5930340081 0.0021846822
0.5840000000 0.3457422737 1.5179347828 2.4778879770 19.0692238886 0.3457422737 0.5248142231 6.5930368244 0.0007338367
0.5860000000 0.3457401976 1.5179338442 2.4778889999 19.0693374492 0.3457401976 0.5248107472 6.5930364973 0.0004530718
0.5880000000 0.3457373993 1.5179328999 2.4778900289 19.0694884723 0.3457373993 0.5248061731 6.5930353505 0.0000060610
0.5900000000 0.3457381350 1.5179319569 2.4778910565 19.0694563455 0.3457381350 0.5248069638 6.5930382720 0.0026664915
0.5920000000 0.3457431111 1.5179310483 2.4778920464 19.0692042475 0.3457431111 0.5248142031 6.5930460028 0.0068674773
0.5940000000 0.3457464328 1.5179302208 2.4778929475 19.0690373691 0.3457464328 0.5248189591 6.5930516479 0.0110861365
0.5960000000 0.3457420767 1.5179295122 2.4778937182 19.0692676101 0.3457420767 0.5248121018 6.5930481843 0.0137625841
0.5980000000 0.3457332528 1.5179289349 2.4778943451 19.0697285564 0.3457332528 0.5247985081 6.5930392830 0.0140525237
0.6000000000 0.3457310791 1.5179284759 2.4778948425 19.0698441056 0.3457310791 0.5247950500 6.5930377814 0.0122104251
0.6020000000 0.3457415074 1.5179281084 2.4778952395 19.0693059836 0.3457415074 0.5248107523 6.5930505950 0.0094975886
0.6040000000 0.3457550371 1.5179278059 2.4778955653 19.0686067611 0.3457550371 0.5248311848 6.5930668377 0.0075210814
0.6060000000 0.3457536473 1.5179275517 2.4778958382 19.0686803632 0.3457536473 0.5248289874 6.5930657855 0.0072001791
0.6080000000 0.3457323917 1.5179273414 2.4778960629 19.0697831849 0.3457323917 0.5247966501 6.5930417492 0.0080872484
0.6100000000 0.3457119625 1.5179271775 2.4778962367 19.0708430064 0.3457119625 0.5247655835 6.5930185622 0.0086568723
0.6120000000 0.3457204070 1.5179270595 2.4778963602 19.0704060369 0.3457204070 0.5247783609 6.5930285375 0.0073181521
0.6140000000 0.3457584411 1.5179269771 2.4778964446 19.0684354682 0.3457584411 0.5248360654 6.5930725226 0.0033504973
0.6160000000 0.3457891466 1.5179269092 2.4778965131 19.0668449191 0.3457891466 0.5248826505 6.5931080324 0.0026337599
0.6180000000 0.3457684975 1.5179268269 2.4778965974 19.0679152609 0.3457684975 0.5248512783 6.5930844112 0.0084192486
0.6200000000 0.3457018300 1.5179267008 2.4778967295 19.0713710459 0.3457018300 0.5247500382 6.5930078708 0.0117840940
0.6220000000 0.3456546943 1.5179265097 2.4778969327 19.0738158205 0.3456546943 0.5246784236 6.5929539758 0.0126381342
0.6240000000 0.3456914377 1.5179262422 2.4778972195 19.0719125893 0.3456914377 0.5247341050 6.5929968829 0.0118808274
0.6260000000 0.3457990130 1.5179258957 2.4778975930 19.0663400388 0.3457990130 0.5248972765 6.5931215668 0.0102753534
0.6280000000 0.3458781116 1.5179254745 2.4778980482 19.0622458841 0.3458781116 0.5250171967 6.5932136092 0.0082654298
0.6300000000 0.3458279665 1.5179249890 2.4778985739 19.0648459306 0.3458279665 0.5249409122 6.5931568990 0.0060783029
0.6320000000 0.3456570392 1.5179244535 2.4778991542 19.0737071858 0.3456570392 0.5246812723 6.5929611521 0.0038133692
0.6340000000 0.3455081680 1.5179238859 2.4778997693 19.0814327884 0.3455081680 0.5244551010 6.5927908855 0.0014955630
0.6360000000 0.3455494449 1.5179233062 2.4779003975 19.0792947377 0.3455494449 0.5245175558 6.5928397049 0.0008822346
0.6380000000 0.3458079833 1.5179227358 2.4779010159 19.0658952890 0.3458079833 0.5249098000 6.5931387995 0.0032708875
0.6400000000 0.3460908653 1.5179221953 2.4779016019 19.0512565744 0.3460908653 0.5253390061 6.5934658734 0.0055423221
0.6420000000 0.3461182840 1.5179217028 2.4779021356 19.0498417473 0.3461182840 0.5253804551 6.5934985365 0.0075490606
0.6440000000 0.3457779739 1.5179212714 2.4779026021 19.0674592414 0.3457779739 0.5248637418 6.5931074245 0.0089508151
0.6460000000 0.3452799135 1.5179209071 2.4779029946 19.0933042142 0.3452799135 0.5241075996 6.5925344280 0.0091296817
0.6480000000 0.3450412875 1.5179206056 2.4779033179 19.1057140385 0.3450412875 0.5237452801 6.5922601712 0.0074371303
0.6500000000 0.3453584736 1.5179203509 2.4779035897 19.0892265061 0.3453584736 0.5242266555 6.5926261287 0.0036718772
0.6520000000 0.3461248992 1.5179201173 2.4779038388 19.0495095757 0.3461248992 0.5253899477 6.5935095824 0.0014649411
0.6540000000 0.3468145268 1.5179198727 2.4779041002 19.0139226474 0.3468145268 0.5264366625 6.5943045864 0.0061555334
0.6560000000 0.3468033144 1.5179195876 2.4779044063 19.0145019096 0.3468033144 0.5264195440 6.5942922844 0.0086758931
0.6580000000 0.3458948584 1.5179192433 2.4779047770 19.0614179197 0.3458948584 0.5250404617 6.5932464526 0.0091548121
0.6600000000 0.3445673162 1.5179188322 2.4779052195 19.1304214105 0.3445673162 0.5230252182 6.5917179629 0.0086637296
0.6620000000 0.3437465683 1.5179183535 2.4779057348 19.1733505902 0.3437465683 0.5217792249 6.5907734680 0.0080350239
0.6640000000 0.3442009284 1.5179178074 2.4779063236 19.1495651263 0.3442009284 0.5224687185 6.5912980949 0.0075418891
0.6660000000 0.3459413273 1.5179171940 2.4779069882 19.0590250949 0.3459413273 0.5251102888 6.5933044385 0.0070565715
0.6680000000 0.3480599801 1.5179165138 2.4779077296 18.9500289467 0.3480599801 0.5283259916 6.5957466977 0.0063261374
0.6700000000 0.3491758229 1.5179157706 2.4779085435 18.8931575319 0.3491758229 0.5300194883 6.5970338289 0.0052175978
0.6720000000 0.3482625002 1.5179149732 2.4779094168 18.9396889086 0.3482625002 0.5286328636 6.5959834114 0.0037688097
0.6740000000 0.3453812898 1.5179141356 2.4779103288 19.0880809082 0.3453812898 0.5242591419 6.5926660031 0.0020401322
0.6760000000 0.3418532476 1.5179132763 2.4779112556 19.2731925277 0.3418532476 0.5189035831 6.5886034579 0.0000111629
0.6780000000 0.3397034731 1.5179124188 2.4779121725 19.3878756743 0.3397034731 0.5156401205 6.5861287026 0.0024214342
0.6800000000 0.3405967861 1.5179115901 2.4779130564 19.3400521550 0.3405967861 0.5169958091 6.5871596062 0.0049263849
0.6820000000 0.3447647956 1.5179108160 2.4779138869 19.1201741711 0.3447647956 0.5233222123 6.5919629404 0.0068221009
0.6840000000 0.3506317409 1.5179101127 2.4779146520 18.8195265493 0.3506317409 0.5322274653 6.5987233560 0.0072403549
0.6860000000 0.3554116138 1.5179094791 2.4779153527 18.5819231726 0.3554116138 0.5394826575 6.6042313015 0.0056002213
0.6880000000 0.3563978861 1.5179088955 2.4779160051 18.5336924933 0.3563978861 0.5409795217 6.6053688270 0.0020004407
0.6900000000 0.3522454205 1.5179083277 2.4779166390 18.7386009462 0.3522454205 0.5346762571 6.6005863691 0.0022121457
0.6920000000 0.3437547112 1.5179077382 2.4779172868 19.1729916012 0.3437547112 0.5217879361 6.5908061899 0.0047229329
0.6940000000 0.3339280813 1.5179071046 2.4779179662 19.7033057182 0.3339280813 0.5068718070 6.5794870740 0.0043027202
0.6960000000 0.3267670642 1.5179064307 2.4779186721 20.1098567854 0.3267670642 0.4960018280 6.5712388625 0.0019227062
0.6980000000 0.3257584495 1.5179057397 2.4779193875 20.1685585581 0.3257584495 0.4944706203 6.5700783650 0.0008558648
0.7000000000 0.3325653379 1.5179050587 2.4779200972 19.7793356968 0.3325653379 0.5048026088 6.5779214597 0.0027893695
0.7020000000 0.3462418195 1.5179044054 2.4779207963 19.0435644805 0.3462418195 0.5255619832 6.5936784156 0.0028949798
0.7040000000 0.3632978173 1.5179037791 2.4779214936 18.2036012778 0.3632978173 0.5514511298 6.6133286111 0.0011869046
0.7060000000 0.3786180734 1.5179031627 2.4779222074 17.5136362624 0.3786180734 0.5747055711 6.6309792205 0.0013329197
0.7080000000 0.3867783964 1.5179025323 2.4779229551 17.1684395920 0.3867783964 0.5870919074 6.6403815342 0.0041183564
0.7100000000 0.3837952134 1.5179018615 2.4779237502 17.2929370404 0.3837952134 0.5825634689 6.6369464624 0.0054955697
0.7120000000 0.3683790090 1.5179011361 2.4779245852 17.9684192490 0.3683790090 0.5591629163 6.6191884759 0.0032954886
0.7140000000 0.3423196559 1.5179003782 2.4779254093 19.2485863498 0.3423196559 0.5196071352 6.5891694567 0.0007478140
0.7160000000 0.3102591646 1.5178996304 2.4779261577 21.1185927471 0.3102591646 0.4709422713 6.5522369440 0.0034048378
0.7180000000 0.2787041766 1.5178989186 2.4779268008 23.3792212210 0.2787041766 0.4230447683 6.5158866001 0.0046586865
0.7200000000 0.2542789385 1.5178982534 2.4779273420 25.5143019347 0.2542789385 0.3859695567 6.4877496130 0.0050759990
0.7220000000 0.2427348245 1.5178976363 2.4779278056 26.6729409455 0.2427348245 0.3684466163 6.4744516381 0.0044259035
0.7240000000 0.2482224614 1.5178970586 2.4779282303 26.1087342379 0.2482224614 0.3767761440 6.4807742761 0.0026414064
0.7260000000 0.2724709365 1.5178965023 2.4779286644 23.8877202756 0.2724709365 0.4135826814 6.5087095137 0.0004274458
0.7280000000 0.3150356736 1.5178959394 2.4779291677 20.8158816227 0.3150356736 0.4781913697 6.5577452884 0.0039366118
0.7300000000 0.3740960170 1.5178953401 2.4779298093 17.7114537590 0.3740960170 0.5678386010 6.6257843065 0.0054456277
0.7320000000 0.4462930145 1.5178946910 2.4779306481 15.0326285926 0.4462930145 0.6774257974 6.7089571309 0.0041121392
0.7340000000 0.5276438581 1.5178940035 2.4779317089 12.8925514340 0.5276438581 0.8009074481 6.8026755788 0.0020889722
0.7360000000 0.6138728895 1.5178932968 2.4779329884 11.2433928534 0.6138728895 0.9317935440 6.9020140582 0.0011457361
0.7380000000 0.7018364476 1.5178926030 2.4779344397 9.9786082536 0.7018364476 1.0653123524 7.0033509690 0.0077781607
0.7400000000 0.7881135246 1.5178919852 2.4779359481 9.0123375428 0.7881135246 1.1962712024 7.1027451055 0.0073477015
0.7420000000 0.8700491108 1.5178914324 2.4779375001 8.2721053334 0.8700491108 1.3206400911 7.1971378900 0.0067079058
0.7440000000 0.9454039142 1.5178908177 2.4779392760 7.7045904515 0.9454039142 1.4350199204 7.2839499702 0.0128221909
0.7460000000 1.0133013849 1.5178900794 2.4779413615 7.2655300692 1.0133013849 1.5380801196 7.3621716811 0.0098361191
0.7480000000 1.0736048370 1.5178892365 2.4779437082 6.9221423026 1.0736048370 1.6296132264 7.4316454585 0.0021492041
0.7500000000 1.1251499954 1.5178883686 2.4779461710 6.6578055103 1.1251499954 1.7078520909 7.4910298394 0.0116198839
0.7520000000 1.1688562026 1.5178876242 2.4779484981 6.4519344167 1.1688562026 1.7741923643 7.5413835617 0.0079616823
0.7540000000 1.2055203415 1.5178869560 2.4779508398 6.2907482401 1.2055203415 1.8298436015 7.5836249666 0.0073824441
0.7560000000 1.2354871554 1.5178862124 2.4779535609 6.1661117428 1.2354871554 1.8753289188 7.6181518571 0.0112655919
0.7580000000 1.2595824257 1.5178853489 2.4779567630 6.0701987805 1.2595824257 1.9119017097 7.6459157044 0.0080987655
0.7600000000 1.2790312832 1.5178843938 2.4779603367 5.9954183568 1.2790312832 1.9414216240 7.6683276342 0.0054494499
0.7620000000 1.2942586004 1.5178835069 2.4779638379 5.9384394329 1.2942586004 1.9645337833 7.6858763090 0.0137579623
0.7640000000 1.3061794359 1.5178827712 2.4779669725 5.8947607817 1.3061794359 1.9826272618 7.6996153126 0.0010452834
0.7660000000 1.3152338086 1.5178820457 2.4779699375 5.8621149479 1.3152338086 1.9963697841 7.7100517696 0.0186004748
0.7680000000 1.3221566240 1.5178811162 2.4779731707 5.8374573878 1.3221566240 2.0068765723 7.7180329527 0.0146096509
0.7700000000 1.3274692522 1.5178800009 2.4779766727 5.8187106759 1.3274692522 2.0149390298 7.7241595100 0.0034116910
0.7720000000 1.3313880993 1.5178789310 2.4779800314 5.8049791654 1.3313880993 2.0208859448 7.7286801772 0.0239161716
0.7740000000 1.3343098674 1.5178781406 2.4779828334 5.7947944355 1.3343098674 2.0253197804 7.7320513947 0.0266869250
0.7760000000 1.3364884835 1.5178776050 2.4779851826 5.7872297385 1.3364884835 2.0286259384 7.7345658968 0.0219925018
0.7780000000 1.3381261014 1.5178772419 2.4779872602 5.7815603793 1.3381261014 2.0311111561 7.7364568503 0.0012179875
0.7800000000 1.3393145004 1.5178768904 2.4779893730 5.7774558719 1.3393145004 2.0329145291 7.7378304245 0.0073961447
0.7820000000 1.3401819791 1.5178764887 2.4779915766 5.7744653718 1.3401819791 2.0342307168 7.7388344303 0.0162715377
0.7840000000 1.3408149246 1.5178762022 2.4779934355 5.7722863084 1.3408149246 2.0351910657 7.7395676315 0.0131448169
0.7860000000 1.3412802451 1.5178759975 2.4779949647 5.7706859571 1.3412802451 2.0358970898 7.7401070747 0.0144041107
0.7880000000 1.3416161283 1.5178756995 2.4779965150 5.7695320659 1.3416161283 2.0364065192 7.7404972724 0.0335932311
0.7900000000 1.3418628352 1.5178751456 2.4779984605 5.7686858929 1.3418628352 2.0367802463 7.7407852076 0.0273732390
0.7920000000 1.3420479326 1.5178743222 2.4780008720 5.7680523908 1.3420479326 2.0370600960 7.7410027862 0.0077266530
0.7940000000 1.3421825377 1.5178734125 2.4780033986 5.7675927775 1.3421825377 2.0372631887 7.7411623106 0.0310032430
0.7960000000 1.3422824274 1.5178728212 2.4780052087 5.7672517669 1.3422824274 2.0374140150 7.7412807011 0.0386780479
0.7980000000 1.3423571279 1.5178725296 2.4780063685 5.7669966497 1.3423571279 2.0375270093 7.7413690590 0.0389230962
0.8000000000 1.3424142112 1.5178724560 2.4780070672 5.7668015949 1.3424142112 2.0376135557 7.7414364141 0.0238659647
0.8020000000 1.3424579999 1.5178724920 2.4780075515 5.7666520234 1.3424579999 2.0376800697 7.7414881415 0.0226042186
0.8040000000 1.3424924489 1.5178724290 2.4780082878 5.7665348839 1.3424924489 2.0377322744 7.7415295379 0.0268309688
0.8060000000 1.3425196349 1.5178724912 2.4780088274 5.7664425382 1.3425196349 2.0377736228 7.7415623313 0.0403783101
0.8080000000 1.3425421446 1.5178727713 2.4780089886 5.7663658952 1.3425421446 2.0378081656 7.7415892353 0.0079505423
0.8100000000 1.3425604867 1.5178730938 2.4780092009 5.7663037378 1.3425604867 2.0378364395 7.7416115527 0.0686115225
0.8120000000 1.3425767267 1.5178730300 2.4780103960 5.7662500507 1.3425767267 2.0378610041 7.7416331184 0.0670251790
0.8140000000 1.3425917256 1.5178725429 2.4780126538 5.7662019669 1.3425917256 2.0378831165 7.7416550486 0.0407783930
0.8160000000 1.3426059562 1.5178716621 2.4780159115 5.7661577883 1.3426059562 2.0379035343 7.7416777911 0.0336774590
0.8180000000 1.3426191876 1.5178711247 2.4780185758 5.7661164614 1.3426191876 2.0379228962 7.7416985988 0.0775230810
0.8200000000 1.3426317109 1.5178710832 2.4780202868 5.7660765461 1.3426317109 2.0379418493 7.7417172182 0.0757909805
0.8220000000 1.3426437266 1.5178714855 2.4780211065 5.7660373901 1.3426437266 2.0379606278 7.7417339291 0.0059724670
0.8240000000 1.3426557712 1.5178719267 2.4780219570 5.7659982517 1.3426557712 2.0379795023 7.7417508293 0.0834422965
0.8260000000 1.3426683513 1.5178718650 2.4780240570 5.7659588371 1.3426683513 2.0379985146 7.7417704457 0.0673814664
0.8280000000 1.3426814848 1.5178713888 2.4780272711 5.7659189667 1.3426814848 2.0380178100 7.7417926395 0.0609804173
0.8300000000 1.3426942194 1.5178713289 2.4780296668 5.7658795761 1.3426942194 2.0380370591 7.7418131765 0.1083835131
0.8320000000 1.3427060765 1.5178720550 2.4780302037 5.7658409335 1.3427060765 2.0380560316 7.7418296577 0.0717156719
0.8340000000 1.3427169606 1.5178737638 2.4780282515 5.7658024924 1.3427169606 2.0380748466 7.7418407978 0.0299140401
0.8360000000 1.3427278482 1.5178749425 2.4780284422 5.7657672250 1.3427278482 2.0380929554 7.7418562194 0.1019586045
0.8380000000 1.3427393183 1.5178751180 2.4780321990 5.7657350735 1.3427393183 2.0381106012 7.7418791822 0.1210347742
0.8400000000 1.3427513060 1.5178743954 2.4780386426 5.7657047834 1.3427513060 2.0381278269 7.7419076281 0.0665907566
0.8420000000 1.3427617242 1.5178728293 2.4780429122 5.7656745585 1.3427617242 2.0381415374 7.7419271115 0.0310487283
0.8440000000 1.3427673392 1.5178717649 2.4780369659 5.7656425790 1.3427673392 2.0381486311 7.7419165447 0.1203464390
0.8460000000 1.3427706159 1.5178719450 2.4780266231 5.7656123374 1.3427706159 2.0381538465 7.7418948294 0.2091105424
0.8480000000 1.3427774224 1.5178777471 2.4780273121 5.7655990404 1.3427774224 2.0381719688 7.7419162183 0.1474869847
0.8500000000 1.3428054454 1.5179028048 2.4780843733 5.7656470290 1.3428054454 2.0382481519 7.7421422267 0.0435754413
0.8520000000 1.3428530743 1.5179420603 2.4781931162 5.7657454247 1.3428530743 2.0383731622 7.7425489692 0.2207145843
0.8540000000 1.3428592915 1.5179322182 2.4781975267 5.7657173357 1.3428592915 2.0383693830 7.7425470962 0.2398657666
0.8560000000 1.3426765660 1.5177061510 2.4777195892 5.7651121844 1.3426765660 2.0377884831 7.7406810306 0.1172094232
0.8580000000 1.3420483662 1.5169651320 2.4760906583 5.7631128842 1.3420483662 2.0358405770 7.7343762305 0.0306878005
0.8600000000 1.3416267257 1.5164735668 2.4749870177 5.7617603860 1.3416267257 2.0345414661 7.7301317211 0.2406442780
0.8620000000 1.3429821182 1.5181084920 2.4784836797 5.7660956481 1.3429821182 2.0387925583 7.7437633473 0.1738803355
0.8640000000 1.3507172091 1.5273698837 2.4985664659 5.7909474686 1.3507172091 2.0630447866 7.8219324027 0.0386485873
0.8660000000 1.3620672192 1.5409465167 2.5283441213 5.8278956484 1.3620672192 2.0988727370 7.9379856198 0.2407348667
0.8680000000 1.3558789888 1.5344194277 2.5139627934 5.8125223063 1.3558789888 2.0804870619 7.8810768669 0.2264777563
0.8700000000 1.2726331649 1.4364636183 2.3068936735 5.5634472354 1.2726331649 1.8280912409 7.0802274631 0.1278194315
0.8720000000 1.0227299432 1.0970297130 1.7001091783 4.7575486798 1.0227299432 1.1219651361 4.8656874913 0.0396460406
0.8740000000 0.7384886703 0.5882454690 1.0495747014 3.7261335079 0.7384886703 0.4344126142 2.7517073795 0.0461320507
0.8760000000 0.5837817135 0.2219207550 0.7245525605 3.1274646667 0.5837817135 0.1295532786 1.8257566820 0.1070456041
0.8780000000 0.5247598631 0.0648587254 0.6130176573 2.9225708610 0.5247598631 0.0340352558 1.5336478850 0.1333643592
0.8800000000 0.5065816255 0.0168693065 0.5817319243 2.8710119303 0.5065816255 0.0085456807 1.4544018906 0.1420234915
0.8820000000 0.5016662917 0.0042300511 0.5736787253 2.8588751630 0.5016662917 0.0021220741 1.4342013014 0.1443609470
0.8840000000 0.5004147286 0.0010498584 0.5716640088 2.8559517061 0.5004147286 0.0005253646 1.4291602978 0.1449630490
0.8860000000 0.5001025420 0.0002593828 0.5711640026 2.8552344838 0.5001025420 0.0001297180 1.4279100234 0.1450409302
0.8880000000 0.5000251629 0.0000636379 0.5710402340 2.8550574891 0.5000251629 0.0000318205 1.4276005861 0.1447218923
0.8900000000 0.5000060540 0.0000153102 0.5710096794 2.8550138285 0.5000060540 0.0000076552 1.4275241986 0.1432576679
0.8920000000 0.5000013763 0.0000034805 0.5710022004 2.8550031435 0.5000013763 0.0000017402 1.4275055011 0.1374131231
0.8940000000 0.5000002686 0.0000006793 0.5710004295 2.8550006135 0.5000002686 0.0000003396 1.4275010737 0.1156825235
0.8960000000 0.5000000378 0.0000000955 0.5710000604 2.8550000863 0.5000000378 0.0000000478 1.4275001510 0.0596811386
0.8980000000 0.5000000036 0.0000000092 0.5710000058 2.8550000083 0.5000000036 0.0000000046 1.4275000146 0.0127207437
0.9000000000 0.5000000003 0.0000000007 0.5710000005 2.8550000007 0.5000000003 0.0000000004 1.4275000011 0.0013912963
0.9020000000 0.5000000000 0.0000000001 0.5710000000 2.8550000000 0.5000000000 0.0000000000 1.4275000001 0.0001112983
0.9040000000 0.5000000000 0.0000000000 0.5710000000 2.8550000000 0.5000000000 0.0000000000 1.4275000000 0.0000081929
0.9060000000 0.5000000000 0.0000000000 0.5710000000 2.8550000000 0.5000000000 0.0000000000 1.4275000000 0.0000005963
0.9080000000 0.5000000000 0.0000000000 0.5710000000 2.8550000000 0.5000000000 0.0000000000 1.4275000000 0.0000000434
0.9100000000 0.5000000000 0.0000000000 0.5710000000 2.8550000000 0.5000000000 0.0000000000 1.4275000000 0.0000000031
0.9120000000 0.5000000000 0.0000000000 0.5710000000 2.8550000000 0.5000000000 0.0000000000 1.4275000000 0.0000000002
0.9140000000 0.5000000000 0.0000000000 0.5710000000 2.8550000000 0.5000000000 0.0000000000 1.4275000000 0.0000000000
0.9160000000 0.5000000000 0.0000000000 0.5710000000 2.8550000000 0.5000000000 0.0000000000 1.4275000000 0.0000000000
0.9180000000 0.5000000000 0.0000000000 0.5710000000 2.8550000000 0.5000000000 0.0000000000 1.4275000000 0.0000000000
0.9200000000 0.5000000000 0.0000000000 0.5710000000 2.8550000000 0.5000000000 0.0000000000 1.4275000000 0.0000000000
0.9220000000 0.5000000000 0.0000000000 0.5710000000 2.8550000000 0.5000000000 0.0000000000 1.4275000000 0.0000000000
0.9240000000 0.5000000000 0.0000000000 0.5710000000 2.8550000000 0.5000000000 0.0000000000 1.4275000000 0.0000000000
0.9260000000 0.5000000000 0.0000000000 0.5710000000 2.8550000000 0.5000000000 0.0000000000 1.4275000000 0.0000000000
0.9280000000 0.5000000000 0.0000000000 0.5710000000 2.8550000000 0.5000000000 0.0000000000 1.4275000000 0.0000000000
0.9300000000 0.5000000000 0.0000000000 0.5710000000 2.8550000000 0.5000000000 0.0000000000 1.4275000000 0.0000000000
0.9320000000 0.5000000000 0.0000000000 0.5710000000 2.8550000000 0.5000000000 0.0000000000 1.4275000000 0.0000000000
0.9340000000 0.5000000000 0.0000000000 0.5710000000 2.8550000000 0.5000000000 0.0000000000 1.4275000000 0.0000000000
0.9360000000 0.5000000000 0.0000000000 0.5710000000 2.8550000000 0.5000000000 0.0000000000 1.4275000000 0.0000000000
0.9380000000 0.5000000000 0.0000000000 0.5710000000 2.8550000000 0.5000000000 0.0000000000 1.4275000000 0.0000000000
0.9400000000 0.5000000000 0.0000000000 0.5710000000 2.8550000000 0.5000000000 0.0000000000 1.4275000000 0.0000000000
0.9420000000 0.5000000000 0.0000000000 0.5710000000 2.8550000000 0.5000000000 0.0000000000 1.4275000000 0.0000000000
0.9440000000 0.5000000000 0.0000000000 0.5710000000 2.8550000000 0.5000000000 0.0000000000 1.4275000000 0.0000000000
0.9460000000 0.5000000000 0.0000000000 0.5710000000 2.8550000000 0.5000000000 0.0000000000 1.4275000000 0.0000000000
0.9480000000 0.5000000000 0.0000000000 0.5710000000 2.8550000000 0.5000000000 0.0000000000 1.4275000000 0.0000000000
0.9500000000 0.5000000000 0.0000000000 0.5710000000 2.8550000000 0.5000000000 0.0000000000 1.4275000000 0.0000000000
0.9520000000 0.5000000000 0.0000000000 0.5710000000 2.8550000000 0.5000000000 0.0000000000 1.4275000000 0.0000000000
0.9540000000 0.5000000000 0.0000000000 0.5710000000 2.8550000000 0.5000000000 0.0000000000 1.4275000000 0.0000000000
0.9560000000 0.5000000000 0.0000000000 0.5710000000 2.8550000000 0.5000000000 0.0000000000 1.4275000000 0.0000000000
0.9580000000 0.5000000000 0.0000000000 0.5710000000 2.8550000000 0.5000000000 0.0000000000 1.4275000000 0.0000000000
0.9600000000 0.5000000000 0.0000000000 0.5710000000 2.8550000000 0.5000000000 0.0000000000 1.4275000000 0.0000000000
0.9620000000 0.5000000000 0.0000000000 0.5710000000 2.8550000000 0.5000000000 0.0000000000 1.4275000000 0.0000000000
0.9640000000 0.5000000000 0.0000000000 0.5710000000 2.8550000000 0.5000000000 0.0000000000 1.4275000000 0.0000000000
0.9660000000 0.5000000000 0.0000000000 0.5710000000 2.8550000000 0.5000000000 0.0000000000 1.4275000000 0.0000000000
0.9680000000 0.5000000000 0.0000000000 0.5710000000 2.8550000000 0.5000000000 0.0000000000 1.4275000000 0.0000000000
0.9700000000 0.5000000000 0.0000000000 0.5710000000 2.8550000000 0.5000000000 0.0000000000 1.4275000000 0.0000000000
0.9720000000 0.5000000000 0.0000000000 0.5710000000 2.8550000000 0.5000000000 0.0000000000 1.4275000000 0.0000000000
0.9740000000 0.5000000000 0.0000000000 0.5710000000 2.8550000000 0.5000000000 0.0000000000 1.4275000000 0.0000000000
0.9760000000 0.5000000000 0.0000000000 0.5710000000 2.8550000000 0.5000000000 0.0000000000 1.4275000000 0.0000000000
0.9780000000 0.5000000000 0.0000000000 0.5710000000 2.8550000000 0.5000000000 0.0000000000 1.4275000000 0.0000000000
0.9800000000 0.5000000000 0.0000000000 0.5710000000 2.8550000000 0.5000000000 0.0000000000 1.4275000000 0.0000000000
0.9820000000 0.5000000000 0.0000000000 0.5710000000 2.8550000000 0.5000000000 0.0000000000 1.4275000000 0.0000000000
0.9840000000 0.5000000000 0.0000000000 0.5710000000 2.8550000000 0.5000000000 0.0000000000 1.4275000000 0.0000000000
0.9860000000 0.5000000000 0.0000000000 0.5710000000 2.8550000000 0.5000000000 0.0000000000 1.4275000000 0.0000000000
0.9880000000 0.5000000000 0.0000000000 0.5710000000 2.8550000000 0.5000000000 0.0000000000 1.4275000000 0.0000000000
0.9900000000 0.5000000000 0.0000000000 0.5710000000 2.8550000000 0.5000000000 0.0000000000 1.4275000000 0.0000000000
0.9920000000 0.5000000000 0.0000000000 0.5710000000 2.8550000000 0.5000000000 0.0000000000 1.4275000000 0.0000000000
0.9940000000 0.5000000000 0.0000000000 0.5710000000 2.8550000000 0.5000000000 0.0000000000 1.4275000000 0.0000000000
0.9960000000 0.5000000000 0.0000000000 0.5710000000 2.8550000000 0.5000000000 0.0000000000 1.4275000000 0.0000000000
0.9980000000 0.5000000000 0.0000000000 0.5710000000 2.8550000000 0.5000000000 0.0000000000 1.4275000000 0.0000000000
1.0000000000 0.5000000000 0.0000000000 0.5710000000 2.8550000000 0.5000000000 0.0000000000 1.4275000000 0.0000000000
