TITLE = "1D Euler Filtered MacCormack Result"
VARIABLES = "x", "rho", "u", "p", "E", "rho_conserved", "rhou", "rhoE", "nu"
ZONE T="t=0.20000000", I=201, F=POINT
0.0000000000 1.0000000000 -0.2000000000 0.5000000000 1.2700000000 1.0000000000 -0.2000000000 1.2700000000 0.0000000000
0.0050000000 1.0000000000 -0.2000000000 0.5000000000 1.2700000000 1.0000000000 -0.2000000000 1.2700000000 0.0000000000
0.0100000000 1.0000000000 -0.2000000000 0.5000000000 1.2700000000 1.0000000000 -0.2000000000 1.2700000000 0.0000000000
0.0150000000 1.0000000000 -0.2000000000 0.5000000000 1.2700000000 1.0000000000 -0.2000000000 1.2700000000 0.0000000000
0.0200000000 1.0000000000 -0.2000000000 0.5000000000 1.2700000000 1.0000000000 -0.2000000000 1.2700000000 0.0000000000
0.0250000000 1.0000000000 -0.2000000000 0.5000000000 1.2700000000 1.0000000000 -0.2000000000 1.2700000000 0.0000000000
0.0300000000 1.0000000000 -0.2000000000 0.5000000000 1.2700000000 1.0000000000 -0.2000000000 1.2700000000 0.0000000000
0.0350000000 1.0000000000 -0.2000000000 0.5000000000 1.2700000000 1.0000000000 -0.2000000000 1.2700000000 0.0000000000
0.0400000000 1.0000000000 -0.2000000000 0.5000000000 1.2700000000 1.0000000000 -0.2000000000 1.2700000000 0.0000000000
0.0450000000 1.0000000000 -0.2000000000 0.5000000000 1.2700000000 1.0000000000 -0.2000000000 1.2700000000 0.0000000000
0.0500000000 1.0000000000 -0.2000000000 0.5000000000 1.2700000000 1.0000000000 -0.2000000000 1.2700000000 0.0000000000
0.0550000000 1.0000000000 -0.2000000000 0.5000000000 1.2700000000 1.0000000000 -0.2000000000 1.2700000000 0.0000000000
0.0600000000 1.0000000000 -0.2000000000 0.5000000000 1.2700000000 1.0000000000 -0.2000000000 1.2700000000 0.0000000000
0.0650000000 1.0000000000 -0.2000000000 0.5000000000 1.2700000000 1.0000000000 -0.2000000000 1.2700000000 0.0000000000
0.0700000000 1.0000000000 -0.2000000000 0.5000000000 1.2700000000 1.0000000000 -0.2000000000 1.2700000000 0.0000000000
0.0750000000 1.0000000000 -0.2000000000 0.5000000000 1.2700000000 1.0000000000 -0.2000000000 1.2700000000 0.0000000000
0.0800000000 1.0000000000 -0.2000000000 0.5000000000 1.2700000000 1.0000000000 -0.2000000000 1.2700000000 0.0000000000
0.0850000000 1.0000000000 -0.2000000000 0.5000000000 1.2700000000 1.0000000000 -0.2000000000 1.2700000000 0.0000000000
0.0900000000 1.0000000000 -0.2000000000 0.5000000000 1.2700000000 1.0000000000 -0.2000000000 1.2700000000 0.0000000000
0.0950000000 1.0000000000 -0.2000000000 0.5000000000 1.2700000000 1.0000000000 -0.2000000000 1.2700000000 0.0000000000
0.1000000000 1.0000000000 -0.2000000000 0.5000000000 1.2700000000 1.0000000000 -0.2000000000 1.2700000000 0.0000000000
0.1050000000 1.0000000000 -0.2000000000 0.5000000000 1.2700000000 1.0000000000 -0.2000000000 1.2700000000 0.0000000000
0.1100000000 1.0000000000 -0.2000000000 0.5000000000 1.2700000000 1.0000000000 -0.2000000000 1.2700000000 0.0000000000
0.1150000000 1.0000000000 -0.2000000000 0.5000000000 1.2700000000 1.0000000000 -0.2000000000 1.2700000000 0.0000000001
0.1200000000 1.0000000000 -0.2000000000 0.5000000000 1.2700000000 1.0000000000 -0.2000000000 1.2700000000 0.0000000003
0.1250000000 1.0000000000 -0.2000000000 0.5000000000 1.2700000000 1.0000000000 -0.2000000000 1.2700000000 0.0000000016
0.1300000000 1.0000000000 -0.2000000000 0.5000000000 1.2700000000 1.0000000000 -0.2000000000 1.2700000000 0.0000000077
0.1350000000 1.0000000000 -0.2000000000 0.5000000000 1.2700000000 1.0000000000 -0.2000000000 1.2700000000 0.0000000354
0.1400000000 1.0000000000 -0.2000000000 0.5000000000 1.2700000000 1.0000000000 -0.2000000000 1.2700000000 0.0000001586
0.1450000000 1.0000000000 -0.2000000000 0.5000000000 1.2700000000 1.0000000000 -0.2000000000 1.2700000000 0.0000006853
0.1500000000 1.0000000000 -0.2000000000 0.5000000000 1.2700000000 1.0000000000 -0.2000000000 1.2700000000 0.0000028626
0.1550000000 0.9999999999 -0.2000000000 0.5000000000 1.2700000000 0.9999999999 -0.1999999999 1.2699999999 0.0000115491
0.1600000000 0.9999999998 -0.1999999998 0.4999999999 1.2699999999 0.9999999998 -0.1999999998 1.2699999996 0.0000449615
0.1650000000 0.9999999992 -0.1999999993 0.4999999994 1.2699999995 0.9999999992 -0.1999999992 1.2699999984 0.0001684741
0.1700000000 0.9999999969 -0.1999999974 0.4999999978 1.2699999979 0.9999999969 -0.1999999968 1.2699999940 0.0006031402
0.1750000000 0.9999999887 -0.1999999905 0.4999999921 1.2699999924 0.9999999887 -0.1999999882 1.2699999780 0.0020210985
0.1800000000 0.9999999606 -0.1999999670 0.4999999724 1.2699999737 0.9999999606 -0.1999999591 1.2699999236 0.0060457080
0.1850000000 0.9999998716 -0.1999998926 0.4999999101 1.2699999143 0.9999998716 -0.1999998669 1.2699997513 0.0149057365
0.1900000000 0.9999996172 -0.1999996797 0.4999997320 1.2699997445 0.9999996172 -0.1999996031 1.2699992583 0.0280434128
0.1950000000 0.9999989665 -0.1999991353 0.4999992766 1.2699993103 0.9999989665 -0.1999989286 1.2699979978 0.0401852781
0.2000000000 0.9999974581 -0.1999978733 0.4999982207 1.2699983037 0.9999974581 -0.1999973650 1.2699950756 0.0475880600
0.2050000000 0.9999942006 -0.1999951479 0.4999959404 1.2699961299 0.9999942006 -0.1999939880 1.2699887647 0.0508392905
0.2100000000 0.9999875007 -0.1999895423 0.4999912505 1.2699916589 0.9999875007 -0.1999870426 1.2699757849 0.0516218949
0.2150000000 0.9999742112 -0.1999784235 0.4999819481 1.2699827907 0.9999742112 -0.1999732663 1.2699500394 0.0510895399
0.2200000000 0.9999486390 -0.1999570279 0.4999640480 1.2699657264 0.9999486390 -0.1999467579 1.2699004997 0.0498578714
0.2250000000 0.9999007893 -0.1999169927 0.4999305550 1.2699337979 0.9999007893 -0.1998971588 1.2698078068 0.0482308124
0.2300000000 0.9998136777 -0.1998441053 0.4998695828 1.2698756756 0.9998136777 -0.1998068699 1.2696390695 0.0463533112
0.2350000000 0.9996594362 -0.1997150414 0.4997616322 1.2697727763 0.9996594362 -0.1996470257 1.2693403376 0.0442923932
0.2400000000 0.9993940450 -0.1994929457 0.4995759135 1.2695957617 0.9993940450 -0.1993720620 1.2688264438 0.0420777746
0.2450000000 0.9989508019 -0.1991219366 0.4992657982 1.2693002156 0.9989508019 -0.1989130182 1.2679684682 0.0397224034
0.2500000000 0.9982331591 -0.1985210332 0.4987638585 1.2688219370 0.9982331591 -0.1981702781 1.2665801305 0.0372334906
0.2550000000 0.9971083094 -0.1975786080 0.4979774870 1.2680728031 0.9971083094 -0.1970072718 1.2644059288 0.0346190793
0.2600000000 0.9954037374 -0.1961491253 0.4967866852 1.2669387162 0.9954037374 -0.1952475724 1.2611155332 0.0318923604
0.2650000000 0.9929095151 -0.1940543638 0.4950460052 1.2652815171 0.9929095151 -0.1926784242 1.2563100576 0.0290745116
0.2700000000 0.9893889014 -0.1910911453 0.4925924550 1.2629465645 0.9893889014 -0.1890634583 1.2495453139 0.0261961421
0.2750000000 0.9845983614 -0.1870464815 0.4892601049 1.2597766562 0.9845983614 -0.1841656592 1.2403740315 0.0232972007
0.2800000000 0.9783154309 -0.1817190323 0.4849001669 1.2556311083 0.9783154309 -0.1777785334 1.2284032887 0.0204252803
0.2850000000 0.9703696674 -0.1749434097 0.4794030069 1.2504066596 0.9703696674 -0.1697597783 1.2133566944 0.0176324979
0.2900000000 0.9606696441 -0.1666121588 0.4727169342 1.2440553846 0.9606696441 -0.1600592433 1.1951262436 0.0149713746
0.2950000000 0.9492189382 -0.1566901512 0.4648587089 1.2365948924 0.9492189382 -0.1487332590 1.1737992907 0.0124902622
0.3000000000 0.9361168205 -0.1452179479 0.4559128158 1.2281080183 0.9361168205 -0.1359409636 1.1496525733 0.0102288448
0.3050000000 0.9215438818 -0.1323038057 0.4460199187 1.2187322904 0.9215438818 -0.1219237627 1.1231152858 0.0082141434
0.3100000000 0.9057372033 -0.1181071691 0.4353580640 1.2086423716 0.9057372033 -0.1069740570 1.0947123615 0.0064573508
0.3150000000 0.8889620993 -0.1028184974 0.4241218412 1.1980302635 0.8889620993 -0.0914017473 1.0650034981 0.0049516753
0.3200000000 0.8714872803 -0.0866405944 0.4125044209 1.1870878962 0.8714872803 -0.0755061759 1.0345320021 0.0036710178
0.3250000000 0.8535682055 -0.0697755323 0.4006857236 1.1759952565 0.8535682055 -0.0595581759 1.0037921608 0.0025685263
0.3300000000 0.8354408315 -0.0524197051 0.3888280192 1.1649153764 0.8354408315 -0.0437935620 0.9732178707 0.0015725306
0.3350000000 0.8173263183 -0.0347685510 0.3770789855 1.1539962142 0.8173263183 -0.0284172517 0.9431914770 0.0005770055
0.3400000000 0.7994463945 -0.0170322726 0.3655817966 1.1433792895 0.7994463945 -0.0136163889 0.9140704505 0.0005577757
0.3450000000 0.7820422735 0.0005422505 0.3544876224 1.1332113378 0.7820422735 0.0004240628 0.8862191710 0.0019547170
0.3500000000 0.7653892621 0.0176564670 0.3439631172 1.1236466738 0.7653892621 0.0135140702 0.8600270985 0.0038231719
0.3550000000 0.7498168391 0.0339347264 0.3342028819 1.1148575129 0.7498168391 0.0254448292 0.8359389363 0.0064790751
0.3600000000 0.7357227751 0.0489052833 0.3254377772 1.1070396274 0.7357227751 0.0359807308 0.8144742668 0.0103398594
0.3650000000 0.7235579435 0.0620143667 0.3179255446 1.1004027965 0.7235579435 0.0448709876 0.7962051845 0.0158951127
0.3700000000 0.7137514947 0.0727114851 0.3119063564 1.0951328082 0.7137514947 0.0518979312 0.7816526788 0.0235964634
0.3750000000 0.7065628678 0.0806261919 0.3075159130 1.0913201823 0.7065628678 0.0569674734 0.7710863177 0.0336942970
0.3800000000 0.7019175238 0.0857713796 0.3046900920 1.0888845382 0.7019175238 0.0602044344 0.7643071387 0.0461943113
0.3850000000 0.6993607056 0.0886102672 0.3031402937 1.0875594544 0.6993607056 0.0619705390 0.7605963474 0.0612431247
0.3900000000 0.6982127252 0.0898822538 0.3024479768 1.0869757625 0.6982127252 0.0627569334 0.7589403094 0.0804406004
0.3950000000 0.6978249414 0.0903057821 0.3022176853 1.0867906782 0.6978249414 0.0630176271 0.7583896413 0.1118850873
0.4000000000 0.6977490972 0.0903799764 0.3021772784 1.0867702943 0.6977490972 0.0630625470 0.7582929917 0.1641251164
0.4050000000 0.6977678243 0.0903474645 0.3021948433 1.0868012313 0.6977678243 0.0630415537 0.7583349306 0.0916342598
0.4100000000 0.6978455702 0.0902479243 0.3022488258 1.0868650086 0.6978455702 0.0629791142 0.7584639316 0.0346501964
0.4150000000 0.6979616210 0.0901041412 0.3023268572 1.0869515033 0.6979616210 0.0628892324 0.7586504331 0.0134403462
0.4200000000 0.6980481204 0.0899910148 0.3023882329 1.0870269408 0.6980481204 0.0628180587 0.7587971128 0.0675050486
0.4250000000 0.6980698988 0.0899466533 0.3024122253 1.0870750868 0.6980698988 0.0627890512 0.7588543958 0.1040466026
0.4300000000 0.6980550840 0.0899373846 0.3024171324 1.0871148121 0.6980550840 0.0627812486 0.7588660215 0.1520763870
0.4350000000 0.6980245274 0.0899377683 0.3024167838 1.0871610107 0.6980245274 0.0627787682 0.7588650507 0.1168428855
0.4400000000 0.6979836915 0.0899409266 0.3024149197 1.0872179864 0.6979836915 0.0627773000 0.7588604236 0.0113983255
0.4450000000 0.6979260786 0.0899443557 0.3024128997 1.0873004736 0.6979260786 0.0627745115 0.7588553558 0.0557603723
0.4500000000 0.6978232697 0.0899456635 0.3024120222 1.0874570411 0.6978232697 0.0627661770 0.7588528281 0.0906905758
0.4550000000 0.6976416586 0.0899456956 0.3024118275 1.0877383818 0.6976416586 0.0627498642 0.7588516088 0.0520199232
0.4600000000 0.6973402113 0.0899453186 0.3024118445 1.0882068696 0.6973402113 0.0627224875 0.7588504084 0.0024733888
0.4650000000 0.6967837837 0.0899450045 0.3024118144 1.0890725076 0.6967837837 0.0626722206 0.7588480625 0.0261877547
0.4700000000 0.6957554149 0.0899449118 0.3024116501 1.0906756454 0.6957554149 0.0625796595 0.7588434861 0.0053446478
0.4750000000 0.6939134362 0.0899448340 0.3024114647 1.0935594087 0.6939134362 0.0624139288 0.7588355669 0.0188525646
0.4800000000 0.6905118063 0.0899446058 0.3024113475 1.0989261778 0.6905118063 0.0621078122 0.7588215001 0.0098371084
0.4850000000 0.6850938437 0.0899443001 0.3024112539 1.1075845135 0.6850938437 0.0616202863 0.7587993316 0.0028765775
0.4900000000 0.6748387091 0.0899440278 0.3024111180 1.1243538390 0.6748387091 0.0606977116 0.7587574933 0.0011102094
0.4950000000 0.6616019584 0.0899437580 0.3024109597 1.1467673721 0.6616019584 0.0595069665 0.7587035392 0.0045123301
0.5000000000 0.6370964573 0.0899434426 0.3024108208 1.1907208744 0.6370964573 0.0573026486 0.7586040507 0.0014921683
0.5050000000 0.6029982453 0.0899431182 0.3024106842 1.2578241698 0.6029982453 0.0542355424 0.7584657673 0.0009422095
0.5100000000 0.5597386123 0.0899427873 0.3024105322 1.3547223184 0.5597386123 0.0503444509 0.7582903906 0.0056347367
0.5150000000 0.5117108654 0.0899423986 0.3024103744 1.4814923124 0.5117108654 0.0460245026 0.7580957132 0.0045143580
0.5200000000 0.4659926743 0.0899419596 0.3024102069 1.6264426376 0.4659926743 0.0419122943 0.7579103543 0.0019347721
0.5250000000 0.4271212528 0.0899414933 0.3024100369 1.7740926729 0.4271212528 0.0384159233 0.7577526851 0.0003229660
0.5300000000 0.3980812451 0.0899410185 0.3024098772 1.9032165395 0.3980812451 0.0358038326 0.7576348097 0.0017647296
0.5350000000 0.3781470982 0.0899405621 0.3024097296 2.0033309824 0.3781470982 0.0340107626 0.7575537977 0.0013782801
0.5400000000 0.3655299969 0.0899401234 0.3024095927 2.0723399324 0.3655299969 0.0328758130 0.7575024090 0.0005241986
0.5450000000 0.3579890123 0.0899396852 0.3024094572 2.1159072760 0.3579890123 0.0321974191 0.7574715558 0.0037418191
0.5500000000 0.3536967155 0.0899392143 0.3024093086 2.1415347548 0.3536967155 0.0318112047 0.7574538088 0.0088396808
0.5550000000 0.3513563637 0.0899386489 0.3024091232 2.1557710065 0.3513563637 0.0316005166 0.7574438618 0.0139425443
0.5600000000 0.3501368009 0.0899378979 0.3024088654 2.1632637847 0.3501368009 0.0314905679 0.7574382611 0.0138805609
0.5650000000 0.3495332433 0.0899369022 0.3024085123 2.1669896086 0.3495332433 0.0314359371 0.7574349061 0.0046847478
0.5700000000 0.3492494569 0.0899357697 0.3024081053 2.1687441176 0.3492494569 0.0314100187 0.7574327053 0.0106876870
0.5750000000 0.3491189108 0.0899347796 0.3024077515 2.1695509415 0.3491189108 0.0313979323 0.7574312617 0.0262068220
0.5800000000 0.3490648163 0.0899341627 0.3024075394 2.1698849556 0.3490648163 0.0313928520 0.7574304934 0.0195613500
0.5850000000 0.3490473252 0.0899338337 0.3024074363 2.1699927206 0.3490473252 0.0313911641 0.7574301547 0.0259362382
0.5900000000 0.3490442916 0.0899333086 0.3024072565 2.1700102096 0.3490442916 0.0313907080 0.7574296763 0.0426391585
0.5950000000 0.3490473064 0.0899320693 0.3024068008 2.1699881266 0.3490473064 0.0313905466 0.7574285105 0.0199024850
0.6000000000 0.3490522073 0.0899301924 0.3024060989 2.1699525193 0.3490522073 0.0313903322 0.7574267165 0.0132505706
0.6050000000 0.3490574344 0.0899285241 0.3024054760 2.1699154735 0.3490574344 0.0313902199 0.7574251281 0.0315957946
0.6100000000 0.3490625772 0.0899275527 0.3024051200 2.1698809262 0.3490625772 0.0313903433 0.7574242284 0.0190307496
0.6150000000 0.3490672254 0.0899264849 0.3024047260 2.1698491679 0.3490672254 0.0313903886 0.7574232286 0.0690635993
0.6200000000 0.3490707514 0.0899233967 0.3024035542 2.1698186215 0.3490707514 0.0313896276 0.7574202165 0.0590260037
0.6250000000 0.3490723604 0.0899158453 0.3024006658 2.1697872732 0.3490723604 0.0313871364 0.7574127650 0.0225421444
0.6300000000 0.3490723501 0.0899046188 0.3023963638 2.1697555171 0.3490723501 0.0313832166 0.7574016576 0.0207005196
0.6350000000 0.3490725136 0.0898950329 0.3023926919 2.1697273432 0.3490725136 0.0313798851 0.7573921776 0.0950106123
0.6400000000 0.3490743303 0.0898915145 0.3023913517 2.1697061583 0.3490743303 0.0313788202 0.7573887241 0.1568169366
0.6450000000 0.3490803865 0.0899022553 0.3023954924 2.1696992059 0.3490803865 0.0313831140 0.7573994373 0.0834895228
0.6500000000 0.3490961922 0.0899446656 0.3024118074 2.1697218042 0.3490961922 0.0313993403 0.7574416201 0.0242906115
0.6550000000 0.3491193134 0.0900108892 0.3024372780 2.1697667284 0.3491193134 0.0314245398 0.7575074703 0.0271828179
0.6600000000 0.3491379715 0.0900635704 0.3024575429 2.1698008413 0.3491379715 0.0314446123 0.7575598643 0.1625615278
0.6650000000 0.3491422014 0.0900711633 0.3024604717 2.1697962582 0.3491422014 0.0314476442 0.7575674422 0.1529214752
0.6700000000 0.3490980263 0.0899265671 0.3024048880 2.1696592468 0.3490980263 0.0313931871 0.7574237608 0.0834977465
0.6750000000 0.3489346267 0.0894062708 0.3022049286 2.1691940693 0.3489346267 0.0311969437 0.7569069228 0.0438544892
0.6800000000 0.3486216790 0.0884140208 0.3018238903 2.1683170208 0.3486216790 0.0308230444 0.7559223204 0.0105146309
0.6850000000 0.3482361074 0.0871918074 0.3013551079 2.1672407625 0.3482361074 0.0303633356 0.7547114869 0.0167711269
0.6900000000 0.3479007316 0.0861274604 0.3009473941 2.1663042642 0.3479007316 0.0299638065 0.7536588385 0.0449670309
0.6950000000 0.3476922413 0.0854641789 0.3006935581 2.1657189882 0.3476922413 0.0297152319 0.7530036891 0.1060503033
0.7000000000 0.3476239888 0.0852448286 0.3006096588 2.1655213892 0.3476239888 0.0296331474 0.7527871832 0.1652833669
0.7050000000 0.3477727724 0.0857126232 0.3007886505 2.1659231806 0.3477727724 0.0298085166 0.7532491094 0.0906606209
0.7100000000 0.3484118368 0.0877308659 0.3015618802 2.1676804069 0.3484118368 0.0305664721 0.7552455121 0.0554659247
0.7150000000 0.3498055702 0.0921263936 0.3032517259 2.1715313512 0.3498055702 0.0322263256 0.7596137624 0.0360434231
0.7200000000 0.3520852752 0.0992882057 0.3060223790 2.1778570591 0.3520852752 0.0349579152 0.7667914019 0.0238234198
0.7250000000 0.3552394536 0.1091371921 0.3098679864 2.1866534630 0.3552394536 0.0387698365 0.7767855815 0.0158368550
0.7300000000 0.3591646197 0.1212963388 0.3146726856 2.1976659994 0.3591646197 0.0435653534 0.7893238729 0.0105805813
0.7350000000 0.3637244671 0.1352882672 0.3202805277 2.2105467217 0.3637244671 0.0492076529 0.8040299282 0.0071153854
0.7400000000 0.3687884593 0.1506630077 0.3265411964 2.2249574191 0.3687884593 0.0555627785 0.8205386187 0.0048171999
0.7450000000 0.3742478913 0.1670496571 0.3333291532 2.2406129899 0.3742478913 0.0625179819 0.8385446866 0.0032717104
0.7500000000 0.3800180261 0.1841617666 0.3405464037 2.2572883697 0.3800180261 0.0699847910 0.8578102705 0.0022081410
0.7550000000 0.3860343821 0.2017836807 0.3481182848 2.2748096199 0.3860343821 0.0778954385 0.8781547261 0.0014510141
0.7600000000 0.3922476276 0.2197527690 0.3559875155 2.2930409146 0.3922476276 0.0861975023 0.8994398586 0.0008862405
0.7650000000 0.3986188623 0.2379435141 0.3641086604 2.3118724761 0.3986188623 0.0948487729 0.9215559762 0.0004377668
0.7700000000 0.4051157759 0.2562548044 0.3724435191 2.3312103021 0.4051157759 0.1038128639 0.9444100702 0.0000515916
0.7750000000 0.4117095231 0.2745999744 0.3809572927 2.3509675776 0.4117095231 0.1130554245 0.9679157402 0.0003069999
0.7800000000 0.4183723342 0.2928994549 0.3896155751 2.3710579236 0.4183723342 0.1225410286 0.9919850380 0.0006658281
0.7850000000 0.4250757657 0.3110760642 0.3983822149 2.3913912592 0.4250757657 0.1322308962 1.0165224707 0.0010571827
0.7900000000 0.4317886303 0.3290491868 0.4072164870 2.4118671703 0.4317886303 0.1420796977 1.0414168220 0.0015144719
0.7950000000 0.4384747267 0.3467290101 0.4160699707 2.4323679297 0.4384747267 0.1520319080 1.0665318632 0.0020714876
0.8000000000 0.4450907480 0.3640116102 0.4248835860 2.4527519903 0.4450907480 0.1620181998 1.0916972180 0.0027628973
0.8050000000 0.4515845967 0.3807753487 0.4335851082 2.4728486622 0.4515845967 0.1719522823 1.1167003657 0.0036233475
0.8100000000 0.4578944940 0.3968794049 0.4420877257 2.4924552636 0.4578944940 0.1817288943 1.1412815418 0.0046852768
0.8150000000 0.4639494372 0.4121655872 0.4502904549 2.5113385608 0.4639494372 0.1912239922 1.1651341118 0.0059758484
0.8200000000 0.4696715924 0.4264645678 0.4580813035 2.5292424332 0.4696715924 0.2002982926 1.1879133212 0.0075135944
0.8250000000 0.4749810200 0.4396071619 0.4653438141 2.5459030649 0.4749810200 0.2088050582 1.2092556347 0.0093054604
0.8300000000 0.4798026349 0.4514401449 0.4719669359 2.5610713822 0.4798026349 0.2166021711 1.2288087974 0.0113448849
0.8350000000 0.4840745807 0.4618445563 0.4778571107 2.5745401138 0.4840745807 0.2235672099 1.2462694261 0.0136113618
0.8400000000 0.4877564577 0.4707529773 0.4829503560 2.5861704665 0.4877564577 0.2296128047 1.2614213458 0.0160716715
0.8450000000 0.4908354418 0.4781616056 0.4872214885 2.5959121070 0.4908354418 0.2346986630 1.2741656660 0.0186826752
0.8500000000 0.4933285720 0.4841336391 0.4906879224 2.6038108909 0.4933285720 0.2388369568 1.2845343086 0.0213952897
0.8550000000 0.4952804090 0.4887925504 0.4934067926 2.6100017265 0.4952804090 0.2420893743 1.2926827227 0.0241590303
0.8600000000 0.4967565701 0.4923065952 0.4954660428 2.6146881250 0.4967565701 0.2445565356 1.2988635047 0.0269263828
0.8650000000 0.4978347763 0.4948682427 0.4969717998 2.6181136397 0.4978347763 0.2463626209 1.3033880182 0.0296563014
0.8700000000 0.4985955534 0.4966732091 0.4980351127 2.6205320418 0.4985955534 0.2476390535 1.3065856235 0.0323163327
0.8750000000 0.4991144577 0.4979031523 0.4987607847 2.6221822718 0.4991144577 0.2485106618 1.3087690826 0.0348831784
0.8800000000 0.4994569137 0.4987143545 0.4992398884 2.6232716974 0.4994569137 0.2490863323 1.3102111857 0.0373417931
0.8850000000 0.4996758407 0.4992327358 0.4995462533 2.6239683049 0.4996758407 0.2494545370 1.3111335688 0.0396832522
0.8900000000 0.4998115763 0.4995540543 0.4997362333 2.6244002692 0.4998115763 0.2496828993 1.3117056355 0.0419015262
0.8950000000 0.4998932921 0.4997474662 0.4998506176 2.6246603470 0.4998932921 0.2498204061 1.3120501015 0.0439888886
0.9000000000 0.4999411129 0.4998606428 0.4999175608 2.6248125566 0.4999411129 0.2499008860 1.3122517108 0.0459288401
0.9050000000 0.4999683424 0.4999250830 0.4999556801 2.6248992290 0.4999683424 0.2499467150 1.3123665164 0.0476838179
0.9100000000 0.4999834384 0.4999608078 0.4999768140 2.6249472816 0.4999834384 0.2499721238 1.3124301675 0.0491718183
0.9150000000 0.4999915889 0.4999800955 0.4999882245 2.6249732257 0.4999915889 0.2499858424 1.3124645338 0.0502201363
0.9200000000 0.4999958713 0.4999902298 0.4999942199 2.6249868577 0.4999958713 0.2499930506 1.3124825912 0.0504750612
0.9250000000 0.4999980560 0.4999953997 0.4999972784 2.6249938119 0.4999980560 0.2499967279 1.3124918031 0.0492432289
0.9300000000 0.4999991321 0.4999979462 0.4999987850 2.6249972373 0.4999991321 0.2499985392 1.3124963405 0.0453141696
0.9350000000 0.4999996382 0.4999991438 0.4999994935 2.6249988483 0.4999996382 0.2499993910 1.3124984744 0.0372378756
0.9400000000 0.4999998613 0.4999996718 0.4999998058 2.6249995585 0.4999998613 0.2499997665 1.3124994151 0.0252375504
0.9450000000 0.4999999514 0.4999998851 0.4999999320 2.6249998454 0.4999999514 0.2499999183 1.3124997952 0.0132741269
0.9500000000 0.4999999844 0.4999999630 0.4999999781 2.6249999503 0.4999999844 0.2499999737 1.3124999341 0.0054765991
0.9550000000 0.4999999953 0.4999999889 0.4999999934 2.6249999851 0.4999999953 0.2499999921 1.3124999802 0.0018932449
0.9600000000 0.4999999987 0.4999999968 0.4999999981 2.6249999957 0.4999999987 0.2499999977 1.3124999944 0.0005864028
0.9650000000 0.4999999996 0.4999999991 0.4999999995 2.6249999988 0.4999999996 0.2499999994 1.3124999985 0.0001695827
0.9700000000 0.4999999999 0.4999999998 0.4999999999 2.6249999997 0.4999999999 0.2499999998 1.3124999996 0.0000466470
0.9750000000 0.5000000000 0.4999999999 0.5000000000 2.6249999999 0.5000000000 0.2500000000 1.3124999999 0.0000122877
0.9800000000 0.5000000000 0.5000000000 0.5000000000 2.6250000000 0.5000000000 0.2500000000 1.3125000000 0.0000031065
0.9850000000 0.5000000000 0.5000000000 0.5000000000 2.6250000000 0.5000000000 0.2500000000 1.3125000000 0.0000007544
0.9900000000 0.5000000000 0.5000000000 0.5000000000 2.6250000000 0.5000000000 0.2500000000 1.3125000000 0.0000001710
0.9950000000 0.5000000000 0.5000000000 0.5000000000 2.6250000000 0.5000000000 0.2500000000 1.3125000000 0.0000000546
1.0000000000 0.5000000000 0.5000000000 0.5000000000 2.6250000000 0.5000000000 0.2500000000 1.3125000000 0.0000000000
