TITLE = "1D Euler Filtered MacCormack Result"
VARIABLES = "x", "rho", "u", "p", "E", "rho_conserved", "rhou", "rhoE", "nu"
ZONE T="t=0.20000000", I=501, F=POINT
0.0000000000 1.0000000000 -0.2000000000 0.5000000000 1.2700000000 1.0000000000 -0.2000000000 1.2700000000 0.0000000000
0.0020000000 1.0000000000 -0.2000000000 0.5000000000 1.2700000000 1.0000000000 -0.2000000000 1.2700000000 0.0000000000
0.0040000000 1.0000000000 -0.2000000000 0.5000000000 1.2700000000 1.0000000000 -0.2000000000 1.2700000000 0.0000000000
0.0060000000 1.0000000000 -0.2000000000 0.5000000000 1.2700000000 1.0000000000 -0.2000000000 1.2700000000 0.0000000000
0.0080000000 1.0000000000 -0.2000000000 0.5000000000 1.2700000000 1.0000000000 -0.2000000000 1.2700000000 0.0000000000
0.0100000000 1.0000000000 -0.2000000000 0.5000000000 1.2700000000 1.0000000000 -0.2000000000 1.2700000000 0.0000000000
0.0120000000 1.0000000000 -0.2000000000 0.5000000000 1.2700000000 1.0000000000 -0.2000000000 1.2700000000 0.0000000000
0.0140000000 1.0000000000 -0.2000000000 0.5000000000 1.2700000000 1.0000000000 -0.2000000000 1.2700000000 0.0000000000
0.0160000000 1.0000000000 -0.2000000000 0.5000000000 1.2700000000 1.0000000000 -0.2000000000 1.2700000000 0.0000000000
0.0180000000 1.0000000000 -0.2000000000 0.5000000000 1.2700000000 1.0000000000 -0.2000000000 1.2700000000 0.0000000000
0.0200000000 1.0000000000 -0.2000000000 0.5000000000 1.2700000000 1.0000000000 -0.2000000000 1.2700000000 0.0000000000
0.0220000000 1.0000000000 -0.2000000000 0.5000000000 1.2700000000 1.0000000000 -0.2000000000 1.2700000000 0.0000000000
0.0240000000 1.0000000000 -0.2000000000 0.5000000000 1.2700000000 1.0000000000 -0.2000000000 1.2700000000 0.0000000000
0.0260000000 1.0000000000 -0.2000000000 0.5000000000 1.2700000000 1.0000000000 -0.2000000000 1.2700000000 0.0000000000
0.0280000000 1.0000000000 -0.2000000000 0.5000000000 1.2700000000 1.0000000000 -0.2000000000 1.2700000000 0.0000000000
0.0300000000 1.0000000000 -0.2000000000 0.5000000000 1.2700000000 1.0000000000 -0.2000000000 1.2700000000 0.0000000000
0.0320000000 1.0000000000 -0.2000000000 0.5000000000 1.2700000000 1.0000000000 -0.2000000000 1.2700000000 0.0000000000
0.0340000000 1.0000000000 -0.2000000000 0.5000000000 1.2700000000 1.0000000000 -0.2000000000 1.2700000000 0.0000000000
0.0360000000 1.0000000000 -0.2000000000 0.5000000000 1.2700000000 1.0000000000 -0.2000000000 1.2700000000 0.0000000000
0.0380000000 1.0000000000 -0.2000000000 0.5000000000 1.2700000000 1.0000000000 -0.2000000000 1.2700000000 0.0000000000
0.0400000000 1.0000000000 -0.2000000000 0.5000000000 1.2700000000 1.0000000000 -0.2000000000 1.2700000000 0.0000000000
0.0420000000 1.0000000000 -0.2000000000 0.5000000000 1.2700000000 1.0000000000 -0.2000000000 1.2700000000 0.0000000000
0.0440000000 1.0000000000 -0.2000000000 0.5000000000 1.2700000000 1.0000000000 -0.2000000000 1.2700000000 0.0000000000
0.0460000000 1.0000000000 -0.2000000000 0.5000000000 1.2700000000 1.0000000000 -0.2000000000 1.2700000000 0.0000000000
0.0480000000 1.0000000000 -0.2000000000 0.5000000000 1.2700000000 1.0000000000 -0.2000000000 1.2700000000 0.0000000000
0.0500000000 1.0000000000 -0.2000000000 0.5000000000 1.2700000000 1.0000000000 -0.2000000000 1.2700000000 0.0000000000
0.0520000000 1.0000000000 -0.2000000000 0.5000000000 1.2700000000 1.0000000000 -0.2000000000 1.2700000000 0.0000000000
0.0540000000 1.0000000000 -0.2000000000 0.5000000000 1.2700000000 1.0000000000 -0.2000000000 1.2700000000 0.0000000000
0.0560000000 1.0000000000 -0.2000000000 0.5000000000 1.2700000000 1.0000000000 -0.2000000000 1.2700000000 0.0000000000
0.0580000000 1.0000000000 -0.2000000000 0.5000000000 1.2700000000 1.0000000000 -0.2000000000 1.2700000000 0.0000000000
0.0600000000 1.0000000000 -0.2000000000 0.5000000000 1.2700000000 1.0000000000 -0.2000000000 1.2700000000 0.0000000000
0.0620000000 1.0000000000 -0.2000000000 0.5000000000 1.2700000000 1.0000000000 -0.2000000000 1.2700000000 0.0000000000
0.0640000000 1.0000000000 -0.2000000000 0.5000000000 1.2700000000 1.0000000000 -0.2000000000 1.2700000000 0.0000000000
0.0660000000 1.0000000000 -0.2000000000 0.5000000000 1.2700000000 1.0000000000 -0.2000000000 1.2700000000 0.0000000000
0.0680000000 1.0000000000 -0.2000000000 0.5000000000 1.2700000000 1.0000000000 -0.2000000000 1.2700000000 0.0000000000
0.0700000000 1.0000000000 -0.2000000000 0.5000000000 1.2700000000 1.0000000000 -0.2000000000 1.2700000000 0.0000000000
0.0720000000 1.0000000000 -0.2000000000 0.5000000000 1.2700000000 1.0000000000 -0.2000000000 1.2700000000 0.0000000000
0.0740000000 1.0000000000 -0.2000000000 0.5000000000 1.2700000000 1.0000000000 -0.2000000000 1.2700000000 0.0000000000
0.0760000000 1.0000000000 -0.2000000000 0.5000000000 1.2700000000 1.0000000000 -0.2000000000 1.2700000000 0.0000000000
0.0780000000 1.0000000000 -0.2000000000 0.5000000000 1.2700000000 1.0000000000 -0.2000000000 1.2700000000 0.0000000000
0.0800000000 1.0000000000 -0.2000000000 0.5000000000 1.2700000000 1.0000000000 -0.2000000000 1.2700000000 0.0000000000
0.0820000000 1.0000000000 -0.2000000000 0.5000000000 1.2700000000 1.0000000000 -0.2000000000 1.2700000000 0.0000000000
0.0840000000 1.0000000000 -0.2000000000 0.5000000000 1.2700000000 1.0000000000 -0.2000000000 1.2700000000 0.0000000000
0.0860000000 1.0000000000 -0.2000000000 0.5000000000 1.2700000000 1.0000000000 -0.2000000000 1.2700000000 0.0000000000
0.0880000000 1.0000000000 -0.2000000000 0.5000000000 1.2700000000 1.0000000000 -0.2000000000 1.2700000000 0.0000000000
0.0900000000 1.0000000000 -0.2000000000 0.5000000000 1.2700000000 1.0000000000 -0.2000000000 1.2700000000 0.0000000000
0.0920000000 1.0000000000 -0.2000000000 0.5000000000 1.2700000000 1.0000000000 -0.2000000000 1.2700000000 0.0000000000
0.0940000000 1.0000000000 -0.2000000000 0.5000000000 1.2700000000 1.0000000000 -0.2000000000 1.2700000000 0.0000000000
0.0960000000 1.0000000000 -0.2000000000 0.5000000000 1.2700000000 1.0000000000 -0.2000000000 1.2700000000 0.0000000000
0.0980000000 1.0000000000 -0.2000000000 0.5000000000 1.2700000000 1.0000000000 -0.2000000000 1.2700000000 0.0000000000
0.1000000000 1.0000000000 -0.2000000000 0.5000000000 1.2700000000 1.0000000000 -0.2000000000 1.2700000000 0.0000000000
0.1020000000 1.0000000000 -0.2000000000 0.5000000000 1.2700000000 1.0000000000 -0.2000000000 1.2700000000 0.0000000000
0.1040000000 1.0000000000 -0.2000000000 0.5000000000 1.2700000000 1.0000000000 -0.2000000000 1.2700000000 0.0000000000
0.1060000000 1.0000000000 -0.2000000000 0.5000000000 1.2700000000 1.0000000000 -0.2000000000 1.2700000000 0.0000000000
0.1080000000 1.0000000000 -0.2000000000 0.5000000000 1.2700000000 1.0000000000 -0.2000000000 1.2700000000 0.0000000000
0.1100000000 1.0000000000 -0.2000000000 0.5000000000 1.2700000000 1.0000000000 -0.2000000000 1.2700000000 0.0000000000
0.1120000000 1.0000000000 -0.2000000000 0.5000000000 1.2700000000 1.0000000000 -0.2000000000 1.2700000000 0.0000000000
0.1140000000 1.0000000000 -0.2000000000 0.5000000000 1.2700000000 1.0000000000 -0.2000000000 1.2700000000 0.0000000000
0.1160000000 1.0000000000 -0.2000000000 0.5000000000 1.2700000000 1.0000000000 -0.2000000000 1.2700000000 0.0000000000
0.1180000000 1.0000000000 -0.2000000000 0.5000000000 1.2700000000 1.0000000000 -0.2000000000 1.2700000000 0.0000000000
0.1200000000 1.0000000000 -0.2000000000 0.5000000000 1.2700000000 1.0000000000 -0.2000000000 1.2700000000 0.0000000000
0.1220000000 1.0000000000 -0.2000000000 0.5000000000 1.2700000000 1.0000000000 -0.2000000000 1.2700000000 0.0000000000
0.1240000000 1.0000000000 -0.2000000000 0.5000000000 1.2700000000 1.0000000000 -0.2000000000 1.2700000000 0.0000000000
0.1260000000 1.0000000000 -0.2000000000 0.5000000000 1.2700000000 1.0000000000 -0.2000000000 1.2700000000 0.0000000000
0.1280000000 1.0000000000 -0.2000000000 0.5000000000 1.2700000000 1.0000000000 -0.2000000000 1.2700000000 0.0000000000
0.1300000000 1.0000000000 -0.2000000000 0.5000000000 1.2700000000 1.0000000000 -0.2000000000 1.2700000000 0.0000000000
0.1320000000 1.0000000000 -0.2000000000 0.5000000000 1.2700000000 1.0000000000 -0.2000000000 1.2700000000 0.0000000000
0.1340000000 1.0000000000 -0.2000000000 0.5000000000 1.2700000000 1.0000000000 -0.2000000000 1.2700000000 0.0000000000
0.1360000000 1.0000000000 -0.2000000000 0.5000000000 1.2700000000 1.0000000000 -0.2000000000 1.2700000000 0.0000000000
0.1380000000 1.0000000000 -0.2000000000 0.5000000000 1.2700000000 1.0000000000 -0.2000000000 1.2700000000 0.0000000000
0.1400000000 1.0000000000 -0.2000000000 0.5000000000 1.2700000000 1.0000000000 -0.2000000000 1.2700000000 0.0000000000
0.1420000000 1.0000000000 -0.2000000000 0.5000000000 1.2700000000 1.0000000000 -0.2000000000 1.2700000000 0.0000000000
0.1440000000 1.0000000000 -0.2000000000 0.5000000000 1.2700000000 1.0000000000 -0.2000000000 1.2700000000 0.0000000000
0.1460000000 1.0000000000 -0.2000000000 0.5000000000 1.2700000000 1.0000000000 -0.2000000000 1.2700000000 0.0000000000
0.1480000000 1.0000000000 -0.2000000000 0.5000000000 1.2700000000 1.0000000000 -0.2000000000 1.2700000000 0.0000000000
0.1500000000 1.0000000000 -0.2000000000 0.5000000000 1.2700000000 1.0000000000 -0.2000000000 1.2700000000 0.0000000000
0.1520000000 1.0000000000 -0.2000000000 0.5000000000 1.2700000000 1.0000000000 -0.2000000000 1.2700000000 0.0000000000
0.1540000000 1.0000000000 -0.2000000000 0.5000000000 1.2700000000 1.0000000000 -0.2000000000 1.2700000000 0.0000000000
0.1560000000 1.0000000000 -0.2000000000 0.5000000000 1.2700000000 1.0000000000 -0.2000000000 1.2700000000 0.0000000000
0.1580000000 1.0000000000 -0.2000000000 0.5000000000 1.2700000000 1.0000000000 -0.2000000000 1.2700000000 0.0000000000
0.1600000000 1.0000000000 -0.2000000000 0.5000000000 1.2700000000 1.0000000000 -0.2000000000 1.2700000000 0.0000000000
0.1620000000 1.0000000000 -0.2000000000 0.5000000000 1.2700000000 1.0000000000 -0.2000000000 1.2700000000 0.0000000000
0.1640000000 1.0000000000 -0.2000000000 0.5000000000 1.2700000000 1.0000000000 -0.2000000000 1.2700000000 0.0000000000
0.1660000000 1.0000000000 -0.2000000000 0.5000000000 1.2700000000 1.0000000000 -0.2000000000 1.2700000000 0.0000000000
0.1680000000 1.0000000000 -0.2000000000 0.5000000000 1.2700000000 1.0000000000 -0.2000000000 1.2700000000 0.0000000000
0.1700000000 1.0000000000 -0.2000000000 0.5000000000 1.2700000000 1.0000000000 -0.2000000000 1.2700000000 0.0000000000
0.1720000000 1.0000000000 -0.2000000000 0.5000000000 1.2700000000 1.0000000000 -0.2000000000 1.2700000000 0.0000000000
0.1740000000 1.0000000000 -0.2000000000 0.5000000000 1.2700000000 1.0000000000 -0.2000000000 1.2700000000 0.0000000000
0.1760000000 1.0000000000 -0.2000000000 0.5000000000 1.2700000000 1.0000000000 -0.2000000000 1.2700000000 0.0000000000
0.1780000000 1.0000000000 -0.2000000000 0.5000000000 1.2700000000 1.0000000000 -0.2000000000 1.2700000000 0.0000000000
0.1800000000 1.0000000000 -0.2000000000 0.5000000000 1.2700000000 1.0000000000 -0.2000000000 1.2700000000 0.0000000000
0.1820000000 1.0000000000 -0.2000000000 0.5000000000 1.2700000000 1.0000000000 -0.2000000000 1.2700000000 0.0000000000
0.1840000000 1.0000000000 -0.2000000000 0.5000000000 1.2700000000 1.0000000000 -0.2000000000 1.2700000000 0.0000000000
0.1860000000 1.0000000000 -0.2000000000 0.5000000000 1.2700000000 1.0000000000 -0.2000000000 1.2700000000 0.0000000000
0.1880000000 1.0000000000 -0.2000000000 0.5000000000 1.2700000000 1.0000000000 -0.2000000000 1.2700000000 0.0000000000
0.1900000000 1.0000000000 -0.2000000000 0.5000000000 1.2700000000 1.0000000000 -0.2000000000 1.2700000000 0.0000000000
0.1920000000 1.0000000000 -0.2000000000 0.5000000000 1.2700000000 1.0000000000 -0.2000000000 1.2700000000 0.0000000000
0.1940000000 1.0000000000 -0.2000000000 0.5000000000 1.2700000000 1.0000000000 -0.2000000000 1.2700000000 0.0000000000
0.1960000000 1.0000000000 -0.2000000000 0.5000000000 1.2700000000 1.0000000000 -0.2000000000 1.2700000000 0.0000000000
0.1980000000 1.0000000000 -0.2000000000 0.5000000000 1.2700000000 1.0000000000 -0.2000000000 1.2700000000 0.0000000000
0.2000000000 1.0000000000 -0.2000000000 0.5000000000 1.2700000000 1.0000000000 -0.2000000000 1.2700000000 0.0000000000
0.2020000000 1.0000000000 -0.2000000000 0.5000000000 1.2700000000 1.0000000000 -0.2000000000 1.2700000000 0.0000000000
0.2040000000 1.0000000000 -0.2000000000 0.5000000000 1.2700000000 1.0000000000 -0.2000000000 1.2700000000 0.0000000000
0.2060000000 1.0000000000 -0.2000000000 0.5000000000 1.2700000000 1.0000000000 -0.2000000000 1.2700000000 0.0000000000
0.2080000000 1.0000000000 -0.2000000000 0.5000000000 1.2700000000 1.0000000000 -0.2000000000 1.2700000000 0.0000000000
0.2100000000 1.0000000000 -0.2000000000 0.5000000000 1.2700000000 1.0000000000 -0.2000000000 1.2700000000 0.0000000000
0.2120000000 1.0000000000 -0.2000000000 0.5000000000 1.2700000000 1.0000000000 -0.2000000000 1.2700000000 0.0000000001
0.2140000000 1.0000000000 -0.2000000000 0.5000000000 1.2700000000 1.0000000000 -0.2000000000 1.2700000000 0.0000000002
0.2160000000 1.0000000000 -0.2000000000 0.5000000000 1.2700000000 1.0000000000 -0.2000000000 1.2700000000 0.0000000008
0.2180000000 1.0000000000 -0.2000000000 0.5000000000 1.2700000000 1.0000000000 -0.2000000000 1.2700000000 0.0000000029
0.2200000000 1.0000000000 -0.2000000000 0.5000000000 1.2700000000 1.0000000000 -0.2000000000 1.2700000000 0.0000000096
0.2220000000 1.0000000000 -0.2000000000 0.5000000000 1.2700000000 1.0000000000 -0.2000000000 1.2700000000 0.0000000320
0.2240000000 1.0000000000 -0.2000000000 0.5000000000 1.2700000000 1.0000000000 -0.2000000000 1.2700000000 0.0000001040
0.2260000000 1.0000000000 -0.2000000000 0.5000000000 1.2700000000 1.0000000000 -0.2000000000 1.2700000000 0.0000003291
0.2280000000 1.0000000000 -0.2000000000 0.5000000000 1.2700000000 1.0000000000 -0.2000000000 1.2700000000 0.0000010157
0.2300000000 1.0000000000 -0.2000000000 0.5000000000 1.2700000000 1.0000000000 -0.2000000000 1.2699999999 0.0000030527
0.2320000000 0.9999999999 -0.1999999999 0.4999999999 1.2699999999 0.9999999999 -0.1999999999 1.2699999998 0.0000089396
0.2340000000 0.9999999998 -0.1999999998 0.4999999998 1.2699999998 0.9999999998 -0.1999999998 1.2699999995 0.0000254930
0.2360000000 0.9999999993 -0.1999999994 0.4999999995 1.2699999995 0.9999999993 -0.1999999993 1.2699999987 0.0000707352
0.2380000000 0.9999999980 -0.1999999984 0.4999999986 1.2699999987 0.9999999980 -0.1999999980 1.2699999962 0.0001906429
0.2400000000 0.9999999946 -0.1999999955 0.4999999962 1.2699999964 0.9999999946 -0.1999999944 1.2699999895 0.0004970909
0.2420000000 0.9999999855 -0.1999999878 0.4999999898 1.2699999903 0.9999999855 -0.1999999849 1.2699999718 0.0012427677
0.2440000000 0.9999999620 -0.1999999682 0.4999999734 1.2699999747 0.9999999620 -0.1999999606 1.2699999265 0.0029242855
0.2460000000 0.9999999040 -0.1999999196 0.4999999328 1.2699999359 0.9999999040 -0.1999999004 1.2699998139 0.0062666070
0.2480000000 0.9999997659 -0.1999998041 0.4999998361 1.2699998438 0.9999997659 -0.1999997573 1.2699995464 0.0117005473
0.2500000000 0.9999994531 -0.1999995424 0.4999996171 1.2699996350 0.9999994531 -0.1999994330 1.2699989404 0.0183809917
0.2520000000 0.9999987792 -0.1999989786 0.4999991455 1.2699991853 0.9999987792 -0.1999987345 1.2699976350 0.0243439364
0.2540000000 0.9999973938 -0.1999978195 0.4999981757 1.2699982608 0.9999973938 -0.1999972983 1.2699949510 0.0282671000
0.2560000000 0.9999946558 -0.1999955287 0.4999962591 1.2699964337 0.9999946558 -0.1999944599 1.2699896466 0.0301940694
0.2580000000 0.9999894201 -0.1999911482 0.4999925941 1.2699929397 0.9999894201 -0.1999890323 1.2699795033 0.0307538602
0.2600000000 0.9999796902 -0.1999830075 0.4999857832 1.2699864468 0.9999796902 -0.1999789459 1.2699606536 0.0305068460
0.2620000000 0.9999620780 -0.1999682719 0.4999734549 1.2699746940 0.9999620780 -0.1999606887 1.2699265340 0.0298026408
0.2640000000 0.9999309965 -0.1999422665 0.4999516985 1.2699539533 0.9999309965 -0.1999284698 1.2698663220 0.0288323711
0.2660000000 0.9998775145 -0.1998975179 0.4999142633 1.2699182663 0.9998775145 -0.1998730333 1.2697627198 0.0276949416
0.2680000000 0.9997878238 -0.1998224700 0.4998514857 1.2698584218 0.9997878238 -0.1997800725 1.2695889880 0.0264402381
0.2700000000 0.9996413295 -0.1996998834 0.4997489559 1.2697606852 0.9996413295 -0.1996282569 1.2693052595 0.0250932062
0.2720000000 0.9994084919 -0.1995050207 0.4995860112 1.2696053648 0.9994084919 -0.1993870119 1.2688543829 0.0236667969
0.2740000000 0.9990487117 -0.1992038601 0.4993342667 1.2693654135 0.9990487117 -0.1990143597 1.2681578810 0.0221690841
0.2760000000 0.9985087530 -0.1987517387 0.4989565307 1.2690054003 0.9985087530 -0.1984553507 1.2671129999 0.0206074155
0.2780000000 0.9977223671 -0.1980929699 0.4984065751 1.2684812968 0.9977223671 -0.1976417868 1.2655921621 0.0189909893
0.2800000000 0.9966118227 -0.1971620100 0.4976302585 1.2677415544 0.9966118227 -0.1964939902 1.2634462212 0.0173324515
0.2820000000 0.9950918696 -0.1958866039 0.4965683719 1.2667298194 0.9950918696 -0.1949251669 1.2605125442 0.0156487057
0.2840000000 0.9930761917 -0.1941929628 0.4951612405 1.2653893163 0.9930761917 -0.1928484080 1.2566280032 0.0139609547
0.2860000000 0.9904857220 -0.1920124805 0.4933546248 1.2636684613 0.9904857220 -0.1901856204 1.2516455683 0.0122939759
0.2880000000 0.9872574864 -0.1892889344 0.4911059642 1.2615267993 0.9872574864 -0.1868769176 1.2454517768 0.0106747045
0.2900000000 0.9833522200 -0.1859847818 0.4883897089 1.2589400731 0.9833522200 -0.1828885481 1.2379815157 0.0091303083
0.2920000000 0.9787590865 -0.1820852174 0.4852005536 1.2559033092 0.9787590865 -0.1782175611 1.2292267757 0.0076860351
0.2940000000 0.9734964758 -0.1775991523 0.4815538602 1.2524312418 0.9734964758 -0.1728921489 1.2192374000 0.0063631522
0.2960000000 0.9676088360 -0.1725570266 0.4774832632 1.2485560677 0.9676088360 -0.1669677037 1.2081138833 0.0051772785
0.2980000000 0.9611604545 -0.1670061179 0.4730361334 1.2443231635 0.9611604545 -0.1605196762 1.1959942174 0.0041373346
0.3000000000 0.9542276886 -0.1610044871 0.4682679876 1.2397857876 0.9542276886 -0.1536349395 1.1830379264 0.0032452346
0.3020000000 0.9468912272 -0.1546147999 0.4632369781 1.2349998371 0.9468912272 -0.1464033976 1.1694105112 0.0024963246
0.3040000000 0.9392296119 -0.1478990208 0.4579993245 1.2300194834 0.9392296119 -0.1389111399 1.1552707220 0.0018804628
0.3060000000 0.9313146702 -0.1409145491 0.4526061392 1.2248941205 0.9313146702 -0.1312357868 1.1407618638 0.0013835418
0.3080000000 0.9232089567 -0.1337119297 0.4471016932 1.2196666810 0.9232089567 -0.1234440511 1.1260072041 0.0009891953
0.3100000000 0.9149649028 -0.1263339486 0.4415228927 1.2143731089 0.9149649028 -0.1155911290 1.1111087735 0.0006804248
0.3120000000 0.9066251863 -0.1188157502 0.4358996095 1.2090426527 0.9066251863 -0.1077213516 1.0961485203 0.0004409353
0.3140000000 0.8982238220 -0.1111855876 0.4302555053 1.2036986370 0.8982238220 -0.0998695435 1.0811907902 0.0002560569
0.3160000000 0.8897875616 -0.1034658729 0.4246090588 1.1983594332 0.8897875616 -0.0920626467 1.0662853180 0.0001132288
0.3180000000 0.8813373246 -0.0956742911 0.4189745996 1.1930394426 0.8813373246 -0.0843213238 1.0514701905 0.0000022001
0.3200000000 0.8728894810 -0.0878248346 0.4133632337 1.1877499879 0.8728894810 -0.0766613743 1.0367744704 0.0000849663
0.3220000000 0.8644569049 -0.0799286302 0.4077835833 1.1824999965 0.8644569049 -0.0690948562 1.0222202870 0.0001544397
0.3240000000 0.8560498337 -0.0719946541 0.4022424010 1.1772965948 0.8560498337 -0.0616310116 1.0078245543 0.0002110122
0.3260000000 0.8476765529 -0.0640303031 0.3967450528 1.1721455719 0.8476765529 -0.0542769866 0.9936003179 0.0002583339
0.3280000000 0.8393439250 -0.0560418411 0.3912958886 1.1670517306 0.8393439250 -0.0470383789 0.9795577802 0.0002991943
0.3300000000 0.8310577978 -0.0480347492 0.3858985266 1.1620191572 0.8310577978 -0.0399196529 0.9657050818 0.0003357772
0.3320000000 0.8228233266 -0.0400140079 0.3805560744 1.1570514291 0.8228233266 -0.0329244591 0.9520489059 0.0003698783
0.3340000000 0.8146452376 -0.0319843355 0.3752713085 1.1521517808 0.8146452376 -0.0260558866 0.9385949613 0.0004030751
0.3360000000 0.8065280593 -0.0239504062 0.3700468283 1.1473232471 0.8065280593 -0.0193166746 0.9253483919 0.0004369040
0.3380000000 0.7984763425 -0.0159170667 0.3648852004 1.1425687909 0.7984763425 -0.0127094012 0.9123141491 0.0004729987
0.3400000000 0.7904948905 -0.0078895737 0.3597891045 1.1378914329 0.7904948905 -0.0062366677 0.8994973636 0.0005132740
0.3420000000 0.7825890223 0.0001261247 0.3547614980 1.1332943934 0.7825890223 0.0000987038 0.8869037513 0.0005601592
0.3440000000 0.7747648985 0.0081230315 0.3498058145 1.1287812583 0.7747648985 0.0062934396 0.8745400971 0.0006168815
0.3460000000 0.7670299432 0.0160926238 0.3449262202 1.1243561976 0.7670299432 0.0123435243 0.8624148703 0.0006879785
0.3480000000 0.7593934233 0.0240241948 0.3401279618 1.1200242521 0.7593934233 0.0182438155 0.8505390510 0.0007800057
0.3500000000 0.7518672633 0.0319039179 0.3354178523 1.1157917354 0.7518672633 0.0239875114 0.8389272785 0.0009027156
0.3520000000 0.7444672171 0.0397134923 0.3308049688 1.1116668075 0.7444672171 0.0295653931 0.8275994945 0.0010709962
0.3540000000 0.7372145849 0.0474281525 0.3263016710 1.1076603074 0.7372145849 0.0349647257 0.8165833337 0.0013080651
0.3560000000 0.7301387467 0.0550137162 0.3219251029 1.1037869812 0.7301387467 0.0401676458 0.8059176431 0.0016510160
0.3580000000 0.7232809106 0.0624222046 0.3176994108 1.1000672890 0.7232809106 0.0451487890 0.7956576705 0.0021604702
0.3600000000 0.7166995950 0.0695854136 0.3136589833 1.0965300385 0.7166995950 0.0498718377 0.7858826345 0.0029379406
0.3620000000 0.7104783818 0.0764057852 0.3098530309 1.0932161035 0.7104783818 0.0542846586 0.7767064081 0.0041582466
0.3640000000 0.7047360612 0.0827444077 0.3063515735 1.0901832786 0.7047360612 0.0583129680 0.7682914698 0.0061332922
0.3660000000 0.6996375593 0.0884079735 0.3032518930 1.0875115198 0.6996375593 0.0618535388 0.7608639054 0.0094500179
0.3680000000 0.6953991952 0.0931422131 0.3006816381 1.0853054741 0.6953991952 0.0647710200 0.7547205533 0.0153187537
0.3700000000 0.6922711375 0.0966518285 0.2987884220 1.0836859519 0.6922711375 0.0669092712 0.7502045066 0.0267138765
0.3720000000 0.6904620221 0.0986876607 0.2976949426 1.0827527441 0.6904620221 0.0681400817 0.7475996491 0.0540557088
0.3740000000 0.6899533510 0.0992606655 0.2973877728 1.0824911216 0.6899533510 0.0684852288 0.7468683767 0.1089789972
0.3760000000 0.6903779272 0.0987821705 0.2976442709 1.0827098799 0.6903779272 0.0681970301 0.7474790027 0.0577541035
0.3780000000 0.6915844552 0.0974241058 0.2983733035 1.0833316521 0.6915844552 0.0673769971 0.7492153305 0.0263022191
0.3800000000 0.6934855713 0.0952885076 0.2995228758 1.0843132291 0.6934855713 0.0660812051 0.7519555792 0.0115026060
0.3820000000 0.6957676295 0.0927322378 0.3009040409 1.0854940879 0.6957676295 0.0645200893 0.7552516484 0.0025553171
0.3840000000 0.6978646786 0.0903903650 0.3021743434 1.0865814030 0.6978646786 0.0630802431 0.7582867816 0.0213200284
0.3860000000 0.6991917089 0.0889118820 0.3029787670 1.0872705953 0.6991917089 0.0621664507 0.7602105855 0.0529792339
0.3880000000 0.6995836482 0.0884754605 0.3032165601 1.0874747289 0.6995836482 0.0618959854 0.7607795382 0.1089222960
0.3900000000 0.6993893336 0.0886914987 0.3030988409 1.0873741244 0.6993893336 0.0620298882 0.7604978642 0.0531820607
0.3920000000 0.6989010872 0.0892350226 0.3028028580 1.0871206168 0.6989010872 0.0623664543 0.7597897810 0.0083601218
0.3940000000 0.6983620488 0.0898355994 0.3024761164 1.0868407511 0.6983620488 0.0627377732 0.7590083337 0.0200144690
0.3960000000 0.6980196851 0.0902171777 0.3022686876 1.0866632773 0.6980196851 0.0629733660 0.7585123587 0.0610118639
0.3980000000 0.6979420603 0.0903034438 0.3022218129 1.0866235660 0.6979420603 0.0630265716 0.7584002904 0.1084755234
0.4000000000 0.6980198754 0.0902162690 0.3022691929 1.0866647100 0.6980198754 0.0629727489 0.7585135655 0.0354237494
0.4020000000 0.6981617066 0.0900576937 0.3023553935 1.0867391577 0.6981617066 0.0628748331 0.7587196649 0.0053494854
0.4040000000 0.6982804494 0.0899248839 0.3024276070 1.0868016356 0.6982804494 0.0627927883 0.7588923346 0.0446868398
0.4060000000 0.6983228602 0.0898771783 0.3024535539 1.0868244786 0.6983228602 0.0627632882 0.7589543784 0.1073844307
0.4080000000 0.6983098494 0.0898912436 0.3024459119 1.0868185581 0.6983098494 0.0627719408 0.7589361037 0.0578258018
0.4100000000 0.6982743318 0.0899303818 0.3024246369 1.0868009823 0.6982743318 0.0627960772 0.7588852298 0.0038947794
0.4120000000 0.6982440701 0.0899636329 0.3024065640 1.0867861914 0.6982440701 0.0628165732 0.7588420136 0.0503995571
0.4140000000 0.6982350751 0.0899731403 0.3024014010 1.0867825093 0.6982350751 0.0628224024 0.7588296670 0.1027812013
0.4160000000 0.6982403004 0.0899667629 0.3024048745 1.0867862694 0.6982403004 0.0628184196 0.7588379712 0.0356508417
0.4180000000 0.6982499709 0.0899553987 0.3024110594 1.0867923956 0.6982499709 0.0628113545 0.7588527587 0.0198144977
0.4200000000 0.6982556904 0.0899484002 0.3024148707 1.0867965431 0.6982556904 0.0628069823 0.7588618705 0.0853065264
0.4220000000 0.6982556162 0.0899478190 0.3024151932 1.0867977605 0.6982556162 0.0628065698 0.7588626399 0.0833258352
0.4240000000 0.6982526882 0.0899503809 0.3024138070 1.0867975681 0.6982526882 0.0628080953 0.7588593235 0.0013732433
0.4260000000 0.6982499023 0.0899527404 0.3024125312 1.0867975324 0.6982499023 0.0628094922 0.7588562709 0.0404093320
0.4280000000 0.6982490272 0.0899529213 0.3024124401 1.0867985798 0.6982490272 0.0628095398 0.7588560511 0.0625903588
0.4300000000 0.6982493188 0.0899517506 0.3024130840 1.0868003275 0.6982493188 0.0628087486 0.7588575883 0.0078995439
0.4320000000 0.6982493857 0.0899507670 0.3024136262 1.0868020769 0.6982493857 0.0628080678 0.7588588825 0.0532937461
0.4340000000 0.6982485085 0.0899507700 0.3024136322 1.0868034588 0.6982485085 0.0628079910 0.7588588941 0.0230135440
0.4360000000 0.6982470001 0.0899514079 0.3024132932 1.0868046416 0.6982470001 0.0628083007 0.7588580806 0.0030048582
0.4380000000 0.6982456794 0.0899517602 0.3024131098 1.0868060644 0.6982456794 0.0628084279 0.7588576387 0.0205313432
0.4400000000 0.6982449482 0.0899513730 0.3024133284 1.0868079462 0.6982449482 0.0628080918 0.7588581581 0.0109949237
0.4420000000 0.6982443832 0.0899507072 0.3024136985 1.0868100873 0.6982443832 0.0628075760 0.7588590391 0.0192484332
0.4440000000 0.6982433185 0.0899504891 0.3024138249 1.0868121713 0.6982433185 0.0628073280 0.7588593371 0.0194476414
0.4460000000 0.6982416292 0.0899508497 0.3024136365 1.0868141490 0.6982416292 0.0628074279 0.7588588821 0.0055072766
0.4480000000 0.6982397681 0.0899512749 0.3024134133 1.0868162740 0.6982397681 0.0628075573 0.7588583431 0.0063008048
0.4500000000 0.6982381938 0.0899512398 0.3024134405 1.0868188098 0.6982381938 0.0628073912 0.7588584027 0.0061776030
0.4520000000 0.6982368125 0.0899508319 0.3024136709 1.0868217398 0.6982368125 0.0628069821 0.7588589473 0.0064317008
0.4540000000 0.6982351478 0.0899505556 0.3024138301 1.0868248665 0.6982351478 0.0628066395 0.7588593212 0.0120129962
0.4560000000 0.6982329576 0.0899506600 0.3024137826 1.0868281025 0.6982329576 0.0628065154 0.7588592004 0.0068661212
0.4580000000 0.6982304432 0.0899508993 0.3024136623 1.0868315920 0.6982304432 0.0628064563 0.7588589042 0.0011873984
0.4600000000 0.6982278825 0.0899509343 0.3024136533 1.0868355342 0.6982278825 0.0628062504 0.7588588737 0.0012209959
0.4620000000 0.6982252375 0.0899507649 0.3024137557 1.0868399874 0.6982252375 0.0628058942 0.7588591083 0.0054567938
0.4640000000 0.6982222390 0.0899506427 0.3024138324 1.0868449009 0.6982222390 0.0628055392 0.7588592802 0.0072572211
0.4660000000 0.6982187452 0.0899506775 0.3024138235 1.0868502905 0.6982187452 0.0628052492 0.7588592461 0.0058810320
0.4680000000 0.6982148115 0.0899507494 0.3024137942 1.0868562927 0.6982148115 0.0628049455 0.7588591615 0.0048201275
0.4700000000 0.6982104725 0.0899507421 0.3024138079 1.0868630701 0.6982104725 0.0628045501 0.7588591778 0.0055134513
0.4720000000 0.6982056116 0.0899506884 0.3024138470 1.0868707440 0.6982056116 0.0628040754 0.7588592525 0.0065811417
0.4740000000 0.6982000583 0.0899506663 0.3024138694 1.0868794344 0.6982000583 0.0628035605 0.7588592845 0.0069467643
0.4760000000 0.6981936853 0.0899506779 0.3024138739 1.0868893355 0.6981936853 0.0628029953 0.7588592707 0.0069857316
0.4780000000 0.6981863757 0.0899506812 0.3024138833 1.0869007063 0.6981863757 0.0628023401 0.7588592649 0.0073241292
0.4800000000 0.6981779418 0.0899506675 0.3024139023 1.0869138539 0.6981779418 0.0628015719 0.7588592775 0.0082022341
0.4820000000 0.6981680557 0.0899506576 0.3024139197 1.0869292487 0.6981680557 0.0628006757 0.7588592803 0.0080766422
0.4840000000 0.6981565082 0.0899506596 0.3024139310 1.0869472004 0.6981565082 0.0627996384 0.7588592620 0.0100868366
0.4860000000 0.6981425156 0.0899506642 0.3024139414 1.0869689422 0.6981425156 0.0627983830 0.7588592316 0.0086442487
0.4880000000 0.6981260204 0.0899506654 0.3024139537 1.0869945735 0.6981260204 0.0627969001 0.7588591958 0.0114647269
0.4900000000 0.6981055476 0.0899506653 0.3024139667 1.0870263786 0.6981055476 0.0627950585 0.7588591453 0.0131015517
0.4920000000 0.6980793685 0.0899506653 0.3024139793 1.0870670375 0.6980793685 0.0627927036 0.7588590711 0.0068182190
0.4940000000 0.6980495628 0.0899506645 0.3024139921 1.0871133265 0.6980495628 0.0627900221 0.7588589823 0.0163656964
0.4960000000 0.6980088427 0.0899506638 0.3024140049 1.0871765557 0.6980088427 0.0627863587 0.7588588495 0.0347964708
0.4980000000 0.6979291305 0.0899506645 0.3024140173 1.0873003073 0.6979291305 0.0627791890 0.7588585581 0.0461739619
0.5000000000 0.6977316711 0.0899506672 0.3024140293 1.0876069138 0.6977316711 0.0627614293 0.7588577894 0.0498651152
0.5020000000 0.6972023366 0.0899506718 0.3024140411 1.0884296251 0.6972023366 0.0627138185 0.7588556778 0.0494523873
0.5040000000 0.6957993707 0.0899506775 0.3024140530 1.0906161519 0.6957993707 0.0625876248 0.7588500322 0.0471073683
0.5060000000 0.6922754687 0.0899506839 0.3024140652 1.0961471858 0.6922754687 0.0622706519 0.7588358068 0.0436966319
0.5080000000 0.6840667625 0.0899506907 0.3024140772 1.1092522985 0.6840667625 0.0615322778 0.7588026286 0.0394074684
0.5100000000 0.6666186330 0.0899506983 0.3024140888 1.1381801119 0.6666186330 0.0599628116 0.7587320704 0.0338328616
0.5120000000 0.6335677075 0.0899507068 0.3024140994 1.1973438335 0.6335677075 0.0569898631 0.7585983877 0.0241349685
0.5140000000 0.5816430347 0.0899507155 0.3024141090 1.3038724823 0.5816430347 0.0523192071 0.7583883475 0.0074197684
0.5160000000 0.5217077376 0.0899507234 0.3024141178 1.4532004092 0.5217077376 0.0469279884 0.7581458977 0.0060396670
0.5180000000 0.4679109388 0.0899507305 0.3024141261 1.6198131254 0.4679109388 0.0420889307 0.7579282802 0.0133963431
0.5200000000 0.4257850129 0.0899507370 0.3024141338 1.7796724961 0.4257850129 0.0382996757 0.7577578766 0.0185225719
0.5220000000 0.3958201284 0.0899507438 0.3024141412 1.9140933368 0.3958201284 0.0356043149 0.7576366703 0.0225899447
0.5240000000 0.3760913585 0.0899507514 0.3024141481 2.0142894977 0.3760913585 0.0338297003 0.7575568737 0.0260232469
0.5260000000 0.3639340435 0.0899507604 0.3024141546 2.0814422848 0.3639340435 0.0327361440 0.7575077070 0.0290295210
0.5280000000 0.3568703486 0.0899507711 0.3024141607 2.1225611738 0.3568703486 0.0321007630 0.7574791460 0.0317305745
0.5300000000 0.3529804946 0.0899507832 0.3024141666 2.1459073123 0.3529804946 0.0317508719 0.7574634244 0.0342112258
0.5320000000 0.3509429169 0.0899507964 0.3024141724 2.1583430226 0.3509429169 0.0315675949 0.7574551961 0.0365447671
0.5340000000 0.3499254232 0.0899508099 0.3024141781 2.1646072115 0.3499254232 0.0314760752 0.7574510946 0.0388159786
0.5360000000 0.3494408335 0.0899508232 0.3024141841 2.1676034302 0.3494408335 0.0314324906 0.7574491493 0.0411578494
0.5380000000 0.3492212886 0.0899508356 0.3024141902 2.1689636388 0.3492212886 0.0314127467 0.7574482768 0.0438331429
0.5400000000 0.3491275118 0.0899508470 0.3024141964 2.1695451888 0.3491275118 0.0314043154 0.7574479135 0.0474510933
0.5420000000 0.3490906767 0.0899508575 0.3024142028 2.1697737333 0.3490906767 0.0314010057 0.7574477807 0.0537447876
0.5440000000 0.3490783402 0.0899508674 0.3024142091 2.1698503163 0.3490783402 0.0313998995 0.7574477469 0.0676494941
0.5460000000 0.3490757327 0.0899508772 0.3024142153 2.1698665393 0.3490757327 0.0313996684 0.7574477521 0.0888687896
0.5480000000 0.3490775492 0.0899508875 0.3024142213 2.1698553132 0.3490775492 0.0313998354 0.7574477748 0.0347177210
0.5500000000 0.3490818771 0.0899508987 0.3024142271 2.1698285036 0.3490818771 0.0314002286 0.7574478071 0.0011530200
0.5520000000 0.3490863748 0.0899509110 0.3024142328 2.1698006416 0.3490863748 0.0314006374 0.7574478400 0.0052060834
0.5540000000 0.3490904237 0.0899509244 0.3024142386 2.1697755650 0.3490904237 0.0314010063 0.7574478712 0.0061798593
0.5560000000 0.3490939859 0.0899509386 0.3024142446 2.1697535093 0.3490939859 0.0314013317 0.7574479010 0.0060597342
0.5580000000 0.3490971204 0.0899509533 0.3024142509 2.1697341099 0.3490971204 0.0314016188 0.7574479299 0.0056395671
0.5600000000 0.3490998972 0.0899509683 0.3024142575 2.1697169327 0.3490998972 0.0314018738 0.7574479582 0.0051894788
0.5620000000 0.3491023759 0.0899509832 0.3024142644 2.1697016065 0.3491023759 0.0314021019 0.7574479859 0.0048787519
0.5640000000 0.3491045994 0.0899509977 0.3024142714 2.1696878649 0.3491045994 0.0314023070 0.7574480128 0.0047108950
0.5660000000 0.3491065972 0.0899510117 0.3024142783 2.1696755225 0.3491065972 0.0314024916 0.7574480387 0.0045109691
0.5680000000 0.3491083965 0.0899510254 0.3024142850 2.1696644101 0.3491083965 0.0314026582 0.7574480630 0.0041578537
0.5700000000 0.3491100266 0.0899510387 0.3024142912 2.1696543438 0.3491100266 0.0314028095 0.7574480857 0.0037428270
0.5720000000 0.3491115152 0.0899510518 0.3024142970 2.1696451529 0.3491115152 0.0314029480 0.7574481067 0.0034539991
0.5740000000 0.3491128815 0.0899510648 0.3024143026 2.1696367179 0.3491128815 0.0314030754 0.7574481265 0.0033859702
0.5760000000 0.3491141355 0.0899510778 0.3024143080 2.1696289796 0.3491141355 0.0314031928 0.7574481455 0.0034174465
0.5780000000 0.3491152829 0.0899510910 0.3024143136 2.1696219034 0.3491152829 0.0314033006 0.7574481645 0.0033679816
0.5800000000 0.3491163315 0.0899511046 0.3024143195 2.1696154423 0.3491163315 0.0314033997 0.7574481840 0.0031062406
0.5820000000 0.3491172942 0.0899511189 0.3024143258 2.1696095172 0.3491172942 0.0314034912 0.7574482042 0.0027114902
0.5840000000 0.3491181859 0.0899511339 0.3024143326 2.1696040360 0.3491181859 0.0314035767 0.7574482251 0.0024721978
0.5860000000 0.3491190158 0.0899511494 0.3024143395 2.1695989391 0.3491190158 0.0314036567 0.7574482462 0.0025037087
0.5880000000 0.3491197860 0.0899511650 0.3024143463 2.1695942115 0.3491197860 0.0314037315 0.7574482669 0.0025886428
0.5900000000 0.3491204975 0.0899511799 0.3024143528 2.1695898460 0.3491204975 0.0314038007 0.7574482864 0.0024839190
0.5920000000 0.3491211550 0.0899511936 0.3024143586 2.1695858106 0.3491211550 0.0314038646 0.7574483040 0.0021714855
0.5940000000 0.3491217671 0.0899512056 0.3024143636 2.1695820506 0.3491217671 0.0314039238 0.7574483194 0.0018402707
0.5960000000 0.3491223423 0.0899512161 0.3024143681 2.1695785162 0.3491223423 0.0314039793 0.7574483333 0.0016711707
0.5980000000 0.3491228849 0.0899512263 0.3024143725 2.1695751829 0.3491228849 0.0314040316 0.7574483468 0.0017124597
0.6000000000 0.3491233952 0.0899512371 0.3024143772 2.1695720523 0.3491233952 0.0314040813 0.7574483611 0.0018213592
0.6020000000 0.3491238724 0.0899512489 0.3024143824 2.1695691302 0.3491238724 0.0314041284 0.7574483763 0.0018304658
0.6040000000 0.3491243175 0.0899512608 0.3024143875 2.1695664077 0.3491243175 0.0314041725 0.7574483913 0.0016734493
0.6060000000 0.3491247339 0.0899512715 0.3024143921 2.1695638586 0.3491247339 0.0314042137 0.7574484048 0.0014623620
0.6080000000 0.3491251261 0.0899512807 0.3024143961 2.1695614550 0.3491251261 0.0314042522 0.7574484166 0.0013583632
0.6100000000 0.3491254964 0.0899512880 0.3024143992 2.1695591813 0.3491254964 0.0314042881 0.7574484262 0.0013385711
0.6120000000 0.3491258458 0.0899512913 0.3024144008 2.1695570261 0.3491258458 0.0314043207 0.7574484317 0.0012982471
0.6140000000 0.3491261750 0.0899512882 0.3024144000 2.1695549774 0.3491261750 0.0314043492 0.7574484308 0.0011083505
0.6160000000 0.3491264868 0.0899512828 0.3024143983 2.1695530309 0.3491264868 0.0314043754 0.7574484277 0.0007369704
0.6180000000 0.3491267865 0.0899512913 0.3024144021 2.1695511997 0.3491267865 0.0314044053 0.7574484385 0.0004349941
0.6200000000 0.3491270794 0.0899513328 0.3024144186 2.1695495051 0.3491270794 0.0314044461 0.7574484824 0.0007050846
0.6220000000 0.3491273643 0.0899514029 0.3024144462 2.1695479417 0.3491273643 0.0314044962 0.7574485547 0.0018451902
0.6240000000 0.3491276277 0.0899514508 0.3024144651 2.1695464474 0.3491276277 0.0314045366 0.7574486045 0.0034449700
0.6260000000 0.3491278486 0.0899513974 0.3024144447 2.1695449270 0.3491278486 0.0314045378 0.7574485529 0.0040288614
0.6280000000 0.3491280167 0.0899512043 0.3024143705 2.1695433353 0.3491280167 0.0314044856 0.7574483619 0.0014823865
0.6300000000 0.3491281565 0.0899509531 0.3024142737 2.1695417529 0.3491281565 0.0314044104 0.7574481126 0.0038417733
0.6320000000 0.3491283295 0.0899508448 0.3024142320 2.1695403711 0.3491283295 0.0314043882 0.7574480055 0.0072919822
0.6340000000 0.3491285959 0.0899510696 0.3024143185 2.1695393588 0.3491285959 0.0314044906 0.7574482301 0.0050497596
0.6360000000 0.3491289530 0.0899516121 0.3024145276 2.1695386897 0.3491289530 0.0314047121 0.7574487712 0.0026620319
0.6380000000 0.3491292981 0.0899521385 0.3024147306 2.1695380502 0.3491292981 0.0314049270 0.7574492968 0.0145402169
0.6400000000 0.3491294763 0.0899521556 0.3024147380 2.1695369992 0.3491294763 0.0314049490 0.7574493164 0.0230072892
0.6420000000 0.3491293901 0.0899513608 0.3024144331 2.1695352793 0.3491293901 0.0314046637 0.7574485289 0.0111761047
0.6440000000 0.3491291145 0.0899499957 0.3024139088 2.1695331117 0.3491291145 0.0314041624 0.7574471741 0.0121912075
0.6460000000 0.3491289329 0.0899489527 0.3024135080 2.1695312741 0.3491289329 0.0314037819 0.7574461386 0.0344091501
0.6480000000 0.3491291595 0.0899492172 0.3024136095 2.1695306195 0.3491291595 0.0314038946 0.7574464017 0.0250853536
0.6500000000 0.3491299118 0.0899511566 0.3024143548 2.1695314642 0.3491299118 0.0314046394 0.7574483287 0.0032054641
0.6520000000 0.3491308604 0.0899537318 0.3024153444 2.1695328984 0.3491308604 0.0314056238 0.7574508875 0.0282786272
0.6540000000 0.3491313464 0.0899548651 0.3024157798 2.1695331039 0.3491313464 0.0314060632 0.7574520136 0.0573538440
0.6560000000 0.3491308201 0.0899528219 0.3024149943 2.1695305598 0.3491308201 0.0314053025 0.7574499835 0.0294167747
0.6580000000 0.3491292287 0.0899474331 0.3024129230 2.1695251134 0.3491292287 0.0314032779 0.7574446295 0.0046377307
0.6600000000 0.3491275712 0.0899418477 0.3024107764 2.1695195205 0.3491275712 0.0314011788 0.7574390809 0.0681254096
0.6620000000 0.3491272814 0.0899405893 0.3024102934 2.1695177464 0.3491272814 0.0314007134 0.7574378328 0.0750364355
0.6640000000 0.3491295466 0.0899474042 0.3024129142 2.1695230759 0.3491295466 0.0314032965 0.7574446079 0.0242805808
0.6660000000 0.3491341780 0.0899616974 0.3024184098 2.1695349873 0.3491341780 0.0314087033 0.7574588146 0.0122286844
0.6680000000 0.3491383097 0.0899744257 0.3024233035 2.1695455475 0.3491383097 0.0314135189 0.7574714653 0.0903253172
0.6700000000 0.3491384764 0.0899746572 0.3024233922 2.1695451698 0.3491384764 0.0314136147 0.7574716951 0.0779517416
0.6720000000 0.3491313951 0.0899520394 0.3024146959 2.1695247861 0.3491313951 0.0314050810 0.7574492152 0.0251013703
0.6740000000 0.3491175516 0.0899081048 0.3023978044 2.1694857440 0.3491175516 0.0313884974 0.7574055512 0.0098776448
0.6760000000 0.3491046905 0.0898672755 0.3023821078 2.1694494432 0.3491046905 0.0313730874 0.7573649764 0.1008515604
0.6780000000 0.3491019511 0.0898583793 0.3023786879 2.1694411449 0.3491019511 0.0313697355 0.7573561365 0.1019087703
0.6800000000 0.3491185937 0.0899106278 0.3023987746 2.1694864544 0.3491185937 0.0313894719 0.7574080601 0.0335867095
0.6820000000 0.3491575709 0.0900333279 0.3024459503 2.1695935429 0.3491575709 0.0314358181 0.7575300113 0.0004739364
0.6840000000 0.3492019222 0.0901729733 0.3024996488 2.1697155228 0.3492019222 0.0314885756 0.7576688312 0.0451443619
0.6860000000 0.3492251785 0.0902460893 0.3025277681 2.1697791971 0.3492251785 0.0315162066 0.7577415274 0.1071084322
0.6880000000 0.3492026192 0.0901747296 0.3025003254 2.1697162032 0.3492026192 0.0314892518 0.7576705810 0.0527097699
0.6900000000 0.3491107727 0.0898848461 0.3023888649 2.1694616849 0.3491107727 0.0313797681 0.7573824451 0.0168821277
0.6920000000 0.3489684957 0.0894357957 0.3022162733 2.1690678399 0.3489684957 0.0312102751 0.7569363411 0.0110048628
0.6940000000 0.3488400736 0.0890303191 0.3020605028 2.1687123612 0.3488400736 0.0310573431 0.7565337797 0.0700368987
0.6960000000 0.3487930120 0.0888815692 0.3020033772 2.1685817598 0.3487930120 0.0310012702 0.7563861638 0.1084508344
0.6980000000 0.3488931379 0.0891974204 0.3021246937 2.1688579692 0.3488931379 0.0311203679 0.7566996626 0.0450174900
0.7000000000 0.3491999799 0.0901653227 0.3024967095 2.1697058357 0.3491999799 0.0314857289 0.7576612342 0.0158347638
0.7020000000 0.3496560243 0.0916026427 0.3030498686 2.1709669169 0.3496560243 0.0320294159 0.7590916610 0.0070088611
0.7040000000 0.3500932689 0.0929791523 0.3035804463 2.1721766250 0.3500932689 0.0325513754 0.7604644153 0.0409654352
0.7060000000 0.3503302832 0.0937245372 0.3038681036 2.1728323147 0.3503302832 0.0328345437 0.7612089602 0.1088243876
0.7080000000 0.3502120948 0.0933525721 0.3037245566 2.1725046048 0.3502120948 0.0326931998 0.7608373886 0.0612724721
0.7100000000 0.3495327556 0.0912138213 0.3029001866 2.1706249379 0.3495327556 0.0318822183 0.7587045159 0.0262218158
0.7120000000 0.3482929934 0.0873020653 0.3013973363 2.1672001415 0.3482929934 0.0304066977 0.7548206246 0.0074740027
0.7140000000 0.3467745702 0.0824951478 0.2995593410 2.1630142329 0.3467745702 0.0286072194 0.7500783309 0.0059843992
0.7160000000 0.3453476105 0.0779614267 0.2978346821 2.1590889619 0.3453476105 0.0269237924 0.7456362138 0.0177409826
0.7180000000 0.3442695085 0.0745255921 0.2965333884 2.1561291373 0.3442695085 0.0256568890 0.7422895184 0.0322069828
0.7200000000 0.3436399888 0.0725152091 0.2957742500 2.1544033207 0.3436399888 0.0249191256 0.7403391329 0.0726512288
0.7220000000 0.3434448565 0.0718913150 0.2955390129 2.1538684941 0.3434448565 0.0246907024 0.7397350558 0.1088522700
0.7240000000 0.3436847336 0.0726577030 0.2958280483 2.1545248558 0.3436847336 0.0249713433 0.7404773010 0.0445252162
0.7260000000 0.3444244497 0.0750187772 0.2967199795 2.1565516856 0.3444244497 0.0258383011 0.7427691276 0.0222040550
0.7280000000 0.3456205637 0.0788280236 0.2981638241 2.1598349671 0.3456205637 0.0272445860 0.7464833788 0.0126831757
0.7300000000 0.3471781023 0.0837723355 0.3000468789 2.1641209696 0.3471781023 0.0290839205 0.7513354113 0.0078212978
0.7320000000 0.3490053640 0.0895500858 0.3022602646 2.1691644728 0.3490053640 0.0312534603 0.7570500365 0.0050891772
0.7340000000 0.3510300570 0.0959237274 0.3047181566 2.1747720844 0.3510300570 0.0336721115 0.7634103687 0.0034638230
0.7360000000 0.3531996139 0.1027206916 0.3073581590 2.1808030560 0.3531996139 0.0362809086 0.7702587974 0.0024572988
0.7380000000 0.3554771242 0.1098199138 0.3101364740 2.1871584204 0.3554771242 0.0390384671 0.7774847855 0.0018135034
0.7400000000 0.3578369773 0.1171374477 0.3130227321 2.1937693784 0.3578369773 0.0419161102 0.7850118033 0.0013898739
0.7420000000 0.3602613868 0.1246150104 0.3159958670 2.2005880403 0.3602613868 0.0448939765 0.7927868993 0.0011037814
0.7440000000 0.3627378985 0.1322117817 0.3190411566 2.2075807797 0.3627378985 0.0479582238 0.8007732127 0.0009058160
0.7460000000 0.3652576833 0.1398987975 0.3221481947 2.2147236754 0.3652576833 0.0510991107 0.8089448388 0.0007656241
0.7480000000 0.3678143899 0.1476551877 0.3253095267 2.2219994480 0.3678143899 0.0543097028 0.8172833713 0.0006641356
0.7500000000 0.3704033767 0.1554656621 0.3285197361 2.2293954045 0.3704033767 0.0575850062 0.8257755857 0.0005891047
0.7520000000 0.3730211962 0.1633188255 0.3317748303 2.2369020547 0.3730211962 0.0609213837 0.8344118802 0.0005324896
0.7540000000 0.3756652457 0.1712060372 0.3350718243 2.2445121762 0.3756652457 0.0643161580 0.8431852181 0.0004889219
0.7560000000 0.3783335277 0.1791206316 0.3384084553 2.2522201719 0.3783335277 0.0677673405 0.8520904028 0.0004547486
0.7580000000 0.3810244844 0.1870573783 0.3417829846 2.2600216215 0.3810244844 0.0712734411 0.8611235731 0.0004274265
0.7600000000 0.3837368806 0.1950121023 0.3451940581 2.2679129690 0.3837368806 0.0748333358 0.8702818482 0.0004051657
0.7620000000 0.3864697201 0.2029814140 0.3486406062 2.2758912974 0.3864697201 0.0784461703 0.8795630727 0.0003866840
0.7640000000 0.3892221857 0.2109625135 0.3521217719 2.2839541646 0.3892221857 0.0821112906 0.8889656320 0.0003710376
0.7660000000 0.3919935943 0.2189530467 0.3556368572 2.2920994834 0.3919935943 0.0858281918 0.8984883150 0.0003575268
0.7680000000 0.3947833635 0.2269509986 0.3591852823 2.3003254315 0.3947833635 0.0895964786 0.9081302110 0.0003456242
0.7700000000 0.3975909862 0.2349546109 0.3627665556 2.3086303802 0.3975909862 0.0934158355 0.9178906295 0.0003349156
0.7720000000 0.4004160104 0.2429623198 0.3663802485 2.3170128404 0.4004160104 0.0972860028 0.9277690377 0.0003250725
0.7740000000 0.4032580235 0.2509727053 0.3700259766 2.3254714197 0.4032580235 0.1012067571 0.9377650084 0.0003158323
0.7760000000 0.4061166387 0.2589844507 0.3737033829 2.3340047828 0.4061166387 0.1051778946 0.9478781770 0.0003069651
0.7780000000 0.4089914837 0.2669963086 0.3774121236 2.3426116213 0.4089914837 0.1091992164 0.9581082028 0.0002982690
0.7800000000 0.4118821909 0.2750070712 0.3811518551 2.3512906249 0.4118821909 0.1132705150 0.9684547339 0.0002895662
0.7820000000 0.4147883874 0.2830155432 0.3849222219 2.3600404515 0.4147883874 0.1173915607 0.9789173730 0.0002806734
0.7840000000 0.4177096861 0.2910205165 0.3887228446 2.3688597017 0.4177096861 0.1215620886 0.9894956423 0.0002714078
0.7860000000 0.4206456757 0.2990207446 0.3925533063 2.3777468896 0.4206456757 0.1257817832 1.0001889470 0.0002615818
0.7880000000 0.4235959109 0.3070149159 0.3964131395 2.3867004094 0.4235959109 0.1300502630 1.0109965340 0.0002509710
0.7900000000 0.4265599003 0.3150016247 0.4003018094 2.3957185012 0.4265599003 0.1343670616 1.0219174449 0.0002393257
0.7920000000 0.4295370927 0.3229793378 0.4042186958 2.4047992086 0.4295370927 0.1387316058 1.0329504607 0.0002263491
0.7940000000 0.4325268619 0.3309463552 0.4081630705 2.4139403267 0.4325268619 0.1431431885 1.0440940344 0.0002116630
0.7960000000 0.4355284859 0.3389007629 0.4121340693 2.4231393409 0.4355284859 0.1476009361 1.0553462082 0.0001948003
0.7980000000 0.4385411223 0.3468403735 0.4161306579 2.4323933475 0.4385411223 0.1521037667 1.0667045085 0.0001751594
0.8000000000 0.4415637769 0.3547626509 0.4201515869 2.4416989524 0.4415637769 0.1566503360 1.0781658114 0.0001519420
0.8020000000 0.4445952619 0.3626646125 0.4241953336 2.4510521401 0.4445952619 0.1612389684 1.0897261681 0.0001240901
0.8040000000 0.4476341416 0.3705427007 0.4282600264 2.4604481006 0.4476341416 0.1658675637 1.1013805734 0.0000901724
0.8060000000 0.4506786595 0.3783926108 0.4323433411 2.4698809952 0.4506786595 0.1705334746 1.1131226560 0.0000482241
0.8080000000 0.4537266395 0.3862090597 0.4364423633 2.4793436441 0.4537266395 0.1752333388 1.1249442597 0.0000044406
0.8100000000 0.4567753524 0.3939854714 0.4405534004 2.4888270998 0.4567753524 0.1799628525 1.1368348756 0.0000714852
0.8120000000 0.4598213367 0.4017135530 0.4446717269 2.4983200625 0.4598213367 0.1847164629 1.1487808706 0.0001578632
0.8140000000 0.4628601618 0.4093827515 0.4487912541 2.5078081439 0.4628601618 0.1894869666 1.1607644833 0.0002704512
0.8160000000 0.4658861101 0.4169795109 0.4529040789 2.5172728405 0.4658861101 0.1942649623 1.1727624517 0.0004185054
0.8180000000 0.4688917615 0.4244863123 0.4569998955 2.5266902039 0.4688917615 0.1990381347 1.1847442206 0.0006141523
0.8200000000 0.4718674798 0.4318804950 0.4610652649 2.5360291913 0.4718674798 0.2037903608 1.1966697033 0.0008728423
0.8220000000 0.4748008136 0.4391328992 0.4650827594 2.5452497408 0.4748008136 0.2085006578 1.2084866478 0.0012135495
0.8240000000 0.4776758653 0.4462064585 0.4690300532 2.5543007352 0.4776758653 0.2131420562 1.2201278140 0.0016585202
0.8260000000 0.4804727379 0.4530550081 0.4728791133 2.5631182058 0.4804727379 0.2176805801 1.2315084218 0.0022323690
0.8280000000 0.4831672436 0.4596227373 0.4765957509 2.5716243662 0.4831672436 0.2220746511 1.2425246567 0.0029603750
0.8300000000 0.4857311326 0.4658448770 0.4801398963 2.5797283008 0.4857311326 0.2262753597 1.2530543493 0.0038659730
0.8320000000 0.4881331277 0.4716502658 0.4834670140 2.5873292352 0.4881331277 0.2302281194 1.2629611119 0.0049676338
0.8340000000 0.4903409931 0.4769662773 0.4865309861 2.5943231217 0.4903409931 0.2338761181 1.2721029760 0.0062755612
0.8360000000 0.4923246549 0.4817261047 0.4892885068 2.6006126119 0.4923246549 0.2371656383 1.2803457067 0.0077888353
0.8380000000 0.4940600423 0.4858775966 0.4917045313 2.6061193659 0.4940600423 0.2400527059 1.2875794441 0.0094937233
0.8400000000 0.4955329195 0.4893919426 0.4937577472 2.6107963621 0.4955329195 0.2425098181 1.2937355435 0.0113637743
0.8420000000 0.4967417144 0.4922699443 0.4954446567 2.6146370215 0.4967417144 0.2445310161 1.2987992766 0.0133619715
0.8440000000 0.4976984299 0.4945438204 0.4967809553 2.6176782082 0.4976984299 0.2461336829 1.3028143342 0.0154446687
0.8460000000 0.4984272125 0.4962736314 0.4977995873 2.6199957301 0.4984272125 0.2473562827 1.3058771685 0.0175664763
0.8480000000 0.4989608856 0.4975390735 0.4985458987 2.6216933090 0.4989608856 0.2482525367 1.3081224152 0.0196849139
0.8500000000 0.4993363890 0.4984288302 0.4990712172 2.6228880282 0.4993363890 0.2488836522 1.3097034367 0.0217636888
0.8520000000 0.4995903047 0.4990301906 0.4994265321 2.6236960311 0.4995903047 0.2493106450 1.3107730997 0.0237738076
0.8540000000 0.4997554209 0.4994211170 0.4996576275 2.6242215198 0.4997554209 0.2495884106 1.3114689302 0.0256921078
0.8560000000 0.4998587772 0.4996657720 0.4998023011 2.6245504814 0.4998587772 0.2497623218 1.3119045944 0.0274968255
0.8580000000 0.4999211240 0.4998133349 0.4998895777 2.6247489285 0.4999211240 0.2498672441 1.3121674345 0.0291590928
0.8600000000 0.4999574051 0.4998991991 0.4999403684 2.6248644137 0.4999574051 0.2499283064 1.3123204011 0.0306272967
0.8620000000 0.4999777887 0.4999474378 0.4999689046 2.6249292975 0.4999777887 0.2499626144 1.3124063457 0.0317972775
0.8640000000 0.4999888473 0.4999736076 0.4999843863 2.6249644987 0.4999888473 0.2499812278 1.3124529738 0.0324550921
0.8660000000 0.4999946349 0.4999873037 0.4999924888 2.6249829216 0.4999946349 0.2499909694 1.3124773774 0.0321770016
0.8680000000 0.4999975475 0.4999941963 0.4999965665 2.6249921931 0.4999975475 0.2499958719 1.3124896587 0.0302167105
0.8700000000 0.4999989470 0.4999975081 0.4999985258 2.6249966480 0.4999989470 0.2499982275 1.3124955599 0.0256430156
0.8720000000 0.4999995809 0.4999990083 0.4999994133 2.6249986660 0.4999995809 0.2499992946 1.3124982330 0.0183541048
0.8740000000 0.4999998470 0.4999996378 0.4999997857 2.6249995128 0.4999998470 0.2499997424 1.3124993547 0.0104236330
0.8760000000 0.4999999488 0.4999998787 0.4999999283 2.6249998369 0.4999999488 0.2499999138 1.3124997840 0.0046623473
0.8780000000 0.4999999842 0.4999999625 0.4999999778 2.6249999496 0.4999999842 0.2499999733 1.3124999332 0.0017216726
0.8800000000 0.4999999954 0.4999999892 0.4999999936 2.6249999854 0.4999999954 0.2499999923 1.3124999807 0.0005570455
0.8820000000 0.4999999988 0.4999999971 0.4999999983 2.6249999961 0.4999999988 0.2499999979 1.3124999948 0.0001645585
0.8840000000 0.4999999997 0.4999999992 0.4999999996 2.6249999990 0.4999999997 0.2499999995 1.3124999987 0.0000452764
0.8860000000 0.4999999999 0.4999999998 0.4999999999 2.6249999998 0.4999999999 0.2499999999 1.3124999997 0.0000116847
0.8880000000 0.5000000000 0.5000000000 0.5000000000 2.6249999999 0.5000000000 0.2500000000 1.3124999999 0.0000028325
0.8900000000 0.5000000000 0.5000000000 0.5000000000 2.6250000000 0.5000000000 0.2500000000 1.3125000000 0.0000006445
0.8920000000 0.5000000000 0.5000000000 0.5000000000 2.6250000000 0.5000000000 0.2500000000 1.3125000000 0.0000001374
0.8940000000 0.5000000000 0.5000000000 0.5000000000 2.6250000000 0.5000000000 0.2500000000 1.3125000000 0.0000000274
0.8960000000 0.5000000000 0.5000000000 0.5000000000 2.6250000000 0.5000000000 0.2500000000 1.3125000000 0.0000000051
0.8980000000 0.5000000000 0.5000000000 0.5000000000 2.6250000000 0.5000000000 0.2500000000 1.3125000000 0.0000000009
0.9000000000 0.5000000000 0.5000000000 0.5000000000 2.6250000000 0.5000000000 0.2500000000 1.3125000000 0.0000000002
0.9020000000 0.5000000000 0.5000000000 0.5000000000 2.6250000000 0.5000000000 0.2500000000 1.3125000000 0.0000000000
0.9040000000 0.5000000000 0.5000000000 0.5000000000 2.6250000000 0.5000000000 0.2500000000 1.3125000000 0.0000000000
0.9060000000 0.5000000000 0.5000000000 0.5000000000 2.6250000000 0.5000000000 0.2500000000 1.3125000000 0.0000000000
0.9080000000 0.5000000000 0.5000000000 0.5000000000 2.6250000000 0.5000000000 0.2500000000 1.3125000000 0.0000000000
0.9100000000 0.5000000000 0.5000000000 0.5000000000 2.6250000000 0.5000000000 0.2500000000 1.3125000000 0.0000000000
0.9120000000 0.5000000000 0.5000000000 0.5000000000 2.6250000000 0.5000000000 0.2500000000 1.3125000000 0.0000000000
0.9140000000 0.5000000000 0.5000000000 0.5000000000 2.6250000000 0.5000000000 0.2500000000 1.3125000000 0.0000000000
0.9160000000 0.5000000000 0.5000000000 0.5000000000 2.6250000000 0.5000000000 0.2500000000 1.3125000000 0.0000000000
0.9180000000 0.5000000000 0.5000000000 0.5000000000 2.6250000000 0.5000000000 0.2500000000 1.3125000000 0.0000000000
0.9200000000 0.5000000000 0.5000000000 0.5000000000 2.6250000000 0.5000000000 0.2500000000 1.3125000000 0.0000000000
0.9220000000 0.5000000000 0.5000000000 0.5000000000 2.6250000000 0.5000000000 0.2500000000 1.3125000000 0.0000000000
0.9240000000 0.5000000000 0.5000000000 0.5000000000 2.6250000000 0.5000000000 0.2500000000 1.3125000000 0.0000000000
0.9260000000 0.5000000000 0.5000000000 0.5000000000 2.6250000000 0.5000000000 0.2500000000 1.3125000000 0.0000000000
0.9280000000 0.5000000000 0.5000000000 0.5000000000 2.6250000000 0.5000000000 0.2500000000 1.3125000000 0.0000000000
0.9300000000 0.5000000000 0.5000000000 0.5000000000 2.6250000000 0.5000000000 0.2500000000 1.3125000000 0.0000000000
0.9320000000 0.5000000000 0.5000000000 0.5000000000 2.6250000000 0.5000000000 0.2500000000 1.3125000000 0.0000000000
0.9340000000 0.5000000000 0.5000000000 0.5000000000 2.6250000000 0.5000000000 0.2500000000 1.3125000000 0.0000000000
0.9360000000 0.5000000000 0.5000000000 0.5000000000 2.6250000000 0.5000000000 0.2500000000 1.3125000000 0.0000000000
0.9380000000 0.5000000000 0.5000000000 0.5000000000 2.6250000000 0.5000000000 0.2500000000 1.3125000000 0.0000000000
0.9400000000 0.5000000000 0.5000000000 0.5000000000 2.6250000000 0.5000000000 0.2500000000 1.3125000000 0.0000000000
0.9420000000 0.5000000000 0.5000000000 0.5000000000 2.6250000000 0.5000000000 0.2500000000 1.3125000000 0.0000000000
0.9440000000 0.5000000000 0.5000000000 0.5000000000 2.6250000000 0.5000000000 0.2500000000 1.3125000000 0.0000000000
0.9460000000 0.5000000000 0.5000000000 0.5000000000 2.6250000000 0.5000000000 0.2500000000 1.3125000000 0.0000000000
0.9480000000 0.5000000000 0.5000000000 0.5000000000 2.6250000000 0.5000000000 0.2500000000 1.3125000000 0.0000000000
0.9500000000 0.5000000000 0.5000000000 0.5000000000 2.6250000000 0.5000000000 0.2500000000 1.3125000000 0.0000000000
0.9520000000 0.5000000000 0.5000000000 0.5000000000 2.6250000000 0.5000000000 0.2500000000 1.3125000000 0.0000000000
0.9540000000 0.5000000000 0.5000000000 0.5000000000 2.6250000000 0.5000000000 0.2500000000 1.3125000000 0.0000000000
0.9560000000 0.5000000000 0.5000000000 0.5000000000 2.6250000000 0.5000000000 0.2500000000 1.3125000000 0.0000000000
0.9580000000 0.5000000000 0.5000000000 0.5000000000 2.6250000000 0.5000000000 0.2500000000 1.3125000000 0.0000000000
0.9600000000 0.5000000000 0.5000000000 0.5000000000 2.6250000000 0.5000000000 0.2500000000 1.3125000000 0.0000000000
0.9620000000 0.5000000000 0.5000000000 0.5000000000 2.6250000000 0.5000000000 0.2500000000 1.3125000000 0.0000000000
0.9640000000 0.5000000000 0.5000000000 0.5000000000 2.6250000000 0.5000000000 0.2500000000 1.3125000000 0.0000000000
0.9660000000 0.5000000000 0.5000000000 0.5000000000 2.6250000000 0.5000000000 0.2500000000 1.3125000000 0.0000000000
0.9680000000 0.5000000000 0.5000000000 0.5000000000 2.6250000000 0.5000000000 0.2500000000 1.3125000000 0.0000000000
0.9700000000 0.5000000000 0.5000000000 0.5000000000 2.6250000000 0.5000000000 0.2500000000 1.3125000000 0.0000000000
0.9720000000 0.5000000000 0.5000000000 0.5000000000 2.6250000000 0.5000000000 0.2500000000 1.3125000000 0.0000000000
0.9740000000 0.5000000000 0.5000000000 0.5000000000 2.6250000000 0.5000000000 0.2500000000 1.3125000000 0.0000000000
0.9760000000 0.5000000000 0.5000000000 0.5000000000 2.6250000000 0.5000000000 0.2500000000 1.3125000000 0.0000000000
0.9780000000 0.5000000000 0.5000000000 0.5000000000 2.6250000000 0.5000000000 0.2500000000 1.3125000000 0.0000000000
0.9800000000 0.5000000000 0.5000000000 0.5000000000 2.6250000000 0.5000000000 0.2500000000 1.3125000000 0.0000000000
0.9820000000 0.5000000000 0.5000000000 0.5000000000 2.6250000000 0.5000000000 0.2500000000 1.3125000000 0.0000000000
0.9840000000 0.5000000000 0.5000000000 0.5000000000 2.6250000000 0.5000000000 0.2500000000 1.3125000000 0.0000000000
0.9860000000 0.5000000000 0.5000000000 0.5000000000 2.6250000000 0.5000000000 0.2500000000 1.3125000000 0.0000000000
0.9880000000 0.5000000000 0.5000000000 0.5000000000 2.6250000000 0.5000000000 0.2500000000 1.3125000000 0.0000000000
0.9900000000 0.5000000000 0.5000000000 0.5000000000 2.6250000000 0.5000000000 0.2500000000 1.3125000000 0.0000000000
0.9920000000 0.5000000000 0.5000000000 0.5000000000 2.6250000000 0.5000000000 0.2500000000 1.3125000000 0.0000000000
0.9940000000 0.5000000000 0.5000000000 0.5000000000 2.6250000000 0.5000000000 0.2500000000 1.3125000000 0.0000000000
0.9960000000 0.5000000000 0.5000000000 0.5000000000 2.6250000000 0.5000000000 0.2500000000 1.3125000000 0.0000000000
0.9980000000 0.5000000000 0.5000000000 0.5000000000 2.6250000000 0.5000000000 0.2500000000 1.3125000000 0.0000000000
1.0000000000 0.5000000000 0.5000000000 0.5000000000 2.6250000000 0.5000000000 0.2500000000 1.3125000000 0.0000000000
