TITLE = "1D Euler Filtered MacCormack Result"
VARIABLES = "x", "rho", "u", "p", "E", "rho_conserved", "rhou", "rhoE", "nu"
ZONE T="t=0.20000000", I=501, F=POINT
0.0000000000 1.0000000000 -0.2000000000 0.5000000000 1.2700000000 1.0000000000 -0.2000000000 1.2700000000 0.0000000000
0.0020000000 1.0000000000 -0.2000000000 0.5000000000 1.2700000000 1.0000000000 -0.2000000000 1.2700000000 0.0000000000
0.0040000000 1.0000000000 -0.2000000000 0.5000000000 1.2700000000 1.0000000000 -0.2000000000 1.2700000000 0.0000000000
0.0060000000 1.0000000000 -0.2000000000 0.5000000000 1.2700000000 1.0000000000 -0.2000000000 1.2700000000 0.0000000000
0.0080000000 1.0000000000 -0.2000000000 0.5000000000 1.2700000000 1.0000000000 -0.2000000000 1.2700000000 0.0000000000
0.0100000000 1.0000000000 -0.2000000000 0.5000000000 1.2700000000 1.0000000000 -0.2000000000 1.2700000000 0.0000000000
0.0120000000 1.0000000000 -0.2000000000 0.5000000000 1.2700000000 1.0000000000 -0.2000000000 1.2700000000 0.0000000000
0.0140000000 1.0000000000 -0.2000000000 0.5000000000 1.2700000000 1.0000000000 -0.2000000000 1.2700000000 0.0000000000
0.0160000000 1.0000000000 -0.2000000000 0.5000000000 1.2700000000 1.0000000000 -0.2000000000 1.2700000000 0.0000000000
0.0180000000 1.0000000000 -0.2000000000 0.5000000000 1.2700000000 1.0000000000 -0.2000000000 1.2700000000 0.0000000000
0.0200000000 1.0000000000 -0.2000000000 0.5000000000 1.2700000000 1.0000000000 -0.2000000000 1.2700000000 0.0000000000
0.0220000000 1.0000000000 -0.2000000000 0.5000000000 1.2700000000 1.0000000000 -0.2000000000 1.2700000000 0.0000000000
0.0240000000 1.0000000000 -0.2000000000 0.5000000000 1.2700000000 1.0000000000 -0.2000000000 1.2700000000 0.0000000000
0.0260000000 1.0000000000 -0.2000000000 0.5000000000 1.2700000000 1.0000000000 -0.2000000000 1.2700000000 0.0000000000
0.0280000000 1.0000000000 -0.2000000000 0.5000000000 1.2700000000 1.0000000000 -0.2000000000 1.2700000000 0.0000000000
0.0300000000 1.0000000000 -0.2000000000 0.5000000000 1.2700000000 1.0000000000 -0.2000000000 1.2700000000 0.0000000000
0.0320000000 1.0000000000 -0.2000000000 0.5000000000 1.2700000000 1.0000000000 -0.2000000000 1.2700000000 0.0000000000
0.0340000000 1.0000000000 -0.2000000000 0.5000000000 1.2700000000 1.0000000000 -0.2000000000 1.2700000000 0.0000000000
0.0360000000 1.0000000000 -0.2000000000 0.5000000000 1.2700000000 1.0000000000 -0.2000000000 1.2700000000 0.0000000000
0.0380000000 1.0000000000 -0.2000000000 0.5000000000 1.2700000000 1.0000000000 -0.2000000000 1.2700000000 0.0000000000
0.0400000000 1.0000000000 -0.2000000000 0.5000000000 1.2700000000 1.0000000000 -0.2000000000 1.2700000000 0.0000000000
0.0420000000 1.0000000000 -0.2000000000 0.5000000000 1.2700000000 1.0000000000 -0.2000000000 1.2700000000 0.0000000000
0.0440000000 1.0000000000 -0.2000000000 0.5000000000 1.2700000000 1.0000000000 -0.2000000000 1.2700000000 0.0000000000
0.0460000000 1.0000000000 -0.2000000000 0.5000000000 1.2700000000 1.0000000000 -0.2000000000 1.2700000000 0.0000000000
0.0480000000 1.0000000000 -0.2000000000 0.5000000000 1.2700000000 1.0000000000 -0.2000000000 1.2700000000 0.0000000000
0.0500000000 1.0000000000 -0.2000000000 0.5000000000 1.2700000000 1.0000000000 -0.2000000000 1.2700000000 0.0000000000
0.0520000000 1.0000000000 -0.2000000000 0.5000000000 1.2700000000 1.0000000000 -0.2000000000 1.2700000000 0.0000000000
0.0540000000 1.0000000000 -0.2000000000 0.5000000000 1.2700000000 1.0000000000 -0.2000000000 1.2700000000 0.0000000000
0.0560000000 1.0000000000 -0.2000000000 0.5000000000 1.2700000000 1.0000000000 -0.2000000000 1.2700000000 0.0000000000
0.0580000000 1.0000000000 -0.2000000000 0.5000000000 1.2700000000 1.0000000000 -0.2000000000 1.2700000000 0.0000000000
0.0600000000 1.0000000000 -0.2000000000 0.5000000000 1.2700000000 1.0000000000 -0.2000000000 1.2700000000 0.0000000000
0.0620000000 1.0000000000 -0.2000000000 0.5000000000 1.2700000000 1.0000000000 -0.2000000000 1.2700000000 0.0000000000
0.0640000000 1.0000000000 -0.2000000000 0.5000000000 1.2700000000 1.0000000000 -0.2000000000 1.2700000000 0.0000000000
0.0660000000 1.0000000000 -0.2000000000 0.5000000000 1.2700000000 1.0000000000 -0.2000000000 1.2700000000 0.0000000000
0.0680000000 1.0000000000 -0.2000000000 0.5000000000 1.2700000000 1.0000000000 -0.2000000000 1.2700000000 0.0000000000
0.0700000000 1.0000000000 -0.2000000000 0.5000000000 1.2700000000 1.0000000000 -0.2000000000 1.2700000000 0.0000000000
0.0720000000 1.0000000000 -0.2000000000 0.5000000000 1.2700000000 1.0000000000 -0.2000000000 1.2700000000 0.0000000000
0.0740000000 1.0000000000 -0.2000000000 0.5000000000 1.2700000000 1.0000000000 -0.2000000000 1.2700000000 0.0000000000
0.0760000000 1.0000000000 -0.2000000000 0.5000000000 1.2700000000 1.0000000000 -0.2000000000 1.2700000000 0.0000000000
0.0780000000 1.0000000000 -0.2000000000 0.5000000000 1.2700000000 1.0000000000 -0.2000000000 1.2700000000 0.0000000000
0.0800000000 1.0000000000 -0.2000000000 0.5000000000 1.2700000000 1.0000000000 -0.2000000000 1.2700000000 0.0000000000
0.0820000000 1.0000000000 -0.2000000000 0.5000000000 1.2700000000 1.0000000000 -0.2000000000 1.2700000000 0.0000000000
0.0840000000 1.0000000000 -0.2000000000 0.5000000000 1.2700000000 1.0000000000 -0.2000000000 1.2700000000 0.0000000000
0.0860000000 1.0000000000 -0.2000000000 0.5000000000 1.2700000000 1.0000000000 -0.2000000000 1.2700000000 0.0000000000
0.0880000000 1.0000000000 -0.2000000000 0.5000000000 1.2700000000 1.0000000000 -0.2000000000 1.2700000000 0.0000000000
0.0900000000 1.0000000000 -0.2000000000 0.5000000000 1.2700000000 1.0000000000 -0.2000000000 1.2700000000 0.0000000000
0.0920000000 1.0000000000 -0.2000000000 0.5000000000 1.2700000000 1.0000000000 -0.2000000000 1.2700000000 0.0000000000
0.0940000000 1.0000000000 -0.2000000000 0.5000000000 1.2700000000 1.0000000000 -0.2000000000 1.2700000000 0.0000000000
0.0960000000 1.0000000000 -0.2000000000 0.5000000000 1.2700000000 1.0000000000 -0.2000000000 1.2700000000 0.0000000000
0.0980000000 1.0000000000 -0.2000000000 0.5000000000 1.2700000000 1.0000000000 -0.2000000000 1.2700000000 0.0000000000
0.1000000000 1.0000000000 -0.2000000000 0.5000000000 1.2700000000 1.0000000000 -0.2000000000 1.2700000000 0.0000000000
0.1020000000 1.0000000000 -0.2000000000 0.5000000000 1.2700000000 1.0000000000 -0.2000000000 1.2700000000 0.0000000000
0.1040000000 1.0000000000 -0.2000000000 0.5000000000 1.2700000000 1.0000000000 -0.2000000000 1.2700000000 0.0000000000
0.1060000000 1.0000000000 -0.2000000000 0.5000000000 1.2700000000 1.0000000000 -0.2000000000 1.2700000000 0.0000000000
0.1080000000 1.0000000000 -0.2000000000 0.5000000000 1.2700000000 1.0000000000 -0.2000000000 1.2700000000 0.0000000000
0.1100000000 1.0000000000 -0.2000000000 0.5000000000 1.2700000000 1.0000000000 -0.2000000000 1.2700000000 0.0000000000
0.1120000000 1.0000000000 -0.2000000000 0.5000000000 1.2700000000 1.0000000000 -0.2000000000 1.2700000000 0.0000000000
0.1140000000 1.0000000000 -0.2000000000 0.5000000000 1.2700000000 1.0000000000 -0.2000000000 1.2700000000 0.0000000000
0.1160000000 1.0000000000 -0.2000000000 0.5000000000 1.2700000000 1.0000000000 -0.2000000000 1.2700000000 0.0000000000
0.1180000000 1.0000000000 -0.2000000000 0.5000000000 1.2700000000 1.0000000000 -0.2000000000 1.2700000000 0.0000000000
0.1200000000 1.0000000000 -0.2000000000 0.5000000000 1.2700000000 1.0000000000 -0.2000000000 1.2700000000 0.0000000000
0.1220000000 1.0000000000 -0.2000000000 0.5000000000 1.2700000000 1.0000000000 -0.2000000000 1.2700000000 0.0000000000
0.1240000000 1.0000000000 -0.2000000000 0.5000000000 1.2700000000 1.0000000000 -0.2000000000 1.2700000000 0.0000000000
0.1260000000 1.0000000000 -0.2000000000 0.5000000000 1.2700000000 1.0000000000 -0.2000000000 1.2700000000 0.0000000000
0.1280000000 1.0000000000 -0.2000000000 0.5000000000 1.2700000000 1.0000000000 -0.2000000000 1.2700000000 0.0000000000
0.1300000000 1.0000000000 -0.2000000000 0.5000000000 1.2700000000 1.0000000000 -0.2000000000 1.2700000000 0.0000000000
0.1320000000 1.0000000000 -0.2000000000 0.5000000000 1.2700000000 1.0000000000 -0.2000000000 1.2700000000 0.0000000000
0.1340000000 1.0000000000 -0.2000000000 0.5000000000 1.2700000000 1.0000000000 -0.2000000000 1.2700000000 0.0000000000
0.1360000000 1.0000000000 -0.2000000000 0.5000000000 1.2700000000 1.0000000000 -0.2000000000 1.2700000000 0.0000000000
0.1380000000 1.0000000000 -0.2000000000 0.5000000000 1.2700000000 1.0000000000 -0.2000000000 1.2700000000 0.0000000000
0.1400000000 1.0000000000 -0.2000000000 0.5000000000 1.2700000000 1.0000000000 -0.2000000000 1.2700000000 0.0000000000
0.1420000000 1.0000000000 -0.2000000000 0.5000000000 1.2700000000 1.0000000000 -0.2000000000 1.2700000000 0.0000000000
0.1440000000 1.0000000000 -0.2000000000 0.5000000000 1.2700000000 1.0000000000 -0.2000000000 1.2700000000 0.0000000000
0.1460000000 1.0000000000 -0.2000000000 0.5000000000 1.2700000000 1.0000000000 -0.2000000000 1.2700000000 0.0000000000
0.1480000000 1.0000000000 -0.2000000000 0.5000000000 1.2700000000 1.0000000000 -0.2000000000 1.2700000000 0.0000000000
0.1500000000 1.0000000000 -0.2000000000 0.5000000000 1.2700000000 1.0000000000 -0.2000000000 1.2700000000 0.0000000000
0.1520000000 1.0000000000 -0.2000000000 0.5000000000 1.2700000000 1.0000000000 -0.2000000000 1.2700000000 0.0000000000
0.1540000000 1.0000000000 -0.2000000000 0.5000000000 1.2700000000 1.0000000000 -0.2000000000 1.2700000000 0.0000000000
0.1560000000 1.0000000000 -0.2000000000 0.5000000000 1.2700000000 1.0000000000 -0.2000000000 1.2700000000 0.0000000000
0.1580000000 1.0000000000 -0.2000000000 0.5000000000 1.2700000000 1.0000000000 -0.2000000000 1.2700000000 0.0000000000
0.1600000000 1.0000000000 -0.2000000000 0.5000000000 1.2700000000 1.0000000000 -0.2000000000 1.2700000000 0.0000000000
0.1620000000 1.0000000000 -0.2000000000 0.5000000000 1.2700000000 1.0000000000 -0.2000000000 1.2700000000 0.0000000000
0.1640000000 1.0000000000 -0.2000000000 0.5000000000 1.2700000000 1.0000000000 -0.2000000000 1.2700000000 0.0000000000
0.1660000000 1.0000000000 -0.2000000000 0.5000000000 1.2700000000 1.0000000000 -0.2000000000 1.2700000000 0.0000000000
0.1680000000 1.0000000000 -0.2000000000 0.5000000000 1.2700000000 1.0000000000 -0.2000000000 1.2700000000 0.0000000000
0.1700000000 1.0000000000 -0.2000000000 0.5000000000 1.2700000000 1.0000000000 -0.2000000000 1.2700000000 0.0000000000
0.1720000000 1.0000000000 -0.2000000000 0.5000000000 1.2700000000 1.0000000000 -0.2000000000 1.2700000000 0.0000000000
0.1740000000 1.0000000000 -0.2000000000 0.5000000000 1.2700000000 1.0000000000 -0.2000000000 1.2700000000 0.0000000000
0.1760000000 1.0000000000 -0.2000000000 0.5000000000 1.2700000000 1.0000000000 -0.2000000000 1.2700000000 0.0000000000
0.1780000000 1.0000000000 -0.2000000000 0.5000000000 1.2700000000 1.0000000000 -0.2000000000 1.2700000000 0.0000000000
0.1800000000 1.0000000000 -0.2000000000 0.5000000000 1.2700000000 1.0000000000 -0.2000000000 1.2700000000 0.0000000000
0.1820000000 1.0000000000 -0.2000000000 0.5000000000 1.2700000000 1.0000000000 -0.2000000000 1.2700000000 0.0000000000
0.1840000000 1.0000000000 -0.2000000000 0.5000000000 1.2700000000 1.0000000000 -0.2000000000 1.2700000000 0.0000000000
0.1860000000 1.0000000000 -0.2000000000 0.5000000000 1.2700000000 1.0000000000 -0.2000000000 1.2700000000 0.0000000000
0.1880000000 1.0000000000 -0.2000000000 0.5000000000 1.2700000000 1.0000000000 -0.2000000000 1.2700000000 0.0000000000
0.1900000000 1.0000000000 -0.2000000000 0.5000000000 1.2700000000 1.0000000000 -0.2000000000 1.2700000000 0.0000000000
0.1920000000 1.0000000000 -0.2000000000 0.5000000000 1.2700000000 1.0000000000 -0.2000000000 1.2700000000 0.0000000000
0.1940000000 1.0000000000 -0.2000000000 0.5000000000 1.2700000000 1.0000000000 -0.2000000000 1.2700000000 0.0000000001
0.1960000000 1.0000000000 -0.2000000000 0.5000000000 1.2700000000 1.0000000000 -0.2000000000 1.2700000000 0.0000000003
0.1980000000 1.0000000000 -0.2000000000 0.5000000000 1.2700000000 1.0000000000 -0.2000000000 1.2700000000 0.0000000008
0.2000000000 1.0000000000 -0.2000000000 0.5000000000 1.2700000000 1.0000000000 -0.2000000000 1.2700000000 0.0000000021
0.2020000000 1.0000000000 -0.2000000000 0.5000000000 1.2700000000 1.0000000000 -0.2000000000 1.2700000000 0.0000000054
0.2040000000 1.0000000000 -0.2000000000 0.5000000000 1.2700000000 1.0000000000 -0.2000000000 1.2700000000 0.0000000138
0.2060000000 1.0000000000 -0.2000000000 0.5000000000 1.2700000000 1.0000000000 -0.2000000000 1.2700000000 0.0000000350
0.2080000000 1.0000000000 -0.2000000000 0.5000000000 1.2700000000 1.0000000000 -0.2000000000 1.2700000000 0.0000000874
0.2100000000 1.0000000000 -0.2000000000 0.5000000000 1.2700000000 1.0000000000 -0.2000000000 1.2700000000 0.0000002158
0.2120000000 1.0000000000 -0.2000000000 0.5000000000 1.2700000000 1.0000000000 -0.2000000000 1.2700000000 0.0000005266
0.2140000000 1.0000000000 -0.2000000000 0.5000000000 1.2700000000 1.0000000000 -0.2000000000 1.2699999999 0.0000012689
0.2160000000 0.9999999999 -0.1999999999 0.4999999999 1.2699999999 0.9999999999 -0.1999999999 1.2699999998 0.0000030194
0.2180000000 0.9999999997 -0.1999999998 0.4999999998 1.2699999998 0.9999999997 -0.1999999997 1.2699999995 0.0000070926
0.2200000000 0.9999999994 -0.1999999995 0.4999999996 1.2699999996 0.9999999994 -0.1999999994 1.2699999988 0.0000164384
0.2220000000 0.9999999986 -0.1999999988 0.4999999990 1.2699999991 0.9999999986 -0.1999999985 1.2699999972 0.0000375607
0.2240000000 0.9999999967 -0.1999999972 0.4999999977 1.2699999978 0.9999999967 -0.1999999966 1.2699999936 0.0000844818
0.2260000000 0.9999999924 -0.1999999936 0.4999999947 1.2699999949 0.9999999924 -0.1999999921 1.2699999852 0.0001864864
0.2280000000 0.9999999827 -0.1999999856 0.4999999879 1.2699999885 0.9999999827 -0.1999999821 1.2699999666 0.0004016230
0.2300000000 0.9999999615 -0.1999999678 0.4999999730 1.2699999743 0.9999999615 -0.1999999601 1.2699999254 0.0008344854
0.2320000000 0.9999999156 -0.1999999294 0.4999999409 1.2699999437 0.9999999156 -0.1999999125 1.2699998365 0.0016409002
0.2340000000 0.9999998192 -0.1999998487 0.4999998734 1.2699998793 0.9999998192 -0.1999998126 1.2699996497 0.0029697208
0.2360000000 0.9999996234 -0.1999996849 0.4999997364 1.2699997487 0.9999996234 -0.1999996095 1.2699992703 0.0048029063
0.2380000000 0.9999992421 -0.1999993659 0.4999994695 1.2699994942 0.9999992421 -0.1999992143 1.2699985317 0.0068317502
0.2400000000 0.9999985330 -0.1999987726 0.4999989731 1.2699990210 0.9999985330 -0.1999984792 1.2699971580 0.0086222872
0.2420000000 0.9999972703 -0.1999977162 0.4999980892 1.2699981784 0.9999972703 -0.1999971702 1.2699947117 0.0099223193
0.2440000000 0.9999951028 -0.1999959027 0.4999965720 1.2699967320 0.9999951028 -0.1999949233 1.2699905126 0.0107272213
0.2460000000 0.9999914897 -0.1999928797 0.4999940428 1.2699943208 0.9999914897 -0.1999911777 1.2699835128 0.0111480994
0.2480000000 0.9999856051 -0.1999879563 0.4999899236 1.2699903939 0.9999856051 -0.1999850775 1.2699721125 0.0113036140
0.2500000000 0.9999762024 -0.1999800894 0.4999833418 1.2699841193 0.9999762024 -0.1999753303 1.2699538968 0.0112838675
0.2520000000 0.9999614246 -0.1999677251 0.4999729975 1.2699742578 0.9999614246 -0.1999600113 1.2699252681 0.0111493269
0.2540000000 0.9999385462 -0.1999485831 0.4999569831 1.2699589910 0.9999385462 -0.1999362955 1.2698809472 0.0109384334
0.2560000000 0.9999036315 -0.1999193699 0.4999325438 1.2699356928 0.9999036315 -0.1999001040 1.2698133110 0.0106749627
0.2580000000 0.9998510937 -0.1998754101 0.4998957697 1.2699006359 0.9998510937 -0.1998456474 1.2697115396 0.0103733648
0.2600000000 0.9997731462 -0.1998101866 0.4998412118 1.2698486263 0.9997731462 -0.1997648589 1.2695605563 0.0100422915
0.2620000000 0.9996591479 -0.1997147909 0.4997614245 1.2697725672 0.9996591479 -0.1996467177 1.2693397626 0.0096868448
0.2640000000 0.9994948590 -0.1995772978 0.4996464467 1.2696629642 0.9994948590 -0.1994764832 1.2690216054 0.0093099993
0.2660000000 0.9992616505 -0.1993820987 0.4994832507 1.2695074018 0.9992616505 -0.1992348850 1.2685700616 0.0089135138
0.2680000000 0.9989357418 -0.1991092537 0.4992552145 1.2692900400 0.9989357418 -0.1988973500 1.2679391877 0.0084985336
0.2700000000 0.9984875754 -0.1987339514 0.4989416911 1.2689912064 0.9984875754 -0.1984333812 1.2670719528 0.0080660087
0.2720000000 0.9978814702 -0.1982261918 0.4985177800 1.2685871788 0.9978814702 -0.1978062437 1.2658996391 0.0076169977
0.2740000000 0.9970757177 -0.1975508242 0.4979544122 1.2680502696 0.9970757177 -0.1969731298 1.2643421326 0.0071529001
0.2760000000 0.9960232791 -0.1966680701 0.4972188660 1.2673493178 0.9960232791 -0.1958859761 1.2623094233 0.0066756315
0.2780000000 0.9946732065 -0.1955346297 0.4962757940 1.2664506702 0.9946732065 -0.1944930571 1.2597045490 0.0061877474
0.2800000000 0.9929728250 -0.1941054065 0.4950887919 1.2653196758 0.9929728250 -0.1927413938 1.2564280530 0.0056925123
0.2820000000 0.9908705987 -0.1923357918 0.4936224454 1.2639226367 0.9908705987 -0.1905798811 1.2523837798 0.0051939056
0.2840000000 0.9883194586 -0.1901843378 0.4918446982 1.2622290623 0.9883194586 -0.1879628818 1.2474855436 0.0046965596
0.2860000000 0.9852802407 -0.1876155488 0.4897292832 1.2602139867 0.9852802407 -0.1848538931 1.2416639402 0.0042056272
0.2880000000 0.9817247986 -0.1846024465 0.4872579058 1.2578600503 0.9817247986 -0.1812287996 1.2348724045 0.0037265822
0.2900000000 0.9776383480 -0.1811285644 0.4844218621 1.2551590480 0.9776383480 -0.1770782305 1.2270916182 0.0032649643
0.2920000000 0.9730206902 -0.1771890811 0.4812228422 1.2521127065 0.9730206902 -0.1724086420 1.2183315699 0.0028260873
0.2940000000 0.9678861278 -0.1727909361 0.4776727940 1.2487325697 0.9678861278 -0.1672419500 1.2086309316 0.0024147363
0.2960000000 0.9622621047 -0.1679519269 0.4737928777 1.2450390189 0.9622621047 -0.1616137747 1.1980538668 0.0020348822
0.2980000000 0.9561868020 -0.1626989515 0.4696116867 1.2410595923 0.9561868020 -0.1555705902 1.1866848027 0.0016894464
0.3000000000 0.9497060735 -0.1570656765 0.4651630166 1.2368268683 0.9497060735 -0.1491662269 1.1746219887 0.0013801412
0.3020000000 0.9428701604 -0.1510899694 0.4604835019 1.2323762144 0.9428701604 -0.1424582237 1.1619707590 0.0011074083
0.3040000000 0.9357305974 -0.1448114210 0.4556104121 1.2277436810 0.9357305974 -0.1355044774 1.1488373281 0.0008704628
0.3060000000 0.9283376153 -0.1382692119 0.4505798238 1.2229642471 0.9283376153 -0.1283605105 1.1353237127 0.0006674370
0.3080000000 0.9207382148 -0.1315004792 0.4454252841 1.2180705308 0.9207382148 -0.1210775165 1.1215240860 0.0004956017
0.3100000000 0.9129749496 -0.1245392335 0.4401769863 1.2130919873 0.9129749496 -0.1137012005 1.1075225960 0.0003516331
0.3120000000 0.9050853531 -0.1174157934 0.4348614039 1.2080545457 0.9050853531 -0.1062713148 1.0933924750 0.0002318864
0.3140000000 0.8971018830 -0.1101566483 0.4295012882 1.2029805941 0.8971018830 -0.0988217366 1.0791961561 0.0001326369
0.3160000000 0.8890522347 -0.1027846398 0.4241159212 1.1978892112 0.8890522347 -0.0913809137 1.0649860801 0.0000502603
0.3180000000 0.8809598861 -0.0953193548 0.4187215250 1.1927965536 0.8809598861 -0.0839725280 1.0508059160 0.0000185540
0.3200000000 0.8728447033 -0.0877776242 0.4133317268 1.1877163355 0.8728447033 -0.0766162343 1.0366919124 0.0000763218
0.3220000000 0.8647235231 -0.0801738948 0.4079579420 1.1826601055 0.8647235231 -0.0693282527 1.0226740130 0.0001252446
0.3240000000 0.8566106662 -0.0725206528 0.4026097562 1.1776376283 0.8566106662 -0.0621219647 1.0087769533 0.0001674508
0.3260000000 0.8485184767 -0.0648288807 0.3972953170 1.1726572722 0.8485184767 -0.0550085031 0.9950213623 0.0002047769
0.3280000000 0.8404578179 -0.0571084773 0.3920216815 1.1677263370 0.8404578179 -0.0479972662 0.9814247291 0.0002388007
0.3300000000 0.8324385079 -0.0493686375 0.3867951180 1.1628513353 0.8324385079 -0.0410963550 0.9680022305 0.0002709084
0.3320000000 0.8244697059 -0.0416182001 0.3816213687 1.1580382354 0.8244697059 -0.0343129452 0.9547674433 0.0003023661
0.3340000000 0.8165602621 -0.0338659755 0.3765058842 1.1532926747 0.8165602621 -0.0276536099 0.9417329687 0.0003344027
0.3360000000 0.8087190506 -0.0261210716 0.3714540412 1.1486201556 0.8087190506 -0.0211246082 0.9289110017 0.0003682970
0.3380000000 0.8009553044 -0.0183932359 0.3664713580 1.1440262347 0.8009553044 -0.0147321598 0.9163138811 0.0004054738
0.3400000000 0.7932789738 -0.0106932354 0.3615637192 1.1395167171 0.7932789738 -0.0084827188 0.9039546520 0.0004476150
0.3420000000 0.7857011287 -0.0030332991 0.3567376241 1.1350978664 0.7857011287 -0.0023832666 0.8918476749 0.0004968082
0.3440000000 0.7782344335 0.0045723513 0.3520004747 1.1307766452 0.7782344335 0.0035583613 0.8800093219 0.0005557201
0.3460000000 0.7708937153 0.0121068484 0.3473609183 1.1265609975 0.7708937153 0.0093330934 0.8684587929 0.0006278551
0.3480000000 0.7636966629 0.0195498715 0.3428292636 1.1224601887 0.7636966629 0.0149301716 0.8572191004 0.0007178698
0.3500000000 0.7566646766 0.0268766465 0.3384179848 1.1184852131 0.7566646766 0.0203366090 0.8463182520 0.0008320307
0.3520000000 0.7498238937 0.0340567351 0.3341423264 1.1146492783 0.7498238937 0.0255365537 0.8357906619 0.0009787728
0.3540000000 0.7432063742 0.0410526135 0.3300209977 1.1109683558 0.7432063742 0.0305105640 0.8256787635 0.0011694424
0.3560000000 0.7368513770 0.0478181240 0.3260769167 1.1074617617 0.7368513770 0.0352348506 0.8160347241 0.0014191401
0.3580000000 0.7308065321 0.0542970158 0.3223378846 1.1041526662 0.7308065321 0.0396806138 0.8069219809 0.0017475818
0.3600000000 0.7251285056 0.0604220336 0.3188369503 1.1010683310 0.7251285056 0.0438137389 0.7984160334 0.0021797239
0.3620000000 0.7198824542 0.0661153795 0.3156120491 1.0982397318 0.7198824542 0.0475953016 0.7906035135 0.0027455988
0.3640000000 0.7151392168 0.0712917760 0.3127042901 1.0957000547 0.7151392168 0.0509835449 0.7835780789 0.0034786434
0.3660000000 0.7109690302 0.0758655778 0.3101541815 1.0934814913 0.7109690302 0.0539380763 0.7774314754 0.0044116285
0.3680000000 0.7074310235 0.0797628579 0.3079953589 1.0916099941 0.7074310235 0.0564267202 0.7722387754 0.0055698102
0.3700000000 0.7045593574 0.0829375228 0.3062463466 1.0900984578 0.7045593574 0.0584344078 0.7680390689 0.0069623242
0.3720000000 0.7023496295 0.0853872998 0.3049025154 1.0889401357 0.7023496295 0.0599717384 0.7648167009 0.0085748903
0.3740000000 0.7007515829 0.0871625800 0.3039318339 1.0881052839 0.7007515829 0.0610793159 0.7624915000 0.0103682388
0.3760000000 0.6996735474 0.0883617668 0.3032776383 1.0875436905 0.6996735474 0.0618243908 0.7609255519 0.0122853359
0.3780000000 0.6989990052 0.0891126102 0.3028686369 1.0871932324 0.6989990052 0.0622896259 0.7599469879 0.0142662781
0.3800000000 0.6986089918 0.0895467298 0.3026323735 1.0869912663 0.6986089918 0.0625581506 0.7593818726 0.0162660687
0.3820000000 0.6984011354 0.0897778707 0.3025066393 1.0868842265 0.6984011354 0.0627009668 0.7590811778 0.0182716916
0.3840000000 0.6982992938 0.0898908069 0.3024452182 1.0868324028 0.6982992938 0.0627706870 0.7589342993 0.0203229423
0.3860000000 0.6982536675 0.0899410353 0.3024179012 1.0868098679 0.6982536675 0.0628016578 0.7588689761 0.0225594164
0.3880000000 0.6982352399 0.0899609051 0.3024070919 1.0868015288 0.6982352399 0.0628138742 0.7588431262 0.0253664390
0.3900000000 0.6982287965 0.0899673801 0.3024035654 1.0867994766 0.6982287965 0.0628178156 0.7588346906 0.0299202317
0.3920000000 0.6982271036 0.0899685256 0.3024029364 1.0867999527 0.6982271036 0.0628184631 0.7588331832 0.0291988165
0.3940000000 0.6982272870 0.0899675491 0.3024034610 1.0868014590 0.6982272870 0.0628177977 0.7588344342 0.0155509277
0.3960000000 0.6982287571 0.0899651064 0.3024047826 1.0868036915 0.6982287571 0.0628162245 0.7588375908 0.0081435939
0.3980000000 0.6982312308 0.0899615104 0.3024067312 1.0868065089 0.6982312308 0.0628139361 0.7588422463 0.0027680257
0.4000000000 0.6982340698 0.0899574701 0.3024089212 1.0868095841 0.6982340698 0.0628113705 0.7588474790 0.0032014541
0.4020000000 0.6982363296 0.0899540335 0.3024107828 1.0868124361 0.6982363296 0.0628091742 0.7588519264 0.0090532597
0.4040000000 0.6982374044 0.0899518734 0.3024119502 1.0868147549 0.6982374044 0.0628077626 0.7588547135 0.0117859806
0.4060000000 0.6982374474 0.0899508177 0.3024125170 1.0868166225 0.6982374474 0.0628070294 0.7588560643 0.0099616586
0.4080000000 0.6982369068 0.0899503658 0.3024127554 1.0868182737 0.6982369068 0.0628066652 0.7588566297 0.0040683355
0.4100000000 0.6982361625 0.0899500914 0.3024128970 1.0868199104 0.6982361625 0.0628064066 0.7588569635 0.0021583249
0.4120000000 0.6982354640 0.0899497094 0.3024130970 1.0868216751 0.6982354640 0.0628060771 0.7588574367 0.0032147105
0.4140000000 0.6982348566 0.0899491675 0.3024133838 1.0868235951 0.6982348566 0.0628056441 0.7588581171 0.0001673080
0.4160000000 0.6982341748 0.0899486444 0.3024136601 1.0868255948 0.6982341748 0.0628052175 0.7588587724 0.0047107000
0.4180000000 0.6982332174 0.0899483579 0.3024138076 1.0868275819 0.6982332174 0.0628049314 0.7588591192 0.0064195776
0.4200000000 0.6982319684 0.0899483239 0.3024138176 1.0868295517 0.6982319684 0.0628047952 0.7588591371 0.0030161293
0.4220000000 0.6982305604 0.0899483912 0.3024137724 1.0868315792 0.6982305604 0.0628047156 0.7588590226 0.0019096445
0.4240000000 0.6982291422 0.0899483833 0.3024137678 1.0868337613 0.6982291422 0.0628045825 0.7588590049 0.0036781051
0.4260000000 0.6982277631 0.0899482410 0.3024138361 1.0868361318 0.6982277631 0.0628043591 0.7588591611 0.0011554484
0.4280000000 0.6982263332 0.0899480582 0.3024139262 1.0868386552 0.6982263332 0.0628041029 0.7588593691 0.0024132974
0.4300000000 0.6982247179 0.0899479728 0.3024139631 1.0868412848 0.6982247179 0.0628038979 0.7588594495 0.0035904634
0.4320000000 0.6982228833 0.0899480170 0.3024139293 1.0868440129 0.6982228833 0.0628037638 0.7588593604 0.0012215519
0.4340000000 0.6982209021 0.0899481014 0.3024138735 1.0868468929 0.6982209021 0.0628036445 0.7588592179 0.0017934269
0.4360000000 0.6982188588 0.0899481160 0.3024138552 1.0868499977 0.6982188588 0.0628034709 0.7588591650 0.0024158654
0.4380000000 0.6982167600 0.0899480453 0.3024138832 1.0868533462 0.6982167600 0.0628032327 0.7588592220 0.0002301034
0.4400000000 0.6982145206 0.0899479697 0.3024139135 1.0868569208 0.6982145206 0.0628029785 0.7588592840 0.0020316403
0.4420000000 0.6982120542 0.0899479674 0.3024139037 1.0868607103 0.6982120542 0.0628027551 0.7588592492 0.0017555325
0.4440000000 0.6982093614 0.0899480255 0.3024138607 1.0868647379 0.6982093614 0.0628025535 0.7588591346 0.0003407337
0.4460000000 0.6982064900 0.0899480674 0.3024138263 1.0868690715 0.6982064900 0.0628023245 0.7588590395 0.0017366708
0.4480000000 0.6982034621 0.0899480469 0.3024138255 1.0868737628 0.6982034621 0.0628020377 0.7588590240 0.0008470998
0.4500000000 0.6982002272 0.0899479987 0.3024138394 1.0868788253 0.6982002272 0.0628017131 0.7588590427 0.0009916177
0.4520000000 0.6981966978 0.0899479863 0.3024138335 1.0868842768 0.6981966978 0.0628013870 0.7588590130 0.0013603282
0.4540000000 0.6981928395 0.0899480207 0.3024138019 1.0868901506 0.6981928395 0.0628010640 0.7588589205 0.0000323465
0.4560000000 0.6981886606 0.0899480533 0.3024137709 1.0868965236 0.6981886606 0.0628007109 0.7588588280 0.0011248718
0.4580000000 0.6981841558 0.0899480447 0.3024137619 1.0869034775 0.6981841558 0.0628002997 0.7588587868 0.0006662663
0.4600000000 0.6981792674 0.0899480139 0.3024137646 1.0869110663 0.6981792674 0.0627998384 0.7588587719 0.0006325826
0.4620000000 0.6981738963 0.0899480055 0.3024137547 1.0869193605 0.6981738963 0.0627993495 0.7588587249 0.0008860361
0.4640000000 0.6981679783 0.0899480273 0.3024137281 1.0869284462 0.6981679783 0.0627988323 0.7588586358 0.0000707290
0.4660000000 0.6981614683 0.0899480442 0.3024137037 1.0869384576 0.6981614683 0.0627982586 0.7588585495 0.0007758527
0.4680000000 0.6981542972 0.0899480326 0.3024136943 1.0869495457 0.6981542972 0.0627976055 0.7588584962 0.0002800247
0.4700000000 0.6981463404 0.0899480117 0.3024136895 1.0869618687 0.6981463404 0.0627968752 0.7588584508 0.0005581906
0.4720000000 0.6981374613 0.0899480102 0.3024136738 1.0869755851 0.6981374613 0.0627960755 0.7588583755 0.0004524679
0.4740000000 0.6981272829 0.0899480229 0.3024136498 1.0869912889 0.6981272829 0.0627951688 0.7588582750 0.0002861414
0.4760000000 0.6981168461 0.0899480236 0.3024136317 1.0870074142 0.6981168461 0.0627942306 0.7588581877 0.0004722706
0.4780000000 0.6980999438 0.0899480075 0.3024136225 1.0870336003 0.6980999438 0.0627926990 0.7588580953 0.0001160032
0.4800000000 0.6980990507 0.0899479951 0.3024136106 1.0870349423 0.6980990507 0.0627926100 0.7588580613 0.0004353601
0.4820000000 0.6980399881 0.0899479966 0.3024135905 1.0871265042 0.6980399881 0.0627872985 0.7588577721 0.0000193242
0.4840000000 0.6981156907 0.0899479970 0.3024135703 1.0870089844 0.6981156907 0.0627941080 0.7588580279 0.0003465228
0.4860000000 0.6979083774 0.0899479846 0.3024135569 1.0873306288 0.6979083774 0.0627754520 0.7588571548 0.0000549139
0.4880000000 0.6981151140 0.0899479694 0.3024135441 1.0870097828 0.6981151140 0.0627940369 0.7588579584 0.0002956719
0.4900000000 0.6978730167 0.0899479631 0.3024135257 1.0873854046 0.6978730167 0.0627722563 0.7588569326 0.0000882839
0.4920000000 0.6977334011 0.0899479583 0.3024135058 1.0876021077 0.6977334011 0.0627596949 0.7588563177 0.0002167555
0.4940000000 0.6979339790 0.0899479450 0.3024134901 1.0872906492 0.6979339790 0.0627777272 0.7588570891 0.0000476639
0.4960000000 0.6973558461 0.0899479286 0.3024134752 1.0881886431 0.6973558461 0.0627257139 0.7588547120 0.0001959290
0.4980000000 0.6965316177 0.0899479176 0.3024134564 1.0894714767 0.6965316177 0.0626515685 0.7588513301 0.0000478374
0.5000000000 0.6958872458 0.0899479067 0.3024134369 1.0904764795 0.6958872458 0.0625936011 0.7588486739 0.0001403758
0.5020000000 0.6930758325 0.0899478900 0.3024134201 1.0948834489 0.6930758325 0.0623407087 0.7588372578 0.0000249370
0.5040000000 0.6893261971 0.0899478720 0.3024134027 1.1008170702 0.6893261971 0.0620034245 0.7588220448 0.0001300308
0.5060000000 0.6810657546 0.0899478568 0.3024133828 1.1141194120 0.6810657546 0.0612604050 0.7587885781 0.0000471850
0.5080000000 0.6689811386 0.0899478393 0.3024133639 1.1341719519 0.6689811386 0.0601734079 0.7587396437 0.0000821717
0.5100000000 0.6484900560 0.0899478190 0.3024133465 1.1698817884 0.6484900560 0.0583302661 0.7586567064 0.0000526461
0.5120000000 0.6190091695 0.0899477997 0.3024133281 1.2254057572 0.6190091695 0.0556785128 0.7585374001 0.0000058840
0.5140000000 0.5803108061 0.0899477791 0.3024133099 1.3068528086 0.5803108061 0.0521976682 0.7583808069 0.0000902665
0.5160000000 0.5362851179 0.0899477550 0.3024132934 1.4138051604 0.5362851179 0.0482376424 0.7582026672 0.0000171359
0.5180000000 0.4919430376 0.0899477317 0.3024132771 1.5408760580 0.4919430376 0.0442491604 0.7580232486 0.0000716487
0.5200000000 0.4520242647 0.0899477079 0.3024132623 1.6765952325 0.4520242647 0.0406585465 0.7578617272 0.0000741561
0.5220000000 0.4194520545 0.0899476828 0.3024132488 1.8064756638 0.4194520545 0.0377287404 0.7577299285 0.0000077687
0.5240000000 0.3949244326 0.0899476582 0.3024132356 1.9184193493 0.3949244326 0.0355225279 0.7576306731 0.0000260517
0.5260000000 0.3777258613 0.0899476317 0.3024132228 2.0055843266 0.3777258613 0.0339755467 0.7575610671 0.0000083078
0.5280000000 0.3663131547 0.0899476038 0.3024132099 2.0679433879 0.3663131547 0.0329489905 0.7575148662 0.0000223756
0.5300000000 0.3591051530 0.0899475748 0.3024131966 2.1093701028 0.3591051530 0.0323006376 0.7574856735 0.0000006589
0.5320000000 0.3547261749 0.0899475441 0.3024131833 2.1353595490 0.3547261749 0.0319067482 0.7574679250 0.0000156396
0.5340000000 0.3521599852 0.0899475131 0.3024131696 2.1508903358 0.3521599852 0.0316759149 0.7574575088 0.0000056281
0.5360000000 0.3507013751 0.0899474818 0.3024131560 2.1598192283 0.3507013751 0.0315447055 0.7574515734 0.0000057968
0.5380000000 0.3498979080 0.0899474505 0.3024131425 2.1647694118 0.3498979080 0.0314724248 0.7574482885 0.0000026329
0.5400000000 0.3494687135 0.0899474195 0.3024131290 2.1674229719 0.3494687135 0.0314338090 0.7574465176 0.0000120469
0.5420000000 0.3492475928 0.0899473876 0.3024131153 2.1687925798 0.3492475928 0.0314139086 0.7574455878 0.0000446432
0.5440000000 0.3491386381 0.0899473537 0.3024131008 2.1694680192 0.3491386381 0.0314040966 0.7574451097 0.0000555951
0.5460000000 0.3490884367 0.0899473170 0.3024130852 2.1697793075 0.3490884367 0.0313995683 0.7574448665 0.0000483033
0.5480000000 0.3490679768 0.0899472778 0.3024130687 2.1699061257 0.3490679768 0.0313977143 0.7574447412 0.0000325678
0.5500000000 0.3490619800 0.0899472370 0.3024130515 2.1699432082 0.3490619800 0.0313971606 0.7574446727 0.0000137614
0.5520000000 0.3490626289 0.0899471953 0.3024130340 2.1699390527 0.3490626289 0.0313972044 0.7574446303 0.0000010633
0.5540000000 0.3490660537 0.0899471535 0.3024130165 2.1699176731 0.3490660537 0.0313974979 0.7574445990 0.0000232453
0.5560000000 0.3490704146 0.0899471128 0.3024129994 2.1698904890 0.3490704146 0.0313978760 0.7574445726 0.0000340695
0.5580000000 0.3490748814 0.0899470738 0.3024129830 2.1698626534 0.3490748814 0.0313982641 0.7574445484 0.0000036408
0.5600000000 0.3490791099 0.0899470349 0.3024129665 2.1698362973 0.3490791099 0.0313986309 0.7574445232 0.0000789724
0.5620000000 0.3490829814 0.0899469922 0.3024129487 2.1698121457 0.3490829814 0.0313989642 0.7574444930 0.0001321959
0.5640000000 0.3490864780 0.0899469430 0.3024129284 2.1697903023 0.3490864780 0.0313992615 0.7574444547 0.0001066748
0.5660000000 0.3490896227 0.0899468882 0.3024129059 2.1697706268 0.3490896227 0.0313995253 0.7574444094 0.0000330413
0.5680000000 0.3490924527 0.0899468314 0.3024128826 2.1697528985 0.3490924527 0.0313997600 0.7574443610 0.0000080781
0.5700000000 0.3490950059 0.0899467749 0.3024128595 2.1697368882 0.3490950059 0.0313999699 0.7574443118 0.0000013278
0.5720000000 0.3490973164 0.0899467184 0.3024128364 2.1697223837 0.3490973164 0.0314001580 0.7574442615 0.0000038264
0.5740000000 0.3490994142 0.0899466619 0.3024128132 2.1697091993 0.3490994142 0.0314003270 0.7574442104 0.0000676529
0.5760000000 0.3491013260 0.0899466085 0.3024127913 2.1696971775 0.3491013260 0.0314004803 0.7574441617 0.0001099965
0.5780000000 0.3491030745 0.0899465608 0.3024127716 2.1696861853 0.3491030745 0.0314006209 0.7574441180 0.0000046112
0.5800000000 0.3491046772 0.0899465140 0.3024127523 2.1696761005 0.3491046772 0.0314007487 0.7574440746 0.0002275736
0.5820000000 0.3491061466 0.0899464566 0.3024127288 2.1696668123 0.3491061466 0.0314008609 0.7574440201 0.0003761254
0.5840000000 0.3491074936 0.0899463800 0.3024126980 2.1696582290 0.3491074936 0.0314009553 0.7574439462 0.0002546589
0.5860000000 0.3491087317 0.0899462893 0.3024126618 2.1696502808 0.3491087317 0.0314010350 0.7574438579 0.0000607302
0.5880000000 0.3491098771 0.0899462006 0.3024126264 2.1696429142 0.3491098771 0.0314011070 0.7574437711 0.0002757593
0.5900000000 0.3491109426 0.0899461257 0.3024125963 2.1696360823 0.3491109426 0.0314011767 0.7574436977 0.0001804055
0.5920000000 0.3491119350 0.0899460608 0.3024125700 2.1696297322 0.3491119350 0.0314012433 0.7574436340 0.0000974038
0.5940000000 0.3491128571 0.0899459918 0.3024125422 2.1696238067 0.3491128571 0.0314013022 0.7574435660 0.0002053244
0.5960000000 0.3491137130 0.0899459120 0.3024125102 2.1696182614 0.3491137130 0.0314013513 0.7574434871 0.0000043212
0.5980000000 0.3491145115 0.0899458315 0.3024124779 2.1696130703 0.3491145115 0.0314013950 0.7574434071 0.0002683787
0.6000000000 0.3491152619 0.0899457642 0.3024124508 2.1696082149 0.3491152619 0.0314014390 0.7574433402 0.0001724331
0.6020000000 0.3491159676 0.0899457070 0.3024124275 2.1696036657 0.3491159676 0.0314014825 0.7574432831 0.0003689805
0.6040000000 0.3491166243 0.0899456333 0.3024123980 2.1695993738 0.3491166243 0.0314015159 0.7574432095 0.0009029368
0.6060000000 0.3491172261 0.0899455137 0.3024123507 2.1695952920 0.3491172261 0.0314015283 0.7574430901 0.0008600542
0.6080000000 0.3491177754 0.0899453461 0.3024122851 2.1695913997 0.3491177754 0.0314015191 0.7574429229 0.0001399514
0.6100000000 0.3491182866 0.0899451670 0.3024122150 2.1695877107 0.3491182866 0.0314015026 0.7574427441 0.0007814366
0.6120000000 0.3491187785 0.0899450271 0.3024121599 2.1695842526 0.3491187785 0.0314014980 0.7574426042 0.0012466364
0.6140000000 0.3491192617 0.0899449522 0.3024121300 2.1695810342 0.3491192617 0.0314015153 0.7574425288 0.0008336979
0.6160000000 0.3491197317 0.0899449224 0.3024121173 2.1695780253 0.3491197317 0.0314015472 0.7574424981 0.0001582308
0.6180000000 0.3491201752 0.0899448885 0.3024121031 2.1695751696 0.3491201752 0.0314015752 0.7574424632 0.0008635103
0.6200000000 0.3491205818 0.0899448125 0.3024120726 2.1695724228 0.3491205818 0.0314015853 0.7574423865 0.0008462059
0.6220000000 0.3491209521 0.0899446914 0.3024120249 2.1695697728 0.3491209521 0.0314015763 0.7574422648 0.0004416822
0.6240000000 0.3491212941 0.0899445452 0.3024119676 2.1695672280 0.3491212941 0.0314015560 0.7574421183 0.0002797498
0.6260000000 0.3491216122 0.0899443842 0.3024119045 2.1695647885 0.3491216122 0.0314015284 0.7574419568 0.0006016161
0.6280000000 0.3491219026 0.0899441916 0.3024118293 2.1695624317 0.3491219026 0.0314014873 0.7574417640 0.0009656151
0.6300000000 0.3491221590 0.0899439445 0.3024117332 2.1695601308 0.3491221590 0.0314014241 0.7574415169 0.0006607754
0.6320000000 0.3491223862 0.0899436550 0.3024116207 2.1695578901 0.3491223862 0.0314013434 0.7574412276 0.0005728392
0.6340000000 0.3491226073 0.0899433919 0.3024115185 2.1695557631 0.3491226073 0.0314012715 0.7574409646 0.0023752642
0.6360000000 0.3491228543 0.0899432538 0.3024114643 2.1695538303 0.3491228543 0.0314012455 0.7574408258 0.0037587218
0.6380000000 0.3491231499 0.0899433098 0.3024114847 2.1695521480 0.3491231499 0.0314012916 0.7574408798 0.0028723199
0.6400000000 0.3491234848 0.0899435286 0.3024115678 2.1695506852 0.3491234848 0.0314013982 0.7574410957 0.0001430458
0.6420000000 0.3491238106 0.0899437549 0.3024116537 2.1695493000 0.3491238106 0.0314015064 0.7574413189 0.0039965650
0.6440000000 0.3491240638 0.0899437859 0.3024116645 2.1695478097 0.3491240638 0.0314015400 0.7574413480 0.0063986185
0.6460000000 0.3491241974 0.0899434715 0.3024115426 2.1695460799 0.3491241974 0.0314014423 0.7574410338 0.0047096907
0.6480000000 0.3491242171 0.0899428291 0.3024112946 2.1695441238 0.3491242171 0.0314012198 0.7574403937 0.0008453787
0.6500000000 0.3491241999 0.0899420992 0.3024110129 2.1695421482 0.3491241999 0.0314009634 0.7574396666 0.0035785963
0.6520000000 0.3491242473 0.0899416000 0.3024108199 2.1695404269 0.3491242473 0.0314007934 0.7574391686 0.0082700968
0.6540000000 0.3491244331 0.0899415623 0.3024108044 2.1695391602 0.3491244331 0.0314007970 0.7574391294 0.0082877783
0.6560000000 0.3491247647 0.0899420096 0.3024109754 2.1695383677 0.3491247647 0.0314009829 0.7574395722 0.0024196069
0.6580000000 0.3491251518 0.0899426555 0.3024112227 2.1695377961 0.3491251518 0.0314012432 0.7574402123 0.0032792000
0.6600000000 0.3491254692 0.0899431032 0.3024113938 2.1695370931 0.3491254692 0.0314014281 0.7574406555 0.0074935961
0.6620000000 0.3491256480 0.0899431345 0.3024114049 2.1695360656 0.3491256480 0.0314014551 0.7574406848 0.0049527408
0.6640000000 0.3491257283 0.0899428754 0.3024113043 2.1695348239 0.3491257283 0.0314013719 0.7574404255 0.0036041733
0.6660000000 0.3491258529 0.0899427742 0.3024112644 2.1695337565 0.3491258529 0.0314013478 0.7574403232 0.0115159756
0.6680000000 0.3491261849 0.0899433445 0.3024114827 2.1695333120 0.3491261849 0.0314015767 0.7574408881 0.0112478889
0.6700000000 0.3491268345 0.0899449343 0.3024120929 2.1695337955 0.3491268345 0.0314021902 0.7574424663 0.0058363441
0.6720000000 0.3491277236 0.0899472963 0.3024130001 2.1695349891 0.3491277236 0.0314030948 0.7574448120 0.0007994731
0.6740000000 0.3491285950 0.0899496179 0.3024138917 2.1695361777 0.3491285950 0.0314039837 0.7574471175 0.0072373595
0.6760000000 0.3491292068 0.0899511347 0.3024144740 2.1695366887 0.3491292068 0.0314045683 0.7574486232 0.0157774006
0.6780000000 0.3491294267 0.0899514292 0.3024145863 2.1695361551 0.3491294267 0.0314046909 0.7574489141 0.0154151422
0.6800000000 0.3491292935 0.0899506240 0.3024142758 2.1695346856 0.3491292935 0.0314043978 0.7574481121 0.0027320689
0.6820000000 0.3491291833 0.0899499038 0.3024139980 2.1695333153 0.3491291833 0.0314041365 0.7574473946 0.0254622435
0.6840000000 0.3491297377 0.0899512910 0.3024145304 2.1695338141 0.3491297377 0.0314046706 0.7574487714 0.0286001736
0.6860000000 0.3491323107 0.0899590577 0.3024175156 2.1695399288 0.3491323107 0.0314076137 0.7574564886 0.0201485087
0.6880000000 0.3491385224 0.0899783127 0.3024249177 2.1695561372 0.3491385224 0.0314148951 0.7574756239 0.0115806895
0.6900000000 0.3491485810 0.0900097123 0.3024369895 2.1695830144 0.3491485810 0.0314267633 0.7575068308 0.0036629036
0.6920000000 0.3491604220 0.0900467434 0.3024512271 2.1696148505 0.3491604220 0.0314407589 0.7575436368 0.0029811240
0.6940000000 0.3491711820 0.0900803738 0.3024641576 2.1696437254 0.3491711820 0.0314534706 0.7575770642 0.0093187156
0.6960000000 0.3491788336 0.0901042087 0.3024733219 2.1696640316 0.3491788336 0.0314624825 0.7576007558 0.0192365500
0.6980000000 0.3491824877 0.0901154445 0.3024776416 2.1696733087 0.3491824877 0.0314667351 0.7576119235 0.0481227542
0.7000000000 0.3491795905 0.0901060268 0.3024740194 2.1696644943 0.3491795905 0.0314631855 0.7576025598 0.0369230837
0.7020000000 0.3491589974 0.0900408083 0.3024489408 2.1696067816 0.3491589974 0.0314385584 0.7575377286 0.0213582814
0.7040000000 0.3491084282 0.0898810478 0.3023875164 2.1694662287 0.3491084282 0.0313782313 0.7573789451 0.0116753981
0.7060000000 0.3490273029 0.0896248800 0.3022890484 2.1692412492 0.3490273029 0.0312815301 0.7571244226 0.0042919516
0.7080000000 0.3489300211 0.0893176855 0.3021710029 2.1689716625 0.3489300211 0.0311656219 0.7568193279 0.0013514780
0.7100000000 0.3488361174 0.0890210848 0.3020570664 2.1687114619 0.3488361174 0.0310537696 0.7565248861 0.0058507088
0.7120000000 0.3487597135 0.0887796691 0.3019643560 2.1684996663 0.3487597135 0.0309627720 0.7562853224 0.0105378229
0.7140000000 0.3487076532 0.0886150796 0.3019011629 2.1683551728 0.3487076532 0.0309007564 0.7561220437 0.0172997977
0.7160000000 0.3486804532 0.0885289765 0.3018681082 2.1682793920 0.3486804532 0.0308683236 0.7560366411 0.0465479967
0.7180000000 0.3486766644 0.0885167975 0.3018634324 2.1682683066 0.3486766644 0.0308637417 0.7560245608 0.0529320986
0.7200000000 0.3487241655 0.0886665687 0.3019209285 2.1683989494 0.3487241655 0.0309201752 0.7561731142 0.0282412408
0.7220000000 0.3488876902 0.0891825902 0.3021190967 2.1688503445 0.3488876902 0.0311147079 0.7566851870 0.0186628814
0.7240000000 0.3492342544 0.0902758724 0.3025393154 2.1698082646 0.3492342544 0.0315274270 0.7577713715 0.0131978174
0.7260000000 0.3498150352 0.0921062837 0.3032439769 2.1714154781 0.3498150352 0.0322201629 0.7595937819 0.0096009432
0.7280000000 0.3506563187 0.0947535266 0.3042655826 2.1737469211 0.3506563187 0.0332259228 0.7622380932 0.0070897367
0.7300000000 0.3517599253 0.0982185630 0.3056072426 2.1768107888 0.3517599253 0.0345493544 0.7657148006 0.0052914733
0.7320000000 0.3531096021 0.1024443591 0.3072503332 2.1805658749 0.3531096021 0.0361740869 0.7699787485 0.0039893693
0.7340000000 0.3546789564 0.1073416538 0.3091639930 2.1849430730 0.3546789564 0.0380718257 0.7749533290 0.0030412764
0.7360000000 0.3564380630 0.1128104054 0.3113130290 2.1898632678 0.3564380630 0.0402099224 0.7805506213 0.0023481321
0.7380000000 0.3583577850 0.1187537740 0.3136630900 2.1952490520 0.3583577850 0.0425563394 0.7866845879 0.0018391393
0.7400000000 0.3604120319 0.1250853619 0.3161833775 2.2010308750 0.3604120319 0.0450822694 0.7932780099 0.0014633243
0.7420000000 0.3625785831 0.1317317830 0.3188476466 2.2071493310 0.3625785831 0.0477631232 0.8002650772 0.0011839769
0.7440000000 0.3648390849 0.1386325458 0.3216342162 2.2135552137 0.3648390849 0.0505785712 0.8075914585 0.0009746991
0.7460000000 0.3671786494 0.1457386649 0.3245255052 2.2202084927 0.3671786494 0.0535121262 0.8152131558 0.0008165250
0.7480000000 0.3695853187 0.1530108463 0.3275074020 2.2270769104 0.3695853187 0.0565505624 0.8230949296 0.0006958193
0.7500000000 0.3720495259 0.1604176894 0.3305686305 2.2341345677 0.3720495259 0.0596833253 0.8312087068 0.0006027564
0.7520000000 0.3745636176 0.1679340949 0.3337001845 2.2413606588 0.3745636176 0.0629020021 0.8395321566 0.0005302279
0.7540000000 0.3771214519 0.1755399378 0.3368948530 2.2487384082 0.3771214519 0.0661998762 0.8480474935 0.0004730636
0.7560000000 0.3797180751 0.1832189962 0.3401468355 2.2562542081 0.3797180751 0.0695715646 0.8567405049 0.0004274791
0.7580000000 0.3823494633 0.1909581047 0.3434514365 2.2638969333 0.3823494633 0.0730127288 0.8655997773 0.0003906834
0.7600000000 0.3850123205 0.1987464907 0.3468048246 2.2716574007 0.3850123205 0.0765198476 0.8746160872 0.0003606018
0.7620000000 0.3877039208 0.2065752578 0.3502038450 2.2795279465 0.3877039208 0.0800900374 0.8837819225 0.0003356778
0.7640000000 0.3904219847 0.2144369825 0.3536458713 2.2875020953 0.3904219847 0.0837209123 0.8930911081 0.0003147319
0.7660000000 0.3931645821 0.2223254002 0.3571286904 2.2955742994 0.3931645821 0.0874104731 0.9025385101 0.0002968609
0.7680000000 0.3959300561 0.2302351575 0.3606504104 2.3037397321 0.3959300561 0.0911570188 0.9121198013 0.0002813642
0.7700000000 0.3987169620 0.2381616172 0.3642093878 2.3119941235 0.3987169620 0.0949590765 0.9218312731 0.0002676909
0.7720000000 0.4015240185 0.2461007017 0.3678041679 2.3203336274 0.4015240185 0.0988153427 0.9316696823 0.0002554000
0.7740000000 0.4043500674 0.2540487666 0.3714334362 2.3287547101 0.4043500674 0.1027246359 0.9416321239 0.0002441314
0.7760000000 0.4071940402 0.2620024961 0.3750959772 2.3372540587 0.4071940402 0.1066858549 0.9517159231 0.0002335836
0.7780000000 0.4100549293 0.2699588159 0.3787906389 2.3458285010 0.4100549293 0.1106979432 0.9619185401 0.0002234954
0.7800000000 0.4129317628 0.2779148165 0.3825163009 2.3544749327 0.4129317628 0.1147598551 0.9722374844 0.0002136331
0.7820000000 0.4158235811 0.2858676866 0.3862718448 2.3631902508 0.4158235811 0.1188705251 0.9826702329 0.0002037777
0.7840000000 0.4187294147 0.2938146493 0.3900561250 2.3719712891 0.4187294147 0.1230288361 0.9932141497 0.0001937139
0.7860000000 0.4216482621 0.3017529023 0.3938679401 2.3808147515 0.4216482621 0.1272335868 1.0038664024 0.0001832205
0.7880000000 0.4245790663 0.3096795561 0.3977060014 2.3897171415 0.4245790663 0.1314834568 1.0146238728 0.0001720587
0.7900000000 0.4275206900 0.3175915692 0.4015688987 2.3986746858 0.4275206900 0.1357769668 1.0254830568 0.0001599602
0.7920000000 0.4304718866 0.3254856766 0.4054550615 2.4076832451 0.4304718866 0.1401124333 1.0364399489 0.0001466140
0.7940000000 0.4334312676 0.3333583086 0.4093627132 2.4167382110 0.4334312676 0.1444879143 1.0474899064 0.0001316486
0.7960000000 0.4363972631 0.3412054956 0.4132898163 2.4258343822 0.4363972631 0.1489011444 1.0586274851 0.0001146131
0.7980000000 0.4393680742 0.3490227545 0.4172340064 2.4349658148 0.4393680742 0.1533494555 1.0698462407 0.0000949537
0.8000000000 0.4423416159 0.3568049528 0.4211925115 2.4441256390 0.4423416159 0.1578296793 1.0811384845 0.0000719869
0.8020000000 0.4453154468 0.3645461438 0.4251620534 2.4533058366 0.4453154468 0.1623380289 1.0924949847 0.0000448722
0.8040000000 0.4482866848 0.3722393702 0.4291387282 2.4624969714 0.4482866848 0.1668699532 1.1039046037 0.0000125830
0.8060000000 0.4512519082 0.3798764312 0.4331178645 2.4716878603 0.4512519082 0.1714199645 1.1153538635 0.0000260652
0.8080000000 0.4542070451 0.3874476251 0.4370938629 2.4808652025 0.4542070451 0.1759814409 1.1268264529 0.0000724618
0.8100000000 0.4571472455 0.3949414820 0.4410600207 2.4900132210 0.4571472455 0.1805464106 1.1383026853 0.0001283630
0.8120000000 0.4600667377 0.4023444327 0.4450083218 2.4991131765 0.4600667377 0.1851052906 1.1497588461 0.0001958135
0.8140000000 0.4629586721 0.4096404644 0.4489292107 2.5081428610 0.4629586721 0.1896466055 1.1611664885 0.0002770963
0.8160000000 0.4658149734 0.4168108018 0.4528113743 2.5170761143 0.4658149734 0.1941567125 1.1724917432 0.0003746847
0.8180000000 0.4686262162 0.4238336568 0.4566415575 2.5258824210 0.4686262162 0.1986195629 1.1836947215 0.0004911597
0.8200000000 0.4713815528 0.4306841051 0.4604044467 2.5345266667 0.4713815528 0.2030165422 1.1947291157 0.0006290922
0.8220000000 0.4740687202 0.4373341565 0.4640826651 2.5429691502 0.4740687202 0.2073264439 1.2055421305 0.0007908967
0.8240000000 0.4766741606 0.4437530916 0.4676569259 2.5511659576 0.4766741606 0.2115256324 1.2160748913 0.0009786671
0.8260000000 0.4791832840 0.4499081255 0.4711063873 2.5590697913 0.4791832840 0.2155884531 1.2262634667 0.0011940099
0.8280000000 0.4815808927 0.4557654365 0.4744092391 2.5666313215 0.4815808927 0.2194879257 1.2360406030 0.0014378948
0.8300000000 0.4838517688 0.4612915539 0.4775435251 2.5738010631 0.4838517688 0.2231967343 1.2453381970 0.0017105379
0.8320000000 0.4859814039 0.4664550451 0.4804881728 2.5805317118 0.4859814039 0.2266884777 1.2540904240 0.0020113337
0.8340000000 0.4879568183 0.4712283802 0.4832241607 2.5867807754 0.4879568183 0.2299391011 1.2622373167 0.0023388426
0.8360000000 0.4897673967 0.4755897996 0.4857357163 2.5925132619 0.4897673967 0.2329283780 1.2697284712 0.0026908379
0.8380000000 0.4914056457 0.4795249744 0.4880114134 2.5977041247 0.4914056457 0.2356412797 1.2765264729 0.0030644061
0.8400000000 0.4928677789 0.4830282505 0.4900450292 2.6023401587 0.4928677789 0.2380690610 1.2826096139 0.0034560911
0.8420000000 0.4941540475 0.4861033016 0.4918360456 2.6064210876 0.4941540475 0.2402099140 1.2879735300 0.0038620680
0.8440000000 0.4952687686 0.4887630907 0.4933897187 2.6099596783 0.4952687686 0.2420690941 1.2926315160 0.0042783298
0.8460000000 0.4962200401 0.4910291294 0.4947167023 2.6129808555 0.4962200401 0.2436584943 1.2966134648 0.0047008718
0.8480000000 0.4970191799 0.4929301250 0.4958322726 2.6155199261 0.4970191799 0.2449957265 1.2999635686 0.0051258573
0.8500000000 0.4976799611 0.4945001813 0.4967552578 2.6176201449 0.4976799611 0.2461028310 1.3027370918 0.0055497541
0.8520000000 0.4982177371 0.4957767692 0.4975068044 2.6193299229 0.4982177371 0.2470047800 1.3049966268 0.0059694320
0.8540000000 0.4986485568 0.4967986905 0.4981091244 2.6206999974 0.4986485568 0.2477279501 1.3068082716 0.0063822191
0.8560000000 0.4989883573 0.4976042308 0.4985843480 2.6217808433 0.4989883573 0.2482987177 1.3082381163 0.0067859135
0.8580000000 0.4992522967 0.4982296432 0.4989535727 2.6226205321 0.4992522967 0.2487422937 1.3093493240 0.0071787548
0.8600000000 0.4994542632 0.4987080396 0.4992361608 2.6232631509 0.4994542632 0.2490818565 1.3101999642 0.0075593557
0.8620000000 0.4996065669 0.4990687038 0.4994492947 2.6237478052 0.4996065669 0.2493380018 1.3108416334 0.0079265975
0.8640000000 0.4997197988 0.4993367904 0.4996077701 2.6241081576 0.4997197988 0.2495284805 1.3113188006 0.0082794853
0.8660000000 0.4998028275 0.4995333396 0.4997239844 2.6243724078 0.4998028275 0.2496681756 1.3116687498 0.0086169552
0.8680000000 0.4998628977 0.4996755255 0.4998080694 2.6245635989 0.4998628977 0.2497692561 1.3119219657 0.0089376153
0.8700000000 0.4999057941 0.4997770535 0.4998681177 2.6247001344 0.4999057941 0.2498414448 1.3121028049 0.0092393837
0.8720000000 0.4999360392 0.4998486344 0.4999104577 2.6247964047 0.4999360392 0.2498923465 1.3122303182 0.0095189661
0.8740000000 0.4999571000 0.4998984772 0.4999399413 2.6248634429 0.4999571000 0.2499277930 1.3123191149 0.0097710788
0.8760000000 0.4999715863 0.4999327596 0.4999602214 2.6249095543 0.4999715863 0.2499521749 1.3123801937 0.0099872739
0.8780000000 0.4999814289 0.4999560521 0.4999740006 2.6249408846 0.4999814289 0.2499687413 1.3124216941 0.0101541667
0.8800000000 0.4999880336 0.4999716821 0.4999832471 2.6249619086 0.4999880336 0.2499798582 1.3124495429 0.0102508220
0.8820000000 0.4999924088 0.4999820357 0.4999893723 2.6249758355 0.4999924088 0.2499872224 1.3124679909 0.0102451409
0.8840000000 0.4999952672 0.4999888001 0.4999933741 2.6249849344 0.4999952672 0.2499920337 1.3124800436 0.0100896223
0.8860000000 0.4999971062 0.4999931521 0.4999959487 2.6249907885 0.4999971062 0.2499951292 1.3124877982 0.0097186700
0.8880000000 0.4999982688 0.4999959033 0.4999975764 2.6249944893 0.4999982688 0.2499970861 1.3124927003 0.0090539874
0.8900000000 0.4999989888 0.4999976070 0.4999985843 2.6249967810 0.4999989888 0.2499982979 1.3124957360 0.0080310210
0.8920000000 0.4999994240 0.4999986369 0.4999991936 2.6249981664 0.4999994240 0.2499990304 1.3124975711 0.0066564186
0.8940000000 0.4999996800 0.4999992427 0.4999995520 2.6249989813 0.4999996800 0.2499994613 1.3124986506 0.0050683918
0.8960000000 0.4999998263 0.4999995890 0.4999997568 2.6249994471 0.4999998263 0.2499997076 1.3124992676 0.0035174368
0.8980000000 0.4999999077 0.4999997815 0.4999998707 2.6249997060 0.4999999077 0.2499998446 1.3124996106 0.0022367878
0.9000000000 0.4999999518 0.4999998858 0.4999999325 2.6249998464 0.4999999518 0.2499999188 1.3124997966 0.0013237151
0.9020000000 0.4999999752 0.4999999413 0.4999999653 2.6249999210 0.4999999752 0.2499999582 1.3124998953 0.0007425547
0.9040000000 0.4999999874 0.4999999702 0.4999999824 2.6249999599 0.4999999874 0.2499999788 1.3124999469 0.0004010864
0.9060000000 0.4999999937 0.4999999850 0.4999999912 2.6249999799 0.4999999937 0.2499999894 1.3124999733 0.0002109236
0.9080000000 0.4999999969 0.4999999926 0.4999999956 2.6249999900 0.4999999969 0.2499999947 1.3124999868 0.0001087448
0.9100000000 0.4999999985 0.4999999964 0.4999999978 2.6249999951 0.4999999985 0.2499999974 1.3124999935 0.0000551904
0.9120000000 0.4999999993 0.4999999982 0.4999999990 2.6249999976 0.4999999993 0.2499999987 1.3124999968 0.0000276379
0.9140000000 0.4999999996 0.4999999992 0.4999999995 2.6249999989 0.4999999996 0.2499999994 1.3124999985 0.0000136742
0.9160000000 0.4999999998 0.4999999996 0.4999999998 2.6249999995 0.4999999998 0.2499999997 1.3124999993 0.0000066894
0.9180000000 0.4999999999 0.4999999998 0.4999999999 2.6249999997 0.4999999999 0.2499999999 1.3124999997 0.0000032372
0.9200000000 0.5000000000 0.4999999999 0.4999999999 2.6249999999 0.5000000000 0.2499999999 1.3124999998 0.0000015501
0.9220000000 0.5000000000 0.5000000000 0.5000000000 2.6249999999 0.5000000000 0.2500000000 1.3124999999 0.0000007347
0.9240000000 0.5000000000 0.5000000000 0.5000000000 2.6250000000 0.5000000000 0.2500000000 1.3125000000 0.0000003447
0.9260000000 0.5000000000 0.5000000000 0.5000000000 2.6250000000 0.5000000000 0.2500000000 1.3125000000 0.0000001601
0.9280000000 0.5000000000 0.5000000000 0.5000000000 2.6250000000 0.5000000000 0.2500000000 1.3125000000 0.0000000736
0.9300000000 0.5000000000 0.5000000000 0.5000000000 2.6250000000 0.5000000000 0.2500000000 1.3125000000 0.0000000335
0.9320000000 0.5000000000 0.5000000000 0.5000000000 2.6250000000 0.5000000000 0.2500000000 1.3125000000 0.0000000151
0.9340000000 0.5000000000 0.5000000000 0.5000000000 2.6250000000 0.5000000000 0.2500000000 1.3125000000 0.0000000068
0.9360000000 0.5000000000 0.5000000000 0.5000000000 2.6250000000 0.5000000000 0.2500000000 1.3125000000 0.0000000030
0.9380000000 0.5000000000 0.5000000000 0.5000000000 2.6250000000 0.5000000000 0.2500000000 1.3125000000 0.0000000013
0.9400000000 0.5000000000 0.5000000000 0.5000000000 2.6250000000 0.5000000000 0.2500000000 1.3125000000 0.0000000006
0.9420000000 0.5000000000 0.5000000000 0.5000000000 2.6250000000 0.5000000000 0.2500000000 1.3125000000 0.0000000002
0.9440000000 0.5000000000 0.5000000000 0.5000000000 2.6250000000 0.5000000000 0.2500000000 1.3125000000 0.0000000001
0.9460000000 0.5000000000 0.5000000000 0.5000000000 2.6250000000 0.5000000000 0.2500000000 1.3125000000 0.0000000001
0.9480000000 0.5000000000 0.5000000000 0.5000000000 2.6250000000 0.5000000000 0.2500000000 1.3125000000 0.0000000000
0.9500000000 0.5000000000 0.5000000000 0.5000000000 2.6250000000 0.5000000000 0.2500000000 1.3125000000 0.0000000000
0.9520000000 0.5000000000 0.5000000000 0.5000000000 2.6250000000 0.5000000000 0.2500000000 1.3125000000 0.0000000000
0.9540000000 0.5000000000 0.5000000000 0.5000000000 2.6250000000 0.5000000000 0.2500000000 1.3125000000 0.0000000000
0.9560000000 0.5000000000 0.5000000000 0.5000000000 2.6250000000 0.5000000000 0.2500000000 1.3125000000 0.0000000000
0.9580000000 0.5000000000 0.5000000000 0.5000000000 2.6250000000 0.5000000000 0.2500000000 1.3125000000 0.0000000000
0.9600000000 0.5000000000 0.5000000000 0.5000000000 2.6250000000 0.5000000000 0.2500000000 1.3125000000 0.0000000000
0.9620000000 0.5000000000 0.5000000000 0.5000000000 2.6250000000 0.5000000000 0.2500000000 1.3125000000 0.0000000000
0.9640000000 0.5000000000 0.5000000000 0.5000000000 2.6250000000 0.5000000000 0.2500000000 1.3125000000 0.0000000000
0.9660000000 0.5000000000 0.5000000000 0.5000000000 2.6250000000 0.5000000000 0.2500000000 1.3125000000 0.0000000000
0.9680000000 0.5000000000 0.5000000000 0.5000000000 2.6250000000 0.5000000000 0.2500000000 1.3125000000 0.0000000000
0.9700000000 0.5000000000 0.5000000000 0.5000000000 2.6250000000 0.5000000000 0.2500000000 1.3125000000 0.0000000000
0.9720000000 0.5000000000 0.5000000000 0.5000000000 2.6250000000 0.5000000000 0.2500000000 1.3125000000 0.0000000000
0.9740000000 0.5000000000 0.5000000000 0.5000000000 2.6250000000 0.5000000000 0.2500000000 1.3125000000 0.0000000000
0.9760000000 0.5000000000 0.5000000000 0.5000000000 2.6250000000 0.5000000000 0.2500000000 1.3125000000 0.0000000000
0.9780000000 0.5000000000 0.5000000000 0.5000000000 2.6250000000 0.5000000000 0.2500000000 1.3125000000 0.0000000000
0.9800000000 0.5000000000 0.5000000000 0.5000000000 2.6250000000 0.5000000000 0.2500000000 1.3125000000 0.0000000000
0.9820000000 0.5000000000 0.5000000000 0.5000000000 2.6250000000 0.5000000000 0.2500000000 1.3125000000 0.0000000000
0.9840000000 0.5000000000 0.5000000000 0.5000000000 2.6250000000 0.5000000000 0.2500000000 1.3125000000 0.0000000000
0.9860000000 0.5000000000 0.5000000000 0.5000000000 2.6250000000 0.5000000000 0.2500000000 1.3125000000 0.0000000000
0.9880000000 0.5000000000 0.5000000000 0.5000000000 2.6250000000 0.5000000000 0.2500000000 1.3125000000 0.0000000000
0.9900000000 0.5000000000 0.5000000000 0.5000000000 2.6250000000 0.5000000000 0.2500000000 1.3125000000 0.0000000000
0.9920000000 0.5000000000 0.5000000000 0.5000000000 2.6250000000 0.5000000000 0.2500000000 1.3125000000 0.0000000000
0.9940000000 0.5000000000 0.5000000000 0.5000000000 2.6250000000 0.5000000000 0.2500000000 1.3125000000 0.0000000000
0.9960000000 0.5000000000 0.5000000000 0.5000000000 2.6250000000 0.5000000000 0.2500000000 1.3125000000 0.0000000000
0.9980000000 0.5000000000 0.5000000000 0.5000000000 2.6250000000 0.5000000000 0.2500000000 1.3125000000 0.0000000000
1.0000000000 0.5000000000 0.5000000000 0.5000000000 2.6250000000 0.5000000000 0.2500000000 1.3125000000 0.0000000000
