TITLE = "1D Euler Filtered MacCormack Result"
VARIABLES = "x", "rho", "u", "p", "E", "rho_conserved", "rhou", "rhoE", "nu"
ZONE T="t=0.20000000", I=201, F=POINT
0.0000000000 1.0000000000 -0.2000000000 0.5000000000 1.2700000000 1.0000000000 -0.2000000000 1.2700000000 0.0000000000
0.0050000000 1.0000000000 -0.2000000000 0.5000000000 1.2700000000 1.0000000000 -0.2000000000 1.2700000000 0.0000000000
0.0100000000 1.0000000000 -0.2000000000 0.5000000000 1.2700000000 1.0000000000 -0.2000000000 1.2700000000 0.0000000000
0.0150000000 1.0000000000 -0.2000000000 0.5000000000 1.2700000000 1.0000000000 -0.2000000000 1.2700000000 0.0000000000
0.0200000000 1.0000000000 -0.2000000000 0.5000000000 1.2700000000 1.0000000000 -0.2000000000 1.2700000000 0.0000000000
0.0250000000 1.0000000000 -0.2000000000 0.5000000000 1.2700000000 1.0000000000 -0.2000000000 1.2700000000 0.0000000000
0.0300000000 1.0000000000 -0.2000000000 0.5000000000 1.2700000000 1.0000000000 -0.2000000000 1.2700000000 0.0000000000
0.0350000000 1.0000000000 -0.2000000000 0.5000000000 1.2700000000 1.0000000000 -0.2000000000 1.2700000000 0.0000000000
0.0400000000 1.0000000000 -0.2000000000 0.5000000000 1.2700000000 1.0000000000 -0.2000000000 1.2700000000 0.0000000000
0.0450000000 1.0000000000 -0.2000000000 0.5000000000 1.2700000000 1.0000000000 -0.2000000000 1.2700000000 0.0000000000
0.0500000000 1.0000000000 -0.2000000000 0.5000000000 1.2700000000 1.0000000000 -0.2000000000 1.2700000000 0.0000000000
0.0550000000 1.0000000000 -0.2000000000 0.5000000000 1.2700000000 1.0000000000 -0.2000000000 1.2700000000 0.0000000000
0.0600000000 1.0000000000 -0.2000000000 0.5000000000 1.2700000000 1.0000000000 -0.2000000000 1.2700000000 0.0000000000
0.0650000000 1.0000000000 -0.2000000000 0.5000000000 1.2700000000 1.0000000000 -0.2000000000 1.2700000000 0.0000000000
0.0700000000 1.0000000000 -0.2000000000 0.5000000000 1.2700000000 1.0000000000 -0.2000000000 1.2700000000 0.0000000000
0.0750000000 1.0000000000 -0.2000000000 0.5000000000 1.2700000000 1.0000000000 -0.2000000000 1.2700000000 0.0000000000
0.0800000000 1.0000000000 -0.2000000000 0.5000000000 1.2700000000 1.0000000000 -0.2000000000 1.2700000000 0.0000000000
0.0850000000 1.0000000000 -0.2000000000 0.5000000000 1.2700000000 1.0000000000 -0.2000000000 1.2700000000 0.0000000000
0.0900000000 1.0000000000 -0.2000000000 0.5000000000 1.2700000000 1.0000000000 -0.2000000000 1.2700000000 0.0000000000
0.0950000000 1.0000000000 -0.2000000000 0.5000000000 1.2700000000 1.0000000000 -0.2000000000 1.2700000000 0.0000000000
0.1000000000 1.0000000000 -0.2000000000 0.5000000000 1.2700000000 1.0000000000 -0.2000000000 1.2700000000 0.0000000000
0.1050000000 1.0000000000 -0.2000000000 0.5000000000 1.2700000000 1.0000000000 -0.2000000000 1.2700000000 0.0000000000
0.1100000000 1.0000000000 -0.2000000000 0.5000000000 1.2700000000 1.0000000000 -0.2000000000 1.2700000000 0.0000000000
0.1150000000 1.0000000000 -0.2000000000 0.5000000000 1.2700000000 1.0000000000 -0.2000000000 1.2700000000 0.0000000000
0.1200000000 1.0000000000 -0.2000000000 0.5000000000 1.2700000000 1.0000000000 -0.2000000000 1.2700000000 0.0000000000
0.1250000000 1.0000000000 -0.2000000000 0.5000000000 1.2700000000 1.0000000000 -0.2000000000 1.2700000000 0.0000000002
0.1300000000 1.0000000000 -0.2000000000 0.5000000000 1.2700000000 1.0000000000 -0.2000000000 1.2700000000 0.0000000012
0.1350000000 1.0000000000 -0.2000000000 0.5000000000 1.2700000000 1.0000000000 -0.2000000000 1.2700000000 0.0000000055
0.1400000000 1.0000000000 -0.2000000000 0.5000000000 1.2700000000 1.0000000000 -0.2000000000 1.2700000000 0.0000000249
0.1450000000 1.0000000000 -0.2000000000 0.5000000000 1.2700000000 1.0000000000 -0.2000000000 1.2700000000 0.0000001084
0.1500000000 1.0000000000 -0.2000000000 0.5000000000 1.2700000000 1.0000000000 -0.2000000000 1.2700000000 0.0000004582
0.1550000000 1.0000000000 -0.2000000000 0.5000000000 1.2700000000 1.0000000000 -0.2000000000 1.2700000000 0.0000018684
0.1600000000 1.0000000000 -0.2000000000 0.5000000000 1.2700000000 1.0000000000 -0.2000000000 1.2699999999 0.0000073609
0.1650000000 0.9999999998 -0.1999999999 0.4999999999 1.2699999999 0.9999999998 -0.1999999998 1.2699999997 0.0000279851
0.1700000000 0.9999999994 -0.1999999995 0.4999999995 1.2699999996 0.9999999994 -0.1999999993 1.2699999988 0.0001024820
0.1750000000 0.9999999976 -0.1999999980 0.4999999983 1.2699999984 0.9999999976 -0.1999999975 1.2699999954 0.0003596019
0.1800000000 0.9999999914 -0.1999999928 0.4999999940 1.2699999943 0.9999999914 -0.1999999911 1.2699999834 0.0011913580
0.1850000000 0.9999999707 -0.1999999754 0.4999999795 1.2699999804 0.9999999707 -0.1999999696 1.2699999431 0.0035927266
0.1900000000 0.9999999048 -0.1999999203 0.4999999334 1.2699999365 0.9999999048 -0.1999999013 1.2699998155 0.0091931155
0.1950000000 0.9999997123 -0.1999997593 0.4999997986 1.2699998080 0.9999997123 -0.1999997018 1.2699994427 0.0183266775
0.2000000000 0.9999992007 -0.1999993312 0.4999994405 1.2699994666 0.9999992007 -0.1999991714 1.2699984514 0.0276293657
0.2050000000 0.9999979563 -0.1999982901 0.4999985694 1.2699986361 0.9999979563 -0.1999978813 1.2699960406 0.0336149571
0.2100000000 0.9999951305 -0.1999959259 0.4999965914 1.2699967505 0.9999951305 -0.1999949520 1.2699905663 0.0362390438
0.2150000000 0.9999890250 -0.1999908177 0.4999923176 1.2699926761 0.9999890250 -0.1999886228 1.2699787380 0.0368329169
0.2200000000 0.9999763289 -0.1999801953 0.4999834304 1.2699842038 0.9999763289 -0.1999754615 1.2699541419 0.0363825011
0.2250000000 0.9999507870 -0.1999588251 0.4999655516 1.2699671598 0.9999507870 -0.1999489845 1.2699046609 0.0354005478
0.2300000000 0.9999009840 -0.1999171557 0.4999306913 1.2699339278 0.9999009840 -0.1998973607 1.2698081840 0.0341270956
0.2350000000 0.9998068521 -0.1998383943 0.4998648055 1.2698711220 0.9998068521 -0.1997997959 1.2696258490 0.0326696764
0.2400000000 0.9996345145 -0.1996941874 0.4997441913 1.2697561526 0.9996345145 -0.1996212020 1.2692920751 0.0310743923
0.2450000000 0.9993292511 -0.1994387190 0.4995305766 1.2695525539 0.9993292511 -0.1993049457 1.2687010030 0.0293596095
0.2500000000 0.9988068560 -0.1990014329 0.4991651054 1.2692042670 0.9988068560 -0.1987639955 1.2676899235 0.0275322362
0.2550000000 0.9979445248 -0.1982792872 0.4985620402 1.2686296701 0.9979445248 -0.1978717291 1.2660220333 0.0255962914
0.2600000000 0.9965736161 -0.1971304133 0.4976038614 1.2677169630 0.9965736161 -0.1964549688 1.2633732780 0.0235580942
0.2650000000 0.9944778047 -0.1953719793 0.4961402819 1.2663233029 0.9944778047 -0.1942930971 1.2593304183 0.0214297950
0.2700000000 0.9914005952 -0.1927853984 0.4939939988 1.2642803569 0.9914005952 -0.1911275587 1.2534082984 0.0192317187
0.2750000000 0.9870650192 -0.1891311235 0.4909751493 1.2614081080 0.9870650192 -0.1866847161 1.2450918183 0.0169934109
0.2800000000 0.9812051676 -0.1841728529 0.4869041126 1.2575365327 0.9812051676 -0.1807113550 1.2339013444 0.0147531303
0.2850000000 0.9736046341 -0.1777075449 0.4816389696 1.2525316588 0.9736046341 -0.1730168892 1.2194706274 0.0125556711
0.2900000000 0.9641328860 -0.1695946319 0.4751010304 1.2463198299 0.9641328860 -0.1635117619 1.2016179345 0.0104487023
0.2950000000 0.9527694177 -0.1597768833 0.4672911056 1.2389033503 0.9527694177 -0.1522305280 1.1803892236 0.0084781275
0.3000000000 0.9396085410 -0.1482873432 0.4582915317 1.2303628255 0.9396085410 -0.1393320542 1.1560594194 0.0066831752
0.3050000000 0.9248438529 -0.1352410195 0.4482535615 1.2208457232 0.9248438529 -0.1250768256 1.1290916624 0.0050919751
0.3100000000 0.9087379138 -0.1208146543 0.4373744396 1.2105450137 0.9087379138 -0.1097888569 1.1000681504 0.0037182729
0.3150000000 0.8915865339 -0.1052210158 0.4258711444 1.1996742926 0.8915865339 -0.0938136408 1.0696134443 0.0025596763
0.3200000000 0.8736870301 -0.0886847123 0.4139575364 1.1884457133 0.8736870301 -0.0774826829 1.0383296056 0.0015973796
0.3250000000 0.8553168260 -0.0714249373 0.4018292879 1.1770549787 0.8553168260 -0.0610909507 1.0067549284 0.0007965728
0.3300000000 0.8367249409 -0.0536481061 0.3896580834 1.1656749522 0.8367249409 -0.0448887084 0.9753493055 0.0001079787
0.3350000000 0.8181351656 -0.0355510527 0.3775941626 1.1544576708 0.8181351656 -0.0290855664 0.9445024177 0.0005256828
0.3400000000 0.7997564121 -0.0173304567 0.3657731883 1.1435395304 0.7997564121 -0.0138601438 0.9145530719 0.0011727187
0.3450000000 0.7817990202 0.0008015571 0.3543264537 1.1330487279 0.7817990202 0.0006266566 0.8858163854 0.0019326906
0.3500000000 0.7645000425 0.0185896491 0.3433970930 1.1231193992 0.7645000425 0.0142117875 0.8586248285 0.0029573594
0.3550000000 0.7481563838 0.0356973135 0.3331602544 1.1139079224 0.7481563838 0.0267071729 0.8333773231 0.0044874868
0.3600000000 0.7331626306 0.0516612650 0.3238455356 1.1056103641 0.7331626306 0.0378761089 0.8105922029 0.0069149003
0.3650000000 0.7200384260 0.0658551010 0.3157527497 1.0984736522 0.7200384260 0.0474182033 0.7909432395 0.0108701885
0.3700000000 0.7094015194 0.0775151868 0.3092355188 1.0927803680 0.7094015194 0.0549893913 0.7752200535 0.0173324194
0.3750000000 0.7018084589 0.0859251424 0.3046070261 1.0887704860 0.7018084589 0.0603029917 0.7641083369 0.0278118045
0.3800000000 0.6974228442 0.0908127927 0.3019442750 1.0864807542 0.6974228442 0.0633349161 0.7577364978 0.0450521285
0.3850000000 0.6956924439 0.0927432488 0.3008978615 1.0855897510 0.6956924439 0.0645207774 0.7552365869 0.0780106272
0.3900000000 0.6954590331 0.0929984140 0.3007597261 1.0854797902 0.6954590331 0.0646765871 0.7549067253 0.1101422803
0.3950000000 0.6957810294 0.0926314453 0.3009583163 1.0856589400 0.6957810294 0.0644512024 0.7553808948 0.0437449692
0.4000000000 0.6964662579 0.0918578182 0.3013773759 1.0860278919 0.6964662579 0.0639758709 0.7563817818 0.0148422035
0.4050000000 0.6973169751 0.0908994058 0.3018972729 1.0864844405 0.6973169751 0.0633856987 0.7576240435 0.0139955393
0.4100000000 0.6979287639 0.0902074750 0.3022731027 1.0868192498 0.6979287639 0.0629583916 0.7585224156 0.0506553505
0.4150000000 0.6981336323 0.0899681633 0.3024031460 1.0869456380 0.6981336323 0.0628098006 0.7588333063 0.0959701848
0.4200000000 0.6981416441 0.0899466470 0.3024147998 1.0869730067 0.6981416441 0.0627955000 0.7588611220 0.1081741316
0.4250000000 0.6981071898 0.0899709714 0.3024015312 1.0869811249 0.6981071898 0.0628093820 0.7588293385 0.0039832791
0.4300000000 0.6980736927 0.0899918885 0.3023901114 1.0869940742 0.6980736927 0.0628209699 0.7588019673 0.0617344018
0.4350000000 0.6980662386 0.0899800174 0.3023965088 1.0870274811 0.6980662386 0.0628120123 0.7588171849 0.1008067118
0.4400000000 0.6980665014 0.0899556265 0.3024097077 1.0870721485 0.6980665014 0.0627950095 0.7588486514 0.0996860634
0.4450000000 0.6980563723 0.0899371687 0.3024196788 1.0871219136 0.6980563723 0.0627812137 0.7588723792 0.0596252687
0.4500000000 0.6980245176 0.0899361042 0.3024201917 1.0871730816 0.6980245176 0.0627776058 0.7588734659 0.0301633011
0.4550000000 0.6979709244 0.0899489337 0.3024131445 1.0872321610 0.6979709244 0.0627817404 0.7588564365 0.0113585967
0.4600000000 0.6979064636 0.0899556708 0.3024093907 1.0873193668 0.6979064636 0.0627806441 0.7588472141 0.0188029107
0.4650000000 0.6978133911 0.0899485052 0.3024131946 1.0874768344 0.6978133911 0.0627672714 0.7588558976 0.0384421782
0.4700000000 0.6976189936 0.0899439716 0.3024155814 1.0877868874 0.6976189936 0.0627466229 0.7588607936 0.0418880841
0.4750000000 0.6971878046 0.0899469871 0.3024138531 1.0884512219 0.6971878046 0.0627099424 0.7588549178 0.0419711163
0.4800000000 0.6962282264 0.0899488572 0.3024127016 1.0899418409 0.6962282264 0.0626249333 0.7588482747 0.0415646363
0.4850000000 0.6941103241 0.0899465482 0.3024137919 1.0932588987 0.6941103241 0.0624328277 0.7588422885 0.0400132932
0.4900000000 0.6895879039 0.0899457108 0.3024141095 1.1004032005 0.6895879039 0.0620254742 0.7588247365 0.0374630748
0.4950000000 0.6804270146 0.0899476118 0.3024129711 1.1151599417 0.6804270146 0.0612027850 0.7587849499 0.0342017729
0.5000000000 0.6630505459 0.0899473249 0.3024129923 1.1442788152 0.6630505459 0.0596396229 0.7587146931 0.0302277302
0.5050000000 0.6325737020 0.0899452549 0.3024139137 1.1992177189 0.6325737020 0.0568970029 0.7585935919 0.0251295376
0.5100000000 0.5841366551 0.0899459421 0.3024133439 1.2983199486 0.5841366551 0.0525407218 0.7583962720 0.0142492083
0.5150000000 0.5209965454 0.0899469262 0.3024126705 1.4551713077 0.5209965454 0.0468620378 0.7581392243 0.0056564087
0.5200000000 0.4637504750 0.0899452324 0.3024131357 1.6343028941 0.4637504750 0.0417121443 0.7579087434 0.0150630390
0.5250000000 0.4201255528 0.0899451299 0.3024128361 1.8035835234 0.4201255528 0.0377882474 0.7577315247 0.0209310467
0.5300000000 0.3903286343 0.0899451531 0.3024125915 1.9409551769 0.3903286343 0.0351081688 0.7576103835 0.0254522182
0.5350000000 0.3716492361 0.0899448278 0.3024127316 2.0383067956 0.3716492361 0.0334279265 0.7575351635 0.0292146862
0.5400000000 0.3607596106 0.0899452456 0.3024127953 2.0997120109 0.3607596106 0.0324486118 0.7574912874 0.0324838111
0.5450000000 0.3548061737 0.0899454487 0.3024128853 2.1348767101 0.3548061737 0.0319132005 0.7574674367 0.0354128172
0.5500000000 0.3517365658 0.0899454399 0.3024129052 2.1534726355 0.3517365658 0.0316371001 0.7574550694 0.0381086936
0.5550000000 0.3502384505 0.0899454677 0.3024129059 2.1626666375 0.3502384505 0.0315023612 0.7574490121 0.0406245484
0.5600000000 0.3495446529 0.0899444468 0.3024125185 2.1669483390 0.3495446529 0.0314396004 0.7574452050 0.0429722106
0.5650000000 0.3492391425 0.0899401099 0.3024108527 2.1688281070 0.3492391425 0.0314106069 0.7574396684 0.0456075039
0.5700000000 0.3491120453 0.0899334190 0.3024082810 2.1695971977 0.3491120453 0.0313968399 0.7574325151 0.0513734427
0.5750000000 0.3490651636 0.0899314263 0.3024075158 2.1698823856 0.3490651636 0.0313919280 0.7574303500 0.0676855095
0.5800000000 0.3490534055 0.0899408244 0.3024111283 2.1699820620 0.3490534055 0.0313941510 0.7574396286 0.1039026499
0.5850000000 0.3490582649 0.0899612710 0.3024189872 2.1700100353 0.3490582649 0.0314017252 0.7574599377 0.0200792638
0.5900000000 0.3490679274 0.0899744674 0.3024240584 2.1699875860 0.3490679274 0.0314072008 0.7574730691 0.0585135814
0.5950000000 0.3490717559 0.0899664966 0.3024209919 2.1699411514 0.3490717559 0.0314047629 0.7574651679 0.0981645602
0.6000000000 0.3490675674 0.0899337848 0.3024084138 2.1698741141 0.3490675674 0.0313929675 0.7574326786 0.0139944487
0.6050000000 0.3490598235 0.0898919981 0.3023923468 2.1698033333 0.3490598235 0.0313776850 0.7573911685 0.0978797867
0.6100000000 0.3490578151 0.0898701203 0.3023839328 2.1697535661 0.3490578151 0.0313698678 0.7573694390 0.1020949562
0.6150000000 0.3490736102 0.0899064108 0.3023978789 2.1697587113 0.3490736102 0.0313839554 0.7574055065 0.0320018668
0.6200000000 0.3491098926 0.0900091531 0.3024373730 2.1698256947 0.3491098926 0.0314230858 0.7575076152 0.0090585090
0.6250000000 0.3491450191 0.0901095697 0.3024759779 2.1698932698 0.3491450191 0.0314613074 0.7576074271 0.0643984143
0.6300000000 0.3491590069 0.0901443206 0.3024893360 2.1699052806 0.3491590069 0.0314747014 0.7576419728 0.1080445889
0.6350000000 0.3491315980 0.0900495185 0.3024528789 2.1698057147 0.3491315980 0.0314391323 0.7575477365 0.0385756315
0.6400000000 0.3490555414 0.0898022275 0.3023578044 2.1695744369 0.3490555414 0.0313459651 0.7573019797 0.0072363983
0.6450000000 0.3489785890 0.0895527917 0.3022619314 2.1693427751 0.3489785890 0.0312520069 0.7570541807 0.0782439735
0.6500000000 0.3489512742 0.0894605162 0.3022264679 2.1692499390 0.3489512742 0.0312173611 0.7569625303 0.1095486540
0.6550000000 0.3490436301 0.0897464457 0.3023363480 2.1694896496 0.3490436301 0.0313254252 0.7572465428 0.0430011647
0.6600000000 0.3493109600 0.0905847103 0.3026586887 2.1702149652 0.3493109600 0.0316422321 0.7580798730 0.0059078941
0.6650000000 0.3496480694 0.0916426421 0.3030659288 2.1711347098 0.3496480694 0.0320426729 0.7591330596 0.0248193487
0.6700000000 0.3498873205 0.0923918874 0.3033546378 2.1717847851 0.3498873205 0.0323267499 0.7598799591 0.1098965235
0.6750000000 0.3499085002 0.0924546413 0.3033788376 2.1718322878 0.3499085002 0.0323506649 0.7599425786 0.0924572401
0.6800000000 0.3494623312 0.0910459849 0.3028362013 2.1705884929 0.3494623312 0.0318171421 0.7585389148 0.0366397805
0.6850000000 0.3484063983 0.0877115861 0.3015549937 2.1676630774 0.3484063983 0.0305592778 0.7552276856 0.0091478135
0.6900000000 0.3470376208 0.0833771318 0.2998965242 2.1638794302 0.3470376208 0.0289350014 0.7509475691 0.0102014999
0.6950000000 0.3458200295 0.0795082135 0.2984229096 2.1605178142 0.3458200295 0.0274955327 0.7471503343 0.0285069516
0.7000000000 0.3450408208 0.0770252680 0.2974805010 2.1583672211 0.3450408208 0.0265768617 0.7447247976 0.0660624539
0.7050000000 0.3447594323 0.0761259774 0.2971398144 2.1575871030 0.3447594323 0.0262451488 0.7438485047 0.1101715119
0.7100000000 0.3451336105 0.0773158256 0.2975907470 2.1586087349 0.3451336105 0.0266842900 0.7450084264 0.0533887160
0.7150000000 0.3465449389 0.0818023927 0.2992961411 2.1624896056 0.3465449389 0.0283482052 0.7493998283 0.0279162823
0.7200000000 0.3491062038 0.0899093035 0.3023988157 2.1695634820 0.3491062038 0.0313878956 0.7574080712 0.0162088329
0.7250000000 0.3526821035 0.1011480524 0.3067456956 2.1794935553 0.3526821035 0.0356731079 0.7686683716 0.0099758823
0.7300000000 0.3570579323 0.1147761094 0.3120885297 2.1917260888 0.3570579323 0.0409817203 0.7825731855 0.0064381447
0.7350000000 0.3620347500 0.1301128923 0.3181965609 2.2057438173 0.3620347500 0.0471053884 0.7985559114 0.0043531023
0.7400000000 0.3674587868 0.1466356611 0.3248913824 2.2211443514 0.3674587868 0.0538825621 0.8161790086 0.0030826524
0.7450000000 0.3732199267 0.1639720244 0.3320453706 2.2376371575 0.3732199267 0.0611976269 0.8351307759 0.0022798107
0.7500000000 0.3792412433 0.1818632632 0.3395695401 2.2550168914 0.3792412433 0.0689700500 0.8551954095 0.0017498729
0.7550000000 0.3854686008 0.2001286938 0.3474014068 2.2731366753 0.3854686008 0.0771433276 0.8762228136 0.0013806816
0.7600000000 0.3918626712 0.2186386768 0.3554956141 2.2918873922 0.3918626712 0.0856763359 0.8981051157 0.0011053402
0.7650000000 0.3983932807 0.2372958098 0.3638172454 2.3111828980 0.3983932807 0.0945370562 0.9207597371 0.0008819387
0.7700000000 0.4050354454 0.2560220229 0.3723370593 2.3309494120 0.4050354454 0.1036979941 0.9441171333 0.0006818968
0.7750000000 0.4117664491 0.2747494253 0.3810279027 2.3511175246 0.4117664491 0.1131325953 0.9681113145 0.0004831693
0.7800000000 0.4185634708 0.2934132931 0.3898617061 2.3716154990 0.4185634708 0.1228120864 0.9926716147 0.0002661541
0.7850000000 0.4254014258 0.3119461208 0.3988066421 2.3923629101 0.4254014258 0.1327023246 1.0177145930 0.0000113343
0.7900000000 0.4322508198 0.3302720599 0.4078241694 2.4132639109 0.4322508198 0.1427603687 1.0431353039 0.0003016339
0.7950000000 0.4390756295 0.3483018270 0.4168660283 2.4342005002 0.4390756295 0.1529308440 1.0687981170 0.0006953878
0.8000000000 0.4458312732 0.3659284991 0.4258713890 2.4550267317 0.4458312732 0.1631423686 1.0945276935 0.0011964032
0.8050000000 0.4524627076 0.3830234373 0.4347639549 2.4755622533 0.4524627076 0.1733038215 1.1200995999 0.0018327666
0.8100000000 0.4589032240 0.3994342628 0.4434500260 2.4955883703 0.4589032240 0.1833016710 1.1452335489 0.0026312770
0.8150000000 0.4650748314 0.4149867183 0.4518187500 2.5148492003 0.4650748314 0.1929998780 1.1695930679 0.0036145812
0.8200000000 0.4708910421 0.4294920333 0.4597457768 2.5330605555 0.4708910421 0.2022439512 1.1927955248 0.0047979787
0.8250000000 0.4762626233 0.4427607239 0.4671012113 2.5499284023 0.4762626233 0.2108703839 1.2144355902 0.0061865505
0.8300000000 0.4811062175 0.4546222316 0.4737618294 2.5651766190 0.4811062175 0.2187215822 1.2341224204 0.0077732778
0.8350000000 0.4853547233 0.4649476481 0.4796260533 2.5785805123 0.4853547233 0.2256645371 1.2515262312 0.0095386576
0.8400000000 0.4889673047 0.4736707400 0.4846286516 2.5899992491 0.4889673047 0.2316095050 1.2664249519 0.0114520410
0.8450000000 0.4919363828 0.4808016547 0.4887513089 2.5993987043 0.4919363828 0.2365238269 1.2787387960 0.0134745680
0.8500000000 0.4942894140 0.4864288747 0.4920257864 2.6068576271 0.4942894140 0.2404366435 1.2885421289 0.0155632161
0.8550000000 0.4960846754 0.4907081248 0.4945284231 2.6125545570 0.4960846754 0.2434327808 1.2960482793 0.0176752041
0.8600000000 0.4974021306 0.4938408540 0.4963674244 2.6167388429 0.4974021306 0.2456374929 1.3015714756 0.0197718964
0.8650000000 0.4983318844 0.4960478829 0.4976665112 2.6196937486 0.4983318844 0.2471964763 1.3054769223 0.0218214881
0.8700000000 0.4989631263 0.4975445552 0.4985491178 2.6217009479 0.4989631263 0.2482563867 1.3081321012 0.0238000504
0.8750000000 0.4993757807 0.4985222058 0.4991263682 2.6230135734 0.4993757807 0.2489499157 1.3098694510 0.0256908451
0.8800000000 0.4996358186 0.4991379828 0.4994902420 2.6238409498 0.4996358186 0.2493872146 1.3109649207 0.0274819633
0.8850000000 0.4997939830 0.4995124104 0.4997116078 2.6243442781 0.4997939830 0.2496532972 1.3116314796 0.0291621433
0.8900000000 0.4998869597 0.4997324789 0.4998417533 2.6246401923 0.4998869597 0.2498097496 1.3120234061 0.0307138772
0.8950000000 0.4999398472 0.4998576474 0.4999157890 2.6248085280 0.4999398472 0.2498987559 1.3122463745 0.0321012586
0.9000000000 0.4999689846 0.4999266029 0.4999565793 2.6249012735 0.4999689846 0.2499477961 1.3123692245 0.0332467299
0.9050000000 0.4999845388 0.4999634118 0.4999783545 2.6249507841 0.4999845388 0.2499739758 1.3124348071 0.0339848972
0.9100000000 0.4999925794 0.4999824396 0.4999896112 2.6249763788 0.4999925794 0.2499875097 1.3124687106 0.0339744293
0.9150000000 0.4999965948 0.4999919419 0.4999952328 2.6249891607 0.4999965948 0.2499942684 1.3124856419 0.0325635001
0.9200000000 0.4999985209 0.4999964997 0.4999979292 2.6249952916 0.4999985209 0.2499975103 1.3124937631 0.0287550731
0.9250000000 0.4999993987 0.4999985770 0.4999991581 2.6249980858 0.4999993987 0.2499989878 1.3124974644 0.0218929538
0.9300000000 0.4999997730 0.4999994628 0.4999996822 2.6249992774 0.4999997730 0.2499996179 1.3124990429 0.0133857343
0.9350000000 0.4999999204 0.4999998116 0.4999998886 2.6249997466 0.4999999204 0.2499998660 1.3124996643 0.0064329522
0.9400000000 0.4999999738 0.4999999381 0.4999999634 2.6249999167 0.4999999738 0.2499999560 1.3124998897 0.0025418926
0.9450000000 0.4999999918 0.4999999807 0.4999999886 2.6249999740 0.4999999918 0.2499999863 1.3124999656 0.0008825400
0.9500000000 0.4999999976 0.4999999943 0.4999999966 2.6249999923 0.4999999976 0.2499999959 1.3124999898 0.0002826252
0.9550000000 0.4999999993 0.4999999984 0.4999999990 2.6249999978 0.4999999993 0.2499999988 1.3124999971 0.0000855838
0.9600000000 0.4999999998 0.4999999995 0.4999999997 2.6249999994 0.4999999998 0.2499999997 1.3124999992 0.0000247591
0.9650000000 0.4999999999 0.4999999999 0.4999999999 2.6249999998 0.4999999999 0.2499999999 1.3124999998 0.0000068686
0.9700000000 0.5000000000 0.5000000000 0.5000000000 2.6250000000 0.5000000000 0.2500000000 1.3124999999 0.0000018295
0.9750000000 0.5000000000 0.5000000000 0.5000000000 2.6250000000 0.5000000000 0.2500000000 1.3125000000 0.0000004680
0.9800000000 0.5000000000 0.5000000000 0.5000000000 2.6250000000 0.5000000000 0.2500000000 1.3125000000 0.0000001150
0.9850000000 0.5000000000 0.5000000000 0.5000000000 2.6250000000 0.5000000000 0.2500000000 1.3125000000 0.0000000271
0.9900000000 0.5000000000 0.5000000000 0.5000000000 2.6250000000 0.5000000000 0.2500000000 1.3125000000 0.0000000060
0.9950000000 0.5000000000 0.5000000000 0.5000000000 2.6250000000 0.5000000000 0.2500000000 1.3125000000 0.0000000018
1.0000000000 0.5000000000 0.5000000000 0.5000000000 2.6250000000 0.5000000000 0.2500000000 1.3125000000 0.0000000000
