TITLE = "1D Euler Filtered MacCormack Result"
VARIABLES = "x", "rho", "u", "p", "E", "rho_conserved", "rhou", "rhoE", "nu"
ZONE T="t=0.20000000", I=201, F=POINT
0.0000000000 1.0000000000 -0.2000000000 0.5000000000 1.2700000000 1.0000000000 -0.2000000000 1.2700000000 0.0000000000
0.0050000000 1.0000000000 -0.2000000000 0.5000000000 1.2700000000 1.0000000000 -0.2000000000 1.2700000000 0.0000000000
0.0100000000 1.0000000000 -0.2000000000 0.5000000000 1.2700000000 1.0000000000 -0.2000000000 1.2700000000 0.0000000000
0.0150000000 1.0000000000 -0.2000000000 0.5000000000 1.2700000000 1.0000000000 -0.2000000000 1.2700000000 0.0000000000
0.0200000000 1.0000000000 -0.2000000000 0.5000000000 1.2700000000 1.0000000000 -0.2000000000 1.2700000000 0.0000000000
0.0250000000 1.0000000000 -0.2000000000 0.5000000000 1.2700000000 1.0000000000 -0.2000000000 1.2700000000 0.0000000000
0.0300000000 1.0000000000 -0.2000000000 0.5000000000 1.2700000000 1.0000000000 -0.2000000000 1.2700000000 0.0000000000
0.0350000000 1.0000000000 -0.2000000000 0.5000000000 1.2700000000 1.0000000000 -0.2000000000 1.2700000000 0.0000000000
0.0400000000 1.0000000000 -0.2000000000 0.5000000000 1.2700000000 1.0000000000 -0.2000000000 1.2700000000 0.0000000000
0.0450000000 1.0000000000 -0.2000000000 0.5000000000 1.2700000000 1.0000000000 -0.2000000000 1.2700000000 0.0000000000
0.0500000000 1.0000000000 -0.2000000000 0.5000000000 1.2700000000 1.0000000000 -0.2000000000 1.2700000000 0.0000000000
0.0550000000 1.0000000000 -0.2000000000 0.5000000000 1.2700000000 1.0000000000 -0.2000000000 1.2700000000 0.0000000000
0.0600000000 1.0000000000 -0.2000000000 0.5000000000 1.2700000000 1.0000000000 -0.2000000000 1.2700000000 0.0000000000
0.0650000000 1.0000000000 -0.2000000000 0.5000000000 1.2700000000 1.0000000000 -0.2000000000 1.2700000000 0.0000000000
0.0700000000 1.0000000000 -0.2000000000 0.5000000000 1.2700000000 1.0000000000 -0.2000000000 1.2700000000 0.0000000000
0.0750000000 1.0000000000 -0.2000000000 0.5000000000 1.2700000000 1.0000000000 -0.2000000000 1.2700000000 0.0000000000
0.0800000000 1.0000000000 -0.2000000000 0.5000000000 1.2700000000 1.0000000000 -0.2000000000 1.2700000000 0.0000000000
0.0850000000 1.0000000000 -0.2000000000 0.5000000000 1.2700000000 1.0000000000 -0.2000000000 1.2700000000 0.0000000000
0.0900000000 1.0000000000 -0.2000000000 0.5000000000 1.2700000000 1.0000000000 -0.2000000000 1.2700000000 0.0000000000
0.0950000000 1.0000000000 -0.2000000000 0.5000000000 1.2700000000 1.0000000000 -0.2000000000 1.2700000000 0.0000000000
0.1000000000 1.0000000000 -0.2000000000 0.5000000000 1.2700000000 1.0000000000 -0.2000000000 1.2700000000 0.0000000001
0.1050000000 1.0000000000 -0.2000000000 0.5000000000 1.2700000000 1.0000000000 -0.2000000000 1.2700000000 0.0000000004
0.1100000000 1.0000000000 -0.2000000000 0.5000000000 1.2700000000 1.0000000000 -0.2000000000 1.2700000000 0.0000000028
0.1150000000 1.0000000000 -0.2000000000 0.5000000000 1.2700000000 1.0000000000 -0.2000000000 1.2700000000 0.0000000133
0.1200000000 1.0000000000 -0.2000000000 0.5000000000 1.2700000000 1.0000000000 -0.2000000000 1.2700000000 0.0000000670
0.1250000000 1.0000000000 -0.2000000000 0.5000000000 1.2700000000 1.0000000000 -0.2000000000 1.2700000000 0.0000003220
0.1300000000 1.0000000000 -0.2000000000 0.5000000000 1.2700000000 1.0000000000 -0.2000000000 1.2700000000 0.0000014972
0.1350000000 1.0000000000 -0.2000000000 0.5000000000 1.2700000000 1.0000000000 -0.2000000000 1.2700000000 0.0000067287
0.1400000000 1.0000000000 -0.2000000000 0.5000000000 1.2700000000 1.0000000000 -0.1999999999 1.2699999999 0.0000292088
0.1450000000 0.9999999998 -0.1999999998 0.4999999998 1.2699999999 0.9999999998 -0.1999999998 1.2699999996 0.0001222537
0.1500000000 0.9999999991 -0.1999999992 0.4999999994 1.2699999994 0.9999999991 -0.1999999991 1.2699999982 0.0004904099
0.1550000000 0.9999999963 -0.1999999969 0.4999999974 1.2699999975 0.9999999963 -0.1999999962 1.2699999928 0.0018512392
0.1600000000 0.9999999857 -0.1999999881 0.4999999900 1.2699999905 0.9999999857 -0.1999999852 1.2699999723 0.0062845469
0.1650000000 0.9999999489 -0.1999999572 0.4999999642 1.2699999659 0.9999999489 -0.1999999470 1.2699999010 0.0177071867
0.1700000000 0.9999998356 -0.1999998625 0.4999998849 1.2699998903 0.9999998356 -0.1999998296 1.2699996815 0.0379576214
0.1750000000 0.9999995358 -0.1999996116 0.4999996751 1.2699996902 0.9999995358 -0.1999995188 1.2699991007 0.0604348309
0.1800000000 0.9999988445 -0.1999990332 0.4999991911 1.2699992289 0.9999988445 -0.1999988021 1.2699977614 0.0768073337
0.1850000000 0.9999974005 -0.1999978251 0.4999981804 1.2699982653 0.9999974005 -0.1999973053 1.2699949640 0.0858925869
0.1900000000 0.9999945691 -0.1999954562 0.4999961984 1.2699963758 0.9999945691 -0.1999943700 1.2699894786 0.0899376847
0.1950000000 0.9999892415 -0.1999909988 0.4999924691 1.2699928206 0.9999892415 -0.1999888472 1.2699791574 0.0909766689
0.2000000000 0.9999795119 -0.1999828583 0.4999856584 1.2699863278 0.9999795119 -0.1999787611 1.2699603082 0.0902960067
0.2050000000 0.9999621673 -0.1999683467 0.4999735175 1.2699747537 0.9999621673 -0.1999607814 1.2699267072 0.0886272099
0.2100000000 0.9999319076 -0.1999430291 0.4999523365 1.2699545619 0.9999319076 -0.1999294145 1.2698680877 0.0863675160
0.2150000000 0.9998801888 -0.1998997562 0.4999161356 1.2699200522 0.9998801888 -0.1998758059 1.2697679016 0.0837270860
0.2200000000 0.9997935731 -0.1998272828 0.4998555112 1.2698622618 0.9997935731 -0.1997860330 1.2696001281 0.0808143480
0.2250000000 0.9996514757 -0.1997083792 0.4997560607 1.2697674647 0.9996514757 -0.1996387760 1.2693249199 0.0776830337
0.2300000000 0.9994232426 -0.1995173796 0.4995963433 1.2696152310 0.9994232426 -0.1994023064 1.2688829710 0.0743578269
0.2350000000 0.9990646002 -0.1992171937 0.4993454073 1.2693760757 0.9990646002 -0.1990308460 1.2681887016 0.0708486300
0.2400000000 0.9985136968 -0.1987559560 0.4989600457 1.2690088537 0.9985136968 -0.1984605444 1.2671227218 0.0671589534
0.2450000000 0.9976872179 -0.1980636924 0.4983821270 1.2684582337 0.9976872179 -0.1976056142 1.2655245662 0.0632913388
0.2500000000 0.9964773678 -0.1970496327 0.4975365739 1.2676527987 0.9964773678 -0.1963554993 1.2631873242 0.0592512884
0.2550000000 0.9947508003 -0.1956010211 0.4963307646 1.2665045099 0.9947508003 -0.1945742722 1.2598563748 0.0550503569
0.2600000000 0.9923507141 -0.1935843778 0.4946562280 1.2649103585 0.9923507141 -0.1921035955 1.2552346976 0.0507085879
0.2650000000 0.9891031621 -0.1908500361 0.4923933702 1.2627568990 0.9891031621 -0.1887703742 1.2489968418 0.0462562048
0.2700000000 0.9848280302 -0.1872403292 0.4894195331 1.2599279352 0.9848280302 -0.1843995246 1.2408123467 0.0417343303
0.2750000000 0.9793541351 -0.1826010575 0.4856199410 1.2563149350 0.9793541351 -0.1788311008 1.2303772265 0.0371944983
0.2800000000 0.9725366691 -0.1767949749 0.4809001972 1.2518289130 0.9725366691 -0.1719395960 1.2174495213 0.0326968086
0.2850000000 0.9642741723 -0.1697152670 0.4751982450 1.2464118324 0.9642741723 -0.1636520486 1.2018827380 0.0283067291
0.2900000000 0.9545217880 -0.1612966661 0.4684934244 1.2400453175 0.9545217880 -0.1539611821 1.1836502737 0.0240907340
0.2950000000 0.9432980526 -0.1515221369 0.4608106697 1.2327548448 0.9432980526 -0.1429305367 1.1628552444 0.0201111203
0.3000000000 0.9306838484 -0.1404239740 0.4522189402 1.2246085282 0.9306838484 -0.1306903245 1.1397233778 0.0164204289
0.3050000000 0.9168139982 -0.1280794071 0.4428243535 1.2157108723 0.9168139982 -0.1174249933 1.1145807455 0.0130558646
0.3100000000 0.9018636978 -0.1146020657 0.4327597267 1.2061930122 0.9018636978 -0.1033554428 1.0878216903 0.0100338896
0.3150000000 0.8860330560 -0.1001315505 0.4221729514 1.1962016543 0.8860330560 -0.0887198637 1.0598742073 0.0073445854
0.3200000000 0.8695332526 -0.0848237858 0.4112167174 1.1858890604 0.8695332526 -0.0737571024 1.0311699719 0.0049440289
0.3250000000 0.8525775136 -0.0688449258 0.4000417488 1.1754061118 0.8525775136 -0.0586956356 1.0021248203 0.0027397168
0.3300000000 0.8353798553 -0.0523718401 0.3887954036 1.1649001911 0.8353798553 -0.0437503802 0.9731341531 0.0005761803
0.3350000000 0.8181623776 -0.0356020549 0.3776266096 1.1545202552 0.8181623776 -0.0291282619 0.9445850369 0.0017108062
0.3400000000 0.8011629002 -0.0187638425 0.3666903909 1.1444202102 0.8011629002 -0.0150328945 0.9168670146 0.0042519026
0.3450000000 0.7846372696 -0.0021174547 0.3561470735 1.1347529327 0.7846372696 -0.0016614339 0.8903694427 0.0072304966
0.3500000000 0.7688649027 0.0140348913 0.3461664523 1.1256748128 0.7688649027 0.0107909353 0.8654918554 0.0109185510
0.3550000000 0.7541526556 0.0293430066 0.3369300197 1.1173463491 0.7541526556 0.0221291063 0.8426497164 0.0156293794
0.3600000000 0.7408266448 0.0434164134 0.3286259961 1.1099266200 0.7408266448 0.0321640358 0.8222632139 0.0216731757
0.3650000000 0.7292028576 0.0558577471 0.3214318378 1.1035573637 0.7292028576 0.0407316288 0.8047171831 0.0292765871
0.3700000000 0.7195327447 0.0663277011 0.3154826784 1.0983370042 0.7195327447 0.0477249528 0.7902894392 0.0385096296
0.3750000000 0.7119367447 0.0746283379 0.3108333972 1.0942910659 0.7119367447 0.0531306559 0.7790660192 0.0492622730
0.3800000000 0.7063561552 0.0807679835 0.3074322834 1.0913540546 0.7063561552 0.0570509623 0.7708846540 0.0613328833
0.3850000000 0.7025545498 0.0849678657 0.3051239957 1.0893759767 0.7025545498 0.0596945606 0.7653460488 0.0746095692
0.3900000000 0.7001738380 0.0876014137 0.3036840344 1.0881535619 0.7001738380 0.0613362180 0.7618966558 0.0892865799
0.3950000000 0.6988181366 0.0890971613 0.3028686608 1.0874723018 0.6988181366 0.0622627122 0.7599453675 0.1061556699
0.4000000000 0.6981285983 0.0898498895 0.3024588966 1.0871424552 0.6981285983 0.0627267774 0.7589652385 0.1272041669
0.4050000000 0.6978262856 0.0901682944 0.3022855437 1.0870192924 0.6978262856 0.0629218060 0.7585506353 0.1571792220
0.4100000000 0.6977211237 0.0902619931 0.3022343379 1.0870074954 0.6977211237 0.0629776993 0.7584280912 0.2097531020
0.4150000000 0.6976987228 0.0902558803 0.3022373527 1.0870525157 0.6976987228 0.0629714124 0.7584351518 0.3200452255
0.4200000000 0.6977025945 0.0902139823 0.3022597987 1.0871231538 0.6977025945 0.0629425295 0.7584886450 0.2109185373
0.4250000000 0.6977176104 0.0901477644 0.3022954474 1.0872216067 0.6977176104 0.0628976827 0.7585736614 0.2530961489
0.4300000000 0.6977176346 0.0900747457 0.3023347719 1.0873558934 0.6977176346 0.0628467385 0.7586673819 0.3171597684
0.4350000000 0.6976948494 0.0900124607 0.3023682471 1.0875056121 0.6976948494 0.0628012302 0.7587470643 0.1621004552
0.4400000000 0.6976296598 0.0899742311 0.3023886303 1.0876764591 0.6976296598 0.0627686922 0.7587953581 0.1031041220
0.4450000000 0.6975075570 0.0899602720 0.3023958024 1.0878906050 0.6975075570 0.0627479696 0.7588119182 0.0777036669
0.4500000000 0.6973116784 0.0899579441 0.3023966306 1.0881978226 0.6973116784 0.0627287250 0.7588130502 0.0754705451
0.4550000000 0.6969997771 0.0899548335 0.3023978592 1.0886870978 0.6969997771 0.0626984989 0.7588146645 0.0813029119
0.4600000000 0.6964843922 0.0899500925 0.3023999466 1.0894967774 0.6964843922 0.0626488355 0.7588175008 0.0840341842
0.4650000000 0.6956187900 0.0899464415 0.3024014132 1.0908524149 0.6956187900 0.0625684348 0.7588174370 0.0836339696
0.4700000000 0.6941693272 0.0899442696 0.3024020461 1.0931238109 0.6941693272 0.0624365531 0.7588130204 0.0815964496
0.4750000000 0.6917739835 0.0899426137 0.3024023668 1.0968958766 0.6917739835 0.0622199602 0.7588040300 0.0784865815
0.4800000000 0.6878936596 0.0899409515 0.3024026562 1.1030614175 0.6878936596 0.0618698103 0.7587889553 0.0745017294
0.4850000000 0.6817652086 0.0899394379 0.3024028281 1.1129410756 0.6817652086 0.0613175796 0.7587645046 0.0697603816
0.4900000000 0.6723717897 0.0899382530 0.3024027842 1.1284327253 0.6723717897 0.0604719441 0.7587263311 0.0643097876
0.4950000000 0.6584577799 0.0899372411 0.3024026074 1.1521916480 0.6584577799 0.0592198761 0.7586695546 0.0580839368
0.5000000000 0.6386310592 0.0899361468 0.3024024330 1.1878358538 0.6386310592 0.0574360167 0.7585888694 0.0508505728
0.5050000000 0.6116127591 0.0899349855 0.3024022585 1.2401296231 0.6116127591 0.0550053846 0.7584791005 0.0421687464
0.5100000000 0.5766943592 0.0899339577 0.3024019926 1.3149724028 0.5766943592 0.0518644061 0.7583371672 0.0317220811
0.5150000000 0.5343307215 0.0899329858 0.3024016512 1.4189057739 0.5343307215 0.0480539572 0.7581649459 0.0018682555
0.5200000000 0.4922761404 0.0899318320 0.3024013312 1.5397740515 0.4922761404 0.0442712951 0.7579940272 0.0231625091
0.5250000000 0.4556582887 0.0899306264 0.3024010094 1.6631873365 0.4556582887 0.0409776353 0.7578450956 0.0342414740
0.5300000000 0.4258582128 0.0899295270 0.3024006877 1.7792864435 0.4258582128 0.0382972277 0.7577237449 0.0424282010
0.5350000000 0.4027941383 0.0899284804 0.3024004191 1.8809354468 0.4027941383 0.0362226647 0.7576297725 0.0491194050
0.5400000000 0.3856647202 0.0899274498 0.3024001590 1.9642964029 0.3856647202 0.0346818448 0.7575598225 0.0548540044
0.5450000000 0.3733870524 0.0899262648 0.3023998332 2.0287509143 0.3733870524 0.0335773029 0.7575093238 0.0599057160
0.5500000000 0.3648596003 0.0899247282 0.3023993705 2.0760688117 0.3648596003 0.0328099004 0.7574736368 0.0644383855
0.5550000000 0.3591026748 0.0899228239 0.3023987640 2.1092819292 0.3591026748 0.0322915266 0.7574487827 0.0685607846
0.5600000000 0.3553157501 0.0899208950 0.3023981474 2.1317148721 0.3553157501 0.0319503103 0.7574318688 0.0723450452
0.5650000000 0.3528836719 0.0899196231 0.3023977827 2.1463761126 0.3528836719 0.0317311668 0.7574210840 0.0758222955
0.5700000000 0.3513559398 0.0899195734 0.3023978852 2.1556919261 0.3513559398 0.0315937762 0.7574151626 0.0789538680
0.5750000000 0.3504154283 0.0899204434 0.3023983368 2.1614702306 0.3504154283 0.0315095107 0.7574125167 0.0815875187
0.5800000000 0.3498463498 0.0899206617 0.3023985326 2.1649810345 0.3498463498 0.0314584153 0.7574107123 0.0834684225
0.5850000000 0.3495064104 0.0899180886 0.3023976504 2.1670762794 0.3495064104 0.0314269484 0.7574070516 0.0845415418
0.5900000000 0.3493048988 0.0899120653 0.3023954378 2.1683077415 0.3493048988 0.0314067249 0.7574005163 0.0859038277
0.5950000000 0.3491864349 0.0899056416 0.3023930679 2.1690244386 0.3491864349 0.0313938305 0.7573939110 0.0905913535
0.6000000000 0.3491187139 0.0899044866 0.3023927200 2.1694418008 0.3491187139 0.0313873387 0.7573927313 0.1011332883
0.6050000000 0.3490825780 0.0899111000 0.3023953550 2.1696854208 0.3490825780 0.0313863986 0.7573993802 0.1140499740
0.6100000000 0.3490651567 0.0899210709 0.3023992774 2.1698224937 0.3490651567 0.0313883127 0.7574094287 0.1189138659
0.6150000000 0.3490574413 0.0899278943 0.3024019868 2.1698903838 0.3490574413 0.0313900007 0.7574163853 0.1325075132
0.6200000000 0.3490545447 0.0899310645 0.3024032890 2.1699179686 0.3490545447 0.0313908468 0.7574197285 0.2228358432
0.6250000000 0.3490543211 0.0899336136 0.3024043496 2.1699271817 0.3490543211 0.0313917164 0.7574224592 0.2467046839
0.6300000000 0.3490566655 0.0899371691 0.3024057941 2.1699232998 0.3490566655 0.0313931684 0.7574261915 0.1335643552
0.6350000000 0.3490629131 0.0899464498 0.3024094361 2.1699114536 0.3490629131 0.0313969698 0.7574356131 0.1031491207
0.6400000000 0.3490751839 0.0899731219 0.3024197620 2.1699116704 0.3490751839 0.0314073841 0.7574623153 0.0980793610
0.6450000000 0.3490983360 0.0900346186 0.3024434753 2.1699433835 0.3490983360 0.0314309355 0.7575236245 0.0818579475
0.6500000000 0.3491380774 0.0901493681 0.3024876642 2.1700235984 0.3491380774 0.0314745771 0.7576378670 0.0499375761
0.6550000000 0.3491948808 0.0903188520 0.3025529053 2.1701536381 0.3491948808 0.0315388808 0.7578065409 0.0087744345
0.6600000000 0.3492580263 0.0905091173 0.3026261497 2.1703035027 0.3492580263 0.0316110357 0.7579959178 0.0220308456
0.6650000000 0.3493149712 0.0906804559 0.3026921261 2.1704380761 0.3493149712 0.0316760408 0.7581665141 0.0260554709
0.6700000000 0.3493628474 0.0908238026 0.3027473423 2.1705493362 0.3493628474 0.0317304623 0.7583092964 0.0133140957
0.6750000000 0.3494117373 0.0909708627 0.3028039957 2.1706649239 0.3494117373 0.0317862872 0.7584558022 0.0599528237
0.6800000000 0.3494789720 0.0911761880 0.3028830857 2.1708325865 0.3494789720 0.0318641604 0.7586603407 0.0853122606
0.6850000000 0.3495903977 0.0915211749 0.3030159720 2.1711238107 0.3495903977 0.0319949239 0.7590040365 0.0924598268
0.6900000000 0.3497874217 0.0921361196 0.3032529242 2.1716532595 0.3497874217 0.0322280557 0.7596169945 0.0894727287
0.6950000000 0.3501325329 0.0932173028 0.3036698759 2.1725942336 0.3501325329 0.0326384103 0.7606959219 0.0815844573
0.7000000000 0.3507098215 0.0950278990 0.3043691925 2.1741805962 0.3507098215 0.0333272175 0.7625064889 0.0715843122
0.7050000000 0.3516177504 0.0978738879 0.3054711820 2.1766878371 0.3516177504 0.0344141963 0.7653620807 0.0609795013
0.7100000000 0.3529541939 0.1020549805 0.3070963156 2.1803929516 0.3529541939 0.0360207334 0.7695788366 0.0506758153
0.7150000000 0.3547982640 0.1078054623 0.3093435283 2.1855252278 0.3547982640 0.0382491909 0.7754205567 0.0412586212
0.7200000000 0.3571962585 0.1152491409 0.3122733153 2.1922275919 0.3571962585 0.0411665619 0.7830554937 0.0330733044
0.7250000000 0.3601571923 0.1243864624 0.3159021746 2.2005436177 0.3601571923 0.0447986791 0.7925416110 0.0262568188
0.7300000000 0.3636581519 0.1351139318 0.3202086092 2.2104301789 0.3636581519 0.0491352827 0.8038409537 0.0207690991
0.7350000000 0.3676550799 0.1472611901 0.3251456453 2.2217850799 0.3676550799 0.0541413246 0.8168505711 0.0164549274
0.7400000000 0.3720938824 0.1606285541 0.3306538270 2.2344760368 0.3720938824 0.0597689023 0.8314348637 0.0131054940
0.7450000000 0.3769186920 0.1750147341 0.3366709863 2.2483629041 0.3769186920 0.0659663247 0.8474500051 0.0105106291
0.7500000000 0.3820766738 0.1902325083 0.3431378754 2.2633102748 0.3820766738 0.0726834040 0.8647580616 0.0084817308
0.7550000000 0.3875199413 0.2061148716 0.3500004469 2.2791928720 0.3875199413 0.0798736229 0.8832326880 0.0068637277
0.7600000000 0.3932056735 0.2225152809 0.3572099903 2.2958961243 0.3932056735 0.0874942709 0.9027593819 0.0055335622
0.7650000000 0.3990952635 0.2393048933 0.3647221199 2.3133142503 0.3990952635 0.0955054494 0.9232327604 0.0043966013
0.7700000000 0.4051531110 0.2563686100 0.3724952416 2.3313468292 0.4051531110 0.1038685399 0.9445524206 0.0033767649
0.7750000000 0.4113452396 0.2736008501 0.3804888185 2.3498951142 0.4113452396 0.1125444073 0.9666181689 0.0024106792
0.7800000000 0.4176378697 0.2909013708 0.3886615382 2.3688581157 0.4176378697 0.1214914288 0.9893248571 0.0014430803
0.7850000000 0.4239960035 0.3081713451 0.3969694486 2.3881285996 0.4239960035 0.1306634187 1.0125569822 0.0004247083
0.7900000000 0.4303820883 0.3253096925 0.4053640749 2.4075887633 0.4303820883 0.1400074648 1.0361830798 0.0006829101
0.7950000000 0.4367550045 0.3422101514 0.4137908265 2.4271061846 0.4367550045 0.1494619962 1.0600507725 0.0019147034
0.8000000000 0.4430696161 0.3587614115 0.4221886613 2.4465350453 0.4430696161 0.1589562809 1.0839853432 0.0033204955
0.8050000000 0.4492761557 0.3748453736 0.4304890505 2.4657135622 0.4492761557 0.1684090884 1.1077863101 0.0049599091
0.8100000000 0.4553195558 0.3903354849 0.4386149314 2.4844616608 0.4553195558 0.1777273796 1.1312239799 0.0068832240
0.8150000000 0.4611397414 0.4050976002 0.4464810387 2.5025820728 0.4611397414 0.1868066026 1.1540400500 0.0091289527
0.8200000000 0.4666732365 0.4189939005 0.4539960917 2.5198656245 0.4666732365 0.1955332396 1.1759538465 0.0117215629
0.8250000000 0.4718561723 0.4318898579 0.4610670100 2.5361010190 0.4718561723 0.2037898952 1.1966749194 0.0146692114
0.8300000000 0.4766285527 0.4436637430 0.4676050053 2.5510886764 0.4766285527 0.2114628077 1.2159217035 0.0179623835
0.8350000000 0.4809393133 0.4542175155 0.4735329209 2.5646571551 0.4809393133 0.2184510600 1.2334444511 0.0215740171
0.8400000000 0.4847513926 0.4634873305 0.4787927108 2.5766796455 0.4847513926 0.2246761289 1.2490490465 0.0254613248
0.8450000000 0.4880458463 0.4714516048 0.4833516494 2.5870874268 0.4880458463 0.2300899975 1.2626172727 0.0295691856
0.8500000000 0.4908241008 0.4781348105 0.4872059257 2.5958773663 0.4908241008 0.2346800884 1.2741191741 0.0338346827
0.8550000000 0.4931077775 0.4836059451 0.4903807461 2.6031116179 0.4931077775 0.2384698528 1.2836145845 0.0381921663
0.8600000000 0.4949360567 0.4879717666 0.4929268471 2.6089093882 0.4949360567 0.2415148220 1.2912433249 0.0425781405
0.8650000000 0.4963611071 0.4913660329 0.4949141427 2.6134324279 0.4963611071 0.2438949881 1.2972062132 0.0469353371
0.8700000000 0.4974424985 0.4939367678 0.4964238175 2.6168671739 0.4974424985 0.2457051398 1.3017409451 0.0512155130
0.8750000000 0.4982416248 0.4958337709 0.4975403546 2.6194068384 0.4982416248 0.2470450236 1.3050975192 0.0553807537
0.8800000000 0.4988169932 0.4971982009 0.4983447501 2.6212362097 0.4988169932 0.2480109116 1.3075171647 0.0594032932
0.8850000000 0.4992208875 0.4981553055 0.4989096669 2.6225208228 0.4992208875 0.2486895337 1.3092171727 0.0632640067
0.8900000000 0.4994975309 0.4988105418 0.4992967234 2.6234009306 0.4994975309 0.2491546340 1.3103822874 0.0669497450
0.8950000000 0.4996825704 0.4992486682 0.4995556720 2.6239897210 0.4996825704 0.2494658578 1.3111619285 0.0704495189
0.9000000000 0.4998035348 0.4995350198 0.4997249774 2.6243746768 0.4998035348 0.2496693687 1.3116717401 0.0737491764
0.9050000000 0.4998808794 0.4997180881 0.4998332419 2.6246208397 0.4998808794 0.2497995173 1.3119977734 0.0768235588
0.9100000000 0.4999292808 0.4998326406 0.4999009970 2.6247748953 0.4999292808 0.2498809725 1.3122018257 0.0796240002
0.9150000000 0.4999589377 0.4999028265 0.4999425141 2.6248692933 0.4999589377 0.2499308861 1.3123268635 0.0820571067
0.9200000000 0.4999767312 0.4999449352 0.4999674241 2.6249259316 0.4999767312 0.2499608345 1.3124018869 0.0839475354
0.9250000000 0.4999871789 0.4999696596 0.4999820506 2.6249591881 0.4999871789 0.2499784196 1.3124459393 0.0849726912
0.9300000000 0.4999931724 0.4999838428 0.4999904414 2.6249782663 0.4999931724 0.2499885077 1.3124712108 0.0845527555
0.9350000000 0.4999965190 0.4999917625 0.4999951266 2.6249889193 0.4999965190 0.2499941408 1.3124853221 0.0816880939
0.9400000000 0.4999983245 0.4999960351 0.4999976544 2.6249946667 0.4999983245 0.2499971799 1.3124929353 0.0748165616
0.9450000000 0.4999992529 0.4999982321 0.4999989541 2.6249976219 0.4999992529 0.2499987425 1.3124968499 0.0621326531
0.9500000000 0.4999996977 0.4999992846 0.4999995768 2.6249990377 0.4999996977 0.2499994912 1.3124987253 0.0436401120
0.9550000000 0.4999998905 0.4999997409 0.4999998467 2.6249996514 0.4999998905 0.2499998157 1.3124995383 0.0242200424
0.9600000000 0.4999999644 0.4999999157 0.4999999501 2.6249998867 0.4999999644 0.2499999401 1.3124998499 0.0104586381
0.9650000000 0.4999999894 0.4999999749 0.4999999852 2.6249999663 0.4999999894 0.2499999822 1.3124999554 0.0036794971
0.9700000000 0.4999999971 0.4999999930 0.4999999959 2.6249999906 0.4999999971 0.2499999950 1.3124999876 0.0011287812
0.9750000000 0.4999999992 0.4999999982 0.4999999989 2.6249999975 0.4999999992 0.2499999987 1.3124999967 0.0003182778
0.9800000000 0.4999999998 0.4999999995 0.4999999997 2.6249999994 0.4999999998 0.2499999997 1.3124999992 0.0000847985
0.9850000000 0.5000000000 0.4999999999 0.4999999999 2.6249999998 0.5000000000 0.2499999999 1.3124999998 0.0000215951
0.9900000000 0.5000000000 0.5000000000 0.5000000000 2.6250000000 0.5000000000 0.2500000000 1.3125000000 0.0000051027
0.9950000000 0.5000000000 0.5000000000 0.5000000000 2.6250000000 0.5000000000 0.2500000000 1.3125000000 0.0000017391
1.0000000000 0.5000000000 0.5000000000 0.5000000000 2.6250000000 0.5000000000 0.2500000000 1.3125000000 0.0000000000
