TITLE = "1D Euler Filtered MacCormack Result"
VARIABLES = "x", "rho", "u", "p", "E", "rho_conserved", "rhou", "rhoE", "nu"
ZONE T="t=0.16000000", I=101, F=POINT
0.0000000000 0.4434930804 0.7092907187 3.5112917391 20.0449318047 0.4434930804 0.3145655257 8.8897885517 0.0000000000
0.0100000000 0.4434930804 0.7092907187 3.5112917391 20.0449318047 0.4434930804 0.3145655257 8.8897885517 0.0263446523
0.0200000000 0.4427538913 0.7148435932 3.5031010608 20.0356829087 0.4427538913 0.3164997826 8.8708765730 0.0046255063
0.0300000000 0.4417005455 0.7227675381 3.4914410776 20.0225546489 0.4417005455 0.3192468159 8.8439733116 0.0035319263
0.0400000000 0.4403227949 0.7331514382 3.4762104750 20.0054720536 0.4403227949 0.3228232903 8.8088653674 0.0034517054
0.0500000000 0.4385319909 0.7466867058 3.4564426758 19.9833915483 0.4385319909 0.3274460077 8.7633564798 0.0029474193
0.0600000000 0.4362930753 0.7636700113 3.4317750112 19.9559867259 0.4362930753 0.3331839377 8.7066588186 0.0025546919
0.0700000000 0.4335767478 0.7843681247 3.4019156742 19.9230347732 0.4335767478 0.3400837806 8.6381646240 0.0021547394
0.0800000000 0.4303802617 0.8088584688 3.3668735609 19.8846769746 0.4303802617 0.3481167195 8.5579724807 0.0017839371
0.0900000000 0.4267233039 0.8370570477 3.3269095295 19.8413554696 0.4267233039 0.3571917489 8.4667687590 0.0014425099
0.1000000000 0.4226464810 0.8687240941 3.2825159063 19.7937801256 0.4226464810 0.3671631814 8.3657715167 0.0011368411
0.1100000000 0.4182055096 0.9035018997 3.2343482434 19.7428400062 0.4182055096 0.3778494724 8.2565644665 0.0008694029
0.1200000000 0.4134646238 0.9409593714 3.1831491894 19.6895072328 0.4134646238 0.3890534125 8.1409147007 0.0006404882
0.1300000000 0.4084902345 0.9806365770 3.1296763928 19.6347482328 0.4084902345 0.4005804653 8.0206029103 0.0004477252
0.1400000000 0.4033461454 1.0220795293 3.0746489103 19.5794591034 0.4033461454 0.4122518384 7.8972993581 0.0002863325
0.1500000000 0.3980908873 1.0648603813 3.0187179265 19.5244307108 0.3980908873 0.4239112140 7.7724979448 0.0001493190
0.1600000000 0.3927772483 1.1085814133 2.9624619600 19.4703417072 0.3927772483 0.4354255571 7.6475072398 0.0000275960
0.1700000000 0.3874537489 1.1528632914 2.9064034807 19.4177754252 0.3874537489 0.4466812042 7.5234898834 0.0000887024
0.1800000000 0.3821671048 1.1973242222 2.8510359529 19.3672463157 0.3821671048 0.4575779315 7.4015244527 0.0002091692
0.1900000000 0.3769648044 1.2415600101 2.7968488816 19.3192105056 0.3769648044 0.4680244264 7.2826624098 0.0003463488
0.2000000000 0.3718986111 1.2851115753 2.7443651312 19.2740980454 0.3718986111 0.4779312099 7.1680102931 0.0005175765
0.2100000000 0.3670288982 1.3274251082 2.6941845345 19.2323393805 0.3670288982 0.4872033749 7.0588243325 0.0007462637
0.2200000000 0.3624290053 1.3678098561 2.6470273585 19.1943889585 0.3624290053 0.4957339656 6.9566032983 0.0010648731
0.2300000000 0.3581884528 1.4054062419 2.6037642652 19.1607282785 0.3581884528 0.5034002873 6.8631516160 0.0015151370
0.2400000000 0.3544115101 1.4391937375 2.5654030168 19.1318561621 0.3544115101 0.5100668258 6.7805500328 0.0021484544
0.2500000000 0.3512068896 1.4680892138 2.5329815584 19.1081944319 0.3512068896 0.5156030464 6.7109295315 0.0030106384
0.2600000000 0.3486624337 1.4911812447 2.5073248246 19.0899794789 0.3486624337 0.5199188818 6.6559587041 0.0041328264
0.2700000000 0.3468105937 1.5080715166 2.4886997859 19.0770458919 0.3468105937 0.5230151779 6.6161216111 0.0055091575
0.2800000000 0.3456012556 1.5191382786 2.4765605088 19.0687597053 0.3456012556 0.5250160965 6.5901872965 0.0071238383
0.2900000000 0.3449080515 1.5254935335 2.4696121026 19.0640759323 0.3449080515 0.5261550022 6.5753532831 0.0090231452
0.3000000000 0.3445694400 1.5285993536 2.4662223475 19.0618155204 0.3445694400 0.5267086233 6.5681190994 0.0114999762
0.3100000000 0.3444373279 1.5298090168 2.4649030371 19.0609527253 0.3444373279 0.5269233299 6.5653036234 0.0158194984
0.3200000000 0.3444050182 1.5301013769 2.4645841006 19.0607632879 0.3444050182 0.5269745925 6.5646225264 0.0257020565
0.3300000000 0.3444099107 1.5300515821 2.4646381652 19.0608254026 0.3444099107 0.5269649287 6.5647371745 0.0187710738
0.3400000000 0.3444397322 1.5297724577 2.4649422465 19.0610564999 0.3444397322 0.5269144157 6.5653851965 0.0089189462
0.3500000000 0.3445000432 1.5292128732 2.4655521690 19.0614946280 0.3445000432 0.5268139008 6.5666857220 0.0040069291
0.3600000000 0.3445817080 1.5284568743 2.4663764587 19.0620787843 0.3445817080 0.5266782804 6.5684436658 0.0004619773
0.3700000000 0.3446600839 1.5277308733 2.4671682350 19.0626434498 0.3446600839 0.5265478510 6.5701322915 0.0048652467
0.3800000000 0.3447137261 1.5272316948 2.4677126603 19.0630445409 0.3447137261 0.5264577282 6.5712931149 0.0051784321
0.3900000000 0.3447497219 1.5268941405 2.4680808528 19.0633304414 0.3447497219 0.5263963303 6.5720778682 0.0007696958
0.4000000000 0.3447838772 1.5265734217 2.4684306889 19.0636044295 0.3447838772 0.5263379032 6.5728234491 0.0031610012
0.4100000000 0.3448275227 1.5261641760 2.4688769732 19.0639499002 0.3448275227 0.5262634120 6.5737746162 0.0023157127
0.4200000000 0.3448795412 1.5256782131 2.4694074225 19.0643537591 0.3448795412 0.5261752021 6.5749055773 0.0002675456
0.4300000000 0.3449325257 1.5251835656 2.4699476233 19.0647648027 0.3449325257 0.5260854195 6.5760574762 0.0010544064
0.4400000000 0.3449813789 1.5247238522 2.4704487725 19.0651603987 0.3449813789 0.5260013370 6.5771253238 0.0003742363
0.4500000000 0.3450289020 1.5242764039 2.4709373349 19.0655524094 0.3450289020 0.5259194140 6.5781666138 0.0007034728
0.4600000000 0.3450790777 1.5238082674 2.4714495264 19.0659463499 0.3450790777 0.5258343515 6.5792591822 0.0001449502
0.4700000000 0.3451286408 1.5233375529 2.4719625885 19.0663743529 0.3451286408 0.5257474191 6.5803518648 0.0011778768
0.4800000000 0.3451738688 1.5229052002 2.4724343978 19.0667867834 0.3451738688 0.5256670797 6.5813565591 0.0007423980
0.4900000000 0.3452166239 1.5225062787 2.4728715753 19.0671275059 0.3452166239 0.5255944774 6.5822893843 0.0007258134
0.5000000000 0.3452570934 1.5221186536 2.4732939931 19.0674970265 0.3452570934 0.5255222622 6.5831886019 0.0012819906
0.5100000000 0.3452937231 1.5217534172 2.4736925318 19.0679268240 0.3452937231 0.5254519030 6.5840354439 0.0010526978
0.5200000000 0.3453274751 1.5214233055 2.4740551551 19.0682992279 0.3453274751 0.5253892686 6.5848076265 0.0001783551
0.5300000000 0.3453608095 1.5211122591 2.4743931962 19.0685442859 0.3453608095 0.5253325611 6.5855278900 0.0013367454
0.5400000000 0.3453909163 1.5208150093 2.4747165451 19.0688713234 0.3453909163 0.5252756896 6.5862149391 0.0027584668
0.5500000000 0.3454152219 1.5205395765 2.4750221822 19.0694041439 0.3454152219 0.5252175153 6.5868624647 0.0006874387
0.5600000000 0.3454382007 1.5202790610 2.4753036800 19.0698536939 0.3454382007 0.5251624635 6.5874559483 0.0015620259
0.5700000000 0.3454641240 1.5200323131 2.4755697601 19.0700598620 0.3454641240 0.5251166314 6.5880215241 0.0006528974
0.5800000000 0.3454888607 1.5198071222 2.4758233929 19.0702702193 0.3454888607 0.5250764312 6.5885659321 0.0050545244
0.5900000000 0.3455055698 1.5195891654 2.4760551736 19.0707496969 0.3455055698 0.5250265204 6.5890502399 0.0100766668
0.6000000000 0.3455127706 1.5193836346 2.4762708080 19.0716242526 0.3455127706 0.5249664492 6.5894897359 0.0000380336
0.6100000000 0.3455198146 1.5192100358 2.4764893351 19.0725763777 0.3455198146 0.5249171699 6.5899530539 0.0108432338
0.6200000000 0.3455373964 1.5190280829 2.4766730185 19.0727171980 0.3455373964 0.5248810088 6.5903370425 0.0142422799
0.6300000000 0.3455969551 1.5188367849 2.4768183987 19.0703902066 0.3455969551 0.5249053681 6.5906687876 0.0148832319
0.6400000000 0.3458122943 1.5187614502 2.4770617254 19.0608778931 0.3458122943 0.5252063817 6.5914859164 0.0129202003
0.6500000000 0.3464439536 1.5186355006 2.4772206959 19.0291835386 0.3464439536 0.5261220869 6.5925455792 0.0118978295
0.6600000000 0.3481137329 1.5182665252 2.4770848376 18.9419024274 0.3481137329 0.5285294277 6.5939363630 0.0114968384
0.6700000000 0.3523658897 1.5184443108 2.4775210504 18.7305953843 0.3523658897 0.5350479805 6.6000229069 0.0103991111
0.6800000000 0.3621693267 1.5186683196 2.4779905454 18.2583700974 0.3621693267 0.5500150827 6.6126216041 0.0092906795
0.6900000000 0.3826505088 1.5174623176 2.4768234389 17.3333670158 0.3826505088 0.5806577279 6.6326217080 0.0083902985
0.7000000000 0.4222801008 1.5179124002 2.4774638669 15.8192123855 0.4222801008 0.6409842014 6.6801386010 0.0069236356
0.7100000000 0.4902807108 1.5195958133 2.4798126878 13.7994472907 0.4902807108 0.7450285154 6.7656028260 0.0048467530
0.7200000000 0.5891756806 1.5173662903 2.4770696308 11.6619430870 0.5891756806 0.8939953168 6.8709332557 0.0026707006
0.7300000000 0.7106791587 1.5162200721 2.4751956167 9.8566102534 0.7106791587 1.0775460053 7.0048874825 0.0006095209
0.7400000000 0.8382681006 1.5188917232 2.4796415845 8.5486488755 0.8382681006 1.2732384798 7.1660596556 0.0010889831
0.7500000000 0.9559889070 1.5194393144 2.4809501115 7.6422634479 0.9559889070 1.4525671294 7.3059190803 0.0022152813
0.7600000000 1.0555752391 1.5169983096 2.4764553889 7.0158216432 1.0555752391 1.6013058534 7.4057276087 0.0026412117
0.7700000000 1.1370364830 1.5168215900 2.4760026137 6.5943562085 1.1370364830 1.7246814861 7.4980235913 0.0028968334
0.7800000000 1.2024347135 1.5202599123 2.4829733856 6.3179822090 1.2024347135 1.8280132922 7.5969611277 0.0039773688
0.7900000000 1.2508504774 1.5217918412 2.4862869872 6.1271182291 1.2508504774 1.9035340512 7.6641087622 0.0060592745
0.8000000000 1.2813100833 1.5167853107 2.4757948854 5.9809116006 1.2813100833 1.9434723128 7.6634023413 0.0071754115
0.8100000000 1.2986662643 1.5096393555 2.4605556152 5.8762028305 1.2986662643 1.9605177022 7.6312263782 0.0010503354
0.8200000000 1.3144251463 1.5113902277 2.4641205581 5.8288388456 1.3144251463 1.9866093212 7.6615723523 0.0019996524
0.8300000000 1.3328962968 1.5227457163 2.4883765594 5.8266131217 1.3328962968 2.0296621261 7.7662710526 0.0038727382
0.8400000000 1.3468638801 1.5318551817 2.5081155822 5.8287635404 1.3468638801 2.0632004138 7.8505510780 0.0263795970
0.8500000000 1.3367049732 1.5145349021 2.4706778284 5.7677440669 1.3367049732 2.0244863358 7.7097721783 0.0218042300
0.8600000000 1.2190523035 1.3708043520 2.1753128638 5.4006259774 1.2190523035 1.6710822029 6.5836455378 0.0092328877
0.8700000000 0.9673754750 1.0185853339 1.5773686917 4.5951708003 0.9673754750 0.9853544712 4.4452555357 0.0009955091
0.8800000000 0.7301468122 0.5749681995 1.0353458054 3.7102860858 0.7301468122 0.4198111980 2.7090535579 0.0069226532
0.8900000000 0.5900907493 0.2383324447 0.7371996827 3.1516482520 0.5900907493 0.1406377709 1.8597584787 0.0106188075
0.9000000000 0.5299362221 0.0785449178 0.6221990537 2.9383390645 0.5299362221 0.0416237970 1.5571323032 0.0128446443
0.9100000000 0.5090661765 0.0233278325 0.5858781838 2.8774922412 0.5090661765 0.0118754105 1.4648339732 0.0139762484
0.9200000000 0.5026341807 0.0067048492 0.5752496371 2.8611969619 0.5026341807 0.0033700864 1.4381353908 0.0144516038
0.9300000000 0.5007533442 0.0019092901 0.5722079588 2.8567374065 0.5007533442 0.0009560834 1.4305208097 0.0146192499
0.9400000000 0.5002139569 0.0005414488 0.5713423837 2.8554901619 0.5002139569 0.0002708403 1.4283560327 0.0146627301
0.9500000000 0.5000603108 0.0001525515 0.5710964514 2.8551378770 0.5000603108 0.0000762850 1.4277411343 0.0146413423
0.9600000000 0.5000167069 0.0000422523 0.5710267131 2.8550381690 0.5000167069 0.0000211269 1.4275667832 0.0145188321
0.9700000000 0.5000044246 0.0000111896 0.5710070743 2.8550101067 0.5000044246 0.0000055948 1.4275176858 0.0140851377
0.9800000000 0.5000010498 0.0000026548 0.5710016784 2.8550023977 0.5000010498 0.0000013274 1.4275041960 0.0126201064
0.9900000000 0.5000001930 0.0000004879 0.5710003085 2.8550004407 0.5000001930 0.0000002440 1.4275007712 0.0118967292
1.0000000000 0.5000001930 0.0000004879 0.5710003085 2.8550004407 0.5000001930 0.0000002440 1.4275007712 0.0000000000
