TITLE = "1D Euler Filtered MacCormack Result"
VARIABLES = "x", "rho", "u", "p", "E", "rho_conserved", "rhou", "rhoE", "nu"
ZONE T="t=0.20000000", I=501, F=POINT
0.0000000000 10.0000000000 1.0000000000 2.0000000000 1.0000000000 10.0000000000 10.0000000000 10.0000000000 0.0000000000
0.0020000000 10.0000000000 1.0000000000 2.0000000000 1.0000000000 10.0000000000 10.0000000000 10.0000000000 0.0000000000
0.0040000000 10.0000000000 1.0000000000 2.0000000000 1.0000000000 10.0000000000 10.0000000000 10.0000000000 0.0000000000
0.0060000000 10.0000000000 1.0000000000 2.0000000000 1.0000000000 10.0000000000 10.0000000000 10.0000000000 0.0000000000
0.0080000000 10.0000000000 1.0000000000 2.0000000000 1.0000000000 10.0000000000 10.0000000000 10.0000000000 0.0000000000
0.0100000000 10.0000000000 1.0000000000 2.0000000000 1.0000000000 10.0000000000 10.0000000000 10.0000000000 0.0000000000
0.0120000000 10.0000000000 1.0000000000 2.0000000000 1.0000000000 10.0000000000 10.0000000000 10.0000000000 0.0000000000
0.0140000000 10.0000000000 1.0000000000 2.0000000000 1.0000000000 10.0000000000 10.0000000000 10.0000000000 0.0000000000
0.0160000000 10.0000000000 1.0000000000 2.0000000000 1.0000000000 10.0000000000 10.0000000000 10.0000000000 0.0000000000
0.0180000000 10.0000000000 1.0000000000 2.0000000000 1.0000000000 10.0000000000 10.0000000000 10.0000000000 0.0000000000
0.0200000000 10.0000000000 1.0000000000 2.0000000000 1.0000000000 10.0000000000 10.0000000000 10.0000000000 0.0000000000
0.0220000000 10.0000000000 1.0000000000 2.0000000000 1.0000000000 10.0000000000 10.0000000000 10.0000000000 0.0000000000
0.0240000000 10.0000000000 1.0000000000 2.0000000000 1.0000000000 10.0000000000 10.0000000000 10.0000000000 0.0000000000
0.0260000000 10.0000000000 1.0000000000 2.0000000000 1.0000000000 10.0000000000 10.0000000000 10.0000000000 0.0000000000
0.0280000000 10.0000000000 1.0000000000 2.0000000000 1.0000000000 10.0000000000 10.0000000000 10.0000000000 0.0000000000
0.0300000000 10.0000000000 1.0000000000 2.0000000000 1.0000000000 10.0000000000 10.0000000000 10.0000000000 0.0000000000
0.0320000000 10.0000000000 1.0000000000 2.0000000000 1.0000000000 10.0000000000 10.0000000000 10.0000000000 0.0000000000
0.0340000000 10.0000000000 1.0000000000 2.0000000000 1.0000000000 10.0000000000 10.0000000000 10.0000000000 0.0000000000
0.0360000000 10.0000000000 1.0000000000 2.0000000000 1.0000000000 10.0000000000 10.0000000000 10.0000000000 0.0000000000
0.0380000000 10.0000000000 1.0000000000 2.0000000000 1.0000000000 10.0000000000 10.0000000000 10.0000000000 0.0000000000
0.0400000000 10.0000000000 1.0000000000 2.0000000000 1.0000000000 10.0000000000 10.0000000000 10.0000000000 0.0000000000
0.0420000000 10.0000000000 1.0000000000 2.0000000000 1.0000000000 10.0000000000 10.0000000000 10.0000000000 0.0000000000
0.0440000000 10.0000000000 1.0000000000 2.0000000000 1.0000000000 10.0000000000 10.0000000000 10.0000000000 0.0000000000
0.0460000000 10.0000000000 1.0000000000 2.0000000000 1.0000000000 10.0000000000 10.0000000000 10.0000000000 0.0000000000
0.0480000000 10.0000000000 1.0000000000 2.0000000000 1.0000000000 10.0000000000 10.0000000000 10.0000000000 0.0000000000
0.0500000000 10.0000000000 1.0000000000 2.0000000000 1.0000000000 10.0000000000 10.0000000000 10.0000000000 0.0000000000
0.0520000000 10.0000000000 1.0000000000 2.0000000000 1.0000000000 10.0000000000 10.0000000000 10.0000000000 0.0000000000
0.0540000000 10.0000000000 1.0000000000 2.0000000000 1.0000000000 10.0000000000 10.0000000000 10.0000000000 0.0000000000
0.0560000000 10.0000000000 1.0000000000 2.0000000000 1.0000000000 10.0000000000 10.0000000000 10.0000000000 0.0000000000
0.0580000000 10.0000000000 1.0000000000 2.0000000000 1.0000000000 10.0000000000 10.0000000000 10.0000000000 0.0000000000
0.0600000000 10.0000000000 1.0000000000 2.0000000000 1.0000000000 10.0000000000 10.0000000000 10.0000000000 0.0000000000
0.0620000000 10.0000000000 1.0000000000 2.0000000000 1.0000000000 10.0000000000 10.0000000000 10.0000000000 0.0000000000
0.0640000000 10.0000000000 1.0000000000 2.0000000000 1.0000000000 10.0000000000 10.0000000000 10.0000000000 0.0000000000
0.0660000000 10.0000000000 1.0000000000 2.0000000000 1.0000000000 10.0000000000 10.0000000000 10.0000000000 0.0000000000
0.0680000000 10.0000000000 1.0000000000 2.0000000000 1.0000000000 10.0000000000 10.0000000000 10.0000000000 0.0000000000
0.0700000000 10.0000000000 1.0000000000 2.0000000000 1.0000000000 10.0000000000 10.0000000000 10.0000000000 0.0000000000
0.0720000000 10.0000000000 1.0000000000 2.0000000000 1.0000000000 10.0000000000 10.0000000000 10.0000000000 0.0000000000
0.0740000000 10.0000000000 1.0000000000 2.0000000000 1.0000000000 10.0000000000 10.0000000000 10.0000000000 0.0000000000
0.0760000000 10.0000000000 1.0000000000 2.0000000000 1.0000000000 10.0000000000 10.0000000000 10.0000000000 0.0000000000
0.0780000000 10.0000000000 1.0000000000 2.0000000000 1.0000000000 10.0000000000 10.0000000000 10.0000000000 0.0000000000
0.0800000000 10.0000000000 1.0000000000 2.0000000000 1.0000000000 10.0000000000 10.0000000000 10.0000000000 0.0000000000
0.0820000000 10.0000000000 1.0000000000 2.0000000000 1.0000000000 10.0000000000 10.0000000000 10.0000000000 0.0000000000
0.0840000000 10.0000000000 1.0000000000 2.0000000000 1.0000000000 10.0000000000 10.0000000000 10.0000000000 0.0000000000
0.0860000000 10.0000000000 1.0000000000 2.0000000000 1.0000000000 10.0000000000 10.0000000000 10.0000000000 0.0000000000
0.0880000000 10.0000000000 1.0000000000 2.0000000000 1.0000000000 10.0000000000 10.0000000000 10.0000000000 0.0000000000
0.0900000000 10.0000000000 1.0000000000 2.0000000000 1.0000000000 10.0000000000 10.0000000000 10.0000000000 0.0000000000
0.0920000000 10.0000000000 1.0000000000 2.0000000000 1.0000000000 10.0000000000 10.0000000000 10.0000000000 0.0000000000
0.0940000000 10.0000000000 1.0000000000 2.0000000000 1.0000000000 10.0000000000 10.0000000000 10.0000000000 0.0000000000
0.0960000000 10.0000000000 1.0000000000 2.0000000000 1.0000000000 10.0000000000 10.0000000000 10.0000000000 0.0000000000
0.0980000000 10.0000000000 1.0000000000 2.0000000000 1.0000000000 10.0000000000 10.0000000000 10.0000000000 0.0000000000
0.1000000000 10.0000000000 1.0000000000 2.0000000000 1.0000000000 10.0000000000 10.0000000000 10.0000000000 0.0000000000
0.1020000000 10.0000000000 1.0000000000 2.0000000000 1.0000000000 10.0000000000 10.0000000000 10.0000000000 0.0000000000
0.1040000000 10.0000000000 1.0000000000 2.0000000000 1.0000000000 10.0000000000 10.0000000000 10.0000000000 0.0000000000
0.1060000000 10.0000000000 1.0000000000 2.0000000000 1.0000000000 10.0000000000 10.0000000000 10.0000000000 0.0000000000
0.1080000000 10.0000000000 1.0000000000 2.0000000000 1.0000000000 10.0000000000 10.0000000000 10.0000000000 0.0000000000
0.1100000000 10.0000000000 1.0000000000 2.0000000000 1.0000000000 10.0000000000 10.0000000000 10.0000000000 0.0000000000
0.1120000000 10.0000000000 1.0000000000 2.0000000000 1.0000000000 10.0000000000 10.0000000000 10.0000000000 0.0000000000
0.1140000000 10.0000000000 1.0000000000 2.0000000000 1.0000000000 10.0000000000 10.0000000000 10.0000000000 0.0000000000
0.1160000000 10.0000000000 1.0000000000 2.0000000000 1.0000000000 10.0000000000 10.0000000000 10.0000000000 0.0000000000
0.1180000000 10.0000000000 1.0000000000 2.0000000000 1.0000000000 10.0000000000 10.0000000000 10.0000000000 0.0000000000
0.1200000000 10.0000000000 1.0000000000 2.0000000000 1.0000000000 10.0000000000 10.0000000000 10.0000000000 0.0000000000
0.1220000000 10.0000000000 1.0000000000 2.0000000000 1.0000000000 10.0000000000 10.0000000000 10.0000000000 0.0000000000
0.1240000000 10.0000000000 1.0000000000 2.0000000000 1.0000000000 10.0000000000 10.0000000000 10.0000000000 0.0000000000
0.1260000000 10.0000000000 1.0000000000 2.0000000000 1.0000000000 10.0000000000 10.0000000000 10.0000000000 0.0000000000
0.1280000000 10.0000000000 1.0000000000 2.0000000000 1.0000000000 10.0000000000 10.0000000000 10.0000000000 0.0000000000
0.1300000000 10.0000000000 1.0000000000 2.0000000000 1.0000000000 10.0000000000 10.0000000000 10.0000000000 0.0000000000
0.1320000000 10.0000000000 1.0000000000 2.0000000000 1.0000000000 10.0000000000 10.0000000000 10.0000000000 0.0000000000
0.1340000000 10.0000000000 1.0000000000 2.0000000000 1.0000000000 10.0000000000 10.0000000000 10.0000000000 0.0000000000
0.1360000000 10.0000000000 1.0000000000 2.0000000000 1.0000000000 10.0000000000 10.0000000000 10.0000000000 0.0000000000
0.1380000000 10.0000000000 1.0000000000 2.0000000000 1.0000000000 10.0000000000 10.0000000000 10.0000000000 0.0000000000
0.1400000000 10.0000000000 1.0000000000 2.0000000000 1.0000000000 10.0000000000 10.0000000000 10.0000000000 0.0000000000
0.1420000000 10.0000000000 1.0000000000 2.0000000000 1.0000000000 10.0000000000 10.0000000000 10.0000000000 0.0000000000
0.1440000000 10.0000000000 1.0000000000 2.0000000000 1.0000000000 10.0000000000 10.0000000000 10.0000000000 0.0000000000
0.1460000000 10.0000000000 1.0000000000 2.0000000000 1.0000000000 10.0000000000 10.0000000000 10.0000000000 0.0000000000
0.1480000000 10.0000000000 1.0000000000 2.0000000000 1.0000000000 10.0000000000 10.0000000000 10.0000000000 0.0000000000
0.1500000000 10.0000000000 1.0000000000 2.0000000000 1.0000000000 10.0000000000 10.0000000000 10.0000000000 0.0000000000
0.1520000000 10.0000000000 1.0000000000 2.0000000000 1.0000000000 10.0000000000 10.0000000000 10.0000000000 0.0000000000
0.1540000000 10.0000000000 1.0000000000 2.0000000000 1.0000000000 10.0000000000 10.0000000000 10.0000000000 0.0000000000
0.1560000000 10.0000000000 1.0000000000 2.0000000000 1.0000000000 10.0000000000 10.0000000000 10.0000000000 0.0000000000
0.1580000000 10.0000000000 1.0000000000 2.0000000000 1.0000000000 10.0000000000 10.0000000000 10.0000000000 0.0000000000
0.1600000000 10.0000000000 1.0000000000 2.0000000000 1.0000000000 10.0000000000 10.0000000000 10.0000000000 0.0000000000
0.1620000000 10.0000000000 1.0000000000 2.0000000000 1.0000000000 10.0000000000 10.0000000000 10.0000000000 0.0000000000
0.1640000000 10.0000000000 1.0000000000 2.0000000000 1.0000000000 10.0000000000 10.0000000000 10.0000000000 0.0000000000
0.1660000000 10.0000000000 1.0000000000 2.0000000000 1.0000000000 10.0000000000 10.0000000000 10.0000000000 0.0000000000
0.1680000000 10.0000000000 1.0000000000 2.0000000000 1.0000000000 10.0000000000 10.0000000000 10.0000000000 0.0000000000
0.1700000000 10.0000000000 1.0000000000 2.0000000000 1.0000000000 10.0000000000 10.0000000000 10.0000000000 0.0000000000
0.1720000000 10.0000000000 1.0000000000 2.0000000000 1.0000000000 10.0000000000 10.0000000000 10.0000000000 0.0000000000
0.1740000000 10.0000000000 1.0000000000 2.0000000000 1.0000000000 10.0000000000 10.0000000000 10.0000000000 0.0000000000
0.1760000000 10.0000000000 1.0000000000 2.0000000000 1.0000000000 10.0000000000 10.0000000000 10.0000000000 0.0000000000
0.1780000000 10.0000000000 1.0000000000 2.0000000000 1.0000000000 10.0000000000 10.0000000000 10.0000000000 0.0000000000
0.1800000000 10.0000000000 1.0000000000 2.0000000000 1.0000000000 10.0000000000 10.0000000000 10.0000000000 0.0000000000
0.1820000000 10.0000000000 1.0000000000 2.0000000000 1.0000000000 10.0000000000 10.0000000000 10.0000000000 0.0000000000
0.1840000000 10.0000000000 1.0000000000 2.0000000000 1.0000000000 10.0000000000 10.0000000000 10.0000000000 0.0000000000
0.1860000000 10.0000000000 1.0000000000 2.0000000000 1.0000000000 10.0000000000 10.0000000000 10.0000000000 0.0000000000
0.1880000000 10.0000000000 1.0000000000 2.0000000000 1.0000000000 10.0000000000 10.0000000000 10.0000000000 0.0000000000
0.1900000000 10.0000000000 1.0000000000 2.0000000000 1.0000000000 10.0000000000 10.0000000000 10.0000000000 0.0000000000
0.1920000000 10.0000000000 1.0000000000 2.0000000000 1.0000000000 10.0000000000 10.0000000000 10.0000000000 0.0000000000
0.1940000000 10.0000000000 1.0000000000 2.0000000000 1.0000000000 10.0000000000 10.0000000000 10.0000000000 0.0000000000
0.1960000000 10.0000000000 1.0000000000 2.0000000000 1.0000000000 10.0000000000 10.0000000000 10.0000000000 0.0000000000
0.1980000000 10.0000000000 1.0000000000 2.0000000000 1.0000000000 10.0000000000 10.0000000000 10.0000000000 0.0000000000
0.2000000000 10.0000000000 1.0000000000 2.0000000000 1.0000000000 10.0000000000 10.0000000000 10.0000000000 0.0000000000
0.2020000000 10.0000000000 1.0000000000 2.0000000000 1.0000000000 10.0000000000 10.0000000000 10.0000000000 0.0000000000
0.2040000000 10.0000000000 1.0000000000 2.0000000000 1.0000000000 10.0000000000 10.0000000000 10.0000000000 0.0000000000
0.2060000000 10.0000000000 1.0000000000 2.0000000000 1.0000000000 10.0000000000 10.0000000000 10.0000000000 0.0000000000
0.2080000000 10.0000000000 1.0000000000 2.0000000000 1.0000000000 10.0000000000 10.0000000000 10.0000000000 0.0000000000
0.2100000000 10.0000000000 1.0000000000 2.0000000000 1.0000000000 10.0000000000 10.0000000000 10.0000000000 0.0000000000
0.2120000000 10.0000000000 1.0000000000 2.0000000000 1.0000000000 10.0000000000 10.0000000000 10.0000000000 0.0000000000
0.2140000000 10.0000000000 1.0000000000 2.0000000000 1.0000000000 10.0000000000 10.0000000000 10.0000000000 0.0000000000
0.2160000000 10.0000000000 1.0000000000 2.0000000000 1.0000000000 10.0000000000 10.0000000000 10.0000000000 0.0000000000
0.2180000000 10.0000000000 1.0000000000 2.0000000000 1.0000000000 10.0000000000 10.0000000000 10.0000000000 0.0000000000
0.2200000000 10.0000000000 1.0000000000 2.0000000000 1.0000000000 10.0000000000 10.0000000000 10.0000000000 0.0000000000
0.2220000000 10.0000000000 1.0000000000 2.0000000000 1.0000000000 10.0000000000 10.0000000000 10.0000000000 0.0000000000
0.2240000000 10.0000000000 1.0000000000 2.0000000000 1.0000000000 10.0000000000 10.0000000000 10.0000000000 0.0000000000
0.2260000000 10.0000000000 1.0000000000 2.0000000000 1.0000000000 10.0000000000 10.0000000000 10.0000000000 0.0000000000
0.2280000000 10.0000000000 1.0000000000 2.0000000000 1.0000000000 10.0000000000 10.0000000000 10.0000000000 0.0000000000
0.2300000000 10.0000000000 1.0000000000 2.0000000000 1.0000000000 10.0000000000 10.0000000000 10.0000000000 0.0000000000
0.2320000000 10.0000000000 1.0000000000 2.0000000000 1.0000000000 10.0000000000 10.0000000000 10.0000000000 0.0000000000
0.2340000000 10.0000000000 1.0000000000 2.0000000000 1.0000000000 10.0000000000 10.0000000000 10.0000000000 0.0000000000
0.2360000000 10.0000000000 1.0000000000 2.0000000000 1.0000000000 10.0000000000 10.0000000000 10.0000000000 0.0000000000
0.2380000000 10.0000000000 1.0000000000 2.0000000000 1.0000000000 10.0000000000 10.0000000000 10.0000000000 0.0000000000
0.2400000000 10.0000000000 1.0000000000 2.0000000000 1.0000000000 10.0000000000 10.0000000000 10.0000000000 0.0000000000
0.2420000000 10.0000000000 1.0000000000 2.0000000000 1.0000000000 10.0000000000 10.0000000000 10.0000000000 0.0000000000
0.2440000000 10.0000000000 1.0000000000 2.0000000000 1.0000000000 10.0000000000 10.0000000000 10.0000000000 0.0000000000
0.2460000000 10.0000000000 1.0000000000 2.0000000000 1.0000000000 10.0000000000 10.0000000000 10.0000000000 0.0000000000
0.2480000000 10.0000000000 1.0000000000 2.0000000000 1.0000000000 10.0000000000 10.0000000000 10.0000000000 0.0000000000
0.2500000000 10.0000000000 1.0000000000 2.0000000000 1.0000000000 10.0000000000 10.0000000000 10.0000000000 0.0000000000
0.2520000000 10.0000000000 1.0000000000 2.0000000000 1.0000000000 10.0000000000 10.0000000000 10.0000000000 0.0000000000
0.2540000000 10.0000000000 1.0000000000 2.0000000000 1.0000000000 10.0000000000 10.0000000000 10.0000000000 0.0000000000
0.2560000000 10.0000000000 1.0000000000 2.0000000000 1.0000000000 10.0000000000 10.0000000000 10.0000000000 0.0000000000
0.2580000000 10.0000000000 1.0000000000 2.0000000000 1.0000000000 10.0000000000 10.0000000000 10.0000000000 0.0000000000
0.2600000000 10.0000000000 1.0000000000 2.0000000000 1.0000000000 10.0000000000 10.0000000000 10.0000000000 0.0000000000
0.2620000000 10.0000000000 1.0000000000 2.0000000000 1.0000000000 10.0000000000 10.0000000000 10.0000000000 0.0000000000
0.2640000000 10.0000000000 1.0000000000 2.0000000000 1.0000000000 10.0000000000 10.0000000000 10.0000000000 0.0000000000
0.2660000000 10.0000000000 1.0000000000 2.0000000000 1.0000000000 10.0000000000 10.0000000000 10.0000000000 0.0000000000
0.2680000000 10.0000000000 1.0000000000 2.0000000000 1.0000000000 10.0000000000 10.0000000000 10.0000000000 0.0000000000
0.2700000000 10.0000000000 1.0000000000 2.0000000000 1.0000000000 10.0000000000 10.0000000000 10.0000000000 0.0000000000
0.2720000000 10.0000000000 1.0000000000 2.0000000000 1.0000000000 10.0000000000 10.0000000000 10.0000000000 0.0000000000
0.2740000000 10.0000000000 1.0000000000 2.0000000000 1.0000000000 10.0000000000 10.0000000000 10.0000000000 0.0000000000
0.2760000000 10.0000000000 1.0000000000 2.0000000000 1.0000000000 10.0000000000 10.0000000000 10.0000000000 0.0000000000
0.2780000000 10.0000000000 1.0000000000 2.0000000000 1.0000000000 10.0000000000 10.0000000000 10.0000000000 0.0000000000
0.2800000000 10.0000000000 1.0000000000 2.0000000000 1.0000000000 10.0000000000 10.0000000000 10.0000000000 0.0000000000
0.2820000000 10.0000000000 1.0000000000 2.0000000000 1.0000000000 10.0000000000 10.0000000000 10.0000000000 0.0000000000
0.2840000000 10.0000000000 1.0000000000 2.0000000000 1.0000000000 10.0000000000 10.0000000000 10.0000000000 0.0000000000
0.2860000000 10.0000000000 1.0000000000 2.0000000000 1.0000000000 10.0000000000 10.0000000000 10.0000000000 0.0000000000
0.2880000000 10.0000000000 1.0000000000 2.0000000000 1.0000000000 10.0000000000 10.0000000000 10.0000000000 0.0000000000
0.2900000000 10.0000000000 1.0000000000 2.0000000000 1.0000000000 10.0000000000 10.0000000000 10.0000000000 0.0000000000
0.2920000000 10.0000000000 1.0000000000 2.0000000000 1.0000000000 10.0000000000 10.0000000000 10.0000000000 0.0000000000
0.2940000000 10.0000000000 1.0000000000 2.0000000000 1.0000000000 10.0000000000 10.0000000000 10.0000000000 0.0000000000
0.2960000000 10.0000000000 1.0000000000 2.0000000000 1.0000000000 10.0000000000 10.0000000000 10.0000000000 0.0000000000
0.2980000000 10.0000000000 1.0000000000 2.0000000000 1.0000000000 10.0000000000 10.0000000000 10.0000000000 0.0000000011
0.3000000000 10.0000000000 1.0000000000 2.0000000000 1.0000000000 10.0000000000 10.0000000000 10.0000000000 0.0000000055
0.3020000000 10.0000000000 1.0000000000 2.0000000000 1.0000000000 10.0000000000 10.0000000000 10.0000000000 0.0000000130
0.3040000000 10.0000000000 1.0000000000 2.0000000000 1.0000000000 10.0000000000 10.0000000000 10.0000000000 0.0000000143
0.3060000000 10.0000000000 1.0000000000 2.0000000000 1.0000000000 10.0000000000 10.0000000000 10.0000000000 0.0000000040
0.3080000000 10.0000000000 1.0000000000 2.0000000000 1.0000000000 10.0000000000 10.0000000000 10.0000000000 0.0000000035
0.3100000000 10.0000000000 1.0000000000 2.0000000000 1.0000000000 10.0000000000 10.0000000000 10.0000000000 0.0000000049
0.3120000000 10.0000000000 1.0000000000 2.0000000000 1.0000000000 10.0000000000 10.0000000000 10.0000000000 0.0000000089
0.3140000000 10.0000000000 1.0000000000 2.0000000000 1.0000000000 10.0000000000 10.0000000000 10.0000000000 0.0000000125
0.3160000000 10.0000000000 1.0000000000 2.0000000000 1.0000000000 10.0000000000 10.0000000000 10.0000000000 0.0000000113
0.3180000000 10.0000000000 1.0000000000 2.0000000000 1.0000000000 10.0000000000 10.0000000000 10.0000000000 0.0000000061
0.3200000000 10.0000000000 1.0000000000 2.0000000000 1.0000000000 10.0000000000 10.0000000000 10.0000000000 0.0000000048
0.3220000000 10.0000000000 1.0000000000 2.0000000000 1.0000000000 10.0000000000 10.0000000000 10.0000000000 0.0000000047
0.3240000000 10.0000000000 1.0000000000 2.0000000000 1.0000000000 10.0000000000 10.0000000000 10.0000000000 0.0000000213
0.3260000000 10.0000000000 1.0000000000 2.0000000000 1.0000000000 10.0000000000 10.0000000000 10.0000000000 0.0000000167
0.3280000000 10.0000000000 1.0000000000 2.0000000000 1.0000000000 10.0000000000 10.0000000000 10.0000000000 0.0000000071
0.3300000000 10.0000000000 1.0000000000 2.0000000000 1.0000000000 10.0000000000 10.0000000000 10.0000000000 0.0000000114
0.3320000000 10.0000000000 1.0000000000 2.0000000000 1.0000000000 10.0000000000 10.0000000000 10.0000000000 0.0000000004
0.3340000000 10.0000000000 1.0000000000 2.0000000000 1.0000000000 10.0000000000 10.0000000000 10.0000000000 0.0000000272
0.3360000000 10.0000000000 1.0000000000 2.0000000000 1.0000000000 10.0000000000 10.0000000000 10.0000000000 0.0000000400
0.3380000000 10.0000000000 1.0000000000 2.0000000000 1.0000000000 10.0000000000 10.0000000000 10.0000000000 0.0000000282
0.3400000000 10.0000000000 1.0000000000 2.0000000000 1.0000000000 10.0000000000 10.0000000000 10.0000000000 0.0000000036
0.3420000000 10.0000000000 1.0000000000 2.0000000000 1.0000000000 10.0000000000 10.0000000000 10.0000000000 0.0000000283
0.3440000000 10.0000000000 1.0000000000 2.0000000000 1.0000000000 10.0000000000 10.0000000000 10.0000000000 0.0000000335
0.3460000000 10.0000000000 1.0000000000 2.0000000000 1.0000000000 10.0000000000 10.0000000000 10.0000000000 0.0000000375
0.3480000000 10.0000000000 1.0000000000 2.0000000000 1.0000000000 10.0000000000 10.0000000000 10.0000000000 0.0000000223
0.3500000000 10.0000000000 1.0000000000 2.0000000000 1.0000000000 10.0000000000 10.0000000000 10.0000000000 0.0000000187
0.3520000000 10.0000000000 1.0000000000 2.0000000000 1.0000000000 10.0000000000 10.0000000000 10.0000000000 0.0000000517
0.3540000000 10.0000000000 1.0000000000 2.0000000000 1.0000000000 10.0000000000 10.0000000000 10.0000000000 0.0000000587
0.3560000000 10.0000000000 1.0000000000 2.0000000000 1.0000000000 10.0000000000 10.0000000000 10.0000000000 0.0000000329
0.3580000000 10.0000000000 1.0000000000 2.0000000000 1.0000000000 10.0000000000 10.0000000000 10.0000000000 0.0000000179
0.3600000000 10.0000000000 1.0000000000 2.0000000000 1.0000000000 10.0000000000 10.0000000000 10.0000000000 0.0000000733
0.3620000000 10.0000000000 1.0000000000 2.0000000000 1.0000000000 10.0000000000 10.0000000000 10.0000000000 0.0000000942
0.3640000000 10.0000000000 1.0000000000 2.0000000000 1.0000000000 10.0000000000 10.0000000000 10.0000000000 0.0000000516
0.3660000000 10.0000000000 1.0000000000 2.0000000000 1.0000000000 10.0000000000 10.0000000000 10.0000000000 0.0000000364
0.3680000000 10.0000000000 1.0000000000 2.0000000000 1.0000000000 10.0000000000 10.0000000000 10.0000000000 0.0000001209
0.3700000000 10.0000000000 1.0000000000 2.0000000000 1.0000000000 10.0000000000 10.0000000000 10.0000000000 0.0000001273
0.3720000000 10.0000000000 1.0000000000 2.0000000000 1.0000000000 10.0000000000 10.0000000000 10.0000000000 0.0000000303
0.3740000000 10.0000000000 1.0000000000 2.0000000000 1.0000000000 10.0000000000 10.0000000000 10.0000000000 0.0000001061
0.3760000000 10.0000000000 1.0000000000 2.0000000000 1.0000000000 10.0000000000 10.0000000000 10.0000000000 0.0000001911
0.3780000000 10.0000000000 1.0000000000 2.0000000000 1.0000000000 10.0000000000 10.0000000000 10.0000000000 0.0000001391
0.3800000000 10.0000000000 1.0000000000 2.0000000000 1.0000000000 10.0000000000 10.0000000000 10.0000000000 0.0000000559
0.3820000000 10.0000000000 1.0000000000 2.0000000000 1.0000000000 10.0000000000 10.0000000000 10.0000000000 0.0000002452
0.3840000000 10.0000000000 1.0000000000 2.0000000000 1.0000000000 10.0000000000 10.0000000000 10.0000000000 0.0000002519
0.3860000000 10.0000000000 1.0000000000 2.0000000000 1.0000000000 10.0000000000 10.0000000000 10.0000000000 0.0000000245
0.3880000000 10.0000000000 1.0000000000 2.0000000000 1.0000000000 10.0000000000 10.0000000000 10.0000000000 0.0000002831
0.3900000000 10.0000000000 1.0000000000 2.0000000000 1.0000000000 10.0000000000 10.0000000000 10.0000000000 0.0000003883
0.3920000000 10.0000000000 1.0000000000 2.0000000000 1.0000000000 10.0000000000 10.0000000000 10.0000000000 0.0000001391
0.3940000000 10.0000000000 1.0000000000 2.0000000000 1.0000000000 10.0000000000 10.0000000000 10.0000000000 0.0000003124
0.3960000000 10.0000000000 1.0000000000 2.0000000000 1.0000000000 10.0000000000 10.0000000000 10.0000000000 0.0000005483
0.3980000000 10.0000000000 1.0000000000 2.0000000000 1.0000000000 10.0000000000 10.0000000000 10.0000000000 0.0000002498
0.4000000000 10.0000000000 1.0000000000 2.0000000000 1.0000000000 10.0000000000 10.0000000000 10.0000000000 0.0000004016
0.4020000000 10.0000000000 1.0000000000 2.0000000000 1.0000000000 10.0000000000 10.0000000000 10.0000000000 0.0000007711
0.4040000000 10.0000000000 1.0000000000 2.0000000000 1.0000000000 10.0000000000 10.0000000000 10.0000000000 0.0000003487
0.4060000000 10.0000000000 1.0000000000 2.0000000000 1.0000000000 10.0000000000 10.0000000000 10.0000000000 0.0000005882
0.4080000000 10.0000000000 1.0000000000 2.0000000000 1.0000000000 10.0000000000 10.0000000000 10.0000000000 0.0000010615
0.4100000000 10.0000000000 1.0000000000 2.0000000000 1.0000000000 10.0000000000 10.0000000000 10.0000000000 0.0000003714
0.4120000000 10.0000000000 1.0000000000 2.0000000000 1.0000000000 10.0000000000 10.0000000000 10.0000000000 0.0000009453
0.4140000000 10.0000000000 1.0000000000 2.0000000000 1.0000000000 10.0000000000 10.0000000000 10.0000000000 0.0000013890
0.4160000000 10.0000000000 1.0000000000 2.0000000000 1.0000000000 10.0000000000 10.0000000000 10.0000000000 0.0000001544
0.4180000000 10.0000000000 1.0000000000 2.0000000000 1.0000000000 10.0000000000 10.0000000000 10.0000000000 0.0000015905
0.4200000000 10.0000000000 1.0000000000 2.0000000000 1.0000000000 10.0000000000 10.0000000000 10.0000000000 0.0000016617
0.4220000000 10.0000000000 1.0000000000 2.0000000000 1.0000000000 10.0000000000 10.0000000000 10.0000000000 0.0000004971
0.4240000000 10.0000000000 1.0000000000 2.0000000000 1.0000000000 10.0000000000 10.0000000000 10.0000000000 0.0000025060
0.4260000000 10.0000000000 1.0000000000 2.0000000000 1.0000000000 10.0000000000 10.0000000000 10.0000000000 0.0000014950
0.4280000000 10.0000000000 1.0000000000 2.0000000000 1.0000000000 10.0000000000 10.0000000000 10.0000000000 0.0000018836
0.4300000000 10.0000000000 1.0000000000 2.0000000000 1.0000000000 10.0000000000 10.0000000000 10.0000000000 0.0000033546
0.4320000000 10.0000000000 1.0000000000 2.0000000000 1.0000000000 10.0000000000 10.0000000000 10.0000000000 0.0000002664
0.4340000000 10.0000000000 1.0000000000 2.0000000000 1.0000000000 10.0000000000 10.0000000000 10.0000000000 0.0000039507
0.4360000000 10.0000000000 1.0000000000 2.0000000000 1.0000000000 10.0000000000 10.0000000000 10.0000000000 0.0000031966
0.4380000000 10.0000000000 1.0000000000 2.0000000000 1.0000000000 10.0000000000 10.0000000000 10.0000000000 0.0000026200
0.4400000000 10.0000000000 1.0000000000 2.0000000000 1.0000000000 10.0000000000 10.0000000000 10.0000000000 0.0000057017
0.4420000000 10.0000000000 1.0000000000 2.0000000000 1.0000000000 10.0000000000 10.0000000000 10.0000000000 0.0000005308
0.4440000000 10.0000000000 1.0000000000 2.0000000000 1.0000000000 10.0000000000 10.0000000000 10.0000000000 0.0000066364
0.4460000000 10.0000000000 1.0000000000 2.0000000000 1.0000000000 10.0000000000 10.0000000000 10.0000000000 0.0000046950
0.4480000000 10.0000000000 1.0000000000 2.0000000000 1.0000000000 10.0000000000 10.0000000000 10.0000000000 0.0000053439
0.4500000000 9.9999999999 1.0000000000 2.0000000000 1.0000000000 9.9999999999 9.9999999999 10.0000000000 0.0000087235
0.4520000000 10.0000000000 1.0000000000 2.0000000000 1.0000000000 10.0000000000 10.0000000000 10.0000000000 0.0000017873
0.4540000000 10.0000000001 1.0000000000 2.0000000000 1.0000000000 10.0000000001 10.0000000001 10.0000000000 0.0000115017
0.4560000000 10.0000000000 1.0000000000 2.0000000000 1.0000000000 10.0000000000 10.0000000000 10.0000000000 0.0000035321
0.4580000000 9.9999999999 1.0000000000 2.0000000000 1.0000000000 9.9999999999 9.9999999999 10.0000000000 0.0000121875
0.4600000000 10.0000000001 1.0000000000 2.0000000000 1.0000000000 10.0000000001 10.0000000001 10.0000000000 0.0000097042
0.4620000000 10.0000000001 1.0000000000 2.0000000000 1.0000000000 10.0000000001 10.0000000001 10.0000000000 0.0000104885
0.4640000000 9.9999999999 1.0000000000 2.0000000000 1.0000000000 9.9999999999 9.9999999999 9.9999999999 0.0000158597
0.4660000000 10.0000000000 1.0000000000 2.0000000000 1.0000000000 10.0000000000 10.0000000000 10.0000000000 0.0000064573
0.4680000000 10.0000000002 1.0000000000 2.0000000000 1.0000000000 10.0000000002 10.0000000002 10.0000000001 0.0000212091
0.4700000000 10.0000000000 1.0000000000 2.0000000000 1.0000000000 10.0000000000 10.0000000000 10.0000000000 0.0000004989
0.4720000000 9.9999999998 1.0000000000 2.0000000000 1.0000000000 9.9999999998 9.9999999998 9.9999999999 0.0000252903
0.4740000000 10.0000000001 1.0000000000 2.0000000000 1.0000000000 10.0000000001 10.0000000001 10.0000000000 0.0000068736
0.4760000000 10.0000000002 1.0000000000 2.0000000000 1.0000000000 10.0000000002 10.0000000002 10.0000000001 0.0000279546
0.4780000000 9.9999999999 1.0000000000 2.0000000000 1.0000000000 9.9999999999 9.9999999999 9.9999999999 0.0000151449
0.4800000000 9.9999999998 1.0000000000 2.0000000000 1.0000000000 9.9999999998 9.9999999998 9.9999999999 0.0000293193
0.4820000000 10.0000000002 1.0000000000 2.0000000000 1.0000000000 10.0000000002 10.0000000002 10.0000000001 0.0000239003
0.4840000000 10.0000000002 1.0000000000 2.0000000000 1.0000000000 10.0000000002 10.0000000002 10.0000000001 0.0000297423
0.4860000000 9.9999999997 1.0000000000 2.0000000000 1.0000000000 9.9999999997 9.9999999997 9.9999999999 0.0000328760
0.4880000000 9.9999999998 1.0000000000 2.0000000000 1.0000000000 9.9999999998 9.9999999998 9.9999999999 0.0000297497
0.4900000000 10.0000000004 1.0000000000 2.0000000000 1.0000000000 10.0000000004 10.0000000004 10.0000000002 0.0000419532
0.4920000000 10.0000000002 1.0000000000 2.0000000000 1.0000000000 10.0000000002 10.0000000002 10.0000000001 0.0000299944
0.4940000000 9.9999999996 1.0000000000 2.0000000000 1.0000000000 9.9999999996 9.9999999996 9.9999999998 0.0000510938
0.4960000000 9.9999999997 1.0000000000 2.0000000000 1.0000000000 9.9999999997 9.9999999997 9.9999999999 0.0000312470
0.4980000000 10.0000000005 1.0000000000 2.0000000000 1.0000000000 10.0000000005 10.0000000005 10.0000000003 0.0000602702
0.5000000000 10.0000000003 1.0000000000 2.0000000000 1.0000000000 10.0000000003 10.0000000003 10.0000000001 0.0000343879
0.5020000000 9.9999999994 1.0000000000 2.0000000000 1.0000000000 9.9999999994 9.9999999994 9.9999999997 0.0000693485
0.5040000000 9.9999999997 1.0000000000 2.0000000000 1.0000000000 9.9999999997 9.9999999997 9.9999999998 0.0000404189
0.5060000000 10.0000000007 1.0000000000 2.0000000000 1.0000000000 10.0000000007 10.0000000007 10.0000000004 0.0000779311
0.5080000000 10.0000000004 1.0000000000 2.0000000000 1.0000000000 10.0000000004 10.0000000004 10.0000000002 0.0000503991
0.5100000000 9.9999999992 1.0000000000 2.0000000000 1.0000000000 9.9999999992 9.9999999992 9.9999999996 0.0000851056
0.5120000000 9.9999999994 1.0000000000 2.0000000000 1.0000000000 9.9999999994 9.9999999994 9.9999999997 0.0000654243
0.5140000000 10.0000000008 1.0000000000 2.0000000000 1.0000000000 10.0000000008 10.0000000008 10.0000000004 0.0000893189
0.5160000000 10.0000000008 1.0000000000 2.0000000000 1.0000000000 10.0000000008 10.0000000008 10.0000000004 0.0000862884
0.5180000000 9.9999999991 1.0000000000 2.0000000000 1.0000000000 9.9999999991 9.9999999991 9.9999999996 0.0000880366
0.5200000000 9.9999999989 1.0000000000 2.0000000000 1.0000000001 9.9999999989 9.9999999989 9.9999999995 0.0001130909
0.5220000000 10.0000000008 1.0000000000 2.0000000000 1.0000000000 10.0000000008 10.0000000008 10.0000000004 0.0000777126
0.5240000000 10.0000000014 1.0000000000 2.0000000000 0.9999999999 10.0000000014 10.0000000014 10.0000000007 0.0001444638
0.5260000000 9.9999999994 1.0000000000 2.0000000000 1.0000000000 9.9999999994 9.9999999994 9.9999999997 0.0000540184
0.5280000000 9.9999999982 1.0000000000 2.0000000000 1.0000000001 9.9999999982 9.9999999982 9.9999999991 0.0001767432
0.5300000000 10.0000000002 1.0000000000 2.0000000000 1.0000000000 10.0000000002 10.0000000002 10.0000000001 0.0000125544
0.5320000000 10.0000000021 1.0000000000 2.0000000000 0.9999999999 10.0000000021 10.0000000021 10.0000000010 0.0002028033
0.5340000000 10.0000000004 1.0000000000 2.0000000000 1.0000000000 10.0000000004 10.0000000004 10.0000000002 0.0000495884
0.5360000000 9.9999999978 1.0000000000 2.0000000000 1.0000000001 9.9999999978 9.9999999978 9.9999999989 0.0002116093
0.5380000000 9.9999999987 1.0000000000 2.0000000000 1.0000000001 9.9999999987 9.9999999987 9.9999999993 0.0001309722
0.5400000000 10.0000000021 1.0000000000 2.0000000000 0.9999999999 10.0000000021 10.0000000021 10.0000000010 0.0001887642
0.5420000000 10.0000000023 1.0000000000 2.0000000000 0.9999999999 10.0000000023 10.0000000023 10.0000000012 0.0002221565
0.5440000000 9.9999999986 1.0000000000 2.0000000000 1.0000000001 9.9999999986 9.9999999986 9.9999999993 0.0001192930
0.5460000000 9.9999999967 1.0000000000 2.0000000000 1.0000000002 9.9999999967 9.9999999967 9.9999999983 0.0003013118
0.5480000000 10.0000000001 1.0000000000 2.0000000000 1.0000000000 10.0000000001 10.0000000001 10.0000000001 0.0000039468
0.5500000000 10.0000000039 1.0000000000 2.0000000000 0.9999999998 10.0000000039 10.0000000039 10.0000000019 0.0003356284
0.5520000000 10.0000000018 1.0000000000 2.0000000000 0.9999999999 10.0000000018 10.0000000018 10.0000000009 0.0001721165
0.5540000000 9.9999999965 1.0000000000 2.0000000000 1.0000000002 9.9999999965 9.9999999965 9.9999999983 0.0002863758
0.5560000000 9.9999999960 1.0000000000 2.0000000000 1.0000000002 9.9999999960 9.9999999960 9.9999999980 0.0003486245
0.5580000000 10.0000000017 1.0000000000 2.0000000000 0.9999999999 10.0000000017 10.0000000017 10.0000000009 0.0001244109
0.5600000000 10.0000000056 1.0000000000 2.0000000000 0.9999999997 10.0000000056 10.0000000056 10.0000000028 0.0004620269
0.5620000000 10.0000000015 1.0000000000 2.0000000000 0.9999999999 10.0000000015 10.0000000015 10.0000000007 0.0001395026
0.5640000000 9.9999999944 1.0000000000 2.0000000000 1.0000000003 9.9999999944 9.9999999944 9.9999999972 0.0004288665
0.5660000000 9.9999999947 1.0000000000 2.0000000000 1.0000000003 9.9999999947 9.9999999947 9.9999999973 0.0004348215
0.5680000000 10.0000000028 1.0000000000 2.0000000000 0.9999999999 10.0000000028 10.0000000028 10.0000000014 0.0001883488
0.5700000000 10.0000000081 1.0000000000 2.0000000000 0.9999999996 10.0000000081 10.0000000081 10.0000000041 0.0006150695
0.5720000000 10.0000000026 1.0000000000 2.0000000000 0.9999999999 10.0000000026 10.0000000026 10.0000000013 0.0002252287
0.5740000000 9.9999999926 1.0000000000 2.0000000000 1.0000000004 9.9999999926 9.9999999926 9.9999999963 0.0005205605
0.5760000000 9.9999999913 1.0000000000 2.0000000000 1.0000000004 9.9999999913 9.9999999913 9.9999999957 0.0006476167
0.5780000000 10.0000000018 1.0000000000 2.0000000000 0.9999999999 10.0000000018 10.0000000018 10.0000000009 0.0000807091
0.5800000000 10.0000000114 1.0000000000 2.0000000000 0.9999999994 10.0000000114 10.0000000114 10.0000000057 0.0007844549
0.5820000000 10.0000000074 1.0000000000 2.0000000000 0.9999999996 10.0000000074 10.0000000074 10.0000000037 0.0005523332
0.5840000000 9.9999999931 1.0000000000 2.0000000000 1.0000000003 9.9999999931 9.9999999931 9.9999999965 0.0004085074
0.5860000000 9.9999999854 1.0000000000 2.0000000000 1.0000000007 9.9999999854 9.9999999854 9.9999999927 0.0009740921
0.5880000000 9.9999999949 1.0000000000 2.0000000000 1.0000000003 9.9999999949 9.9999999949 9.9999999974 0.0003993916
0.5900000000 10.0000000123 1.0000000000 2.0000000000 0.9999999994 10.0000000123 10.0000000123 10.0000000062 0.0007185164
0.5920000000 10.0000000176 1.0000000000 2.0000000000 0.9999999991 10.0000000176 10.0000000176 10.0000000088 0.0011285548
0.5940000000 10.0000000026 1.0000000000 2.0000000000 0.9999999999 10.0000000026 10.0000000026 10.0000000013 0.0002597826
0.5960000000 9.9999999821 1.0000000000 2.0000000000 1.0000000009 9.9999999821 9.9999999821 9.9999999910 0.0009991118
0.5980000000 9.9999999786 1.0000000000 2.0000000000 1.0000000011 9.9999999786 9.9999999786 9.9999999893 0.0013113890
0.6000000000 9.9999999989 1.0000000000 2.0000000000 1.0000000001 9.9999999989 9.9999999989 9.9999999994 0.0002042636
0.6020000000 10.0000000240 1.0000000000 2.0000000000 0.9999999988 10.0000000240 10.0000000240 10.0000000120 0.0012424852
0.6040000000 10.0000000276 1.0000000000 2.0000000000 0.9999999986 10.0000000276 10.0000000276 10.0000000138 0.0015957734
0.6060000000 10.0000000023 1.0000000000 2.0000000000 0.9999999999 10.0000000023 10.0000000023 10.0000000012 0.0003230530
0.6080000000 9.9999999697 1.0000000000 2.0000000000 1.0000000015 9.9999999697 9.9999999697 9.9999999849 0.0014041070
0.6100000000 9.9999999615 1.0000000000 2.0000000000 1.0000000019 9.9999999615 9.9999999615 9.9999999807 0.0020403129
0.6120000000 9.9999999903 1.0000000000 2.0000000000 1.0000000005 9.9999999903 9.9999999903 9.9999999952 0.0007556871
0.6140000000 10.0000000349 1.0000000000 2.0000000000 0.9999999983 10.0000000349 10.0000000349 10.0000000175 0.0013408881
0.6160000000 10.0000000561 1.0000000000 2.0000000000 0.9999999972 10.0000000561 10.0000000561 10.0000000280 0.0026217544
0.6180000000 10.0000000296 1.0000000000 2.0000000000 0.9999999985 10.0000000296 10.0000000296 10.0000000148 0.0017086715
0.6200000000 9.9999999692 1.0000000000 2.0000000000 1.0000000015 9.9999999692 9.9999999692 9.9999999846 0.0007382908
0.6220000000 9.9999999209 1.0000000000 2.0000000000 1.0000000040 9.9999999209 9.9999999209 9.9999999604 0.0030654484
0.6240000000 9.9999999278 1.0000000000 2.0000000000 1.0000000036 9.9999999278 9.9999999278 9.9999999639 0.0033764892
0.6260000000 9.9999999992 1.0000000000 2.0000000000 1.0000000000 9.9999999992 9.9999999992 9.9999999996 0.0009714549
0.6280000000 10.0000000932 1.0000000000 2.0000000000 0.9999999953 10.0000000932 10.0000000932 10.0000000466 0.0023318973
0.6300000000 10.0000001436 1.0000000000 2.0000000000 0.9999999928 10.0000001436 10.0000001436 10.0000000718 0.0050360874
0.6320000000 10.0000000990 1.0000000000 2.0000000000 0.9999999950 10.0000000990 10.0000000990 10.0000000495 0.0046283884
0.6340000000 9.9999999564 1.0000000000 2.0000000000 1.0000000022 9.9999999564 9.9999999564 9.9999999782 0.0009928728
0.6360000000 9.9999997866 1.0000000000 2.0000000000 1.0000000107 9.9999997866 9.9999997866 9.9999998933 0.0035997006
0.6380000000 9.9999996914 1.0000000000 2.0000000000 1.0000000154 9.9999996914 9.9999996914 9.9999998457 0.0085030179
0.6400000000 9.9999997664 1.0000000000 2.0000000000 1.0000000117 9.9999997664 9.9999997664 9.9999998832 0.0097695627
0.6420000000 10.0000000805 1.0000000000 2.0000000000 0.9999999960 10.0000000805 10.0000000805 10.0000000402 0.0055587821
0.6440000000 10.0000005784 1.0000000000 2.0000000000 0.9999999711 10.0000005784 10.0000005784 10.0000002892 0.0007167232
0.6460000000 10.0000010612 1.0000000000 2.0000000000 0.9999999469 10.0000010612 10.0000010612 10.0000005306 0.0074719152
0.6480000000 10.0000013270 1.0000000000 2.0000000000 0.9999999337 10.0000013270 10.0000013270 10.0000006635 0.0186006280
0.6500000000 10.0000011285 1.0000000000 2.0000000000 0.9999999436 10.0000011285 10.0000011285 10.0000005642 0.0262051338
0.6520000000 9.9999997545 1.0000000000 2.0000000000 1.0000000123 9.9999997545 9.9999997545 9.9999998773 0.0261557826
0.6540000000 9.9999952301 1.0000000000 2.0000000000 1.0000002385 9.9999952301 9.9999952301 9.9999976150 0.0255954130
0.6560000000 9.9999825779 1.0000000000 2.0000000000 1.0000008711 9.9999825779 9.9999825779 9.9999912889 0.0248818847
0.6580000000 9.9999496919 1.0000000000 2.0000000000 1.0000025154 9.9999496919 9.9999496919 9.9999748460 0.0241256298
0.6600000000 9.9998681339 1.0000000000 2.0000000000 1.0000065934 9.9998681339 9.9998681339 9.9999340669 0.0233555234
0.6620000000 9.9996733829 1.0000000000 2.0000000000 1.0000163314 9.9996733829 9.9996733829 9.9998366915 0.0225763465
0.6640000000 9.9992241033 1.0000000000 2.0000000000 1.0000387978 9.9992241033 9.9992241033 9.9996120517 0.0217855403
0.6660000000 9.9982215708 1.0000000000 2.0000000000 1.0000889373 9.9982215708 9.9982215708 9.9991107854 0.0209779488
0.6680000000 9.9960572535 1.0000000000 2.0000000000 1.0001972151 9.9960572535 9.9960572535 9.9980286268 0.0201467378
0.6700000000 9.9915383201 1.0000000000 2.0000000000 1.0004234423 9.9915383201 9.9915383201 9.9957691600 0.0192829319
0.6720000000 9.9824203718 1.0000000000 2.0000000000 1.0008805293 9.9824203718 9.9824203718 9.9912101859 0.0183742442
0.6740000000 9.9646645433 1.0000000000 2.0000000000 1.0017730379 9.9646645433 9.9646645433 9.9823322717 0.0174033248
0.6760000000 9.9313584417 1.0000000000 2.0000000000 1.0034557991 9.9313584417 9.9313584417 9.9656792208 0.0163455303
0.6780000000 9.8713489707 1.0000000000 2.0000000000 1.0065163854 9.8713489707 9.8713489707 9.9356744854 0.0151666338
0.6800000000 9.7679099638 1.0000000000 2.0000000000 1.0118802301 9.7679099638 9.7679099638 9.8839549819 0.0138218658
0.6820000000 9.5982779588 1.0000000000 2.0000000000 1.0209267768 9.5982779588 9.5982779588 9.7991389794 0.0122594383
0.6840000000 9.3355368365 1.0000000000 2.0000000000 1.0355878390 9.3355368365 9.3355368365 9.6677684183 0.0104340284
0.6860000000 8.9545178062 1.0000000000 2.0000000000 1.0583773586 8.9545178062 8.9545178062 9.4772589031 0.0083352428
0.6880000000 8.4418265504 1.0000000000 2.0000000000 1.0922888809 8.4418265504 8.4418265504 9.2209132752 0.0060263519
0.6900000000 7.8060457603 1.0000000000 2.0000000000 1.1405291685 7.8060457603 7.8060457603 8.9030228801 0.0036681535
0.6920000000 7.0804333844 1.0000000000 2.0000000000 1.2061714628 7.0804333844 7.0804333844 8.5402166922 0.0014945682
0.6940000000 6.3133252323 1.0000000000 2.0000000000 1.2919756730 6.3133252323 6.3133252323 8.1566626162 0.0002605624
0.6960000000 5.5511966316 1.0000000000 2.0000000000 1.4007067002 5.5511966316 5.5511966316 7.7755983158 0.0015534966
0.6980000000 4.8279046683 1.0000000000 2.0000000000 1.5356459673 4.8279046683 4.8279046683 7.4139523341 0.0025580951
0.7000000000 4.1653969040 1.0000000000 2.0000000000 1.7003658031 4.1653969040 4.1653969040 7.0826984520 0.0033899838
0.7020000000 3.5761153155 1.0000000000 2.0000000000 1.8981652041 3.5761153155 3.5761153155 6.7880576578 0.0041076652
0.7040000000 3.0650699563 1.0000000000 2.0000000000 2.1312841375 3.0650699563 3.0650699563 6.5325349782 0.0047439902
0.7060000000 2.6317172484 1.0000000000 2.0000000000 2.3999001519 2.6317172484 2.6317172484 6.3158586242 0.0053191991
0.7080000000 2.2716384231 1.0000000000 2.0000000000 2.7010545116 2.2716384231 2.2716384231 6.1358192116 0.0058466380
0.7100000000 1.9779742271 1.0000000000 2.0000000000 3.0278388017 1.9779742271 1.9779742271 5.9889871135 0.0063355753
0.7120000000 1.7425869174 1.0000000000 2.0000000000 3.3692973361 1.7425869174 1.7425869174 5.8712934587 0.0067927170
0.7140000000 1.5569465316 1.0000000000 2.0000000000 3.7114140714 1.5569465316 1.5569465316 5.7784732658 0.0072230783
0.7160000000 1.4127610702 1.0000000000 2.0000000000 4.0391688697 1.4127610702 1.4127610702 5.7063805351 0.0076305132
0.7180000000 1.3023853409 1.0000000000 2.0000000000 4.3391095500 1.3023853409 1.3023853409 5.6511926705 0.0080180521
0.7200000000 1.2190505722 1.0000000000 2.0000000000 4.6015525638 1.2190505722 1.2190505722 5.6095252861 0.0083881236
0.7220000000 1.1569579573 1.0000000000 2.0000000000 4.8216782151 1.1569579573 1.1569579573 5.5784789787 0.0087427068
0.7240000000 1.1112759444 1.0000000000 2.0000000000 4.9993325244 1.1112759444 1.1112759444 5.5556379722 0.0090834368
0.7260000000 1.0780752036 1.0000000000 2.0000000000 5.1378953745 1.0780752036 1.0780752036 5.5390376018 0.0094116812
0.7280000000 1.0542282721 1.0000000000 2.0000000000 5.2428058349 1.0542282721 1.0542282721 5.5271141360 0.0097285952
0.7300000000 1.0372939902 1.0000000000 2.0000000000 5.3202342320 1.0372939902 1.0372939902 5.5186469951 0.0100351625
0.7320000000 1.0254006745 1.0000000000 2.0000000000 5.3761426868 1.0254006745 1.0254006745 5.5127003372 0.0103322254
0.7340000000 1.0171368644 1.0000000000 2.0000000000 5.4157592997 1.0171368644 1.0171368644 5.5085684322 0.0106205064
0.7360000000 1.0114545279 1.0000000000 2.0000000000 5.4433759623 1.0114545279 1.0114545279 5.5057272639 0.0109006232
0.7380000000 1.0075867565 1.0000000000 2.0000000000 5.4623518450 1.0075867565 1.0075867565 5.5037933782 0.0111730962
0.7400000000 1.0049800573 1.0000000000 2.0000000000 5.4752231038 1.0049800573 1.0049800573 5.5024900287 0.0114383495
0.7420000000 1.0032401819 1.0000000000 2.0000000000 5.4838514149 1.0032401819 1.0032401819 5.5016200909 0.0116967014
0.7440000000 1.0020898168 1.0000000000 2.0000000000 5.4895727070 1.0020898168 1.0020898168 5.5010449084 0.0119483414
0.7460000000 1.0013362373 1.0000000000 2.0000000000 5.4933277293 1.0013362373 1.0013362373 5.5006681186 0.0121932860
0.7480000000 1.0008470490 1.0000000000 2.0000000000 5.4957683396 1.0008470490 1.0008470490 5.5004235245 0.0124312991
0.7500000000 1.0005323138 1.0000000000 2.0000000000 5.4973398470 1.0005323138 1.0005323138 5.5002661569 0.0126617563
0.7520000000 1.0003315923 1.0000000000 2.0000000000 5.4983425878 1.0003315923 1.0003315923 5.5001657962 0.0128834133
0.7540000000 1.0002046919 1.0000000000 2.0000000000 5.4989767498 1.0002046919 1.0002046919 5.5001023460 0.0130940133
0.7560000000 1.0001251547 1.0000000000 2.0000000000 5.4993743049 1.0001251547 1.0001251547 5.5000625773 0.0132896237
0.7580000000 1.0000757355 1.0000000000 2.0000000000 5.4996213514 1.0000757355 1.0000757355 5.5000378677 0.0134635146
0.7600000000 1.0000453016 1.0000000000 2.0000000000 5.4997735021 1.0000453016 1.0000453016 5.5000226508 0.0136042730
0.7620000000 1.0000267337 1.0000000000 2.0000000000 5.4998663353 1.0000267337 1.0000267337 5.5000133668 0.0136926618
0.7640000000 1.0000155198 1.0000000000 2.0000000000 5.4999224021 1.0000155198 1.0000155198 5.5000077599 0.0136965025
0.7660000000 1.0000088264 1.0000000000 2.0000000000 5.4999558686 1.0000088264 1.0000088264 5.5000044132 0.0135626912
0.7680000000 1.0000048885 1.0000000000 2.0000000000 5.4999755578 1.0000048885 1.0000048885 5.5000024442 0.0132058365
0.7700000000 1.0000026158 1.0000000000 2.0000000000 5.4999869209 1.0000026158 1.0000026158 5.5000013079 0.0124956182
0.7720000000 1.0000013393 1.0000000000 2.0000000000 5.4999933034 1.0000013393 1.0000013393 5.5000006697 0.0112559390
0.7740000000 1.0000006499 1.0000000000 2.0000000000 5.4999967506 1.0000006499 1.0000006499 5.5000003249 0.0093261500
0.7760000000 1.0000002973 1.0000000000 2.0000000000 5.4999985135 1.0000002973 1.0000002973 5.5000001486 0.0067794155
0.7780000000 1.0000001287 1.0000000000 2.0000000000 5.4999993565 1.0000001287 1.0000001287 5.5000000644 0.0041600864
0.7800000000 1.0000000534 1.0000000000 2.0000000000 5.4999997332 1.0000000534 1.0000000534 5.5000000267 0.0021593836
0.7820000000 1.0000000215 1.0000000000 2.0000000000 5.4999998926 1.0000000215 1.0000000215 5.5000000107 0.0009885359
0.7840000000 1.0000000085 1.0000000000 2.0000000000 5.4999999576 1.0000000085 1.0000000085 5.5000000042 0.0004190731
0.7860000000 1.0000000033 1.0000000000 2.0000000000 5.4999999835 1.0000000033 1.0000000033 5.5000000016 0.0001702027
0.7880000000 1.0000000013 1.0000000000 2.0000000000 5.4999999937 1.0000000013 1.0000000013 5.5000000006 0.0000674306
0.7900000000 1.0000000005 1.0000000000 2.0000000000 5.4999999976 1.0000000005 1.0000000005 5.5000000002 0.0000262777
0.7920000000 1.0000000002 1.0000000000 2.0000000000 5.4999999991 1.0000000002 1.0000000002 5.5000000001 0.0000101083
0.7940000000 1.0000000001 1.0000000000 2.0000000000 5.4999999997 1.0000000001 1.0000000001 5.5000000000 0.0000038449
0.7960000000 1.0000000000 1.0000000000 2.0000000000 5.4999999999 1.0000000000 1.0000000000 5.5000000000 0.0000014469
0.7980000000 1.0000000000 1.0000000000 2.0000000000 5.5000000000 1.0000000000 1.0000000000 5.5000000000 0.0000005387
0.8000000000 1.0000000000 1.0000000000 2.0000000000 5.5000000000 1.0000000000 1.0000000000 5.5000000000 0.0000001985
0.8020000000 1.0000000000 1.0000000000 2.0000000000 5.5000000000 1.0000000000 1.0000000000 5.5000000000 0.0000000726
0.8040000000 1.0000000000 1.0000000000 2.0000000000 5.5000000000 1.0000000000 1.0000000000 5.5000000000 0.0000000263
0.8060000000 1.0000000000 1.0000000000 2.0000000000 5.5000000000 1.0000000000 1.0000000000 5.5000000000 0.0000000092
0.8080000000 1.0000000000 1.0000000000 2.0000000000 5.5000000000 1.0000000000 1.0000000000 5.5000000000 0.0000000036
0.8100000000 1.0000000000 1.0000000000 2.0000000000 5.5000000000 1.0000000000 1.0000000000 5.5000000000 0.0000000010
0.8120000000 1.0000000000 1.0000000000 2.0000000000 5.5000000000 1.0000000000 1.0000000000 5.5000000000 0.0000000004
0.8140000000 1.0000000000 1.0000000000 2.0000000000 5.5000000000 1.0000000000 1.0000000000 5.5000000000 0.0000000002
0.8160000000 1.0000000000 1.0000000000 2.0000000000 5.5000000000 1.0000000000 1.0000000000 5.5000000000 0.0000000001
0.8180000000 1.0000000000 1.0000000000 2.0000000000 5.5000000000 1.0000000000 1.0000000000 5.5000000000 0.0000000001
0.8200000000 1.0000000000 1.0000000000 2.0000000000 5.5000000000 1.0000000000 1.0000000000 5.5000000000 0.0000000000
0.8220000000 1.0000000000 1.0000000000 2.0000000000 5.5000000000 1.0000000000 1.0000000000 5.5000000000 0.0000000000
0.8240000000 1.0000000000 1.0000000000 2.0000000000 5.5000000000 1.0000000000 1.0000000000 5.5000000000 0.0000000000
0.8260000000 1.0000000000 1.0000000000 2.0000000000 5.5000000000 1.0000000000 1.0000000000 5.5000000000 0.0000000000
0.8280000000 1.0000000000 1.0000000000 2.0000000000 5.5000000000 1.0000000000 1.0000000000 5.5000000000 0.0000000000
0.8300000000 1.0000000000 1.0000000000 2.0000000000 5.5000000000 1.0000000000 1.0000000000 5.5000000000 0.0000000001
0.8320000000 1.0000000000 1.0000000000 2.0000000000 5.5000000000 1.0000000000 1.0000000000 5.5000000000 0.0000000000
0.8340000000 1.0000000000 1.0000000000 2.0000000000 5.5000000000 1.0000000000 1.0000000000 5.5000000000 0.0000000001
0.8360000000 1.0000000000 1.0000000000 2.0000000000 5.5000000000 1.0000000000 1.0000000000 5.5000000000 0.0000000000
0.8380000000 1.0000000000 1.0000000000 2.0000000000 5.5000000000 1.0000000000 1.0000000000 5.5000000000 0.0000000000
0.8400000000 1.0000000000 1.0000000000 2.0000000000 5.5000000000 1.0000000000 1.0000000000 5.5000000000 0.0000000000
0.8420000000 1.0000000000 1.0000000000 2.0000000000 5.5000000000 1.0000000000 1.0000000000 5.5000000000 0.0000000000
0.8440000000 1.0000000000 1.0000000000 2.0000000000 5.5000000000 1.0000000000 1.0000000000 5.5000000000 0.0000000001
0.8460000000 1.0000000000 1.0000000000 2.0000000000 5.5000000000 1.0000000000 1.0000000000 5.5000000000 0.0000000000
0.8480000000 1.0000000000 1.0000000000 2.0000000000 5.5000000000 1.0000000000 1.0000000000 5.5000000000 0.0000000000
0.8500000000 1.0000000000 1.0000000000 2.0000000000 5.5000000000 1.0000000000 1.0000000000 5.5000000000 0.0000000000
0.8520000000 1.0000000000 1.0000000000 2.0000000000 5.5000000000 1.0000000000 1.0000000000 5.5000000000 0.0000000000
0.8540000000 1.0000000000 1.0000000000 2.0000000000 5.5000000000 1.0000000000 1.0000000000 5.5000000000 0.0000000000
0.8560000000 1.0000000000 1.0000000000 2.0000000000 5.5000000000 1.0000000000 1.0000000000 5.5000000000 0.0000000000
0.8580000000 1.0000000000 1.0000000000 2.0000000000 5.5000000000 1.0000000000 1.0000000000 5.5000000000 0.0000000000
0.8600000000 1.0000000000 1.0000000000 2.0000000000 5.5000000000 1.0000000000 1.0000000000 5.5000000000 0.0000000000
0.8620000000 1.0000000000 1.0000000000 2.0000000000 5.5000000000 1.0000000000 1.0000000000 5.5000000000 0.0000000000
0.8640000000 1.0000000000 1.0000000000 2.0000000000 5.5000000000 1.0000000000 1.0000000000 5.5000000000 0.0000000000
0.8660000000 1.0000000000 1.0000000000 2.0000000000 5.5000000000 1.0000000000 1.0000000000 5.5000000000 0.0000000000
0.8680000000 1.0000000000 1.0000000000 2.0000000000 5.5000000000 1.0000000000 1.0000000000 5.5000000000 0.0000000001
0.8700000000 1.0000000000 1.0000000000 2.0000000000 5.5000000000 1.0000000000 1.0000000000 5.5000000000 0.0000000000
0.8720000000 1.0000000000 1.0000000000 2.0000000000 5.5000000000 1.0000000000 1.0000000000 5.5000000000 0.0000000000
0.8740000000 1.0000000000 1.0000000000 2.0000000000 5.5000000000 1.0000000000 1.0000000000 5.5000000000 0.0000000001
0.8760000000 1.0000000000 1.0000000000 2.0000000000 5.5000000000 1.0000000000 1.0000000000 5.5000000000 0.0000000000
0.8780000000 1.0000000000 1.0000000000 2.0000000000 5.5000000000 1.0000000000 1.0000000000 5.5000000000 0.0000000000
0.8800000000 1.0000000000 1.0000000000 2.0000000000 5.5000000000 1.0000000000 1.0000000000 5.5000000000 0.0000000000
0.8820000000 1.0000000000 1.0000000000 2.0000000000 5.5000000000 1.0000000000 1.0000000000 5.5000000000 0.0000000000
0.8840000000 1.0000000000 1.0000000000 2.0000000000 5.5000000000 1.0000000000 1.0000000000 5.5000000000 0.0000000000
0.8860000000 1.0000000000 1.0000000000 2.0000000000 5.5000000000 1.0000000000 1.0000000000 5.5000000000 0.0000000000
0.8880000000 1.0000000000 1.0000000000 2.0000000000 5.5000000000 1.0000000000 1.0000000000 5.5000000000 0.0000000000
0.8900000000 1.0000000000 1.0000000000 2.0000000000 5.5000000000 1.0000000000 1.0000000000 5.5000000000 0.0000000001
0.8920000000 1.0000000000 1.0000000000 2.0000000000 5.5000000000 1.0000000000 1.0000000000 5.5000000000 0.0000000000
0.8940000000 1.0000000000 1.0000000000 2.0000000000 5.5000000000 1.0000000000 1.0000000000 5.5000000000 0.0000000000
0.8960000000 1.0000000000 1.0000000000 2.0000000000 5.5000000000 1.0000000000 1.0000000000 5.5000000000 0.0000000000
0.8980000000 1.0000000000 1.0000000000 2.0000000000 5.5000000000 1.0000000000 1.0000000000 5.5000000000 0.0000000000
0.9000000000 1.0000000000 1.0000000000 2.0000000000 5.5000000000 1.0000000000 1.0000000000 5.5000000000 0.0000000001
0.9020000000 1.0000000000 1.0000000000 2.0000000000 5.5000000000 1.0000000000 1.0000000000 5.5000000000 0.0000000000
0.9040000000 1.0000000000 1.0000000000 2.0000000000 5.5000000000 1.0000000000 1.0000000000 5.5000000000 0.0000000001
0.9060000000 1.0000000000 1.0000000000 2.0000000000 5.5000000000 1.0000000000 1.0000000000 5.5000000000 0.0000000000
0.9080000000 1.0000000000 1.0000000000 2.0000000000 5.5000000000 1.0000000000 1.0000000000 5.5000000000 0.0000000000
0.9100000000 1.0000000000 1.0000000000 2.0000000000 5.5000000000 1.0000000000 1.0000000000 5.5000000000 0.0000000001
0.9120000000 1.0000000000 1.0000000000 2.0000000000 5.5000000000 1.0000000000 1.0000000000 5.5000000000 0.0000000000
0.9140000000 1.0000000000 1.0000000000 2.0000000000 5.5000000000 1.0000000000 1.0000000000 5.5000000000 0.0000000001
0.9160000000 1.0000000000 1.0000000000 2.0000000000 5.5000000000 1.0000000000 1.0000000000 5.5000000000 0.0000000000
0.9180000000 1.0000000000 1.0000000000 2.0000000000 5.5000000000 1.0000000000 1.0000000000 5.5000000000 0.0000000001
0.9200000000 1.0000000000 1.0000000000 2.0000000000 5.5000000000 1.0000000000 1.0000000000 5.5000000000 0.0000000000
0.9220000000 1.0000000000 1.0000000000 2.0000000000 5.5000000000 1.0000000000 1.0000000000 5.5000000000 0.0000000001
0.9240000000 1.0000000000 1.0000000000 2.0000000000 5.5000000000 1.0000000000 1.0000000000 5.5000000000 0.0000000000
0.9260000000 1.0000000000 1.0000000000 2.0000000000 5.5000000000 1.0000000000 1.0000000000 5.5000000000 0.0000000000
0.9280000000 1.0000000000 1.0000000000 2.0000000000 5.5000000000 1.0000000000 1.0000000000 5.5000000000 0.0000000000
0.9300000000 1.0000000000 1.0000000000 2.0000000000 5.5000000000 1.0000000000 1.0000000000 5.5000000000 0.0000000000
0.9320000000 1.0000000000 1.0000000000 2.0000000000 5.5000000000 1.0000000000 1.0000000000 5.5000000000 0.0000000000
0.9340000000 1.0000000000 1.0000000000 2.0000000000 5.5000000000 1.0000000000 1.0000000000 5.5000000000 0.0000000000
0.9360000000 1.0000000000 1.0000000000 2.0000000000 5.5000000000 1.0000000000 1.0000000000 5.5000000000 0.0000000000
0.9380000000 1.0000000000 1.0000000000 2.0000000000 5.5000000000 1.0000000000 1.0000000000 5.5000000000 0.0000000000
0.9400000000 1.0000000000 1.0000000000 2.0000000000 5.5000000000 1.0000000000 1.0000000000 5.5000000000 0.0000000000
0.9420000000 1.0000000000 1.0000000000 2.0000000000 5.5000000000 1.0000000000 1.0000000000 5.5000000000 0.0000000000
0.9440000000 1.0000000000 1.0000000000 2.0000000000 5.5000000000 1.0000000000 1.0000000000 5.5000000000 0.0000000000
0.9460000000 1.0000000000 1.0000000000 2.0000000000 5.5000000000 1.0000000000 1.0000000000 5.5000000000 0.0000000000
0.9480000000 1.0000000000 1.0000000000 2.0000000000 5.5000000000 1.0000000000 1.0000000000 5.5000000000 0.0000000000
0.9500000000 1.0000000000 1.0000000000 2.0000000000 5.5000000000 1.0000000000 1.0000000000 5.5000000000 0.0000000000
0.9520000000 1.0000000000 1.0000000000 2.0000000000 5.5000000000 1.0000000000 1.0000000000 5.5000000000 0.0000000000
0.9540000000 1.0000000000 1.0000000000 2.0000000000 5.5000000000 1.0000000000 1.0000000000 5.5000000000 0.0000000000
0.9560000000 1.0000000000 1.0000000000 2.0000000000 5.5000000000 1.0000000000 1.0000000000 5.5000000000 0.0000000000
0.9580000000 1.0000000000 1.0000000000 2.0000000000 5.5000000000 1.0000000000 1.0000000000 5.5000000000 0.0000000000
0.9600000000 1.0000000000 1.0000000000 2.0000000000 5.5000000000 1.0000000000 1.0000000000 5.5000000000 0.0000000000
0.9620000000 1.0000000000 1.0000000000 2.0000000000 5.5000000000 1.0000000000 1.0000000000 5.5000000000 0.0000000000
0.9640000000 1.0000000000 1.0000000000 2.0000000000 5.5000000000 1.0000000000 1.0000000000 5.5000000000 0.0000000000
0.9660000000 1.0000000000 1.0000000000 2.0000000000 5.5000000000 1.0000000000 1.0000000000 5.5000000000 0.0000000000
0.9680000000 1.0000000000 1.0000000000 2.0000000000 5.5000000000 1.0000000000 1.0000000000 5.5000000000 0.0000000000
0.9700000000 1.0000000000 1.0000000000 2.0000000000 5.5000000000 1.0000000000 1.0000000000 5.5000000000 0.0000000000
0.9720000000 1.0000000000 1.0000000000 2.0000000000 5.5000000000 1.0000000000 1.0000000000 5.5000000000 0.0000000000
0.9740000000 1.0000000000 1.0000000000 2.0000000000 5.5000000000 1.0000000000 1.0000000000 5.5000000000 0.0000000000
0.9760000000 1.0000000000 1.0000000000 2.0000000000 5.5000000000 1.0000000000 1.0000000000 5.5000000000 0.0000000000
0.9780000000 1.0000000000 1.0000000000 2.0000000000 5.5000000000 1.0000000000 1.0000000000 5.5000000000 0.0000000000
0.9800000000 1.0000000000 1.0000000000 2.0000000000 5.5000000000 1.0000000000 1.0000000000 5.5000000000 0.0000000000
0.9820000000 1.0000000000 1.0000000000 2.0000000000 5.5000000000 1.0000000000 1.0000000000 5.5000000000 0.0000000000
0.9840000000 1.0000000000 1.0000000000 2.0000000000 5.5000000000 1.0000000000 1.0000000000 5.5000000000 0.0000000000
0.9860000000 1.0000000000 1.0000000000 2.0000000000 5.5000000000 1.0000000000 1.0000000000 5.5000000000 0.0000000000
0.9880000000 1.0000000000 1.0000000000 2.0000000000 5.5000000000 1.0000000000 1.0000000000 5.5000000000 0.0000000000
0.9900000000 1.0000000000 1.0000000000 2.0000000000 5.5000000000 1.0000000000 1.0000000000 5.5000000000 0.0000000000
0.9920000000 1.0000000000 1.0000000000 2.0000000000 5.5000000000 1.0000000000 1.0000000000 5.5000000000 0.0000000000
0.9940000000 1.0000000000 1.0000000000 2.0000000000 5.5000000000 1.0000000000 1.0000000000 5.5000000000 0.0000000000
0.9960000000 1.0000000000 1.0000000000 2.0000000000 5.5000000000 1.0000000000 1.0000000000 5.5000000000 0.0000000000
0.9980000000 1.0000000000 1.0000000000 2.0000000000 5.5000000000 1.0000000000 1.0000000000 5.5000000000 0.0000000000
1.0000000000 1.0000000000 1.0000000000 2.0000000000 5.5000000000 1.0000000000 1.0000000000 5.5000000000 0.0000000000
