TITLE = "1D Euler Filtered MacCormack Result"
VARIABLES = "x", "rho", "u", "p", "E", "rho_conserved", "rhou", "rhoE", "nu"
ZONE T="t=0.20000000", I=501, F=POINT
0.0000000000 1.0000000000 0.0000000000 1.0000000000 2.5000000000 1.0000000000 0.0000000000 2.5000000000 0.0000000000
0.0020000000 1.0000000000 0.0000000000 1.0000000000 2.5000000000 1.0000000000 0.0000000000 2.5000000000 0.0000000000
0.0040000000 1.0000000000 0.0000000000 1.0000000000 2.5000000000 1.0000000000 0.0000000000 2.5000000000 0.0000000000
0.0060000000 1.0000000000 0.0000000000 1.0000000000 2.5000000000 1.0000000000 0.0000000000 2.5000000000 0.0000000000
0.0080000000 1.0000000000 0.0000000000 1.0000000000 2.5000000000 1.0000000000 0.0000000000 2.5000000000 0.0000000000
0.0100000000 1.0000000000 0.0000000000 1.0000000000 2.5000000000 1.0000000000 0.0000000000 2.5000000000 0.0000000000
0.0120000000 1.0000000000 0.0000000000 1.0000000000 2.5000000000 1.0000000000 0.0000000000 2.5000000000 0.0000000000
0.0140000000 1.0000000000 0.0000000000 1.0000000000 2.5000000000 1.0000000000 0.0000000000 2.5000000000 0.0000000000
0.0160000000 1.0000000000 0.0000000000 1.0000000000 2.5000000000 1.0000000000 0.0000000000 2.5000000000 0.0000000000
0.0180000000 1.0000000000 0.0000000000 1.0000000000 2.5000000000 1.0000000000 0.0000000000 2.5000000000 0.0000000000
0.0200000000 1.0000000000 0.0000000000 1.0000000000 2.5000000000 1.0000000000 0.0000000000 2.5000000000 0.0000000000
0.0220000000 1.0000000000 0.0000000000 1.0000000000 2.5000000000 1.0000000000 0.0000000000 2.5000000000 0.0000000000
0.0240000000 1.0000000000 0.0000000000 1.0000000000 2.5000000000 1.0000000000 0.0000000000 2.5000000000 0.0000000000
0.0260000000 1.0000000000 0.0000000000 1.0000000000 2.5000000000 1.0000000000 0.0000000000 2.5000000000 0.0000000000
0.0280000000 1.0000000000 0.0000000000 1.0000000000 2.5000000000 1.0000000000 0.0000000000 2.5000000000 0.0000000000
0.0300000000 1.0000000000 0.0000000000 1.0000000000 2.5000000000 1.0000000000 0.0000000000 2.5000000000 0.0000000000
0.0320000000 1.0000000000 0.0000000000 1.0000000000 2.5000000000 1.0000000000 0.0000000000 2.5000000000 0.0000000000
0.0340000000 1.0000000000 0.0000000000 1.0000000000 2.5000000000 1.0000000000 0.0000000000 2.5000000000 0.0000000000
0.0360000000 1.0000000000 0.0000000000 1.0000000000 2.5000000000 1.0000000000 0.0000000000 2.5000000000 0.0000000000
0.0380000000 1.0000000000 0.0000000000 1.0000000000 2.5000000000 1.0000000000 0.0000000000 2.5000000000 0.0000000000
0.0400000000 1.0000000000 0.0000000000 1.0000000000 2.5000000000 1.0000000000 0.0000000000 2.5000000000 0.0000000000
0.0420000000 1.0000000000 0.0000000000 1.0000000000 2.5000000000 1.0000000000 0.0000000000 2.5000000000 0.0000000000
0.0440000000 1.0000000000 0.0000000000 1.0000000000 2.5000000000 1.0000000000 0.0000000000 2.5000000000 0.0000000000
0.0460000000 1.0000000000 0.0000000000 1.0000000000 2.5000000000 1.0000000000 0.0000000000 2.5000000000 0.0000000000
0.0480000000 1.0000000000 0.0000000000 1.0000000000 2.5000000000 1.0000000000 0.0000000000 2.5000000000 0.0000000000
0.0500000000 1.0000000000 0.0000000000 1.0000000000 2.5000000000 1.0000000000 0.0000000000 2.5000000000 0.0000000000
0.0520000000 1.0000000000 0.0000000000 1.0000000000 2.5000000000 1.0000000000 0.0000000000 2.5000000000 0.0000000000
0.0540000000 1.0000000000 0.0000000000 1.0000000000 2.5000000000 1.0000000000 0.0000000000 2.5000000000 0.0000000000
0.0560000000 1.0000000000 0.0000000000 1.0000000000 2.5000000000 1.0000000000 0.0000000000 2.5000000000 0.0000000000
0.0580000000 1.0000000000 0.0000000000 1.0000000000 2.5000000000 1.0000000000 0.0000000000 2.5000000000 0.0000000000
0.0600000000 1.0000000000 0.0000000000 1.0000000000 2.5000000000 1.0000000000 0.0000000000 2.5000000000 0.0000000000
0.0620000000 1.0000000000 0.0000000000 1.0000000000 2.5000000000 1.0000000000 0.0000000000 2.5000000000 0.0000000000
0.0640000000 1.0000000000 0.0000000000 1.0000000000 2.5000000000 1.0000000000 0.0000000000 2.5000000000 0.0000000000
0.0660000000 1.0000000000 0.0000000000 1.0000000000 2.5000000000 1.0000000000 0.0000000000 2.5000000000 0.0000000000
0.0680000000 1.0000000000 0.0000000000 1.0000000000 2.5000000000 1.0000000000 0.0000000000 2.5000000000 0.0000000000
0.0700000000 1.0000000000 0.0000000000 1.0000000000 2.5000000000 1.0000000000 0.0000000000 2.5000000000 0.0000000000
0.0720000000 1.0000000000 0.0000000000 1.0000000000 2.5000000000 1.0000000000 0.0000000000 2.5000000000 0.0000000000
0.0740000000 1.0000000000 0.0000000000 1.0000000000 2.5000000000 1.0000000000 0.0000000000 2.5000000000 0.0000000000
0.0760000000 1.0000000000 0.0000000000 1.0000000000 2.5000000000 1.0000000000 0.0000000000 2.5000000000 0.0000000000
0.0780000000 1.0000000000 0.0000000000 1.0000000000 2.5000000000 1.0000000000 0.0000000000 2.5000000000 0.0000000000
0.0800000000 1.0000000000 0.0000000000 1.0000000000 2.5000000000 1.0000000000 0.0000000000 2.5000000000 0.0000000000
0.0820000000 1.0000000000 0.0000000000 1.0000000000 2.5000000000 1.0000000000 0.0000000000 2.5000000000 0.0000000000
0.0840000000 1.0000000000 0.0000000000 1.0000000000 2.5000000000 1.0000000000 0.0000000000 2.5000000000 0.0000000000
0.0860000000 1.0000000000 0.0000000000 1.0000000000 2.5000000000 1.0000000000 0.0000000000 2.5000000000 0.0000000000
0.0880000000 1.0000000000 0.0000000000 1.0000000000 2.5000000000 1.0000000000 0.0000000000 2.5000000000 0.0000000000
0.0900000000 1.0000000000 0.0000000000 1.0000000000 2.5000000000 1.0000000000 0.0000000000 2.5000000000 0.0000000000
0.0920000000 1.0000000000 0.0000000000 1.0000000000 2.5000000000 1.0000000000 0.0000000000 2.5000000000 0.0000000000
0.0940000000 1.0000000000 0.0000000000 1.0000000000 2.5000000000 1.0000000000 0.0000000000 2.5000000000 0.0000000000
0.0960000000 1.0000000000 0.0000000000 1.0000000000 2.5000000000 1.0000000000 0.0000000000 2.5000000000 0.0000000000
0.0980000000 1.0000000000 0.0000000000 1.0000000000 2.5000000000 1.0000000000 0.0000000000 2.5000000000 0.0000000000
0.1000000000 1.0000000000 0.0000000000 1.0000000000 2.5000000000 1.0000000000 0.0000000000 2.5000000000 0.0000000000
0.1020000000 1.0000000000 0.0000000000 1.0000000000 2.5000000000 1.0000000000 0.0000000000 2.5000000000 0.0000000000
0.1040000000 1.0000000000 0.0000000000 1.0000000000 2.5000000000 1.0000000000 0.0000000000 2.5000000000 0.0000000000
0.1060000000 1.0000000000 0.0000000000 1.0000000000 2.5000000000 1.0000000000 0.0000000000 2.5000000000 0.0000000000
0.1080000000 1.0000000000 0.0000000000 1.0000000000 2.5000000000 1.0000000000 0.0000000000 2.5000000000 0.0000000000
0.1100000000 1.0000000000 0.0000000000 1.0000000000 2.5000000000 1.0000000000 0.0000000000 2.5000000000 0.0000000000
0.1120000000 1.0000000000 0.0000000000 1.0000000000 2.5000000000 1.0000000000 0.0000000000 2.5000000000 0.0000000000
0.1140000000 1.0000000000 0.0000000000 1.0000000000 2.5000000000 1.0000000000 0.0000000000 2.5000000000 0.0000000000
0.1160000000 1.0000000000 0.0000000000 1.0000000000 2.5000000000 1.0000000000 0.0000000000 2.5000000000 0.0000000000
0.1180000000 1.0000000000 0.0000000000 1.0000000000 2.5000000000 1.0000000000 0.0000000000 2.5000000000 0.0000000000
0.1200000000 1.0000000000 0.0000000000 1.0000000000 2.5000000000 1.0000000000 0.0000000000 2.5000000000 0.0000000000
0.1220000000 1.0000000000 0.0000000000 1.0000000000 2.5000000000 1.0000000000 0.0000000000 2.5000000000 0.0000000000
0.1240000000 1.0000000000 0.0000000000 1.0000000000 2.5000000000 1.0000000000 0.0000000000 2.5000000000 0.0000000000
0.1260000000 1.0000000000 0.0000000000 1.0000000000 2.5000000000 1.0000000000 0.0000000000 2.5000000000 0.0000000000
0.1280000000 1.0000000000 0.0000000000 1.0000000000 2.5000000000 1.0000000000 0.0000000000 2.5000000000 0.0000000000
0.1300000000 1.0000000000 0.0000000000 1.0000000000 2.5000000000 1.0000000000 0.0000000000 2.5000000000 0.0000000000
0.1320000000 1.0000000000 0.0000000000 1.0000000000 2.5000000000 1.0000000000 0.0000000000 2.5000000000 0.0000000000
0.1340000000 1.0000000000 0.0000000000 1.0000000000 2.5000000000 1.0000000000 0.0000000000 2.5000000000 0.0000000000
0.1360000000 1.0000000000 0.0000000000 1.0000000000 2.5000000000 1.0000000000 0.0000000000 2.5000000000 0.0000000000
0.1380000000 1.0000000000 0.0000000000 1.0000000000 2.5000000000 1.0000000000 0.0000000000 2.5000000000 0.0000000000
0.1400000000 1.0000000000 0.0000000000 1.0000000000 2.5000000000 1.0000000000 0.0000000000 2.5000000000 0.0000000000
0.1420000000 1.0000000000 0.0000000000 1.0000000000 2.5000000000 1.0000000000 0.0000000000 2.5000000000 0.0000000000
0.1440000000 1.0000000000 0.0000000000 1.0000000000 2.5000000000 1.0000000000 0.0000000000 2.5000000000 0.0000000000
0.1460000000 1.0000000000 0.0000000000 1.0000000000 2.5000000000 1.0000000000 0.0000000000 2.5000000000 0.0000000001
0.1480000000 1.0000000000 0.0000000000 1.0000000000 2.5000000000 1.0000000000 0.0000000000 2.5000000000 0.0000000003
0.1500000000 1.0000000000 0.0000000000 1.0000000000 2.5000000000 1.0000000000 0.0000000000 2.5000000000 0.0000000005
0.1520000000 1.0000000000 0.0000000000 1.0000000000 2.5000000000 1.0000000000 0.0000000000 2.5000000000 0.0000000014
0.1540000000 1.0000000000 0.0000000000 1.0000000000 2.5000000000 1.0000000000 0.0000000000 2.5000000000 0.0000000035
0.1560000000 1.0000000000 0.0000000000 1.0000000000 2.5000000000 1.0000000000 0.0000000000 2.5000000000 0.0000000093
0.1580000000 1.0000000000 0.0000000000 1.0000000000 2.5000000000 1.0000000000 0.0000000000 2.5000000000 0.0000000238
0.1600000000 1.0000000000 0.0000000000 1.0000000000 2.5000000000 1.0000000000 0.0000000000 2.5000000000 0.0000000608
0.1620000000 1.0000000000 0.0000000000 1.0000000000 2.5000000000 1.0000000000 0.0000000000 2.5000000000 0.0000001533
0.1640000000 1.0000000000 0.0000000000 1.0000000000 2.5000000000 1.0000000000 0.0000000000 2.5000000000 0.0000003837
0.1660000000 1.0000000000 0.0000000000 1.0000000000 2.5000000000 1.0000000000 0.0000000000 2.5000000000 0.0000009475
0.1680000000 1.0000000000 0.0000000000 1.0000000000 2.5000000000 1.0000000000 0.0000000000 2.5000000000 0.0000023193
0.1700000000 1.0000000000 0.0000000000 1.0000000000 2.5000000000 1.0000000000 0.0000000000 2.4999999999 0.0000056142
0.1720000000 0.9999999999 0.0000000001 0.9999999999 2.4999999999 0.9999999999 0.0000000001 2.4999999997 0.0000134413
0.1740000000 0.9999999998 0.0000000002 0.9999999997 2.4999999998 0.9999999998 0.0000000002 2.4999999993 0.0000318127
0.1760000000 0.9999999995 0.0000000006 0.9999999993 2.4999999995 0.9999999995 0.0000000006 2.4999999983 0.0000743743
0.1780000000 0.9999999988 0.0000000014 0.9999999983 2.4999999988 0.9999999988 0.0000000014 2.4999999959 0.0001714590
0.1800000000 0.9999999972 0.0000000033 0.9999999961 2.4999999972 0.9999999972 0.0000000033 2.4999999903 0.0003884138
0.1820000000 0.9999999936 0.0000000076 0.9999999910 2.4999999936 0.9999999936 0.0000000076 2.4999999776 0.0008584488
0.1840000000 0.9999999854 0.0000000173 0.9999999795 2.4999999854 0.9999999854 0.0000000173 2.4999999488 0.0018257853
0.1860000000 0.9999999673 0.0000000387 0.9999999542 2.4999999673 0.9999999673 0.0000000387 2.4999998856 0.0036505530
0.1880000000 0.9999999289 0.0000000841 0.9999999005 2.4999999289 0.9999999289 0.0000000841 2.4999997512 0.0066464595
0.1900000000 0.9999998511 0.0000001762 0.9999997916 2.4999998511 0.9999998511 0.0000001762 2.4999994789 0.0106986565
0.1920000000 0.9999997025 0.0000003520 0.9999995835 2.4999997025 0.9999997025 0.0000003520 2.4999989589 0.0150828215
0.1940000000 0.9999994357 0.0000006677 0.9999992100 2.4999994357 0.9999994357 0.0000006677 2.4999980249 0.0189486710
0.1960000000 0.9999989822 0.0000012043 0.9999985751 2.4999989822 0.9999989822 0.0000012043 2.4999964376 0.0218814831
0.1980000000 0.9999982444 0.0000020772 0.9999975422 2.4999982444 0.9999982444 0.0000020772 2.4999938554 0.0238919218
0.2000000000 0.9999970829 0.0000034515 0.9999959161 2.4999970829 0.9999970829 0.0000034515 2.4999897902 0.0251574454
0.2020000000 0.9999952985 0.0000055629 0.9999934179 2.4999952985 0.9999952985 0.0000055629 2.4999835447 0.0258689438
0.2040000000 0.9999926076 0.0000087468 0.9999896507 2.4999926077 0.9999926076 0.0000087467 2.4999741268 0.0261834320
0.2060000000 0.9999886098 0.0000134772 0.9999840537 2.4999886098 0.9999886098 0.0000134770 2.4999601343 0.0262181177
0.2080000000 0.9999827435 0.0000204183 0.9999758410 2.4999827437 0.9999827435 0.0000204179 2.4999396028 0.0260563374
0.2100000000 0.9999742294 0.0000304925 0.9999639214 2.4999742298 0.9999742294 0.0000304917 2.4999098039 0.0257556635
0.2120000000 0.9999619956 0.0000449680 0.9999467943 2.4999619964 0.9999619956 0.0000449663 2.4998669868 0.0253551364
0.2140000000 0.9999445837 0.0000655707 0.9999224182 2.4999445855 0.9999445837 0.0000655670 2.4998060478 0.0248808804
0.2160000000 0.9999200308 0.0000946234 0.9998880454 2.4999200345 0.9999200308 0.0000946158 2.4997201179 0.0243501797
0.2180000000 0.9998857252 0.0001352170 0.9998400199 2.4998857326 0.9998857252 0.0001352015 2.4996000588 0.0237743344
0.2200000000 0.9998382340 0.0001914147 0.9997735366 2.4998382486 0.9998382340 0.0001913837 2.4994338599 0.0231606223
0.2220000000 0.9997731020 0.0002684905 0.9996823603 2.4997731302 0.9997731020 0.0002684295 2.4992059367 0.0225136409
0.2240000000 0.9996846251 0.0003731978 0.9995585086 2.4996846788 0.9996846251 0.0003730801 2.4988963410 0.0218362258
0.2260000000 0.9995656049 0.0005140620 0.9993919096 2.4995657053 0.9995656049 0.0005138387 2.4984799061 0.0211300911
0.2280000000 0.9994070950 0.0007016825 0.9991700489 2.4994072794 0.9994070950 0.0007012665 2.4979253682 0.0203962859
0.2300000000 0.9991981575 0.0009490253 0.9988776306 2.4991984901 0.9991981575 0.0009482643 2.4971945266 0.0196355324
0.2320000000 0.9989256529 0.0012716775 0.9984962878 2.4989262415 0.9989256529 0.0012703112 2.4962415272 0.0188484892
0.2340000000 0.9985740924 0.0016880311 0.9980043820 2.4985751148 0.9985740924 0.0016856241 2.4950123777 0.0180359636
0.2360000000 0.9981255892 0.0022193549 0.9973769427 2.4981273316 0.9981255892 0.0022151949 2.4934448148 0.0171990916
0.2380000000 0.9975599417 0.0028897137 0.9965857962 2.4975628545 0.9975599417 0.0028826626 2.4914686556 0.0163394894
0.2400000000 0.9968548852 0.0037256962 0.9955999327 2.4968596605 0.9968548852 0.0037139784 2.4890067503 0.0154593806
0.2420000000 0.9959865346 0.0047559221 0.9943861444 2.4959942113 0.9959865346 0.0047368344 2.4859766250 0.0145616948
0.2440000000 0.9949300300 0.0060103169 0.9929099509 2.4949421294 0.9949300300 0.0059798447 2.4822928477 0.0136501339
0.2460000000 0.9936603731 0.0075191637 0.9911367941 2.4936790697 0.9936603731 0.0074714950 2.4778700748 0.0127291971
0.2480000000 0.9921534204 0.0093119735 0.9890334509 2.4921817459 0.9921534204 0.0092389063 2.4726266434 0.0118041617
0.2500000000 0.9903869703 0.0114162387 0.9865695765 2.4904290486 0.9903869703 0.0113064941 2.4664884801 0.0108810123
0.2520000000 0.9883418618 0.0138561655 0.9837192566 2.4884031669 0.9883418618 0.0136946284 2.4593930190 0.0099663174
0.2540000000 0.9860029876 0.0166514916 0.9804624297 2.4860906109 0.9860029876 0.0164184205 2.4512927699 0.0090670549
0.2560000000 0.9833601221 0.0198165016 0.9767860403 2.4834830349 0.9833601221 0.0194867575 2.4421581805 0.0081903919
0.2580000000 0.9804084804 0.0233593369 0.9726848001 2.4805777723 0.9804084804 0.0229016920 2.4319794843 0.0073434295
0.2600000000 0.9771489484 0.0272816694 0.9681614763 2.4773780247 0.9771489484 0.0266582546 2.4207673316 0.0065329264
0.2620000000 0.9735879617 0.0315787702 0.9632266786 2.4738926850 0.9735879617 0.0307447105 2.4085521366 0.0057650196
0.2640000000 0.9697370514 0.0362399575 0.9578981714 2.4701358162 0.9697370514 0.0351432296 2.3953822230 0.0050449626
0.2660000000 0.9656121107 0.0412493693 0.9521997944 2.4661258481 0.9656121107 0.0398308906 2.3813209855 0.0043769011
0.2680000000 0.9612324650 0.0465869732 0.9461601116 2.4618845790 0.9612324650 0.0447809111 2.3664433824 0.0037637062
0.2700000000 0.9566198414 0.0522297081 0.9398109273 2.4574360874 0.9566198414 0.0499639751 2.3508321201 0.0032068811
0.2720000000 0.9517973342 0.0581526495 0.9331858073 2.4528056503 0.9517973342 0.0553495368 2.3345738794 0.0027065502
0.2740000000 0.9467884492 0.0643301046 0.9263187225 2.4480187577 0.9467884492 0.0609070000 2.3177558832 0.0022615320
0.2760000000 0.9416162868 0.0707365635 0.9192429001 2.4431002807 0.9416162868 0.0666067002 2.3004630147 0.0018694890
0.2780000000 0.9363029018 0.0773474620 0.9119899299 2.4380738298 0.9363029018 0.0724206531 2.2827756017 0.0015271386
0.2800000000 0.9308688472 0.0841397397 0.9045891393 2.4329613095 0.9308688472 0.0783230625 2.2647678894 0.0012305018
0.2820000000 0.9253328953 0.0910921982 0.8970672184 2.4277826563 0.9253328953 0.0842906075 2.2465071545 0.0009751650
0.2840000000 0.9197119099 0.0981856854 0.8894480609 2.4225557338 0.9197119099 0.0903025443 2.2280533608 0.0007565287
0.2860000000 0.9140208393 0.1054031371 0.8817527732 2.4172963481 0.9140208393 0.0963406639 2.2094592370 0.0005700241
0.2880000000 0.9082727966 0.1127295134 0.8739998056 2.4120183514 0.9082727966 0.1023891504 2.1907706535 0.0004112810
0.2900000000 0.9024791968 0.1201516639 0.8662051603 2.4067337994 0.9024791968 0.1084343771 2.1720271862 0.0002762396
0.2920000000 0.8966499269 0.1276581499 0.8583826429 2.4014531389 0.8966499269 0.1144646708 2.1532627813 0.0001612028
0.2940000000 0.8907935301 0.1352390445 0.8505441312 2.3961854058 0.8907935301 0.1204700658 2.1345064563 0.0000628199
0.2960000000 0.8849173944 0.1428857224 0.8426998481 2.3909384269 0.8849173944 0.1264420612 2.1157830030 0.0000217937
0.2980000000 0.8790279085 0.1505906583 0.8348586080 2.3857190401 0.8790279085 0.1323733914 2.0971136181 0.0000943500
0.3000000000 0.8731305855 0.1583473460 0.8270279567 2.3805331217 0.8731305855 0.1382579109 2.0785162784 0.0001564266
0.3020000000 0.8672301593 0.1661501798 0.8192143247 2.3753857228 0.8672301593 0.1440904469 2.0600061387 0.0002097760
0.3040000000 0.8613306998 0.1739943156 0.8114232003 2.3702812096 0.8613306998 0.1498666456 2.0415959729 0.0002558582
0.3060000000 0.8554357167 0.1818755529 0.8036592767 2.3652233713 0.8554357167 0.1555828440 2.0232965497 0.0002958798
0.3080000000 0.8495482467 0.1897902338 0.7959265771 2.3602155095 0.8495482467 0.1612359604 2.0051169480 0.0003308287
0.3100000000 0.8436709268 0.1977351595 0.7882285574 2.3552605130 0.8436709268 0.1668234053 1.9870648197 0.0003615125
0.3120000000 0.8378060540 0.2057075207 0.7805681928 2.3503609204 0.8378060540 0.1723430062 1.9691466083 0.0003885935
0.3140000000 0.8319556368 0.2137048396 0.7729480491 2.3455189713 0.8319556368 0.1777929459 1.9513677293 0.0004126161
0.3160000000 0.8261214359 0.2217249213 0.7653703421 2.3407366493 0.8261214359 0.1831717103 1.9337327217 0.0004340290
0.3180000000 0.8203049998 0.2297658142 0.7578369869 2.3360157180 0.8203049998 0.1884780461 1.9162453730 0.0004532051
0.3200000000 0.8145076938 0.2378257760 0.7503496397 2.3313577504 0.8145076938 0.1937109243 1.8989088248 0.0004704550
0.3220000000 0.8087307248 0.2459032454 0.7429097329 2.3267641547 0.8087307248 0.1988695098 1.8817256612 0.0004860403
0.3240000000 0.8029751615 0.2539968182 0.7355185041 2.3222361955 0.8029751615 0.2039531361 1.8646979841 0.0005001814
0.3260000000 0.7972419530 0.2621052267 0.7281770218 2.3177750115 0.7972419530 0.2089612828 1.8478274767 0.0005130653
0.3280000000 0.7915319431 0.2702273227 0.7208862065 2.3133816314 0.7915319431 0.2138935578 1.8311154579 0.0005248507
0.3300000000 0.7858458839 0.2783620620 0.7136468491 2.3090569870 0.7858458839 0.2187496807 1.8145629289 0.0005356741
0.3320000000 0.7801844463 0.2865084923 0.7064596269 2.3048019243 0.7801844463 0.2235294695 1.7981706130 0.0005456531
0.3340000000 0.7745482298 0.2946657415 0.6993251169 2.3006172134 0.7745482298 0.2282328285 1.7819389901 0.0005548896
0.3360000000 0.7689377712 0.3028330082 0.6922438077 2.2965035573 0.7689377712 0.2328597384 1.7658683269 0.0005634710
0.3380000000 0.7633535513 0.3110095533 0.6852161101 2.2924615987 0.7633535513 0.2374102470 1.7499587026 0.0005714740
0.3400000000 0.7577960017 0.3191946928 0.6782423654 2.2884919265 0.7577960017 0.2418844620 1.7342100318 0.0005789660
0.3420000000 0.7522655099 0.3273877911 0.6713228540 2.2845950815 0.7522655099 0.2462825437 1.7186220840 0.0005860067
0.3440000000 0.7467624247 0.3355882554 0.6644578018 2.2807715612 0.7467624247 0.2506046993 1.7031945013 0.0005926477
0.3460000000 0.7412870600 0.3437955302 0.6576473863 2.2770218242 0.7412870600 0.2548511778 1.6879268136 0.0005989350
0.3480000000 0.7358396989 0.3520090937 0.6508917422 2.2733462935 0.7358396989 0.2590222655 1.6728184520 0.0006049101
0.3500000000 0.7304205969 0.3602284527 0.6441909661 2.2697453603 0.7304205969 0.2631182815 1.6578687609 0.0006106099
0.3520000000 0.7250299854 0.3684531397 0.6375451204 2.2662193862 0.7250299854 0.2671395745 1.6430770085 0.0006160675
0.3540000000 0.7196680738 0.3766827093 0.6309542376 2.2627687064 0.7196680738 0.2710865198 1.6284423963 0.0006213124
0.3560000000 0.7143350520 0.3849167351 0.6244183232 2.2593936321 0.7143350520 0.2749595160 1.6139640676 0.0006263714
0.3580000000 0.7090310930 0.3931548074 0.6179373590 2.2560944512 0.7090310930 0.2787589828 1.5996411146 0.0006312698
0.3600000000 0.7037563546 0.4013965303 0.6115113058 2.2528714312 0.7037563546 0.2824853589 1.5854725858 0.0006360298
0.3620000000 0.6985109811 0.4096415195 0.6051401056 2.2497248207 0.6985109811 0.2861390997 1.5714574918 0.0006406716
0.3640000000 0.6932951052 0.4178894005 0.5988236843 2.2466548498 0.6932951052 0.2897206759 1.5575948104 0.0006452145
0.3660000000 0.6881088490 0.4261398061 0.5925619530 2.2436617320 0.6881088490 0.2932305715 1.5438834920 0.0006496767
0.3680000000 0.6829523260 0.4343923750 0.5863548107 2.2407456650 0.6829523260 0.2966692829 1.5303224639 0.0006540745
0.3700000000 0.6778256419 0.4426467496 0.5802021452 2.2379068315 0.6778256419 0.3000373172 1.5169106345 0.0006584232
0.3720000000 0.6727288957 0.4509025747 0.5741038350 2.2351454001 0.6727288957 0.3033351912 1.5036468968 0.0006627379
0.3740000000 0.6676621812 0.4591594959 0.5680597507 2.2324615258 0.6676621812 0.3065634306 1.4905301319 0.0006670330
0.3760000000 0.6626255877 0.4674171579 0.5620697562 2.2298553504 0.6626255877 0.3097225689 1.4775592120 0.0006713220
0.3780000000 0.6576192007 0.4756752028 0.5561337101 2.2273270032 0.6576192007 0.3128131467 1.4647330036 0.0006756175
0.3800000000 0.6526431037 0.4839332693 0.5502514664 2.2248766006 0.6526431037 0.3158357108 1.4520503699 0.0006799326
0.3820000000 0.6476973775 0.4921909905 0.5444228760 2.2225042482 0.6476973775 0.3187908138 1.4395101731 0.0006842802
0.3840000000 0.6427821038 0.5004479932 0.5386477875 2.2202100351 0.6427821038 0.3216790139 1.4271112772 0.0006886728
0.3860000000 0.6378973597 0.5087038959 0.5329260482 2.2179940518 0.6378973597 0.3245008720 1.4148525493 0.0006931223
0.3880000000 0.6330432336 0.5169583075 0.5272575048 2.2158563417 0.6330432336 0.3272569586 1.4027328637 0.0006976426
0.3900000000 0.6282197905 0.5252108263 0.5216420046 2.2137970184 0.6282197905 0.3299478353 1.3907510990 0.0007022460
0.3920000000 0.6234271493 0.5334610377 0.5160793960 2.2118160115 0.6234271493 0.3325740940 1.3789061507 0.0007069472
0.3940000000 0.6186653348 0.5417085131 0.5105695299 2.2099135596 0.6186653348 0.3351362786 1.3671969123 0.0007117585
0.3960000000 0.6139345354 0.5499528081 0.5051122597 2.2080893568 0.6139345354 0.3376350217 1.3556223134 0.0007166973
0.3980000000 0.6092347158 0.5581934610 0.4997074430 2.2063438454 0.6092347158 0.3400708346 1.3441812655 0.0007217790
0.4000000000 0.6045661175 0.5664299905 0.4943549420 2.2046765442 0.6045661175 0.3424443802 1.3328727386 0.0007270191
0.4020000000 0.5999287381 0.5746618939 0.4890546247 2.2030877984 0.5999287381 0.3447561849 1.3216956828 0.0007324417
0.4040000000 0.5953227204 0.5828886449 0.4838063656 2.2015774748 0.5953227204 0.3470068538 1.3106490915 0.0007380615
0.4060000000 0.5907482545 0.5911096908 0.4786100471 2.2001452878 0.5907482545 0.3491970181 1.2997319885 0.0007439078
0.4080000000 0.5862053467 0.5993244505 0.4734655604 2.1987915973 0.5862053467 0.3513271973 1.2889433907 0.0007500058
0.4100000000 0.5816942280 0.6075323106 0.4683728070 2.1975160136 0.5816942280 0.3533980384 1.2782823810 0.0007563813
0.4120000000 0.5772150747 0.6157326226 0.4633317000 2.1963183534 0.5772150747 0.3554101517 1.2677480624 0.0007630751
0.4140000000 0.5727679378 0.6239246986 0.4583421658 2.1951989001 0.5727679378 0.3573640630 1.2573395470 0.0007701254
0.4160000000 0.5683530911 0.6321078072 0.4534041460 2.1941571969 0.5683530911 0.3592604261 1.2470560252 0.0007775708
0.4180000000 0.5639707715 0.6402811681 0.4485175995 2.1931929503 0.5639707715 0.3610998644 1.2368967203 0.0007854737
0.4200000000 0.5596210770 0.6484439462 0.4436825049 2.1923064057 0.5596210770 0.3628828995 1.2268608718 0.0007938943
0.4220000000 0.5553043029 0.6565952448 0.4388988635 2.1914971712 0.5553043029 0.3646101647 1.2169478089 0.0008028973
0.4240000000 0.5510208092 0.6647340978 0.4341667024 2.1907646859 0.5510208092 0.3662823205 1.2071569301 0.0008125721
0.4260000000 0.5467707907 0.6728594605 0.4294860785 2.1901090557 0.5467707907 0.3678998992 1.1974876600 0.0008230250
0.4280000000 0.5425545425 0.6809701981 0.4248570829 2.1895301245 0.5425545425 0.3694634743 1.1879395150 0.0008343629
0.4300000000 0.5383725621 0.6890650742 0.4202798465 2.1890271152 0.5383725621 0.3709737294 1.1785121364 0.0008467250
0.4320000000 0.5342252643 0.6971427349 0.4157545451 2.1885996696 0.5342252643 0.3724312619 1.1692052370 0.0008602851
0.4340000000 0.5301130003 0.7052016918 0.4112814079 2.1882478172 0.5301130003 0.3738365847 1.1600186159 0.0008752389
0.4360000000 0.5260363402 0.7132403012 0.4068607257 2.1879709705 0.5260363402 0.3751903177 1.1509522419 0.0008918088
0.4380000000 0.5219960097 0.7212567398 0.4024928600 2.1877681747 0.5219960097 0.3764931402 1.1420062574 0.0009102792
0.4400000000 0.5179926526 0.7292489763 0.3981782553 2.1876390194 0.5179926526 0.3777456116 1.1331809386 0.0009309923
0.4420000000 0.5140269434 0.7372147366 0.3939174534 2.1875832788 0.5140269434 0.3789482376 1.1244767462 0.0009543473
0.4440000000 0.5100998361 0.7451514644 0.3897111094 2.1876000371 0.5100998361 0.3801016399 1.1158944204 0.0009808155
0.4460000000 0.5062124886 0.7530562730 0.3855600106 2.1876880175 0.5062124886 0.3812064900 1.1074349957 0.0010109859
0.4480000000 0.5023660605 0.7609258884 0.3814650991 2.1878464135 0.5023660605 0.3822633409 1.0990997838 0.0010455731
0.4500000000 0.4985618103 0.7687565825 0.3774274998 2.1880746226 0.4985618103 0.3832726734 1.0908904449 0.0010854363
0.4520000000 0.4948013525 0.7765440921 0.3734485523 2.1883713759 0.4948013525 0.3842350670 1.0828091165 0.0011316070
0.4540000000 0.4910866720 0.7842835246 0.3695298476 2.1887347897 0.4910866720 0.3851511860 1.0748584838 0.0011853673
0.4560000000 0.4874199522 0.7919692435 0.3656732733 2.1891631642 0.4874199522 0.3860216108 1.0670418049 0.0012482965
0.4580000000 0.4838035924 0.7995947348 0.3618810672 2.1896550974 0.4838035924 0.3868468051 1.0593630022 0.0013223336
0.4600000000 0.4802404686 0.8071524464 0.3581558798 2.1902086924 0.4802404686 0.3876272691 1.0518268488 0.0014098431
0.4620000000 0.4767341120 0.8146336019 0.3545008472 2.1908210924 0.4767341120 0.3883636268 1.0444391480 0.0015137476
0.4640000000 0.4732886517 0.8220279815 0.3509196747 2.1914889653 0.4732886517 0.3890565150 1.0372068576 0.0016376450
0.4660000000 0.4699087560 0.8293236719 0.3474167337 2.1922090517 0.4699087560 0.3897064550 1.0301382283 0.0017859441
0.4680000000 0.4665998063 0.8365067871 0.3439971679 2.1929778389 0.4665998063 0.3903139049 1.0232430349 0.0019639552
0.4700000000 0.4633681959 0.8435611690 0.3406670050 2.1937907489 0.4633681959 0.3908794170 1.0165328615 0.0021780025
0.4720000000 0.4602214790 0.8504680867 0.3374332654 2.1946418827 0.4602214790 0.3914036807 1.0100213331 0.0024354585
0.4740000000 0.4571683183 0.8572059712 0.3343040517 2.1955245017 0.4571683183 0.3918874123 1.0037242442 0.0027446841
0.4760000000 0.4542184248 0.8637502389 0.3312885995 2.1964314078 0.4542184248 0.3923312729 0.9976596141 0.0031147567
0.4780000000 0.4513826133 0.8700732832 0.3283972541 2.1973546072 0.4513826133 0.3927359523 0.9918476649 0.0035550072
0.4800000000 0.4486728290 0.8761447306 0.3256413361 2.1982846878 0.4486728290 0.3931023349 0.9863106098 0.0040743366
0.4820000000 0.4461018998 0.8819320648 0.3230328559 2.1992107597 0.4461018998 0.3934315696 0.9810720980 0.0046804061
0.4840000000 0.4436829524 0.8874017031 0.3205840480 2.2001211358 0.4436829524 0.3937250076 0.9761562411 0.0053787670
0.4860000000 0.4414286442 0.8925205556 0.3183067186 2.2010041270 0.4414286442 0.3939841388 0.9715862677 0.0061720950
0.4880000000 0.4393503701 0.8972580129 0.3162114360 2.2018484188 0.4393503701 0.3942106400 0.9673829176 0.0070596683
0.4900000000 0.4374574564 0.9015881990 0.3143066334 2.2026432136 0.4374574564 0.3944064802 0.9635626975 0.0080372115
0.4920000000 0.4357563062 0.9054922281 0.3125977335 2.2033786821 0.4357563062 0.3945739486 0.9601361557 0.0090971335
0.4940000000 0.4342495748 0.9089601428 0.3110864214 2.2040468500 0.4342495748 0.3947155555 0.9571064074 0.0102291139
0.4960000000 0.4329355904 0.9119922169 0.3097701886 2.2046424677 0.4329355904 0.3948338888 0.9544681883 0.0114209401
0.4980000000 0.4318082111 0.9145993871 0.3086422333 2.2051633669 0.4318082111 0.3949315253 0.9522076487 0.0126594844
0.5000000000 0.4308571526 0.9168027161 0.3076917470 2.2056102454 0.4308571526 0.3950110077 0.9503029500 0.0139317220
0.5020000000 0.4300686760 0.9186319562 0.3069045518 2.2059861923 0.4300686760 0.3950748292 0.9487255611 0.0152257076
0.5040000000 0.4294264910 0.9201234307 0.3062639960 2.2062962305 0.4294264910 0.3951253761 0.9474420483 0.0165314577
0.5060000000 0.4289127579 0.9213175431 0.3057519844 2.2065468959 0.4289127579 0.3951648484 0.9464161146 0.0178417183
0.5080000000 0.4285091066 0.9222562491 0.3053500085 2.2067457349 0.4285091066 0.3951952014 0.9456106434 0.0191526465
0.5100000000 0.4281975797 0.9229807805 0.3050400643 2.2069006867 0.4281975797 0.3952181363 0.9449895326 0.0204644917
0.5120000000 0.4279614069 0.9235298239 0.3048053782 2.2070194697 0.4279614069 0.3952351227 0.9445191572 0.0217824337
0.5140000000 0.4277855402 0.9239382493 0.3046309066 2.2071091326 0.4277855402 0.3952474231 0.9441693726 0.0231178176
0.5160000000 0.4276569368 0.9242363908 0.3045036080 2.2071758369 0.4276569368 0.3952561038 0.9439140574 0.0244901353
0.5180000000 0.4275646267 0.9244498111 0.3044125192 2.2072248203 0.4275646267 0.3952620384 0.9437312564 0.0259302749
0.5200000000 0.4274996300 0.9245994401 0.3043486793 2.2072604404 0.4274996300 0.3952659186 0.9436030217 0.0274858799
0.5220000000 0.4274547803 0.9247019703 0.3043049498 2.2072862336 0.4274547803 0.3952682776 0.9435150521 0.0292304532
0.5240000000 0.4274244971 0.9247703981 0.3042757777 2.2073049798 0.4274244971 0.3952695224 0.9434562210 0.0312799029
0.5260000000 0.4274045355 0.9248146194 0.3042569368 2.2073187898 0.4274045355 0.3952699628 0.9434180621 0.0338255437
0.5280000000 0.4273917345 0.9248420157 0.3042452760 2.2073292214 0.4273917345 0.3952698333 0.9433942646 0.0372064730
0.5300000000 0.4273837835 0.9248579880 0.3042384902 2.2073374080 0.4273837835 0.3952693061 0.9433802130 0.0420842204
0.5320000000 0.4273790204 0.9248664176 0.3042349231 2.2073441724 0.4273790204 0.3952685035 0.9433725901 0.0499226742
0.5340000000 0.4273762619 0.9248700509 0.3042334028 2.2073501264 0.4273762619 0.3952675051 0.9433690458 0.0646164153
0.5360000000 0.4273746819 0.9248708145 0.3042331074 2.2073556842 0.4273746819 0.3952663702 0.9433679334 0.0701319650
0.5380000000 0.4273739565 0.9248694792 0.3042337080 2.2073609830 0.4273739565 0.3952651286 0.9433685967 0.0463397582
0.5400000000 0.4273741870 0.9248657997 0.3042353092 2.2073659867 0.4273741870 0.3952637692 0.9433712439 0.0276127250
0.5420000000 0.4273753317 0.9248598662 0.3042378725 2.2073707267 0.4273753317 0.3952622921 0.9433757966 0.0129475546
0.5440000000 0.4273770118 0.9248525567 0.3042410234 2.2073754021 0.4273770118 0.3952607221 0.9433815033 0.0065584962
0.5460000000 0.4273783212 0.9248459705 0.3042438663 2.2073804879 0.4273783212 0.3952591183 0.9433865673 0.0083940373
0.5480000000 0.4273792083 0.9248402242 0.3042463514 2.2073860162 0.4273792083 0.3952574828 0.9433908881 0.0086171283
0.5500000000 0.4273797016 0.9248352472 0.3042485088 2.2073919793 0.4273797016 0.3952558119 0.9433945253 0.0084697735
0.5520000000 0.4273798323 0.9248309441 0.3042503792 2.2073983963 0.4273798323 0.3952540938 0.9433975565 0.0081742643
0.5540000000 0.4273796352 0.9248272226 0.3042520021 2.2074052689 0.4273796352 0.3952523210 0.9434000585 0.0077905269
0.5560000000 0.4273791462 0.9248239989 0.3042534132 2.2074125781 0.4273791462 0.3952504910 0.9434021029 0.0073317075
0.5580000000 0.4273783914 0.9248211983 0.3042546444 2.2074203330 0.4273783914 0.3952485960 0.9434037510 0.0067971973
0.5600000000 0.4273774073 0.9248187545 0.3042557239 2.2074284859 0.4273774073 0.3952466415 0.9434050631 0.0061902493
0.5620000000 0.4273761936 0.9248166086 0.3042566769 2.2074371304 0.4273761936 0.3952446020 0.9434060785 0.0055276920
0.5640000000 0.4273747344 0.9248147088 0.3042575256 2.2074464152 0.4273747344 0.3952424405 0.9434068253 0.0048420509
0.5660000000 0.4273731365 0.9248130102 0.3042582891 2.2074559648 0.4273731365 0.3952402368 0.9434073793 0.0041758524
0.5680000000 0.4273713839 0.9248114752 0.3042589834 2.2074659059 0.4273713839 0.3952379600 0.9434077590 0.0035691654
0.5700000000 0.4273693242 0.9248100733 0.3042596217 2.2074769207 0.4273693242 0.3952354560 0.9434079198 0.0030464976
0.5720000000 0.4273671293 0.9248087803 0.3042602142 2.2074883318 0.4273671293 0.3952328736 0.9434079513 0.0026143843
0.5740000000 0.4273648805 0.9248075777 0.3042607688 2.2074998300 0.4273648805 0.3952302799 0.9434079010 0.0022748868
0.5760000000 0.4273622958 0.9248064515 0.3042612917 2.2075126114 0.4273622958 0.3952274083 0.9434076576 0.0020442260
0.5780000000 0.4273594318 0.9248053922 0.3042617867 2.2075264558 0.4273594318 0.3952243069 0.9434072518 0.0019634800
0.5800000000 0.4273567720 0.9248043957 0.3042622557 2.2075393557 0.4273567720 0.3952214212 0.9434068930 0.0020921141
0.5820000000 0.4273538644 0.9248034641 0.3042626977 2.2075531901 0.4273538644 0.3952183342 0.9434063866 0.0024568138
0.5840000000 0.4273500190 0.9248026066 0.3042631090 2.2075708193 0.4273500190 0.3952144115 0.9434054315 0.0029698767
0.5860000000 0.4273455197 0.9248018351 0.3042634845 2.2075910423 0.4273455197 0.3952099208 0.9434041413 0.0034515408
0.5880000000 0.4273422537 0.9248011590 0.3042638201 2.2076059843 0.4273422537 0.3952066115 0.9434033165 0.0037481706
0.5900000000 0.4273397756 0.9248005814 0.3042641146 2.2076174944 0.4273397756 0.3952040729 0.9434027647 0.0037762167
0.5920000000 0.4273354727 0.9248000982 0.3042643696 2.2076364623 0.4273354727 0.3951998872 0.9434013713 0.0035025693
0.5940000000 0.4273278912 0.9247996987 0.3042645898 2.2076689616 0.4273278912 0.3951927051 0.9433985219 0.0029340509
0.5960000000 0.4273200347 0.9247993670 0.3042647821 2.2077025070 0.4273200347 0.3951852976 0.9433955119 0.0021262588
0.5980000000 0.4273158673 0.9247990835 0.3042649549 2.2077206157 0.4273158673 0.3951813225 0.9433940497 0.0012054896
0.6000000000 0.4273157668 0.9247988277 0.3042651169 2.2077217457 0.4273157668 0.3951811202 0.9433943106 0.0003970249
0.6020000000 0.4273136602 0.9247985824 0.3042652754 2.2077312213 0.4273136602 0.3951790672 0.9433937090 0.0000622399
0.6040000000 0.4273021792 0.9247983380 0.3042654344 2.2077797547 0.4273021792 0.3951683452 0.9433891005 0.0002560728
0.6060000000 0.4272827198 0.9247980909 0.3042655957 2.2078615422 0.4272827198 0.3951502436 0.9433810847 0.0004420756
0.6080000000 0.4272662547 0.9247978373 0.3042657610 2.2079308778 0.4272662547 0.3951349083 0.9433743568 0.0005680895
0.6100000000 0.4272669280 0.9247975747 0.3042659314 2.2079288267 0.4272669280 0.3951354187 0.9433749670 0.0006499574
0.6120000000 0.4272828233 0.9247973010 0.3042661077 2.2078633761 0.4272828233 0.3951500018 0.9433820968 0.0006766997
0.6140000000 0.4272886013 0.9247970152 0.3042662902 2.2078401065 0.4272886013 0.3951552231 0.9433849110 0.0006371614
0.6160000000 0.4272634501 0.9247967179 0.3042664786 2.2079457277 0.4272634501 0.3951318363 0.9433745092 0.0004870721
0.6180000000 0.4272091438 0.9247964133 0.3042666715 2.2081728870 0.4272091438 0.3950814839 0.9433516483 0.0001019297
0.6200000000 0.4271546710 0.9247961105 0.3042668653 2.2084008050 0.4271546710 0.3950309783 0.9433287193 0.0007270465
0.6220000000 0.4271495465 0.9247958275 0.3042670523 2.2084230017 0.4271495465 0.3950261183 0.9433268836 0.0017868315
0.6240000000 0.4272043497 0.9247955853 0.3042672229 2.2081953290 0.4272043497 0.3950766966 0.9433506496 0.0026452431
0.6260000000 0.4272726138 0.9247954003 0.3042673699 2.2079115417 0.4272726138 0.3951397479 0.9433801354 0.0031417435
0.6280000000 0.4272790066 0.9247952817 0.3042674900 2.2078854990 0.4272790066 0.3951456093 0.9433831226 0.0032422489
0.6300000000 0.4271755416 0.9247952306 0.3042675836 2.2083171917 0.4271755416 0.3950499035 0.9433390924 0.0029428492
0.6320000000 0.4270051697 0.9247952389 0.3042676542 2.2090280961 0.4270051697 0.3948923480 0.9432664171 0.0022535104
0.6340000000 0.4268584106 0.9247952904 0.3042677078 2.2096409262 0.4268584106 0.3947566478 0.9432038138 0.0011694296
0.6360000000 0.4268299847 0.9247953630 0.3042677528 2.2097599352 0.4268299847 0.3947303907 0.9431917994 0.0002341012
0.6380000000 0.4269619381 0.9247954339 0.3042677995 2.2092095014 0.4269619381 0.3948524508 0.9432483704 0.0011014500
0.6400000000 0.4271971471 0.9247954916 0.3042678542 2.2082289581 0.4271971471 0.3950699956 0.9433491110 0.0012139030
0.6420000000 0.4273919430 0.9247955361 0.3042679182 2.2074178123 0.4273919430 0.3952501610 0.9434325877 0.0012997843
0.6440000000 0.4273712316 0.9247955627 0.3042679922 2.2075045227 0.4273712316 0.3952310187 0.9434239267 0.0013004269
0.6460000000 0.4270371040 0.9247955664 0.3042680765 2.2088976562 0.4270371040 0.3949220204 0.9432812581 0.0013454784
0.6480000000 0.4264341646 0.9247955448 0.3042681715 2.2114167538 0.4264341646 0.3943644156 0.9430236560 0.0015035751
0.6500000000 0.4257731097 0.9247954993 0.3042682785 2.2141868554 0.4257731097 0.3937530556 0.9427412229 0.0016259770
0.6520000000 0.4253214604 0.9247954322 0.3042683988 2.2160846544 0.4253214604 0.3933353438 0.9425483615 0.0015348880
0.6540000000 0.4253408347 0.9247953445 0.3042685322 2.2160038926 0.4253408347 0.3933532238 0.9425569454 0.0012155382
0.6560000000 0.4259300701 0.9247952367 0.3042686762 2.2135305768 0.4259300701 0.3938981000 0.9428092337 0.0007374123
0.6580000000 0.4269572836 0.9247951134 0.3042688266 2.2092346418 0.4269572836 0.3948480095 0.9432488215 0.0000540032
0.6600000000 0.4280813086 0.9247949912 0.3042689774 2.2045573815 0.4280813086 0.3958874501 0.9437298088 0.0010302700
0.6620000000 0.4287511420 0.9247948996 0.3042691188 2.2017820360 0.4287511420 0.3965068693 0.9440165622 0.0021705084
0.6640000000 0.4283197819 0.9247948650 0.3042692417 2.2035694736 0.4283197819 0.3961079349 0.9438323964 0.0031805432
0.6660000000 0.4261880714 0.9247949018 0.3042693386 2.2124530188 0.4261880714 0.3941365556 0.9429210851 0.0036798512
0.6680000000 0.4219494400 0.9247950089 0.3042694068 2.2303827727 0.4219494400 0.3902167361 0.9411087619 0.0033435721
0.6700000000 0.4154393776 0.9247951729 0.3042694500 2.2586329842 0.4154393776 0.3841963311 0.9383250813 0.0021247665
0.6720000000 0.4067462311 0.9247953722 0.3042694779 2.2977664316 0.4067462311 0.3761570322 0.9346078361 0.0004570358
0.6740000000 0.3961210715 0.9247955833 0.3042695024 2.3479296518 0.3961210715 0.3663310173 0.9300644094 0.0007648414
0.6760000000 0.3840468248 0.9247957896 0.3042695323 2.4083035373 0.3840468248 0.3551648866 0.9249013266 0.0010730351
0.6780000000 0.3711069873 0.9247959861 0.3042695700 2.4773667422 0.3711069873 0.3431982523 0.9193681081 0.0010459767
0.6800000000 0.3578946338 0.9247961694 0.3042696155 2.5530373447 0.3578946338 0.3309795864 0.9137183656 0.0009955307
0.6820000000 0.3449572522 0.9247963343 0.3042696686 2.6327500306 0.3449572522 0.3190152023 0.9081862163 0.0009131309
0.6840000000 0.3327490641 0.9247964771 0.3042697286 2.7136541978 0.3327490641 0.3077251622 0.9029658945 0.0008579940
0.6860000000 0.3216019116 0.9247965967 0.3042697952 2.7928916810 0.3216019116 0.2974163534 0.8981993036 0.0009051149
0.6880000000 0.3117167458 0.9247966935 0.3042698686 2.8678997498 0.3117167458 0.2882746158 0.8939723772 0.0009895034
0.6900000000 0.3031778786 0.9247967696 0.3042699496 2.9366297321 0.3031778786 0.2803779228 0.8903211725 0.0010638740
0.6920000000 0.2959765331 0.9247968279 0.3042700388 2.9976766410 0.2959765331 0.2737181589 0.8872419395 0.0010808418
0.6940000000 0.2900344748 0.9247968712 0.3042701366 3.0503312613 0.2900344748 0.2682229749 0.8847012254 0.0009852151
0.6960000000 0.2852283637 0.9247969017 0.3042702424 3.0945249454 0.2852283637 0.2637783070 0.8826462865 0.0007588299
0.6980000000 0.2814102879 0.9247969217 0.3042703545 3.1307095244 0.2814102879 0.2602473680 0.8810138687 0.0004077677
0.7000000000 0.2784276217 0.9247969350 0.3042704701 3.1596674709 0.2784276217 0.2574890112 0.8797386994 0.0000605219
0.7020000000 0.2761368521 0.9247969492 0.3042705851 3.1823329422 0.2761368521 0.2553705184 0.8787594009 0.0006453757
0.7040000000 0.2744016042 0.9247969769 0.3042706947 3.1997540602 0.2744016042 0.2537657740 0.8780176470 0.0012927307
0.7060000000 0.2731061997 0.9247970341 0.3042707935 3.2129038545 0.2731061997 0.2525678034 0.8774639616 0.0018270339
0.7080000000 0.2721531200 0.9247971354 0.3042708776 3.2226587616 0.2721531200 0.2516864258 0.8770566367 0.0020605597
0.7100000000 0.2714603433 0.9247972916 0.3042709453 3.2297925587 0.2714603433 0.2510457903 0.8767605968 0.0018744733
0.7120000000 0.2709615485 0.9247975067 0.3042709986 3.2349515703 0.2709615485 0.2505845645 0.8765474868 0.0013236240
0.7140000000 0.2706054477 0.9247977761 0.3042710421 3.2386464967 0.2706054477 0.2502553162 0.8763953852 0.0006363152
0.7160000000 0.2703533972 0.9247980862 0.3042710812 3.2412678598 0.2703533972 0.2500223043 0.8762877772 0.0000914642
0.7180000000 0.2701762222 0.9247984166 0.3042711201 3.2431136436 0.2701762222 0.2498585425 0.8762121924 0.0001751666
0.7200000000 0.2700528796 0.9247987464 0.3042711607 3.2444002566 0.2700528796 0.2497445645 0.8761596319 0.0002359700
0.7220000000 0.2699675665 0.9247990624 0.3042712034 3.2452910792 0.2699675665 0.2496657524 0.8761233354 0.0003728252
0.7240000000 0.2699086157 0.9247993608 0.3042712487 3.2459071825 0.2699086157 0.2496113152 0.8760983142 0.0006830279
0.7260000000 0.2698678879 0.9247996422 0.3042712989 3.2463332346 0.2698678879 0.2495737262 0.8760810935 0.0009779629
0.7280000000 0.2698398260 0.9247999088 0.3042713560 3.2466271419 0.2698398260 0.2495478464 0.8760693029 0.0012143873
0.7300000000 0.2698205919 0.9248001631 0.3042714221 3.2468289408 0.2698205919 0.2495301274 0.8760613066 0.0015163322
0.7320000000 0.2698075021 0.9248004101 0.3042714995 3.2469666607 0.2698075021 0.2495180886 0.8760559641 0.0018694290
0.7340000000 0.2697986816 0.9248006571 0.3042715913 3.2470599114 0.2697986816 0.2495099981 0.8760524833 0.0019944902
0.7360000000 0.2697928250 0.9248009083 0.3042716993 3.2471223485 0.2697928250 0.2495046496 0.8760503115 0.0016339319
0.7380000000 0.2697890157 0.9248011570 0.3042718216 3.2471635218 0.2697890157 0.2495011938 0.8760490503 0.0008951720
0.7400000000 0.2697866029 0.9248013859 0.3042719525 3.2471901629 0.2697866029 0.2494990242 0.8760484030 0.0002447228
0.7420000000 0.2697851276 0.9248015783 0.3042720862 3.2472069974 0.2697851276 0.2494977119 0.8760481543 0.0000624115
0.7440000000 0.2697842765 0.9248017301 0.3042722203 3.2472172758 0.2697842765 0.2494969657 0.8760481634 0.0002678901
0.7460000000 0.2697838433 0.9248018508 0.3042723560 3.2472231726 0.2697838433 0.2494965976 0.8760483476 0.0005172448
0.7480000000 0.2697836953 0.9248019580 0.3042724953 3.2472261099 0.2697836953 0.2494964896 0.8760486593 0.0006678140
0.7500000000 0.2697837470 0.9248020763 0.3042726392 3.2472270128 0.2697837470 0.2494965694 0.8760490707 0.0008381408
0.7520000000 0.2697839420 0.9248022416 0.3042727890 3.2472265150 0.2697839420 0.2494967943 0.8760495698 0.0009686710
0.7540000000 0.2697842384 0.9248024967 0.3042729463 3.2472251110 0.2697842384 0.2494971372 0.8760501534 0.0005234743
0.7560000000 0.2697845960 0.9248028662 0.3042731088 3.2472232217 0.2697845960 0.2494975676 0.8760508049 0.0009922066
0.7580000000 0.2697849717 0.9248033257 0.3042732654 3.2472211711 0.2697849717 0.2494980390 0.8760514716 0.0032548608
0.7600000000 0.2697853231 0.9248038080 0.3042733972 3.2472191655 0.2697853231 0.2494984942 0.8760520718 0.0048357610
0.7620000000 0.2697856200 0.9248042485 0.3042734908 3.2472173368 0.2697856200 0.2494988876 0.8760525425 0.0036693340
0.7640000000 0.2697858580 0.9248046405 0.3042735534 3.2472157921 0.2697858580 0.2494992134 0.8760528986 0.0002635425
0.7660000000 0.2697860615 0.9248050423 0.3042736137 3.2472145964 0.2697860615 0.2494995100 0.8760532366 0.0034980284
0.7680000000 0.2697862631 0.9248055143 0.3042736988 3.2472137139 0.2697862631 0.2494998238 0.8760536534 0.0037859841
0.7700000000 0.2697864843 0.9248060634 0.3042738155 3.2472129915 0.2697864843 0.2495001765 0.8760541769 0.0024265272
0.7720000000 0.2697867309 0.9248066534 0.3042739546 3.2472122491 0.2697867309 0.2495005637 0.8760547772 0.0018520152
0.7740000000 0.2697870012 0.9248072611 0.3042741103 3.2472114290 0.2697870012 0.2495009777 0.8760554337 0.0022714156
0.7760000000 0.2697872904 0.9248078941 0.3042742866 3.2472106253 0.2697872904 0.2495014159 0.8760561559 0.0015673640
0.7780000000 0.2697875823 0.9248085391 0.3042744800 3.2472099635 0.2697875823 0.2495018598 0.8760569252 0.0013013559
0.7800000000 0.2697878458 0.9248091216 0.3042746660 3.2472094720 0.2697878458 0.2495022607 0.8760576484 0.0041009796
0.7820000000 0.2697880520 0.9248095586 0.3042748172 3.2472091218 0.2697880520 0.2495025693 0.8760582234 0.0025370182
0.7840000000 0.2697882031 0.9248098701 0.3042749409 3.2472089766 0.2697882031 0.2495027931 0.8760586750 0.0041422972
0.7860000000 0.2697883439 0.9248102145 0.3042750908 3.2472092135 0.2697883439 0.2495030162 0.8760591959 0.0090189776
0.7880000000 0.2697885270 0.9248107524 0.3042753217 3.2472099371 0.2697885270 0.2495033306 0.8760599857 0.0061796813
0.7900000000 0.2697887679 0.9248114585 0.3042756254 3.2472108868 0.2697887679 0.2495037439 0.8760610241 0.0015347899
0.7920000000 0.2697890300 0.9248121059 0.3042759240 3.2472115123 0.2697890300 0.2495041610 0.8760620442 0.0053448756
0.7940000000 0.2697892816 0.9248125499 0.3042761667 3.2472115428 0.2697892816 0.2495045135 0.8760628695 0.0010738054
0.7960000000 0.2697895442 0.9248129567 0.3042764063 3.2472113944 0.2697895442 0.2495048661 0.8760636821 0.0095714229
0.7980000000 0.2697898611 0.9248136323 0.3042767395 3.2472117947 0.2697898611 0.2495053414 0.8760648192 0.0063132907
0.8000000000 0.2697902110 0.9248145963 0.3042771617 3.2472129430 0.2697902110 0.2495059250 0.8760662649 0.0073253527
0.8020000000 0.2697904881 0.9248154368 0.3042775199 3.2472141424 0.2697904881 0.2495064081 0.8760674886 0.0202899230
0.8040000000 0.2697906071 0.9248157976 0.3042776807 3.2472147232 0.2697906071 0.2495066155 0.8760680316 0.0085539418
0.8060000000 0.2697906338 0.9248159717 0.3042777364 3.2472151210 0.2697906338 0.2495066872 0.8760682256 0.0268445943
0.8080000000 0.2697907830 0.9248168448 0.3042779957 3.2472167730 0.2697907830 0.2495070607 0.8760691556 0.0320962151
0.8100000000 0.2697912369 0.9248191361 0.3042787093 3.2472207597 0.2697912369 0.2495080987 0.8760717054 0.0007977653
0.8120000000 0.2697917976 0.9248217911 0.3042795321 3.2472249795 0.2697917976 0.2495093335 0.8760746645 0.0635942731
0.8140000000 0.2697919825 0.9248225486 0.3042797068 3.2472253672 0.2697919825 0.2495097088 0.8760753694 0.1084993060
0.8160000000 0.2697907641 0.9248166047 0.3042776092 3.2472131656 0.2697907641 0.2495069785 0.8760681213 0.0619555157
0.8180000000 0.2697865256 0.9247964725 0.3042707078 3.2471748927 0.2697865256 0.2494976272 0.8760440323 0.0183460723
0.8200000000 0.2697826285 0.9247779898 0.3042643731 3.2471398273 0.2697826285 0.2494890369 0.8760219178 0.1414676752
0.8220000000 0.2697884952 0.9248051242 0.3042735129 3.2471883031 0.2697884952 0.2495017828 0.8760540460 0.1189360343
0.8240000000 0.2698580891 0.9251293511 0.3043834031 3.2477791022 0.2698580891 0.2496536388 0.8764394622 0.0769706002
0.8260000000 0.2701140102 0.9263215205 0.3047878477 3.2499543189 0.2701140102 0.2502124206 0.8778581941 0.0006570415
0.8280000000 0.2704127734 0.9277127844 0.3052605488 3.2524975591 0.2704127734 0.2508653869 0.8795168853 0.1481648849
0.8300000000 0.2703264647 0.9273208251 0.3051276165 3.2518056925 0.2703264647 0.2506793603 0.8790491369 0.1319876947
0.8320000000 0.2671997694 0.9128356532 0.3002399162 3.2257678414 0.2671997694 0.2439094761 0.8619244235 0.0925432805
0.8340000000 0.2518030847 0.8398816143 0.2766017447 3.0989114070 0.2518030847 0.2114847812 0.7803154514 0.0484588825
0.8360000000 0.2167066338 0.6586333982 0.2245624308 2.8075260706 0.2167066338 0.1427302266 0.6084095241 0.0010505284
0.8380000000 0.1778937009 0.4183325218 0.1690253052 2.4628705014 0.1778937009 0.0744187205 0.4381291484 0.0322806217
0.8400000000 0.1504582801 0.2136450058 0.1315471989 2.2085974280 0.1504582801 0.0321446601 0.3323017704 0.0511672654
0.8420000000 0.1357321089 0.0916527205 0.1126953573 2.0798946199 0.1357321089 0.0124402170 0.2823084830 0.0616882943
0.8440000000 0.1291604786 0.0354861790 0.1047775329 2.0286790429 0.1291604786 0.0045834119 0.2620251561 0.0666644519
0.8460000000 0.1265424881 0.0131080970 0.1017453022 2.0101874917 0.1265424881 0.0016587312 0.2543741268 0.0687221971
0.8480000000 0.1255600577 0.0047491056 0.1006297252 2.0036286500 0.1255600577 0.0005962980 0.2515757289 0.0694932385
0.8500000000 0.1252012821 0.0017051760 0.1002257639 2.0012941360 0.1252012821 0.0002134902 0.2505645918 0.0697263881
0.8520000000 0.1250717592 0.0006076826 0.1000804130 2.0004600326 0.1250717592 0.0000760039 0.2502010556 0.0696703878
0.8540000000 0.1250252650 0.0002139224 0.1000283023 2.0001617948 0.1250252650 0.0000267457 0.2500707585 0.0692608756
0.8560000000 0.1250086706 0.0000734111 0.1000097117 2.0000555039 0.1250086706 0.0000091770 0.2500242797 0.0680426665
0.8580000000 0.1250028196 0.0000238720 0.1000031580 2.0000180467 0.1250028196 0.0000029841 0.2500078950 0.0647246210
0.8600000000 0.1250008224 0.0000069631 0.1000009211 2.0000052637 0.1250008224 0.0000008704 0.2500023028 0.0562397577
0.8620000000 0.1250001978 0.0000016750 0.1000002216 2.0000012662 0.1250001978 0.0000002094 0.2500005539 0.0378050693
0.8640000000 0.1250000376 0.0000003180 0.1000000421 2.0000002404 0.1250000376 0.0000000398 0.2500001052 0.0148548165
0.8660000000 0.1250000061 0.0000000513 0.1000000068 2.0000000388 0.1250000061 0.0000000064 0.2500000170 0.0033274099
0.8680000000 0.1250000009 0.0000000077 0.1000000010 2.0000000059 0.1250000009 0.0000000010 0.2500000026 0.0005551155
0.8700000000 0.1250000001 0.0000000011 0.1000000002 2.0000000009 0.1250000001 0.0000000001 0.2500000004 0.0000841788
0.8720000000 0.1250000000 0.0000000002 0.1000000000 2.0000000001 0.1250000000 0.0000000000 0.2500000001 0.0000125014
0.8740000000 0.1250000000 0.0000000000 0.1000000000 2.0000000000 0.1250000000 0.0000000000 0.2500000000 0.0000018501
0.8760000000 0.1250000000 0.0000000000 0.1000000000 2.0000000000 0.1250000000 0.0000000000 0.2500000000 0.0000002736
0.8780000000 0.1250000000 0.0000000000 0.1000000000 2.0000000000 0.1250000000 0.0000000000 0.2500000000 0.0000000405
0.8800000000 0.1250000000 0.0000000000 0.1000000000 2.0000000000 0.1250000000 0.0000000000 0.2500000000 0.0000000060
0.8820000000 0.1250000000 0.0000000000 0.1000000000 2.0000000000 0.1250000000 0.0000000000 0.2500000000 0.0000000009
0.8840000000 0.1250000000 0.0000000000 0.1000000000 2.0000000000 0.1250000000 0.0000000000 0.2500000000 0.0000000001
0.8860000000 0.1250000000 0.0000000000 0.1000000000 2.0000000000 0.1250000000 0.0000000000 0.2500000000 0.0000000000
0.8880000000 0.1250000000 0.0000000000 0.1000000000 2.0000000000 0.1250000000 0.0000000000 0.2500000000 0.0000000000
0.8900000000 0.1250000000 0.0000000000 0.1000000000 2.0000000000 0.1250000000 0.0000000000 0.2500000000 0.0000000000
0.8920000000 0.1250000000 0.0000000000 0.1000000000 2.0000000000 0.1250000000 0.0000000000 0.2500000000 0.0000000000
0.8940000000 0.1250000000 0.0000000000 0.1000000000 2.0000000000 0.1250000000 0.0000000000 0.2500000000 0.0000000000
0.8960000000 0.1250000000 0.0000000000 0.1000000000 2.0000000000 0.1250000000 0.0000000000 0.2500000000 0.0000000000
0.8980000000 0.1250000000 0.0000000000 0.1000000000 2.0000000000 0.1250000000 0.0000000000 0.2500000000 0.0000000000
0.9000000000 0.1250000000 0.0000000000 0.1000000000 2.0000000000 0.1250000000 0.0000000000 0.2500000000 0.0000000000
0.9020000000 0.1250000000 0.0000000000 0.1000000000 2.0000000000 0.1250000000 0.0000000000 0.2500000000 0.0000000000
0.9040000000 0.1250000000 0.0000000000 0.1000000000 2.0000000000 0.1250000000 0.0000000000 0.2500000000 0.0000000000
0.9060000000 0.1250000000 0.0000000000 0.1000000000 2.0000000000 0.1250000000 0.0000000000 0.2500000000 0.0000000000
0.9080000000 0.1250000000 0.0000000000 0.1000000000 2.0000000000 0.1250000000 0.0000000000 0.2500000000 0.0000000000
0.9100000000 0.1250000000 0.0000000000 0.1000000000 2.0000000000 0.1250000000 0.0000000000 0.2500000000 0.0000000000
0.9120000000 0.1250000000 0.0000000000 0.1000000000 2.0000000000 0.1250000000 0.0000000000 0.2500000000 0.0000000000
0.9140000000 0.1250000000 0.0000000000 0.1000000000 2.0000000000 0.1250000000 0.0000000000 0.2500000000 0.0000000000
0.9160000000 0.1250000000 0.0000000000 0.1000000000 2.0000000000 0.1250000000 0.0000000000 0.2500000000 0.0000000000
0.9180000000 0.1250000000 0.0000000000 0.1000000000 2.0000000000 0.1250000000 0.0000000000 0.2500000000 0.0000000000
0.9200000000 0.1250000000 0.0000000000 0.1000000000 2.0000000000 0.1250000000 0.0000000000 0.2500000000 0.0000000000
0.9220000000 0.1250000000 0.0000000000 0.1000000000 2.0000000000 0.1250000000 0.0000000000 0.2500000000 0.0000000000
0.9240000000 0.1250000000 0.0000000000 0.1000000000 2.0000000000 0.1250000000 0.0000000000 0.2500000000 0.0000000000
0.9260000000 0.1250000000 0.0000000000 0.1000000000 2.0000000000 0.1250000000 0.0000000000 0.2500000000 0.0000000000
0.9280000000 0.1250000000 0.0000000000 0.1000000000 2.0000000000 0.1250000000 0.0000000000 0.2500000000 0.0000000000
0.9300000000 0.1250000000 0.0000000000 0.1000000000 2.0000000000 0.1250000000 0.0000000000 0.2500000000 0.0000000000
0.9320000000 0.1250000000 0.0000000000 0.1000000000 2.0000000000 0.1250000000 0.0000000000 0.2500000000 0.0000000000
0.9340000000 0.1250000000 0.0000000000 0.1000000000 2.0000000000 0.1250000000 0.0000000000 0.2500000000 0.0000000000
0.9360000000 0.1250000000 0.0000000000 0.1000000000 2.0000000000 0.1250000000 0.0000000000 0.2500000000 0.0000000000
0.9380000000 0.1250000000 0.0000000000 0.1000000000 2.0000000000 0.1250000000 0.0000000000 0.2500000000 0.0000000000
0.9400000000 0.1250000000 0.0000000000 0.1000000000 2.0000000000 0.1250000000 0.0000000000 0.2500000000 0.0000000000
0.9420000000 0.1250000000 0.0000000000 0.1000000000 2.0000000000 0.1250000000 0.0000000000 0.2500000000 0.0000000000
0.9440000000 0.1250000000 0.0000000000 0.1000000000 2.0000000000 0.1250000000 0.0000000000 0.2500000000 0.0000000000
0.9460000000 0.1250000000 0.0000000000 0.1000000000 2.0000000000 0.1250000000 0.0000000000 0.2500000000 0.0000000000
0.9480000000 0.1250000000 0.0000000000 0.1000000000 2.0000000000 0.1250000000 0.0000000000 0.2500000000 0.0000000000
0.9500000000 0.1250000000 0.0000000000 0.1000000000 2.0000000000 0.1250000000 0.0000000000 0.2500000000 0.0000000000
0.9520000000 0.1250000000 0.0000000000 0.1000000000 2.0000000000 0.1250000000 0.0000000000 0.2500000000 0.0000000000
0.9540000000 0.1250000000 0.0000000000 0.1000000000 2.0000000000 0.1250000000 0.0000000000 0.2500000000 0.0000000000
0.9560000000 0.1250000000 0.0000000000 0.1000000000 2.0000000000 0.1250000000 0.0000000000 0.2500000000 0.0000000000
0.9580000000 0.1250000000 0.0000000000 0.1000000000 2.0000000000 0.1250000000 0.0000000000 0.2500000000 0.0000000000
0.9600000000 0.1250000000 0.0000000000 0.1000000000 2.0000000000 0.1250000000 0.0000000000 0.2500000000 0.0000000000
0.9620000000 0.1250000000 0.0000000000 0.1000000000 2.0000000000 0.1250000000 0.0000000000 0.2500000000 0.0000000000
0.9640000000 0.1250000000 0.0000000000 0.1000000000 2.0000000000 0.1250000000 0.0000000000 0.2500000000 0.0000000000
0.9660000000 0.1250000000 0.0000000000 0.1000000000 2.0000000000 0.1250000000 0.0000000000 0.2500000000 0.0000000000
0.9680000000 0.1250000000 0.0000000000 0.1000000000 2.0000000000 0.1250000000 0.0000000000 0.2500000000 0.0000000000
0.9700000000 0.1250000000 0.0000000000 0.1000000000 2.0000000000 0.1250000000 0.0000000000 0.2500000000 0.0000000000
0.9720000000 0.1250000000 0.0000000000 0.1000000000 2.0000000000 0.1250000000 0.0000000000 0.2500000000 0.0000000000
0.9740000000 0.1250000000 0.0000000000 0.1000000000 2.0000000000 0.1250000000 0.0000000000 0.2500000000 0.0000000000
0.9760000000 0.1250000000 0.0000000000 0.1000000000 2.0000000000 0.1250000000 0.0000000000 0.2500000000 0.0000000000
0.9780000000 0.1250000000 0.0000000000 0.1000000000 2.0000000000 0.1250000000 0.0000000000 0.2500000000 0.0000000000
0.9800000000 0.1250000000 0.0000000000 0.1000000000 2.0000000000 0.1250000000 0.0000000000 0.2500000000 0.0000000000
0.9820000000 0.1250000000 0.0000000000 0.1000000000 2.0000000000 0.1250000000 0.0000000000 0.2500000000 0.0000000000
0.9840000000 0.1250000000 0.0000000000 0.1000000000 2.0000000000 0.1250000000 0.0000000000 0.2500000000 0.0000000000
0.9860000000 0.1250000000 0.0000000000 0.1000000000 2.0000000000 0.1250000000 0.0000000000 0.2500000000 0.0000000000
0.9880000000 0.1250000000 0.0000000000 0.1000000000 2.0000000000 0.1250000000 0.0000000000 0.2500000000 0.0000000000
0.9900000000 0.1250000000 0.0000000000 0.1000000000 2.0000000000 0.1250000000 0.0000000000 0.2500000000 0.0000000000
0.9920000000 0.1250000000 0.0000000000 0.1000000000 2.0000000000 0.1250000000 0.0000000000 0.2500000000 0.0000000000
0.9940000000 0.1250000000 0.0000000000 0.1000000000 2.0000000000 0.1250000000 0.0000000000 0.2500000000 0.0000000000
0.9960000000 0.1250000000 0.0000000000 0.1000000000 2.0000000000 0.1250000000 0.0000000000 0.2500000000 0.0000000000
0.9980000000 0.1250000000 0.0000000000 0.1000000000 2.0000000000 0.1250000000 0.0000000000 0.2500000000 0.0000000000
1.0000000000 0.1250000000 0.0000000000 0.1000000000 2.0000000000 0.1250000000 0.0000000000 0.2500000000 0.0000000000
