TITLE = "1D Euler Filtered MacCormack Result"
VARIABLES = "x", "rho", "u", "p", "E", "rho_conserved", "rhou", "rhoE", "nu"
ZONE T="t=0.20000000", I=501, F=POINT
0.0000000000 1.0000000000 -0.2000000000 0.5000000000 1.2700000000 1.0000000000 -0.2000000000 1.2700000000 0.0000000000
0.0020000000 1.0000000000 -0.2000000000 0.5000000000 1.2700000000 1.0000000000 -0.2000000000 1.2700000000 0.0000000000
0.0040000000 1.0000000000 -0.2000000000 0.5000000000 1.2700000000 1.0000000000 -0.2000000000 1.2700000000 0.0000000000
0.0060000000 1.0000000000 -0.2000000000 0.5000000000 1.2700000000 1.0000000000 -0.2000000000 1.2700000000 0.0000000000
0.0080000000 1.0000000000 -0.2000000000 0.5000000000 1.2700000000 1.0000000000 -0.2000000000 1.2700000000 0.0000000000
0.0100000000 1.0000000000 -0.2000000000 0.5000000000 1.2700000000 1.0000000000 -0.2000000000 1.2700000000 0.0000000000
0.0120000000 1.0000000000 -0.2000000000 0.5000000000 1.2700000000 1.0000000000 -0.2000000000 1.2700000000 0.0000000000
0.0140000000 1.0000000000 -0.2000000000 0.5000000000 1.2700000000 1.0000000000 -0.2000000000 1.2700000000 0.0000000000
0.0160000000 1.0000000000 -0.2000000000 0.5000000000 1.2700000000 1.0000000000 -0.2000000000 1.2700000000 0.0000000000
0.0180000000 1.0000000000 -0.2000000000 0.5000000000 1.2700000000 1.0000000000 -0.2000000000 1.2700000000 0.0000000000
0.0200000000 1.0000000000 -0.2000000000 0.5000000000 1.2700000000 1.0000000000 -0.2000000000 1.2700000000 0.0000000000
0.0220000000 1.0000000000 -0.2000000000 0.5000000000 1.2700000000 1.0000000000 -0.2000000000 1.2700000000 0.0000000000
0.0240000000 1.0000000000 -0.2000000000 0.5000000000 1.2700000000 1.0000000000 -0.2000000000 1.2700000000 0.0000000000
0.0260000000 1.0000000000 -0.2000000000 0.5000000000 1.2700000000 1.0000000000 -0.2000000000 1.2700000000 0.0000000000
0.0280000000 1.0000000000 -0.2000000000 0.5000000000 1.2700000000 1.0000000000 -0.2000000000 1.2700000000 0.0000000000
0.0300000000 1.0000000000 -0.2000000000 0.5000000000 1.2700000000 1.0000000000 -0.2000000000 1.2700000000 0.0000000000
0.0320000000 1.0000000000 -0.2000000000 0.5000000000 1.2700000000 1.0000000000 -0.2000000000 1.2700000000 0.0000000000
0.0340000000 1.0000000000 -0.2000000000 0.5000000000 1.2700000000 1.0000000000 -0.2000000000 1.2700000000 0.0000000000
0.0360000000 1.0000000000 -0.2000000000 0.5000000000 1.2700000000 1.0000000000 -0.2000000000 1.2700000000 0.0000000000
0.0380000000 1.0000000000 -0.2000000000 0.5000000000 1.2700000000 1.0000000000 -0.2000000000 1.2700000000 0.0000000000
0.0400000000 1.0000000000 -0.2000000000 0.5000000000 1.2700000000 1.0000000000 -0.2000000000 1.2700000000 0.0000000000
0.0420000000 1.0000000000 -0.2000000000 0.5000000000 1.2700000000 1.0000000000 -0.2000000000 1.2700000000 0.0000000000
0.0440000000 1.0000000000 -0.2000000000 0.5000000000 1.2700000000 1.0000000000 -0.2000000000 1.2700000000 0.0000000000
0.0460000000 1.0000000000 -0.2000000000 0.5000000000 1.2700000000 1.0000000000 -0.2000000000 1.2700000000 0.0000000000
0.0480000000 1.0000000000 -0.2000000000 0.5000000000 1.2700000000 1.0000000000 -0.2000000000 1.2700000000 0.0000000000
0.0500000000 1.0000000000 -0.2000000000 0.5000000000 1.2700000000 1.0000000000 -0.2000000000 1.2700000000 0.0000000000
0.0520000000 1.0000000000 -0.2000000000 0.5000000000 1.2700000000 1.0000000000 -0.2000000000 1.2700000000 0.0000000000
0.0540000000 1.0000000000 -0.2000000000 0.5000000000 1.2700000000 1.0000000000 -0.2000000000 1.2700000000 0.0000000000
0.0560000000 1.0000000000 -0.2000000000 0.5000000000 1.2700000000 1.0000000000 -0.2000000000 1.2700000000 0.0000000000
0.0580000000 1.0000000000 -0.2000000000 0.5000000000 1.2700000000 1.0000000000 -0.2000000000 1.2700000000 0.0000000000
0.0600000000 1.0000000000 -0.2000000000 0.5000000000 1.2700000000 1.0000000000 -0.2000000000 1.2700000000 0.0000000000
0.0620000000 1.0000000000 -0.2000000000 0.5000000000 1.2700000000 1.0000000000 -0.2000000000 1.2700000000 0.0000000000
0.0640000000 1.0000000000 -0.2000000000 0.5000000000 1.2700000000 1.0000000000 -0.2000000000 1.2700000000 0.0000000000
0.0660000000 1.0000000000 -0.2000000000 0.5000000000 1.2700000000 1.0000000000 -0.2000000000 1.2700000000 0.0000000000
0.0680000000 1.0000000000 -0.2000000000 0.5000000000 1.2700000000 1.0000000000 -0.2000000000 1.2700000000 0.0000000000
0.0700000000 1.0000000000 -0.2000000000 0.5000000000 1.2700000000 1.0000000000 -0.2000000000 1.2700000000 0.0000000000
0.0720000000 1.0000000000 -0.2000000000 0.5000000000 1.2700000000 1.0000000000 -0.2000000000 1.2700000000 0.0000000000
0.0740000000 1.0000000000 -0.2000000000 0.5000000000 1.2700000000 1.0000000000 -0.2000000000 1.2700000000 0.0000000000
0.0760000000 1.0000000000 -0.2000000000 0.5000000000 1.2700000000 1.0000000000 -0.2000000000 1.2700000000 0.0000000000
0.0780000000 1.0000000000 -0.2000000000 0.5000000000 1.2700000000 1.0000000000 -0.2000000000 1.2700000000 0.0000000000
0.0800000000 1.0000000000 -0.2000000000 0.5000000000 1.2700000000 1.0000000000 -0.2000000000 1.2700000000 0.0000000000
0.0820000000 1.0000000000 -0.2000000000 0.5000000000 1.2700000000 1.0000000000 -0.2000000000 1.2700000000 0.0000000000
0.0840000000 1.0000000000 -0.2000000000 0.5000000000 1.2700000000 1.0000000000 -0.2000000000 1.2700000000 0.0000000000
0.0860000000 1.0000000000 -0.2000000000 0.5000000000 1.2700000000 1.0000000000 -0.2000000000 1.2700000000 0.0000000000
0.0880000000 1.0000000000 -0.2000000000 0.5000000000 1.2700000000 1.0000000000 -0.2000000000 1.2700000000 0.0000000000
0.0900000000 1.0000000000 -0.2000000000 0.5000000000 1.2700000000 1.0000000000 -0.2000000000 1.2700000000 0.0000000000
0.0920000000 1.0000000000 -0.2000000000 0.5000000000 1.2700000000 1.0000000000 -0.2000000000 1.2700000000 0.0000000000
0.0940000000 1.0000000000 -0.2000000000 0.5000000000 1.2700000000 1.0000000000 -0.2000000000 1.2700000000 0.0000000000
0.0960000000 1.0000000000 -0.2000000000 0.5000000000 1.2700000000 1.0000000000 -0.2000000000 1.2700000000 0.0000000000
0.0980000000 1.0000000000 -0.2000000000 0.5000000000 1.2700000000 1.0000000000 -0.2000000000 1.2700000000 0.0000000000
0.1000000000 1.0000000000 -0.2000000000 0.5000000000 1.2700000000 1.0000000000 -0.2000000000 1.2700000000 0.0000000000
0.1020000000 1.0000000000 -0.2000000000 0.5000000000 1.2700000000 1.0000000000 -0.2000000000 1.2700000000 0.0000000000
0.1040000000 1.0000000000 -0.2000000000 0.5000000000 1.2700000000 1.0000000000 -0.2000000000 1.2700000000 0.0000000000
0.1060000000 1.0000000000 -0.2000000000 0.5000000000 1.2700000000 1.0000000000 -0.2000000000 1.2700000000 0.0000000000
0.1080000000 1.0000000000 -0.2000000000 0.5000000000 1.2700000000 1.0000000000 -0.2000000000 1.2700000000 0.0000000000
0.1100000000 1.0000000000 -0.2000000000 0.5000000000 1.2700000000 1.0000000000 -0.2000000000 1.2700000000 0.0000000000
0.1120000000 1.0000000000 -0.2000000000 0.5000000000 1.2700000000 1.0000000000 -0.2000000000 1.2700000000 0.0000000000
0.1140000000 1.0000000000 -0.2000000000 0.5000000000 1.2700000000 1.0000000000 -0.2000000000 1.2700000000 0.0000000000
0.1160000000 1.0000000000 -0.2000000000 0.5000000000 1.2700000000 1.0000000000 -0.2000000000 1.2700000000 0.0000000000
0.1180000000 1.0000000000 -0.2000000000 0.5000000000 1.2700000000 1.0000000000 -0.2000000000 1.2700000000 0.0000000000
0.1200000000 1.0000000000 -0.2000000000 0.5000000000 1.2700000000 1.0000000000 -0.2000000000 1.2700000000 0.0000000000
0.1220000000 1.0000000000 -0.2000000000 0.5000000000 1.2700000000 1.0000000000 -0.2000000000 1.2700000000 0.0000000000
0.1240000000 1.0000000000 -0.2000000000 0.5000000000 1.2700000000 1.0000000000 -0.2000000000 1.2700000000 0.0000000000
0.1260000000 1.0000000000 -0.2000000000 0.5000000000 1.2700000000 1.0000000000 -0.2000000000 1.2700000000 0.0000000000
0.1280000000 1.0000000000 -0.2000000000 0.5000000000 1.2700000000 1.0000000000 -0.2000000000 1.2700000000 0.0000000000
0.1300000000 1.0000000000 -0.2000000000 0.5000000000 1.2700000000 1.0000000000 -0.2000000000 1.2700000000 0.0000000000
0.1320000000 1.0000000000 -0.2000000000 0.5000000000 1.2700000000 1.0000000000 -0.2000000000 1.2700000000 0.0000000000
0.1340000000 1.0000000000 -0.2000000000 0.5000000000 1.2700000000 1.0000000000 -0.2000000000 1.2700000000 0.0000000000
0.1360000000 1.0000000000 -0.2000000000 0.5000000000 1.2700000000 1.0000000000 -0.2000000000 1.2700000000 0.0000000000
0.1380000000 1.0000000000 -0.2000000000 0.5000000000 1.2700000000 1.0000000000 -0.2000000000 1.2700000000 0.0000000000
0.1400000000 1.0000000000 -0.2000000000 0.5000000000 1.2700000000 1.0000000000 -0.2000000000 1.2700000000 0.0000000000
0.1420000000 1.0000000000 -0.2000000000 0.5000000000 1.2700000000 1.0000000000 -0.2000000000 1.2700000000 0.0000000000
0.1440000000 1.0000000000 -0.2000000000 0.5000000000 1.2700000000 1.0000000000 -0.2000000000 1.2700000000 0.0000000000
0.1460000000 1.0000000000 -0.2000000000 0.5000000000 1.2700000000 1.0000000000 -0.2000000000 1.2700000000 0.0000000000
0.1480000000 1.0000000000 -0.2000000000 0.5000000000 1.2700000000 1.0000000000 -0.2000000000 1.2700000000 0.0000000000
0.1500000000 1.0000000000 -0.2000000000 0.5000000000 1.2700000000 1.0000000000 -0.2000000000 1.2700000000 0.0000000000
0.1520000000 1.0000000000 -0.2000000000 0.5000000000 1.2700000000 1.0000000000 -0.2000000000 1.2700000000 0.0000000000
0.1540000000 1.0000000000 -0.2000000000 0.5000000000 1.2700000000 1.0000000000 -0.2000000000 1.2700000000 0.0000000000
0.1560000000 1.0000000000 -0.2000000000 0.5000000000 1.2700000000 1.0000000000 -0.2000000000 1.2700000000 0.0000000000
0.1580000000 1.0000000000 -0.2000000000 0.5000000000 1.2700000000 1.0000000000 -0.2000000000 1.2700000000 0.0000000000
0.1600000000 1.0000000000 -0.2000000000 0.5000000000 1.2700000000 1.0000000000 -0.2000000000 1.2700000000 0.0000000000
0.1620000000 1.0000000000 -0.2000000000 0.5000000000 1.2700000000 1.0000000000 -0.2000000000 1.2700000000 0.0000000000
0.1640000000 1.0000000000 -0.2000000000 0.5000000000 1.2700000000 1.0000000000 -0.2000000000 1.2700000000 0.0000000000
0.1660000000 1.0000000000 -0.2000000000 0.5000000000 1.2700000000 1.0000000000 -0.2000000000 1.2700000000 0.0000000000
0.1680000000 1.0000000000 -0.2000000000 0.5000000000 1.2700000000 1.0000000000 -0.2000000000 1.2700000000 0.0000000000
0.1700000000 1.0000000000 -0.2000000000 0.5000000000 1.2700000000 1.0000000000 -0.2000000000 1.2700000000 0.0000000000
0.1720000000 1.0000000000 -0.2000000000 0.5000000000 1.2700000000 1.0000000000 -0.2000000000 1.2700000000 0.0000000000
0.1740000000 1.0000000000 -0.2000000000 0.5000000000 1.2700000000 1.0000000000 -0.2000000000 1.2700000000 0.0000000000
0.1760000000 1.0000000000 -0.2000000000 0.5000000000 1.2700000000 1.0000000000 -0.2000000000 1.2700000000 0.0000000000
0.1780000000 1.0000000000 -0.2000000000 0.5000000000 1.2700000000 1.0000000000 -0.2000000000 1.2700000000 0.0000000000
0.1800000000 1.0000000000 -0.2000000000 0.5000000000 1.2700000000 1.0000000000 -0.2000000000 1.2700000000 0.0000000000
0.1820000000 1.0000000000 -0.2000000000 0.5000000000 1.2700000000 1.0000000000 -0.2000000000 1.2700000000 0.0000000000
0.1840000000 1.0000000000 -0.2000000000 0.5000000000 1.2700000000 1.0000000000 -0.2000000000 1.2700000000 0.0000000000
0.1860000000 1.0000000000 -0.2000000000 0.5000000000 1.2700000000 1.0000000000 -0.2000000000 1.2700000000 0.0000000000
0.1880000000 1.0000000000 -0.2000000000 0.5000000000 1.2700000000 1.0000000000 -0.2000000000 1.2700000000 0.0000000000
0.1900000000 1.0000000000 -0.2000000000 0.5000000000 1.2700000000 1.0000000000 -0.2000000000 1.2700000000 0.0000000000
0.1920000000 1.0000000000 -0.2000000000 0.5000000000 1.2700000000 1.0000000000 -0.2000000000 1.2700000000 0.0000000000
0.1940000000 1.0000000000 -0.2000000000 0.5000000000 1.2700000000 1.0000000000 -0.2000000000 1.2700000000 0.0000000000
0.1960000000 1.0000000000 -0.2000000000 0.5000000000 1.2700000000 1.0000000000 -0.2000000000 1.2700000000 0.0000000000
0.1980000000 1.0000000000 -0.2000000000 0.5000000000 1.2700000000 1.0000000000 -0.2000000000 1.2700000000 0.0000000000
0.2000000000 1.0000000000 -0.2000000000 0.5000000000 1.2700000000 1.0000000000 -0.2000000000 1.2700000000 0.0000000000
0.2020000000 1.0000000000 -0.2000000000 0.5000000000 1.2700000000 1.0000000000 -0.2000000000 1.2700000000 0.0000000000
0.2040000000 1.0000000000 -0.2000000000 0.5000000000 1.2700000000 1.0000000000 -0.2000000000 1.2700000000 0.0000000000
0.2060000000 1.0000000000 -0.2000000000 0.5000000000 1.2700000000 1.0000000000 -0.2000000000 1.2700000000 0.0000000000
0.2080000000 1.0000000000 -0.2000000000 0.5000000000 1.2700000000 1.0000000000 -0.2000000000 1.2700000000 0.0000000000
0.2100000000 1.0000000000 -0.2000000000 0.5000000000 1.2700000000 1.0000000000 -0.2000000000 1.2700000000 0.0000000000
0.2120000000 1.0000000000 -0.2000000000 0.5000000000 1.2700000000 1.0000000000 -0.2000000000 1.2700000000 0.0000000000
0.2140000000 1.0000000000 -0.2000000000 0.5000000000 1.2700000000 1.0000000000 -0.2000000000 1.2700000000 0.0000000000
0.2160000000 1.0000000000 -0.2000000000 0.5000000000 1.2700000000 1.0000000000 -0.2000000000 1.2700000000 0.0000000001
0.2180000000 1.0000000000 -0.2000000000 0.5000000000 1.2700000000 1.0000000000 -0.2000000000 1.2700000000 0.0000000004
0.2200000000 1.0000000000 -0.2000000000 0.5000000000 1.2700000000 1.0000000000 -0.2000000000 1.2700000000 0.0000000014
0.2220000000 1.0000000000 -0.2000000000 0.5000000000 1.2700000000 1.0000000000 -0.2000000000 1.2700000000 0.0000000048
0.2240000000 1.0000000000 -0.2000000000 0.5000000000 1.2700000000 1.0000000000 -0.2000000000 1.2700000000 0.0000000158
0.2260000000 1.0000000000 -0.2000000000 0.5000000000 1.2700000000 1.0000000000 -0.2000000000 1.2700000000 0.0000000506
0.2280000000 1.0000000000 -0.2000000000 0.5000000000 1.2700000000 1.0000000000 -0.2000000000 1.2700000000 0.0000001584
0.2300000000 1.0000000000 -0.2000000000 0.5000000000 1.2700000000 1.0000000000 -0.2000000000 1.2700000000 0.0000004829
0.2320000000 1.0000000000 -0.2000000000 0.5000000000 1.2700000000 1.0000000000 -0.2000000000 1.2700000000 0.0000014338
0.2340000000 0.9999999999 -0.1999999999 0.4999999999 1.2699999999 0.9999999999 -0.1999999999 1.2699999999 0.0000041473
0.2360000000 0.9999999998 -0.1999999998 0.4999999998 1.2699999999 0.9999999998 -0.1999999998 1.2699999996 0.0000116820
0.2380000000 0.9999999994 -0.1999999995 0.4999999996 1.2699999996 0.9999999994 -0.1999999993 1.2699999988 0.0000320233
0.2400000000 0.9999999982 -0.1999999985 0.4999999987 1.2699999988 0.9999999982 -0.1999999981 1.2699999965 0.0000853150
0.2420000000 0.9999999951 -0.1999999959 0.4999999966 1.2699999967 0.9999999951 -0.1999999949 1.2699999905 0.0002202469
0.2440000000 0.9999999870 -0.1999999891 0.4999999909 1.2699999913 0.9999999870 -0.1999999865 1.2699999748 0.0005473114
0.2460000000 0.9999999664 -0.1999999719 0.4999999765 1.2699999776 0.9999999664 -0.1999999651 1.2699999348 0.0012907429
0.2480000000 0.9999999154 -0.1999999292 0.4999999408 1.2699999435 0.9999999154 -0.1999999123 1.2699998361 0.0028118916
0.2500000000 0.9999997938 -0.1999998275 0.4999998557 1.2699998624 0.9999997938 -0.1999997862 1.2699996005 0.0054295347
0.2520000000 0.9999995145 -0.1999995938 0.4999996601 1.2699996760 0.9999995145 -0.1999994967 1.2699990594 0.0089120375
0.2540000000 0.9999988984 -0.1999990783 0.4999992289 1.2699992649 0.9999988984 -0.1999988580 1.2699978658 0.0122787143
0.2560000000 0.9999975924 -0.1999979856 0.4999983146 1.2699983933 0.9999975924 -0.1999975041 1.2699953356 0.0146270817
0.2580000000 0.9999949218 -0.1999957512 0.4999964452 1.2699966111 0.9999949218 -0.1999947356 1.2699901618 0.0158194362
0.2600000000 0.9999896348 -0.1999913278 0.4999927444 1.2699930830 0.9999896348 -0.1999892548 1.2699799192 0.0161797811
0.2620000000 0.9999794745 -0.1999828271 0.4999856322 1.2699863028 0.9999794745 -0.1999787223 1.2699602357 0.0160480125
0.2640000000 0.9999604971 -0.1999669492 0.4999723483 1.2699736390 0.9999604971 -0.1999590499 1.2699234714 0.0156431760
0.2660000000 0.9999260358 -0.1999381160 0.4999482263 1.2699506432 0.9999260358 -0.1999233277 1.2698567124 0.0150838990
0.2680000000 0.9998652150 -0.1998872267 0.4999056543 1.2699100596 0.9998652150 -0.1998602849 1.2697388948 0.0144299702
0.2700000000 0.9997609591 -0.1997999908 0.4998326830 1.2698404981 0.9997609591 -0.1997522304 1.2695369544 0.0137106193
0.2720000000 0.9995875446 -0.1996548739 0.4997113147 1.2697248054 0.9995875446 -0.1995725252 1.2692011005 0.0129401323
0.2740000000 0.9993079251 -0.1994208486 0.4995156394 1.2695382900 0.9993079251 -0.1992828344 1.2686596744 0.0121260489
0.2760000000 0.9988713199 -0.1990553483 0.4992101613 1.2692471323 0.9988713199 -0.1988306785 1.2678145582 0.0112735532
0.2780000000 0.9982118249 -0.1985030498 0.4987488570 1.2688074928 0.9982118249 -0.1981480916 1.2665386428 0.0103879624
0.2800000000 0.9972489871 -0.1976962514 0.4980756261 1.2681659500 0.9972489871 -0.1971523865 1.2646772091 0.0094761930
0.2820000000 0.9958912001 -0.1965575472 0.4971267411 1.2672618412 0.9958912001 -0.1957499316 1.2620549160 0.0085475540
0.2840000000 0.9940423138 -0.1950051224 0.4958355678 1.2660317618 0.9940423138 -0.1938433431 1.2584891419 0.0076139721
0.2860000000 0.9916110079 -0.1929603169 0.4941392247 1.2644159021 0.9916110079 -0.1913415744 1.2538087271 0.0066896759
0.2880000000 0.9885214797 -0.1903563095 0.4919861400 1.2623652322 0.9885214797 -0.1881713007 1.2478751472 0.0057903931
0.2900000000 0.9847232526 -0.1871461834 0.4893429368 1.2598480454 0.9847232526 -0.1842871984 1.2406016650 0.0049321809
0.2920000000 0.9801978205 -0.1833085550 0.4861990232 1.2568543295 0.9801978205 -0.1796786461 1.2319658744 0.0041300785
0.2940000000 0.9749605541 -0.1788494847 0.4825677827 1.2533969201 0.9749605541 -0.1743711927 1.2220125557 0.0033968020
0.2960000000 0.9690575710 -0.1738003768 0.4784841832 1.2495092627 0.9690575710 -0.1684225710 1.2108464110 0.0027416845
0.2980000000 0.9625585987 -0.1682126055 0.4739995679 1.2452404980 0.9625585987 -0.1619144898 1.1986169488 0.0021700123
0.3000000000 0.9555477267 -0.1621503084 0.4691750036 1.2406491601 0.9555477267 -0.1549423585 1.1854994845 0.0016828359
0.3020000000 0.9481141045 -0.1556829552 0.4640746575 1.2357968787 0.9481141045 -0.1476052057 1.1716764510 0.0012772531
0.3040000000 0.9403441871 -0.1488789926 0.4587603333 1.2307431598 0.9403441871 -0.1399974953 1.1573221762 0.0009470931
0.3060000000 0.9323163675 -0.1418012928 0.4532877422 1.2255418018 0.9323163675 -0.1322036662 1.1425926809 0.0006838705
0.3080000000 0.9240980932 -0.1345045579 0.4477045542 1.2202390016 0.9240980932 -0.1242954055 1.1276205347 0.0004778421
0.3100000000 0.9157450547 -0.1270344081 0.4420499150 1.2148728622 0.9157450547 -0.1163311310 1.1125138157 0.0003190004
0.3120000000 0.9073018077 -0.1194276781 0.4363549648 1.2094738620 0.9073018077 -0.1083569482 1.0973578213 0.0001978732
0.3140000000 0.8988031950 -0.1117134225 0.4306439021 1.2040658548 0.8988031950 -0.1004083810 1.0822182372 0.0001060570
0.3160000000 0.8902760683 -0.1039142232 0.4249352404 1.1986672599 0.8902760683 -0.0925123461 1.0671447753 0.0000364810
0.3180000000 0.8817409798 -0.0960475192 0.4192430275 1.1932922238 0.8817409798 -0.0846890337 1.0521746546 0.0000165109
0.3200000000 0.8732136553 -0.0881267887 0.4135778999 1.1879516273 0.8732136553 -0.0769535153 1.0373355828 0.0000572760
0.3220000000 0.8647061907 -0.0801625128 0.4079479283 1.1826538831 0.8647061907 -0.0693170211 1.0226481342 0.0000891293
0.3240000000 0.8562279976 -0.0721629610 0.4023592898 1.1774055834 0.8562279976 -0.0617879476 1.0081276250 0.0001145516
0.3260000000 0.8477865237 -0.0641347915 0.3968167740 1.1722119840 0.8477865237 -0.0543726119 0.9937855230 0.0001353657
0.3280000000 0.8393877904 -0.0560835038 0.3913241603 1.1670773630 0.8393877904 -0.0470758083 0.9796304889 0.0001529184
0.3300000000 0.8310367927 -0.0480137803 0.3858844967 1.1620052861 0.8310367927 -0.0399012180 0.9656691460 0.0001682216
0.3320000000 0.8227378026 -0.0399297489 0.3805003096 1.1569988048 0.8227378026 -0.0328517138 0.9519066543 0.0001820645
0.3340000000 0.8144946057 -0.0318351923 0.3751737659 1.1520606091 0.8144946057 -0.0259295924 0.9383471515 0.0001951027
0.3360000000 0.8063106963 -0.0237337273 0.3699068052 1.1471931484 0.8063106963 -0.0191367582 0.9249941063 0.0002079241
0.3380000000 0.7981894515 -0.0156289708 0.3647012549 1.1423987381 0.7981894515 -0.0124748797 0.9118506221 0.0002211151
0.3400000000 0.7901343011 -0.0075247101 0.3595589404 1.1376796564 0.7901343011 -0.0059455316 0.8989197202 0.0002353217
0.3420000000 0.7821489110 0.0005749056 0.3544818005 1.1330382462 0.7821489110 0.0004496618 0.8862046304 0.0002513239
0.3440000000 0.7742373996 0.0086651300 0.3494720216 1.1284770292 0.7742373996 0.0067088677 0.8737091206 0.0002701360
0.3460000000 0.7664046138 0.0167403125 0.3445322058 1.1239988473 0.7664046138 0.0128298528 0.8614379025 0.0002931543
0.3480000000 0.7586565017 0.0247934768 0.3396655947 1.1196070478 0.7586565017 0.0188097324 0.8493971661 0.0003223777
0.3500000000 0.7510006351 0.0328157205 0.3348763826 1.1153057439 0.7510006351 0.0246446269 0.8375953221 0.0003607842
0.3520000000 0.7434469740 0.0407953341 0.3301701707 1.1111001861 0.7434469740 0.0303291677 0.8260440711 0.0004129336
0.3540000000 0.7360090059 0.0487164785 0.3255546442 1.1069973158 0.7360090059 0.0358557669 0.8147599939 0.0004860141
0.3560000000 0.7287054892 0.0565571560 0.3210406038 1.1030066068 0.7287054892 0.0412135100 0.8037669690 0.0005916828
0.3580000000 0.7215631617 0.0642860479 0.3166435675 1.0991413663 0.7215631617 0.0463864440 0.7930999194 0.0007493916
0.3600000000 0.7146210010 0.0718575247 0.3123862870 1.0954207763 0.7146210010 0.0513508962 0.7828106917 0.0009926471
0.3620000000 0.7079369576 0.0792037406 0.3083027208 1.0918731113 0.7079369576 0.0560712552 0.7729773285 0.0013812717
0.3640000000 0.7015984953 0.0862222228 0.3044442512 1.0885407681 0.7015984953 0.0604933818 0.7637185650 0.0020269016
0.3660000000 0.6957385285 0.0927570543 0.3008890882 1.0854878836 0.6957385285 0.0645346564 0.7552157429 0.0031510190
0.3680000000 0.6905574279 0.0985728260 0.2977552754 1.0828109209 0.6905574279 0.0680701972 0.7477431245 0.0052372724
0.3700000000 0.6863464677 0.1033268015 0.2952146294 1.0806501856 0.6863464677 0.0709179852 0.7417004377 0.0095375287
0.3720000000 0.6834890185 0.1065672397 0.2934936927 1.0791911201 0.6834890185 0.0728375381 0.7376152794 0.0205345128
0.3740000000 0.6823555764 0.1078559314 0.2928117200 1.0786138681 0.6823555764 0.0735960962 0.7359981876 0.0545130177
0.3760000000 0.6829964644 0.1071268994 0.2931973376 1.0789403386 0.6829964644 0.0731672935 0.7369124366 0.0367005752
0.3780000000 0.6854112793 0.1043849097 0.2946515996 1.0801736326 0.6854112793 0.0715465945 0.7403631913 0.0154707966
0.3800000000 0.6895442475 0.0997109442 0.2971449270 1.0822947745 0.6895442475 0.0687551080 0.7462901358 0.0070991874
0.3820000000 0.6947383852 0.0938738481 0.3002849161 1.0849744705 0.6947383852 0.0652177657 0.7537734116 0.0007083526
0.3840000000 0.6995977642 0.0884522504 0.3032279989 1.0874916888 0.6995977642 0.0618809966 0.7608067541 0.0115083979
0.3860000000 0.7025354276 0.0851935579 0.3050093911 1.0890169074 0.7025354276 0.0598514926 0.7650729586 0.0350252940
0.3880000000 0.7029457403 0.0847394703 0.3052582935 1.0892299909 0.7029457403 0.0595672497 0.7656695824 0.0545156909
0.3900000000 0.7015176186 0.0863224818 0.3043913831 1.0884860787 0.7015176186 0.0605567418 0.7635921618 0.0149815938
0.3920000000 0.6992145683 0.0888831982 0.3029939159 1.0872867927 0.6992145683 0.0621484271 0.7602467653 0.0018267057
0.3940000000 0.6971974456 0.0911338611 0.3017705481 1.0862369336 0.6971974456 0.0635382951 0.7573216154 0.0186119663
0.3960000000 0.6963303524 0.0921033747 0.3012449185 1.0857860638 0.6963303524 0.0641343753 0.7560657925 0.0544981042
0.3980000000 0.6966056508 0.0917952244 0.3014119065 1.0859295953 0.6966056508 0.0639450720 0.7564646925 0.0365716422
0.4000000000 0.6975318486 0.0907601878 0.3019734709 1.0864114766 0.6975318486 0.0633081216 0.7578066056 0.0032465484
0.4020000000 0.6985023220 0.0896774535 0.3025619701 1.0869163854 0.6985023220 0.0626399095 0.7592136190 0.0158138438
0.4040000000 0.6989712579 0.0891547070 0.3028464746 1.0871607181 0.6989712579 0.0623165777 0.7598940946 0.0544522421
0.4060000000 0.6988727498 0.0892640615 0.3027869447 1.0871102022 0.6988727498 0.0623842201 0.7597516963 0.0422073247
0.4080000000 0.6984699646 0.0897125439 0.3025429198 1.0869015135 0.6984699646 0.0626615173 0.7591680617 0.0009821235
0.4100000000 0.6980863648 0.0901399303 0.3023105498 1.0867028220 0.6980863648 0.0629254562 0.7586124227 0.0231144772
0.4120000000 0.6979588899 0.0902817030 0.3022335059 1.0866373831 0.6979588899 0.0630129172 0.7584282216 0.0543234792
0.4140000000 0.6980588276 0.0901697106 0.3022943737 1.0866902825 0.6980588276 0.0629437625 0.7585737446 0.0197857455
0.4160000000 0.6982406159 0.0899664250 0.3024048877 1.0867857969 0.6982406159 0.0628182120 0.7588379842 0.0096679256
0.4180000000 0.6983523557 0.0898412859 0.3024729399 1.0868449199 0.6983523557 0.0627408736 0.7590007101 0.0507715155
0.4200000000 0.6983454852 0.0898483806 0.3024690876 1.0868424195 0.6983454852 0.0627452110 0.7589914969 0.0537983340
0.4220000000 0.6982753289 0.0899260076 0.3024268827 1.0868070833 0.6982753289 0.0627931125 0.7588905736 0.0013645047
0.4240000000 0.6982152221 0.0899923836 0.3023907999 1.0867770694 0.6982152221 0.0628340521 0.7588042929 0.0345995556
0.4260000000 0.6982068779 0.0900009827 0.3023861300 1.0867740618 0.6982068779 0.0628393052 0.7587931247 0.0531573241
0.4280000000 0.6982325388 0.0899716184 0.3024020995 1.0867888061 0.6982325388 0.0628211116 0.7588313072 0.0034515723
0.4300000000 0.6982585072 0.0899418751 0.3024182757 1.0868037794 0.6982585072 0.0628026795 0.7588699847 0.0317138093
0.4320000000 0.6982629257 0.0899361171 0.3024214115 1.0868076371 0.6982629257 0.0627990563 0.7588774804 0.0515459798
0.4340000000 0.6982520148 0.0899473940 0.3024152858 1.0868036385 0.6982520148 0.0628059491 0.7588628303 0.0038372279
0.4360000000 0.6982408077 0.0899589261 0.3024090223 1.0867996287 0.6982408077 0.0628129932 0.7588478505 0.0302968408
0.4380000000 0.6982387832 0.0899601415 0.3024083686 1.0868005366 0.6982387832 0.0628136597 0.7588462843 0.0474539843
0.4400000000 0.6982426242 0.0899547544 0.3024113047 1.0868046084 0.6982426242 0.0628102438 0.7588533017 0.0034914862
0.4420000000 0.6982453663 0.0899505182 0.3024136149 1.0868082467 0.6982453663 0.0628075325 0.7588588223 0.0441452422
0.4440000000 0.6982439393 0.0899508325 0.3024134510 1.0868099010 0.6982439393 0.0628076236 0.7588584265 0.0233501456
0.4460000000 0.6982404358 0.0899533491 0.3024120898 1.0868106868 0.6982404358 0.0628090657 0.7588551675 0.0070272644
0.4480000000 0.6982381046 0.0899544377 0.3024115053 1.0868123067 0.6982381046 0.0628096161 0.7588537651 0.0271159604
0.4500000000 0.6982377059 0.0899532581 0.3024121540 1.0868151415 0.6982377059 0.0628087566 0.7588553112 0.0120171905
0.4520000000 0.6982374734 0.0899517639 0.3024129733 1.0868183010 0.6982374734 0.0628076924 0.7588572646 0.0271415291
0.4540000000 0.6982358812 0.0899516233 0.3024130560 1.0868210537 0.6982358812 0.0628074510 0.7588574561 0.0126951364
0.4560000000 0.6982331947 0.0899525129 0.3024125784 1.0868235897 0.6982331947 0.0628078305 0.7588563070 0.0005318664
0.4580000000 0.6982306841 0.0899530045 0.3024123178 1.0868265941 0.6982306841 0.0628079479 0.7588556762 0.0069060699
0.4600000000 0.6982288559 0.0899525235 0.3024125871 1.0868303501 0.6982288559 0.0628074476 0.7588563119 0.0004405340
0.4620000000 0.6982269740 0.0899518475 0.3024129637 1.0868345564 0.6982269740 0.0628068063 0.7588572035 0.0077745822
0.4640000000 0.6982242741 0.0899517740 0.3024130134 1.0868389145 0.6982242741 0.0628065121 0.7588573122 0.0056224089
0.4660000000 0.6982208998 0.0899521127 0.3024128389 1.0868435531 0.6982208998 0.0628064451 0.7588568836 0.0012709696
0.4680000000 0.6982173854 0.0899522315 0.3024127835 1.0868488155 0.6982173854 0.0628062119 0.7588567383 0.0005510724
0.4700000000 0.6982137756 0.0899520004 0.3024129179 1.0868548740 0.6982137756 0.0628057259 0.7588570450 0.0030368446
0.4720000000 0.6982096455 0.0899517916 0.3024130402 1.0868616980 0.6982096455 0.0628052085 0.7588573209 0.0040160501
0.4740000000 0.6982047810 0.0899518031 0.3024130429 1.0868692531 0.6982047810 0.0628047790 0.7588573088 0.0039963327
0.4760000000 0.6981990886 0.0899518669 0.3024130174 1.0868779957 0.6981990886 0.0628043115 0.7588572260 0.0012986293
0.4780000000 0.6981931015 0.0899518229 0.3024130503 1.0868873949 0.6981931015 0.0628037422 0.7588572812 0.0070752072
0.4800000000 0.6981851704 0.0899517280 0.3024131107 1.0868999033 0.6981851704 0.0628029625 0.7588573942 0.0025751936
0.4820000000 0.6981779789 0.0899516755 0.3024131483 1.0869111872 0.6981779789 0.0628022790 0.7588574559 0.0128666754
0.4840000000 0.6981661011 0.0899516527 0.3024131708 1.0869296883 0.6981661011 0.0628011947 0.7588574626 0.0054382573
0.4860000000 0.6981564061 0.0899516185 0.3024132009 1.0869448307 0.6981564061 0.0628002987 0.7588574966 0.0138484317
0.4880000000 0.6981398941 0.0899515774 0.3024132359 1.0869705641 0.6981398941 0.0627987847 0.7588575145 0.0023870832
0.4900000000 0.6981247188 0.0899515488 0.3024132643 1.0869942033 0.6981247188 0.0627973997 0.7588575225 0.0139673347
0.4920000000 0.6980988924 0.0899515301 0.3024132869 1.0870343465 0.6980988924 0.0627950635 0.7588574733 0.0077845036
0.4940000000 0.6980794205 0.0899515111 0.3024133089 1.0870646320 0.6980794205 0.0627932987 0.7588574484 0.0198513206
0.4960000000 0.6980378080 0.0899514896 0.3024133317 1.0871292742 0.6980378080 0.0627895406 0.7588573355 0.0132232116
0.4980000000 0.6979689950 0.0899514677 0.3024133544 1.0872361351 0.6979689950 0.0627833355 0.7588571125 0.0234856728
0.5000000000 0.6979443829 0.0899514457 0.3024133775 1.0872744135 0.6979443829 0.0627811063 0.7588570695 0.0542544064
0.5020000000 0.6980987903 0.0899514240 0.3024134012 1.0870349049 0.6980987903 0.0627949803 0.7588577520 0.0203618282
0.5040000000 0.6984457686 0.0899514042 0.3024134251 1.0864969741 0.6984457686 0.0628261776 0.7588592141 0.0352301372
0.5060000000 0.6984948933 0.0899513869 0.3024134487 1.0864209290 0.6984948933 0.0628305844 0.7588594709 0.0545135318
0.5080000000 0.6966762578 0.0899513715 0.3024134724 1.0892464944 0.6966762578 0.0626669849 0.7588521716 0.0398211150
0.5100000000 0.6854192913 0.0899513571 0.3024134961 1.1070693490 0.6854192913 0.0616543955 0.7588066886 0.0284220600
0.5120000000 0.6498381532 0.0899513433 0.3024135190 1.1674642269 0.6498381532 0.0584538148 0.7586627972 0.0153314614
0.5140000000 0.5859008034 0.0899513306 0.3024135391 1.2944242029 0.5859008034 0.0527025569 0.7584041803 0.0028918850
0.5160000000 0.5142369571 0.0899513200 0.3024135553 1.4742508978 0.5142369571 0.0462562931 0.7581142956 0.0046218292
0.5180000000 0.4535730904 0.0899513107 0.3024135684 1.6708859523 0.4535730904 0.0407994940 0.7578689051 0.0089344497
0.5200000000 0.4098611892 0.0899513021 0.3024135796 1.8486553767 0.4098611892 0.0368675477 0.7576920910 0.0120230556
0.5220000000 0.3818622922 0.0899512939 0.3024135898 1.9839058707 0.3818622922 0.0343490073 0.7575788433 0.0144820080
0.5240000000 0.3655674395 0.0899512860 0.3024135996 2.0721564964 0.3655674395 0.0328832613 0.7575129447 0.0165527335
0.5260000000 0.3568360443 0.0899512786 0.3024136093 2.1227610188 0.3568360443 0.0320978584 0.7574776449 0.0183628830
0.5280000000 0.3524908085 0.0899512719 0.3024136192 2.1488789840 0.3524908085 0.0317069965 0.7574600903 0.0199977220
0.5300000000 0.3504712842 0.0899512659 0.3024136295 2.1612382516 0.3504712842 0.0315253357 0.7574519456 0.0215356922
0.5320000000 0.3495925795 0.0899512607 0.3024136401 2.1666604543 0.3495925795 0.0314462933 0.7574484170 0.0230869243
0.5340000000 0.3492355339 0.0899512563 0.3024136509 2.1688715092 0.3492355339 0.0314141750 0.7574469995 0.0248755813
0.5360000000 0.3491018538 0.0899512527 0.3024136617 2.1697005537 0.3491018538 0.0314021491 0.7574464856 0.0274927871
0.5380000000 0.3490577702 0.0899512500 0.3024136722 2.1699741362 0.3490577702 0.0313981828 0.7574463334 0.0326864763
0.5400000000 0.3490469165 0.0899512481 0.3024136821 2.1700415566 0.3490469165 0.0313972058 0.7574463141 0.0502821635
0.5420000000 0.3490481079 0.0899512469 0.3024136913 2.1700342297 0.3490481079 0.0313973125 0.7574463419 0.0298506963
0.5440000000 0.3490545260 0.0899512458 0.3024136999 2.1699944651 0.3490545260 0.0313978895 0.7574463894 0.0018228400
0.5460000000 0.3490615541 0.0899512443 0.3024137082 2.1699509143 0.3490615541 0.0313985211 0.7574464385 0.0026561763
0.5480000000 0.3490678957 0.0899512418 0.3024137165 2.1699116253 0.3490678957 0.0313990907 0.7574464849 0.0032498507
0.5500000000 0.3490734694 0.0899512385 0.3024137252 2.1698771042 0.3490734694 0.0313995909 0.7574465290 0.0031245274
0.5520000000 0.3490783844 0.0899512349 0.3024137343 2.1698466742 0.3490783844 0.0314000318 0.7574465715 0.0029283941
0.5540000000 0.3490827471 0.0899512319 0.3024137438 2.1698196751 0.3490827471 0.0314004231 0.7574466128 0.0028835731
0.5560000000 0.3490866212 0.0899512304 0.3024137535 2.1697957087 0.3490866212 0.0314007711 0.7574466527 0.0029293183
0.5580000000 0.3490900495 0.0899512312 0.3024137632 2.1697745097 0.3490900495 0.0314010798 0.7574466910 0.0028698574
0.5600000000 0.3490930847 0.0899512344 0.3024137729 2.1697557487 0.3490930847 0.0314013539 0.7574467275 0.0026008000
0.5620000000 0.3490957976 0.0899512394 0.3024137823 2.1697389871 0.3490957976 0.0314015997 0.7574467623 0.0022203286
0.5640000000 0.3490982585 0.0899512455 0.3024137916 2.1697237876 0.3490982585 0.0314018232 0.7574467956 0.0019411835
0.5660000000 0.3491005156 0.0899512515 0.3024138008 2.1697098517 0.3491005156 0.0314020283 0.7574468279 0.0019474714
0.5680000000 0.3491025828 0.0899512563 0.3024138100 2.1696970940 0.3491025828 0.0314022159 0.7574468593 0.0020868674
0.5700000000 0.3491044609 0.0899512594 0.3024138191 2.1696855088 0.3491044609 0.0314023859 0.7574468898 0.0020727101
0.5720000000 0.3491061647 0.0899512606 0.3024138281 2.1696750038 0.3491061647 0.0314025396 0.7574469193 0.0018497688
0.5740000000 0.3491077237 0.0899512607 0.3024138369 2.1696653963 0.3491077237 0.0314026799 0.7574469476 0.0016132648
0.5760000000 0.3491091640 0.0899512607 0.3024138455 2.1696565227 0.3491091640 0.0314028094 0.7574469748 0.0015630181
0.5780000000 0.3491104961 0.0899512619 0.3024138538 2.1696483191 0.3491104961 0.0314029297 0.7574470011 0.0016859952
0.5800000000 0.3491117184 0.0899512654 0.3024138623 2.1696407980 0.3491117184 0.0314030409 0.7574470274 0.0016980784
0.5820000000 0.3491128367 0.0899512722 0.3024138713 2.1696339265 0.3491128367 0.0314031438 0.7574470546 0.0015675041
0.5840000000 0.3491138642 0.0899512824 0.3024138810 2.1696276231 0.3491138642 0.0314032398 0.7574470835 0.0012323892
0.5860000000 0.3491148241 0.0899512956 0.3024138916 2.1696217456 0.3491148241 0.0314033307 0.7574471140 0.0008696727
0.5880000000 0.3491157380 0.0899513100 0.3024139023 2.1696161550 0.3491157380 0.0314034180 0.7574471451 0.0008007766
0.5900000000 0.3491166113 0.0899513228 0.3024139127 2.1696108131 0.3491166113 0.0314035010 0.7574471749 0.0010870132
0.5920000000 0.3491174313 0.0899513315 0.3024139218 2.1696057930 0.3491174313 0.0314035778 0.7574472013 0.0014230960
0.5940000000 0.3491181843 0.0899513348 0.3024139294 2.1696011767 0.3491181843 0.0314036467 0.7574472236 0.0015434520
0.5960000000 0.3491188683 0.0899513333 0.3024139358 2.1695969793 0.3491188683 0.0314037077 0.7574472422 0.0013355211
0.5980000000 0.3491194953 0.0899513296 0.3024139416 2.1695931320 0.3491194953 0.0314037628 0.7574472592 0.0009285717
0.6000000000 0.3491200838 0.0899513289 0.3024139485 2.1695895308 0.3491200838 0.0314038155 0.7574472788 0.0004778994
0.6020000000 0.3491206528 0.0899513383 0.3024139587 2.1695860752 0.3491206528 0.0314038699 0.7574473068 0.0003505286
0.6040000000 0.3491212082 0.0899513624 0.3024139738 2.1695827403 0.3491212082 0.0314039283 0.7574473476 0.0005972215
0.6060000000 0.3491217418 0.0899513963 0.3024139919 2.1695795635 0.3491217418 0.0314039882 0.7574473962 0.0009633142
0.6080000000 0.3491222411 0.0899514211 0.3024140061 2.1695765702 0.3491222411 0.0314040417 0.7574474344 0.0012011846
0.6100000000 0.3491226983 0.0899514140 0.3024140078 2.1695737457 0.3491226983 0.0314040804 0.7574474401 0.0011433605
0.6120000000 0.3491231153 0.0899513702 0.3024139952 2.1695710650 0.3491231153 0.0314041026 0.7574474090 0.0009249026
0.6140000000 0.3491234991 0.0899513168 0.3024139790 2.1695685636 0.3491234991 0.0314041185 0.7574473684 0.0003719747
0.6160000000 0.3491238681 0.0899512998 0.3024139768 2.1695662573 0.3491238681 0.0314041457 0.7574473639 0.0001476342
0.6180000000 0.3491242412 0.0899513476 0.3024139998 2.1695641125 0.3491242412 0.0314041960 0.7574474244 0.0001890968
0.6200000000 0.3491246217 0.0899514529 0.3024140453 2.1695620874 0.3491246217 0.0314042670 0.7574475429 0.0000816666
0.6220000000 0.3491250017 0.0899515894 0.3024141031 2.1695601564 0.3491250017 0.0314043488 0.7574476933 0.0004845795
0.6240000000 0.3491253699 0.0899517288 0.3024141623 2.1695583086 0.3491253699 0.0314044306 0.7574478470 0.0014540691
0.6260000000 0.3491257010 0.0899518070 0.3024141977 2.1695565163 0.3491257010 0.0314044877 0.7574479395 0.0035271959
0.6280000000 0.3491259428 0.0899516756 0.3024141523 2.1695546787 0.3491259428 0.0314044635 0.7574478227 0.0057127018
0.6300000000 0.3491260492 0.0899511749 0.3024139645 2.1695526287 0.3491260492 0.0314042983 0.7574473379 0.0035678226
0.6320000000 0.3491260579 0.0899503951 0.3024136690 2.1695503891 0.3491260579 0.0314040269 0.7574465747 0.0066108942
0.6340000000 0.3491261569 0.0899499179 0.3024134895 2.1695484469 0.3491261569 0.0314038691 0.7574461116 0.0128757962
0.6360000000 0.3491266174 0.0899506088 0.3024137590 2.1695475823 0.3491266174 0.0314041518 0.7574468087 0.0093131818
0.6380000000 0.3491275475 0.0899528244 0.3024146142 2.1695481368 0.3491275475 0.0314050090 0.7574490202 0.0004258607
0.6400000000 0.3491285842 0.0899554194 0.3024156150 2.1695491067 0.3491285842 0.0314060082 0.7574516079 0.0217988874
0.6420000000 0.3491289418 0.0899559017 0.3024158035 2.1695482816 0.3491289418 0.0314062088 0.7574520957 0.0323368744
0.6440000000 0.3491279166 0.0899520378 0.3024143212 2.1695436788 0.3491279166 0.0314047675 0.7574482645 0.0113195253
0.6460000000 0.3491256923 0.0899444112 0.3024113929 2.1695358205 0.3491256923 0.0314019048 0.7574406952 0.0108571630
0.6480000000 0.3491239786 0.0899384226 0.3024090949 2.1695294559 0.3491239786 0.0313996599 0.7574347553 0.0417768122
0.6500000000 0.3491250765 0.0899413304 0.3024102176 2.1695309468 0.3491250765 0.0314007738 0.7574376577 0.0247566266
0.6520000000 0.3491303227 0.0899573463 0.3024163799 2.1695439738 0.3491303227 0.0314068374 0.7574535877 0.0034878539
0.6540000000 0.3491373888 0.0899791198 0.3024247558 2.1695620808 0.3491373888 0.0314150749 0.7574752398 0.0290235725
0.6560000000 0.3491405488 0.0899885846 0.3024283989 2.1695694193 0.3491405488 0.0314186638 0.7574846578 0.0498183221
0.6580000000 0.3491341539 0.0899679328 0.3024204623 2.1695503956 0.3491341539 0.0314108781 0.7574641417 0.0180757558
0.6600000000 0.3491172867 0.0899142857 0.3023998400 2.1695025195 0.3491172867 0.0313906315 0.7574108331 0.0031055101
0.6620000000 0.3490998265 0.0898587887 0.3023785071 2.1694530653 0.3490998265 0.0313696875 0.7573556888 0.0516236835
0.6640000000 0.3490968031 0.0898488328 0.3023746818 2.1694435311 0.3490968031 0.0313659403 0.7573458011 0.0474476145
0.6660000000 0.3491208350 0.0899242204 0.3024036658 2.1695087999 0.3491208350 0.0313944189 0.7574207238 0.0130456714
0.6680000000 0.3491685344 0.0900742623 0.3024613572 2.1696395456 0.3491685344 0.0314510981 0.7575698603 0.0072256301
0.6700000000 0.3492110258 0.0902078809 0.3025127430 2.1697559566 0.3492110258 0.0315015866 0.7577027033 0.0534400248
0.6720000000 0.3492128415 0.0902132475 0.3025148111 2.1697599849 0.3492128415 0.0315036245 0.7577080498 0.0413014034
0.6740000000 0.3491471506 0.0900057393 0.3024350216 2.1695774375 0.3491471506 0.0314252474 0.7575017804 0.0113709647
0.6760000000 0.3490279853 0.0896294954 0.3022903934 2.1692470634 0.3490279853 0.0312832022 0.7571279322 0.0074262303
0.6780000000 0.3489237444 0.0893002275 0.3021638727 2.1689579609 0.3489237444 0.0311589697 0.7568009333 0.0540475942
0.6800000000 0.3489118199 0.0892622583 0.3021492906 2.1689240792 0.3489118199 0.0311446570 0.7567632477 0.0451165071
0.6820000000 0.3490505643 0.0896997427 0.3023174047 2.1693067627 0.3490505643 0.0313097458 0.7571977497 0.0130639131
0.6840000000 0.3493195549 0.0905478121 0.3026435187 2.1700497592 0.3493195549 0.0316301214 0.7580408159 0.0036838350
0.6860000000 0.3495852281 0.0913848393 0.3029656874 2.1707837850 0.3495852281 0.0319467899 0.7588739447 0.0374741333
0.6880000000 0.3496814236 0.0916875629 0.3030822869 2.1710490852 0.3496814236 0.0320614375 0.7591755348 0.0543765350
0.6900000000 0.3494764439 0.0910414949 0.3028335187 2.1704814078 0.3494764439 0.0318168579 0.7585321240 0.0187399891
0.6920000000 0.3489490373 0.0893782030 0.3021938465 2.1690227472 0.3489490373 0.0311884379 0.7568783996 0.0024843999
0.6940000000 0.3483033522 0.0873389096 0.3014111604 2.1672382422 0.3483033522 0.0304204350 0.7548563448 0.0138913000
0.6960000000 0.3478589694 0.0859332414 0.3008727066 2.1660104205 0.3478589694 0.0298926488 0.7534661527 0.0544384079
0.6980000000 0.3478752295 0.0859843284 0.3008923012 2.1660545588 0.3478752295 0.0299118180 0.7535167267 0.0377766819
0.7000000000 0.3485352758 0.0880710075 0.3016920067 2.1678773325 0.3485352758 0.0306958529 0.7555817240 0.0127472099
0.7020000000 0.3497556690 0.0919206338 0.3031720777 2.1712523196 0.3497556690 0.0321497628 0.7594078076 0.0002268063
0.7040000000 0.3511059315 0.0961661642 0.3048116243 2.1749919156 0.3511059315 0.0337645107 0.7636525625 0.0149598096
0.7060000000 0.3519978390 0.0989620252 0.3058956098 2.1774641264 0.3519978390 0.0348344190 0.7664626669 0.0544921902
0.7080000000 0.3519365958 0.0987694761 0.3058210036 2.1772931857 0.3519365958 0.0347605932 0.7662691517 0.0365032931
0.7100000000 0.3505617194 0.0944561130 0.3041505569 2.1734838646 0.3505617194 0.0331126974 0.7619402406 0.0125293501
0.7120000000 0.3480608527 0.0865740486 0.3011180753 2.1665738968 0.3480608527 0.0301330372 0.7540995579 0.0018632862
0.7140000000 0.3451885414 0.0774612275 0.2976445692 2.1586667597 0.3451885414 0.0267387281 0.7451470302 0.0055917680
0.7160000000 0.3427212597 0.0695814867 0.2946690680 2.1519013073 0.3427212597 0.0238470548 0.7375023268 0.0124219109
0.7180000000 0.3410729085 0.0642907614 0.2926856607 2.1473972632 0.3410729085 0.0219278370 0.7324190304 0.0227591945
0.7200000000 0.3403031679 0.0618129602 0.2917607436 2.1452988106 0.3403031679 0.0210351462 0.7300519814 0.0544705132
0.7220000000 0.3402914072 0.0617747127 0.2917465310 2.1452661086 0.3402914072 0.0210214039 0.7300156230 0.0372598365
0.7240000000 0.3409584225 0.0639210129 0.2925476390 2.1470819008 0.3409584225 0.0217944077 0.7320656578 0.0133421636
0.7260000000 0.3421869983 0.0678654668 0.2940247968 2.1504323792 0.3421869983 0.0232226804 0.7358500010 0.0067139982
0.7280000000 0.3438225913 0.0730988066 0.2959944996 2.1549044903 0.3438225913 0.0251330211 0.7409048458 0.0038206848
0.7300000000 0.3457388047 0.0792044301 0.2983068067 2.1601610098 0.3457388047 0.0273840450 0.7468514856 0.0023502332
0.7320000000 0.3478475799 0.0858921452 0.3008573249 2.1659671408 0.3478475799 0.0298773748 0.7534264282 0.0015361473
0.7340000000 0.3500906828 0.0929701755 0.3035770453 2.1721675182 0.3500906828 0.0325479922 0.7604556095 0.0010594096
0.7360000000 0.3524301904 0.1003137349 0.3064210486 2.1786608175 0.3524301904 0.0353535887 0.7678258468 0.0007680984
0.7380000000 0.3548413557 0.1078414416 0.3093600459 2.1853807764 0.3548413557 0.0382666033 0.7754634775 0.0005836358
0.7400000000 0.3573078453 0.1154995918 0.3123747353 2.1922835434 0.3573078453 0.0412689103 0.7833201093 0.0004630767
0.7420000000 0.3598187027 0.1232521410 0.3154522015 2.1993396038 0.3598187027 0.0443484255 0.7913635230 0.0003819649
0.7440000000 0.3623664391 0.1310744182 0.3185836515 2.2065286996 0.3623664391 0.0474969702 0.7995719477 0.0003258930
0.7460000000 0.3649458342 0.1389491818 0.3217629903 2.2138366347 0.3649458342 0.0507089251 0.8079304575 0.0002861287
0.7480000000 0.3675531754 0.1468641245 0.3249859176 2.2212532468 0.3675531754 0.0539803753 0.8164286842 0.0002572392
0.7500000000 0.3701857704 0.1548102747 0.3282493483 2.2287711030 0.3701857704 0.0573085608 0.8250593478 0.0002357581
0.7520000000 0.3728416291 0.1627809566 0.3315510339 2.2363846502 0.3728416291 0.0606915171 0.8338172963 0.0002194263
0.7540000000 0.3755192529 0.1707711017 0.3348893115 2.2440896514 0.3755192529 0.0641278365 0.8426988694 0.0002067402
0.7560000000 0.3782174929 0.1787767859 0.3382629350 2.2518828037 0.3782174929 0.0676165077 0.8517014684 0.0001966754
0.7580000000 0.3809354523 0.1867949118 0.3416709584 2.2597614775 0.3809354523 0.0711568042 0.8608232606 0.0001885219
0.7600000000 0.3836724184 0.1948229880 0.3451126552 2.2677235337 0.3836724184 0.0747482070 0.8700629725 0.0001817791
0.7620000000 0.3864278143 0.2028589720 0.3485874598 2.2757671931 0.3864278143 0.0783903492 0.8794197423 0.0001760851
0.7640000000 0.3892011638 0.2109011565 0.3520949261 2.2838909417 0.3892011638 0.0820829756 0.8888930125 0.0001711732
0.7660000000 0.3919920655 0.2189480867 0.3556346962 2.2920934615 0.3919920655 0.0858259127 0.8984824503 0.0001668451
0.7680000000 0.3948001733 0.2269984971 0.3592064769 2.3003735763 0.3948001733 0.0896190460 0.9081878866 0.0001629477
0.7700000000 0.3976251815 0.2350512643 0.3628100213 2.3087302112 0.3976251815 0.0934623016 0.9180092692 0.0001593590
0.7720000000 0.4004668123 0.2431053689 0.3664451142 2.3171623600 0.4004668123 0.0973556321 0.9279466239 0.0001559827
0.7740000000 0.4033248067 0.2511598657 0.3701115603 2.3256690568 0.4033248067 0.1012990043 0.9380000228 0.0001527360
0.7760000000 0.4061989157 0.2592138582 0.3738091732 2.3342493534 0.4061989157 0.1052923881 0.9481695562 0.0001495451
0.7780000000 0.4090888927 0.2672664772 0.3775377667 2.3429022980 0.4090888927 0.1093357472 0.9584553068 0.0001463459
0.7800000000 0.4119944873 0.2753168609 0.3812971452 2.3516269147 0.4119944873 0.1134290289 0.9688573250 0.0001430734
0.7820000000 0.4149154379 0.2833641364 0.3850870951 2.3604221835 0.4149154379 0.1175721547 0.9793756039 0.0001396620
0.7840000000 0.4178514651 0.2914074015 0.3889073761 2.3692870204 0.4178514651 0.1217650096 0.9900100527 0.0001360437
0.7860000000 0.4208022641 0.2994457050 0.3927577101 2.3782202533 0.4208022641 0.1260074307 1.0007604672 0.0001321412
0.7880000000 0.4237674966 0.3074780265 0.3966377707 2.3872205969 0.4237674966 0.1302991935 1.0116264961 0.0001278649
0.7900000000 0.4267467807 0.3155032518 0.4005471693 2.3962866227 0.4267467807 0.1346399970 1.0226076018 0.0001231098
0.7920000000 0.4297396799 0.3235201455 0.4044854397 2.4054167225 0.4297396799 0.1390294438 1.0337030123 0.0001177456
0.7940000000 0.4327456888 0.3315273167 0.4084520179 2.4146090638 0.4327456888 0.1434670170 1.0449116624 0.0001116077
0.7960000000 0.4357642152 0.3395231776 0.4124462177 2.4238615348 0.4357642152 0.1479520510 1.0562321195 0.0001044867
0.7980000000 0.4387945581 0.3475058892 0.4164671992 2.4331716719 0.4387945581 0.1524836931 1.0676624887 0.0000961068
0.8000000000 0.4418358783 0.3554732926 0.4205139279 2.4425365668 0.4418358783 0.1570608544 1.0792002892 0.0000860974
0.8020000000 0.4448871590 0.3634228172 0.4245851200 2.4519527442 0.4448871590 0.1616821447 1.0908422903 0.0000739580
0.8040000000 0.4479471546 0.3713513569 0.4286791699 2.4614159944 0.4479471546 0.1663457837 1.1025842910 0.0000589946
0.8060000000 0.4510143188 0.3792551021 0.4327940493 2.4709211465 0.4510143188 0.1710494815 1.1144208176 0.0000402366
0.8080000000 0.4540867060 0.3871293068 0.4369271699 2.4804617553 0.4540867060 0.1757902717 1.1263447078 0.0000163211
0.8100000000 0.4571618346 0.3949679656 0.4410751904 2.4900296635 0.4571618346 0.1805642798 1.1383465292 0.0000146789
0.8120000000 0.4602364955 0.4027633620 0.4452337478 2.4996143888 0.4602364955 0.1853663982 1.1504137664 0.0000554528
0.8140000000 0.4633064896 0.4105054540 0.4493970880 2.5092022874 0.4633064896 0.1901898408 1.1625297034 0.0001097532
0.8160000000 0.4663662702 0.4181810412 0.4535575623 2.5187754155 0.4663662702 0.1950255324 1.1746718959 0.0001827735
0.8180000000 0.4694084634 0.4257726491 0.4577049494 2.5283099909 0.4694084634 0.1998612850 1.1868101079 0.0002814842
0.8200000000 0.4724232532 0.4332571114 0.4618255826 2.5377744224 0.4724232532 0.2046807340 1.1989036484 0.0004149591
0.8220000000 0.4753976403 0.4406038807 0.4659012950 2.5471269307 0.4753976403 0.2094620452 1.2108981325 0.0005945650
0.8240000000 0.4783146324 0.4477732071 0.4699082557 2.5563129379 0.4783146324 0.2141764770 1.2227218832 0.0008338759
0.8260000000 0.4811524950 0.4547145045 0.4738158823 2.5652626431 0.4811524950 0.2187870184 1.2342825211 0.0011481666
0.8280000000 0.4838843028 0.4613654601 0.4775861615 2.5738895443 0.4838843028 0.2232475040 1.2454647476 0.0015533743
0.8300000000 0.4864781345 0.4676526798 0.4811738682 2.5820910112 0.4864781345 0.2275028033 1.2561308183 0.0020645015
0.8320000000 0.4888983154 0.4734947748 0.4845282594 2.5897522049 0.4888983154 0.2314907977 1.2661254902 0.0026935707
0.8340000000 0.4911080304 0.4788085895 0.4875967193 2.5967543996 0.4911080304 0.2351467433 1.2752869385 0.0034474052
0.8360000000 0.4930733433 0.4835185816 0.4903304188 2.6029878246 0.4930733433 0.2384101236 1.2834639094 0.0043256695
0.8380000000 0.4947681375 0.4875681849 0.4926913239 2.6083674942 0.4947681375 0.2412332027 1.2905371271 0.0053196875
0.8400000000 0.4961789082 0.4909306691 0.4946590416 2.6128486050 0.4961789082 0.2435894434 1.2964403682 0.0064125063
0.8420000000 0.4973079860 0.4936162591 0.4962354783 2.6164369385 0.4973079860 0.2454793077 1.3011749844 0.0075804183
0.8440000000 0.4981739745 0.4956727883 0.4974455661 2.6191903651 0.4981739745 0.2469312830 1.3048124741 0.0087957294
0.8460000000 0.4988090212 0.4971790862 0.4983334934 2.6212102059 0.4988090212 0.2479974133 1.3074832971 0.0100301084
0.8480000000 0.4992536559 0.4982328412 0.4989554629 2.6226247881 0.4992536559 0.2487445674 1.3093550135 0.0112575885
0.8500000000 0.4995507482 0.4989365238 0.4993711746 2.6235701518 0.4995507482 0.2492441138 1.3106064323 0.0124563294
0.8520000000 0.4997402339 0.4993851651 0.4996363707 2.6241731858 0.4997402339 0.2495628592 1.3114049216 0.0136084874
0.8540000000 0.4998556841 0.4996584510 0.4997979713 2.6245406369 0.4998556841 0.2497571168 1.3118915554 0.0146976466
0.8560000000 0.4999229530 0.4998176637 0.4998921382 2.6247547506 0.4999229530 0.2498703224 1.3121751459 0.0157027688
0.8580000000 0.4999604791 0.4999064739 0.4999446718 2.6248741986 0.4999604791 0.2499334802 1.3123333619 0.0165858970
0.8600000000 0.4999805407 0.4999539504 0.4999727573 2.6249380575 0.4999805407 0.2499672464 1.3124179494 0.0172670798
0.8620000000 0.4999908232 0.4999782835 0.4999871525 2.6249707883 0.4999908232 0.2499845535 1.3124613052 0.0175744529
0.8640000000 0.4999958723 0.4999902320 0.4999942212 2.6249868606 0.4999958723 0.2499930522 1.3124825950 0.0171619639
0.8660000000 0.4999982409 0.4999958372 0.4999975373 2.6249944004 0.4999982409 0.2499970391 1.3124925826 0.0154661866
0.8680000000 0.4999992958 0.4999983336 0.4999990142 2.6249977585 0.4999992958 0.2499988147 1.3124970308 0.0120413575
0.8700000000 0.4999997373 0.4999993783 0.4999996322 2.6249991637 0.4999997373 0.2499995578 1.3124988922 0.0075254875
0.8720000000 0.4999999089 0.4999997845 0.4999998725 2.6249997101 0.4999999089 0.2499998467 1.3124996159 0.0036748045
0.8740000000 0.4999999706 0.4999999303 0.4999999588 2.6249999063 0.4999999706 0.2499999504 1.3124998759 0.0014601448
0.8760000000 0.4999999911 0.4999999789 0.4999999875 2.6249999716 0.4999999911 0.2499999850 1.3124999624 0.0005033251
0.8780000000 0.4999999975 0.4999999940 0.4999999964 2.6249999919 0.4999999975 0.2499999957 1.3124999893 0.0001576851
0.8800000000 0.4999999993 0.4999999984 0.4999999990 2.6249999978 0.4999999993 0.2499999988 1.3124999971 0.0000459417
0.8820000000 0.4999999998 0.4999999996 0.4999999998 2.6249999994 0.4999999998 0.2499999997 1.3124999993 0.0000125558
0.8840000000 0.5000000000 0.4999999999 0.4999999999 2.6249999999 0.5000000000 0.2499999999 1.3124999998 0.0000032259
0.8860000000 0.5000000000 0.5000000000 0.5000000000 2.6250000000 0.5000000000 0.2500000000 1.3125000000 0.0000007789
0.8880000000 0.5000000000 0.5000000000 0.5000000000 2.6250000000 0.5000000000 0.2500000000 1.3125000000 0.0000001765
0.8900000000 0.5000000000 0.5000000000 0.5000000000 2.6250000000 0.5000000000 0.2500000000 1.3125000000 0.0000000375
0.8920000000 0.5000000000 0.5000000000 0.5000000000 2.6250000000 0.5000000000 0.2500000000 1.3125000000 0.0000000074
0.8940000000 0.5000000000 0.5000000000 0.5000000000 2.6250000000 0.5000000000 0.2500000000 1.3125000000 0.0000000014
0.8960000000 0.5000000000 0.5000000000 0.5000000000 2.6250000000 0.5000000000 0.2500000000 1.3125000000 0.0000000002
0.8980000000 0.5000000000 0.5000000000 0.5000000000 2.6250000000 0.5000000000 0.2500000000 1.3125000000 0.0000000000
0.9000000000 0.5000000000 0.5000000000 0.5000000000 2.6250000000 0.5000000000 0.2500000000 1.3125000000 0.0000000000
0.9020000000 0.5000000000 0.5000000000 0.5000000000 2.6250000000 0.5000000000 0.2500000000 1.3125000000 0.0000000000
0.9040000000 0.5000000000 0.5000000000 0.5000000000 2.6250000000 0.5000000000 0.2500000000 1.3125000000 0.0000000000
0.9060000000 0.5000000000 0.5000000000 0.5000000000 2.6250000000 0.5000000000 0.2500000000 1.3125000000 0.0000000000
0.9080000000 0.5000000000 0.5000000000 0.5000000000 2.6250000000 0.5000000000 0.2500000000 1.3125000000 0.0000000000
0.9100000000 0.5000000000 0.5000000000 0.5000000000 2.6250000000 0.5000000000 0.2500000000 1.3125000000 0.0000000000
0.9120000000 0.5000000000 0.5000000000 0.5000000000 2.6250000000 0.5000000000 0.2500000000 1.3125000000 0.0000000000
0.9140000000 0.5000000000 0.5000000000 0.5000000000 2.6250000000 0.5000000000 0.2500000000 1.3125000000 0.0000000000
0.9160000000 0.5000000000 0.5000000000 0.5000000000 2.6250000000 0.5000000000 0.2500000000 1.3125000000 0.0000000000
0.9180000000 0.5000000000 0.5000000000 0.5000000000 2.6250000000 0.5000000000 0.2500000000 1.3125000000 0.0000000000
0.9200000000 0.5000000000 0.5000000000 0.5000000000 2.6250000000 0.5000000000 0.2500000000 1.3125000000 0.0000000000
0.9220000000 0.5000000000 0.5000000000 0.5000000000 2.6250000000 0.5000000000 0.2500000000 1.3125000000 0.0000000000
0.9240000000 0.5000000000 0.5000000000 0.5000000000 2.6250000000 0.5000000000 0.2500000000 1.3125000000 0.0000000000
0.9260000000 0.5000000000 0.5000000000 0.5000000000 2.6250000000 0.5000000000 0.2500000000 1.3125000000 0.0000000000
0.9280000000 0.5000000000 0.5000000000 0.5000000000 2.6250000000 0.5000000000 0.2500000000 1.3125000000 0.0000000000
0.9300000000 0.5000000000 0.5000000000 0.5000000000 2.6250000000 0.5000000000 0.2500000000 1.3125000000 0.0000000000
0.9320000000 0.5000000000 0.5000000000 0.5000000000 2.6250000000 0.5000000000 0.2500000000 1.3125000000 0.0000000000
0.9340000000 0.5000000000 0.5000000000 0.5000000000 2.6250000000 0.5000000000 0.2500000000 1.3125000000 0.0000000000
0.9360000000 0.5000000000 0.5000000000 0.5000000000 2.6250000000 0.5000000000 0.2500000000 1.3125000000 0.0000000000
0.9380000000 0.5000000000 0.5000000000 0.5000000000 2.6250000000 0.5000000000 0.2500000000 1.3125000000 0.0000000000
0.9400000000 0.5000000000 0.5000000000 0.5000000000 2.6250000000 0.5000000000 0.2500000000 1.3125000000 0.0000000000
0.9420000000 0.5000000000 0.5000000000 0.5000000000 2.6250000000 0.5000000000 0.2500000000 1.3125000000 0.0000000000
0.9440000000 0.5000000000 0.5000000000 0.5000000000 2.6250000000 0.5000000000 0.2500000000 1.3125000000 0.0000000000
0.9460000000 0.5000000000 0.5000000000 0.5000000000 2.6250000000 0.5000000000 0.2500000000 1.3125000000 0.0000000000
0.9480000000 0.5000000000 0.5000000000 0.5000000000 2.6250000000 0.5000000000 0.2500000000 1.3125000000 0.0000000000
0.9500000000 0.5000000000 0.5000000000 0.5000000000 2.6250000000 0.5000000000 0.2500000000 1.3125000000 0.0000000000
0.9520000000 0.5000000000 0.5000000000 0.5000000000 2.6250000000 0.5000000000 0.2500000000 1.3125000000 0.0000000000
0.9540000000 0.5000000000 0.5000000000 0.5000000000 2.6250000000 0.5000000000 0.2500000000 1.3125000000 0.0000000000
0.9560000000 0.5000000000 0.5000000000 0.5000000000 2.6250000000 0.5000000000 0.2500000000 1.3125000000 0.0000000000
0.9580000000 0.5000000000 0.5000000000 0.5000000000 2.6250000000 0.5000000000 0.2500000000 1.3125000000 0.0000000000
0.9600000000 0.5000000000 0.5000000000 0.5000000000 2.6250000000 0.5000000000 0.2500000000 1.3125000000 0.0000000000
0.9620000000 0.5000000000 0.5000000000 0.5000000000 2.6250000000 0.5000000000 0.2500000000 1.3125000000 0.0000000000
0.9640000000 0.5000000000 0.5000000000 0.5000000000 2.6250000000 0.5000000000 0.2500000000 1.3125000000 0.0000000000
0.9660000000 0.5000000000 0.5000000000 0.5000000000 2.6250000000 0.5000000000 0.2500000000 1.3125000000 0.0000000000
0.9680000000 0.5000000000 0.5000000000 0.5000000000 2.6250000000 0.5000000000 0.2500000000 1.3125000000 0.0000000000
0.9700000000 0.5000000000 0.5000000000 0.5000000000 2.6250000000 0.5000000000 0.2500000000 1.3125000000 0.0000000000
0.9720000000 0.5000000000 0.5000000000 0.5000000000 2.6250000000 0.5000000000 0.2500000000 1.3125000000 0.0000000000
0.9740000000 0.5000000000 0.5000000000 0.5000000000 2.6250000000 0.5000000000 0.2500000000 1.3125000000 0.0000000000
0.9760000000 0.5000000000 0.5000000000 0.5000000000 2.6250000000 0.5000000000 0.2500000000 1.3125000000 0.0000000000
0.9780000000 0.5000000000 0.5000000000 0.5000000000 2.6250000000 0.5000000000 0.2500000000 1.3125000000 0.0000000000
0.9800000000 0.5000000000 0.5000000000 0.5000000000 2.6250000000 0.5000000000 0.2500000000 1.3125000000 0.0000000000
0.9820000000 0.5000000000 0.5000000000 0.5000000000 2.6250000000 0.5000000000 0.2500000000 1.3125000000 0.0000000000
0.9840000000 0.5000000000 0.5000000000 0.5000000000 2.6250000000 0.5000000000 0.2500000000 1.3125000000 0.0000000000
0.9860000000 0.5000000000 0.5000000000 0.5000000000 2.6250000000 0.5000000000 0.2500000000 1.3125000000 0.0000000000
0.9880000000 0.5000000000 0.5000000000 0.5000000000 2.6250000000 0.5000000000 0.2500000000 1.3125000000 0.0000000000
0.9900000000 0.5000000000 0.5000000000 0.5000000000 2.6250000000 0.5000000000 0.2500000000 1.3125000000 0.0000000000
0.9920000000 0.5000000000 0.5000000000 0.5000000000 2.6250000000 0.5000000000 0.2500000000 1.3125000000 0.0000000000
0.9940000000 0.5000000000 0.5000000000 0.5000000000 2.6250000000 0.5000000000 0.2500000000 1.3125000000 0.0000000000
0.9960000000 0.5000000000 0.5000000000 0.5000000000 2.6250000000 0.5000000000 0.2500000000 1.3125000000 0.0000000000
0.9980000000 0.5000000000 0.5000000000 0.5000000000 2.6250000000 0.5000000000 0.2500000000 1.3125000000 0.0000000000
1.0000000000 0.5000000000 0.5000000000 0.5000000000 2.6250000000 0.5000000000 0.2500000000 1.3125000000 0.0000000000
