TITLE = "1D Euler Filtered MacCormack Result"
VARIABLES = "x", "rho", "u", "p", "E", "rho_conserved", "rhou", "rhoE", "nu"
ZONE T="t=0.20000000", I=201, F=POINT
0.0000000000 10.0000000000 1.0000000000 2.0000000000 1.0000000000 10.0000000000 10.0000000000 10.0000000000 0.0000000000
0.0050000000 10.0000000000 1.0000000000 2.0000000000 1.0000000000 10.0000000000 10.0000000000 10.0000000000 0.0000000000
0.0100000000 10.0000000000 1.0000000000 2.0000000000 1.0000000000 10.0000000000 10.0000000000 10.0000000000 0.0000000000
0.0150000000 10.0000000000 1.0000000000 2.0000000000 1.0000000000 10.0000000000 10.0000000000 10.0000000000 0.0000000000
0.0200000000 10.0000000000 1.0000000000 2.0000000000 1.0000000000 10.0000000000 10.0000000000 10.0000000000 0.0000000000
0.0250000000 10.0000000000 1.0000000000 2.0000000000 1.0000000000 10.0000000000 10.0000000000 10.0000000000 0.0000000000
0.0300000000 10.0000000000 1.0000000000 2.0000000000 1.0000000000 10.0000000000 10.0000000000 10.0000000000 0.0000000000
0.0350000000 10.0000000000 1.0000000000 2.0000000000 1.0000000000 10.0000000000 10.0000000000 10.0000000000 0.0000000000
0.0400000000 10.0000000000 1.0000000000 2.0000000000 1.0000000000 10.0000000000 10.0000000000 10.0000000000 0.0000000000
0.0450000000 10.0000000000 1.0000000000 2.0000000000 1.0000000000 10.0000000000 10.0000000000 10.0000000000 0.0000000000
0.0500000000 10.0000000000 1.0000000000 2.0000000000 1.0000000000 10.0000000000 10.0000000000 10.0000000000 0.0000000000
0.0550000000 10.0000000000 1.0000000000 2.0000000000 1.0000000000 10.0000000000 10.0000000000 10.0000000000 0.0000000000
0.0600000000 10.0000000000 1.0000000000 2.0000000000 1.0000000000 10.0000000000 10.0000000000 10.0000000000 0.0000000000
0.0650000000 10.0000000000 1.0000000000 2.0000000000 1.0000000000 10.0000000000 10.0000000000 10.0000000000 0.0000000000
0.0700000000 10.0000000000 1.0000000000 2.0000000000 1.0000000000 10.0000000000 10.0000000000 10.0000000000 0.0000000000
0.0750000000 10.0000000000 1.0000000000 2.0000000000 1.0000000000 10.0000000000 10.0000000000 10.0000000000 0.0000000000
0.0800000000 10.0000000000 1.0000000000 2.0000000000 1.0000000000 10.0000000000 10.0000000000 10.0000000000 0.0000000000
0.0850000000 10.0000000000 1.0000000000 2.0000000000 1.0000000000 10.0000000000 10.0000000000 10.0000000000 0.0000000000
0.0900000000 10.0000000000 1.0000000000 2.0000000000 1.0000000000 10.0000000000 10.0000000000 10.0000000000 0.0000000000
0.0950000000 10.0000000000 1.0000000000 2.0000000000 1.0000000000 10.0000000000 10.0000000000 10.0000000000 0.0000000000
0.1000000000 10.0000000000 1.0000000000 2.0000000000 1.0000000000 10.0000000000 10.0000000000 10.0000000000 0.0000000000
0.1050000000 10.0000000000 1.0000000000 2.0000000000 1.0000000000 10.0000000000 10.0000000000 10.0000000000 0.0000000000
0.1100000000 10.0000000000 1.0000000000 2.0000000000 1.0000000000 10.0000000000 10.0000000000 10.0000000000 0.0000000000
0.1150000000 10.0000000000 1.0000000000 2.0000000000 1.0000000000 10.0000000000 10.0000000000 10.0000000000 0.0000000000
0.1200000000 10.0000000000 1.0000000000 2.0000000000 1.0000000000 10.0000000000 10.0000000000 10.0000000000 0.0000000000
0.1250000000 10.0000000000 1.0000000000 2.0000000000 1.0000000000 10.0000000000 10.0000000000 10.0000000000 0.0000000000
0.1300000000 10.0000000000 1.0000000000 2.0000000000 1.0000000000 10.0000000000 10.0000000000 10.0000000000 0.0000000000
0.1350000000 10.0000000000 1.0000000000 2.0000000000 1.0000000000 10.0000000000 10.0000000000 10.0000000000 0.0000000000
0.1400000000 10.0000000000 1.0000000000 2.0000000000 1.0000000000 10.0000000000 10.0000000000 10.0000000000 0.0000000000
0.1450000000 10.0000000000 1.0000000000 2.0000000000 1.0000000000 10.0000000000 10.0000000000 10.0000000000 0.0000000000
0.1500000000 10.0000000000 1.0000000000 2.0000000000 1.0000000000 10.0000000000 10.0000000000 10.0000000000 0.0000000000
0.1550000000 10.0000000000 1.0000000000 2.0000000000 1.0000000000 10.0000000000 10.0000000000 10.0000000000 0.0000000000
0.1600000000 10.0000000000 1.0000000000 2.0000000000 1.0000000000 10.0000000000 10.0000000000 10.0000000000 0.0000000001
0.1650000000 10.0000000000 1.0000000000 2.0000000000 1.0000000000 10.0000000000 10.0000000000 10.0000000000 0.0000000000
0.1700000000 10.0000000000 1.0000000000 2.0000000000 1.0000000000 10.0000000000 10.0000000000 10.0000000000 0.0000000002
0.1750000000 10.0000000000 1.0000000000 2.0000000000 1.0000000000 10.0000000000 10.0000000000 10.0000000000 0.0000000001
0.1800000000 10.0000000000 1.0000000000 2.0000000000 1.0000000000 10.0000000000 10.0000000000 10.0000000000 0.0000000001
0.1850000000 10.0000000000 1.0000000000 2.0000000000 1.0000000000 10.0000000000 10.0000000000 10.0000000000 0.0000000000
0.1900000000 10.0000000000 1.0000000000 2.0000000000 1.0000000000 10.0000000000 10.0000000000 10.0000000000 0.0000000003
0.1950000000 10.0000000000 1.0000000000 2.0000000000 1.0000000000 10.0000000000 10.0000000000 10.0000000000 0.0000000003
0.2000000000 9.9999999999 1.0000000000 2.0000000000 1.0000000000 9.9999999999 9.9999999999 10.0000000000 0.0000000004
0.2050000000 10.0000000002 1.0000000000 2.0000000000 1.0000000000 10.0000000002 10.0000000002 10.0000000001 0.0000000006
0.2100000000 9.9999999993 1.0000000000 2.0000000000 1.0000000000 9.9999999993 9.9999999993 9.9999999996 0.0000000010
0.2150000000 10.0000000022 1.0000000000 2.0000000000 0.9999999999 10.0000000022 10.0000000022 10.0000000011 0.0000000014
0.2200000000 9.9999999935 1.0000000000 2.0000000000 1.0000000003 9.9999999935 9.9999999935 9.9999999967 0.0000000016
0.2250000000 10.0000000186 1.0000000000 2.0000000000 0.9999999991 10.0000000186 10.0000000186 10.0000000093 0.0000000012
0.2300000000 9.9999999484 1.0000000000 2.0000000000 1.0000000026 9.9999999484 9.9999999484 9.9999999742 0.0000000011
0.2350000000 10.0000001387 1.0000000000 2.0000000000 0.9999999931 10.0000001387 10.0000001387 10.0000000694 0.0000000014
0.2400000000 9.9999996378 1.0000000000 2.0000000000 1.0000000181 9.9999996378 9.9999996378 9.9999998189 0.0000000010
0.2450000000 10.0000009165 1.0000000000 2.0000000000 0.9999999542 10.0000009165 10.0000009165 10.0000004583 0.0000000008
0.2500000000 9.9999977549 1.0000000000 2.0000000000 1.0000001123 9.9999977549 9.9999977549 9.9999988774 0.0000000009
0.2550000000 10.0000053157 1.0000000000 2.0000000000 0.9999997342 10.0000053157 10.0000053157 10.0000026578 0.0000000011
0.2600000000 9.9999878558 1.0000000000 2.0000000000 1.0000006072 9.9999878558 9.9999878558 9.9999939279 0.0000000007
0.2650000000 10.0000267205 1.0000000000 2.0000000000 0.9999986640 10.0000267205 10.0000267205 10.0000133602 0.0000000002
0.2700000000 9.9999435046 1.0000000000 2.0000000000 1.0000028248 9.9999435046 9.9999435046 9.9999717523 0.0000000001
0.2750000000 10.0001144839 1.0000000000 2.0000000000 0.9999942759 10.0001144839 10.0001144839 10.0000572419 0.0000000010
0.2800000000 9.9997783427 1.0000000000 2.0000000000 1.0000110831 9.9997783427 9.9997783427 9.9998891713 0.0000000016
0.2850000000 10.0004084830 1.0000000000 2.0000000000 0.9999795767 10.0004084830 10.0004084830 10.0002042415 0.0000000006
0.2900000000 9.9992869014 1.0000000000 2.0000000000 1.0000356575 9.9992869014 9.9992869014 9.9996434507 0.0000000001
0.2950000000 10.0011719993 1.0000000000 2.0000000000 0.9999414069 10.0011719993 10.0011719993 10.0005859997 0.0000000003
0.3000000000 9.9982016260 1.0000000000 2.0000000000 1.0000899349 9.9982016260 9.9982016260 9.9991008130 0.0000000009
0.3050000000 10.0025456763 1.0000000000 2.0000000000 0.9998727486 10.0025456763 10.0025456763 10.0012728381 0.0000000012
0.3100000000 9.9967372541 1.0000000000 2.0000000000 1.0001631905 9.9967372541 9.9967372541 9.9983686270 0.0000000028
0.3150000000 10.0036634276 1.0000000000 2.0000000000 0.9998168957 10.0036634276 10.0036634276 10.0018317138 0.0000000042
0.3200000000 9.9966462494 1.0000000000 2.0000000000 1.0001677438 9.9966462494 9.9966462494 9.9983231247 0.0000000024
0.3250000000 10.0019675487 1.0000000000 2.0000000000 0.9999016419 10.0019675487 10.0019675487 10.0009837743 0.0000000002
0.3300000000 10.0005702327 1.0000000000 2.0000000000 0.9999714900 10.0005702327 10.0005702327 10.0002851164 0.0000000013
0.3350000000 9.9962721500 1.0000000000 2.0000000000 1.0001864620 9.9962721500 9.9962721500 9.9981360750 0.0000000019
0.3400000000 10.0062155701 1.0000000000 2.0000000000 0.9996894145 10.0062155701 10.0062155701 10.0031077850 0.0000000014
0.3450000000 9.9936914312 1.0000000000 2.0000000000 1.0003156276 9.9936914312 9.9936914312 9.9968457156 0.0000000011
0.3500000000 10.0028260224 1.0000000000 2.0000000000 0.9998587388 10.0028260224 10.0028260224 10.0014130112 0.0000000004
0.3550000000 10.0035295245 1.0000000000 2.0000000000 0.9998235860 10.0035295245 10.0035295245 10.0017647622 0.0000000002
0.3600000000 9.9905471956 1.0000000000 2.0000000000 1.0004730874 9.9905471956 9.9905471956 9.9952735978 0.0000000011
0.3650000000 10.0102127792 1.0000000000 2.0000000000 0.9994898820 10.0102127792 10.0102127792 10.0051063896 0.0000000001
0.3700000000 9.9969023021 1.0000000000 2.0000000000 1.0001549329 9.9969023021 9.9969023021 9.9984511510 0.0000000015
0.3750000000 9.9912374172 1.0000000000 2.0000000000 1.0004385134 9.9912374172 9.9912374172 9.9956187086 0.0000000006
0.3800000000 10.0161810202 1.0000000000 2.0000000000 0.9991922560 10.0161810202 10.0161810202 10.0080905101 0.0000000010
0.3850000000 9.9897624973 1.0000000000 2.0000000000 1.0005123997 9.9897624973 9.9897624973 9.9948812486 0.0000000004
0.3900000000 9.9922418168 1.0000000000 2.0000000000 1.0003882103 9.9922418168 9.9922418168 9.9961209084 0.0000000014
0.3950000000 10.0225076600 1.0000000000 2.0000000000 0.9988771443 10.0225076600 10.0225076600 10.0112538300 0.0000000002
0.4000000000 9.9839102292 1.0000000000 2.0000000000 1.0008057850 9.9839102292 9.9839102292 9.9919551146 0.0000000019
0.4050000000 9.9890374582 1.0000000000 2.0000000000 1.0005487286 9.9890374582 9.9890374582 9.9945187291 0.0000000012
0.4100000000 10.0317531279 1.0000000000 2.0000000000 0.9984173690 10.0317531279 10.0317531279 10.0158765639 0.0000000006
0.4150000000 9.9827076365 1.0000000000 2.0000000000 1.0008661159 9.9827076365 9.9827076365 9.9913538183 0.0000000012
0.4200000000 9.9760233387 1.0000000000 2.0000000000 1.0012017144 9.9760233387 9.9760233387 9.9880116693 0.0000000020
0.4250000000 10.0424172058 1.0000000000 2.0000000000 0.9978880978 10.0424172058 10.0424172058 10.0212086029 0.0000000023
0.4300000000 9.9956715110 1.0000000000 2.0000000000 1.0002165182 9.9956715110 9.9956715110 9.9978357555 0.0000000007
0.4350000000 9.9504520058 1.0000000000 2.0000000000 1.0024897359 9.9504520058 9.9504520058 9.9752260029 0.0000000002
0.4400000000 10.0397702162 1.0000000000 2.0000000000 0.9980193662 10.0397702162 10.0397702162 10.0198851081 0.0000000002
0.4450000000 10.0358979523 1.0000000000 2.0000000000 0.9982115227 10.0358979523 10.0358979523 10.0179489762 0.0000000001
0.4500000000 9.9301249466 1.0000000000 2.0000000000 1.0035183371 9.9301249466 9.9301249466 9.9650624733 0.0000000001
0.4550000000 9.9926086613 1.0000000000 2.0000000000 1.0003698403 9.9926086613 9.9926086613 9.9963043306 0.0000000001
0.4600000000 10.0889985497 1.0000000000 2.0000000000 0.9955893269 10.0889985497 10.0889985497 10.0444992749 0.0000000015
0.4650000000 9.9722252333 1.0000000000 2.0000000000 1.0013926063 9.9722252333 9.9722252333 9.9861126167 0.0000000006
0.4700000000 9.9017152102 1.0000000000 2.0000000000 1.0049630184 9.9017152102 9.9017152102 9.9508576051 0.0000000012
0.4750000000 10.0633868037 1.0000000000 2.0000000000 0.9968506227 10.0633868037 10.0633868037 10.0316934018 0.0000000009
0.4800000000 10.1030698557 1.0000000000 2.0000000000 0.9948990823 10.1030698557 10.1030698557 10.0515349279 0.0000000003
0.4850000000 9.9038604717 1.0000000000 2.0000000000 1.0048536391 9.9038604717 9.9038604717 9.9519302358 0.0000000012
0.4900000000 9.8894803497 1.0000000000 2.0000000000 1.0055877380 9.8894803497 9.8894803497 9.9447401748 0.0000000003
0.4950000000 10.1241748406 1.0000000000 2.0000000000 0.9938674093 10.1241748406 10.1241748406 10.0620874203 0.0000000016
0.5000000000 10.1283293478 1.0000000000 2.0000000000 0.9936648314 10.1283293478 10.1283293478 10.0641646739 0.0000000022
0.5050000000 9.8556957107 1.0000000000 2.0000000000 1.0073208576 9.8556957107 9.8556957107 9.9278478553 0.0000000002
0.5100000000 9.8362915699 1.0000000000 2.0000000000 1.0083216540 9.8362915699 9.8362915699 9.9181457849 0.0000000008
0.5150000000 10.1485682736 1.0000000000 2.0000000000 0.9926803333 10.1485682736 10.1485682736 10.0742841368 0.0000000014
0.5200000000 10.2208283755 1.0000000000 2.0000000000 0.9891971391 10.2208283755 10.2208283755 10.1104141877 0.0000000015
0.5250000000 9.8788352446 1.0000000000 2.0000000000 1.0061325426 9.8788352446 9.8788352446 9.9394176223 0.0000000016
0.5300000000 9.7055738246 1.0000000000 2.0000000000 1.0151678912 9.7055738246 9.7055738246 9.8527869123 0.0000000017
0.5350000000 10.0389101227 1.0000000000 2.0000000000 0.9980620345 10.0389101227 10.0389101227 10.0194550614 0.0000000005
0.5400000000 10.3585334535 1.0000000000 2.0000000000 0.9826938121 10.3585334535 10.3585334535 10.1792667267 0.0000000015
0.5450000000 10.1178394298 1.0000000000 2.0000000000 0.9941766505 10.1178394298 10.1178394298 10.0589197149 0.0000000027
0.5500000000 9.6445380212 1.0000000000 2.0000000000 1.0184281496 9.6445380212 9.6445380212 9.8222690106 0.0000000031
0.5550000000 9.6646749867 1.0000000000 2.0000000000 1.0173479715 9.6646749867 9.6646749867 9.8323374933 0.0000000010
0.5600000000 10.2040117817 1.0000000000 2.0000000000 0.9900033543 10.2040117817 10.2040117817 10.1020058908 0.0000000002
0.5650000000 10.5211928186 1.0000000000 2.0000000000 0.9752312866 10.5211928186 10.5211928186 10.2605964093 0.0000000009
0.5700000000 10.1402811128 1.0000000000 2.0000000000 0.9930829771 10.1402811128 10.1402811128 10.0701405564 0.0000000002
0.5750000000 9.5118281855 1.0000000000 2.0000000000 1.0256613032 9.5118281855 9.5118281855 9.7559140928 0.0000000011
0.5800000000 9.4383453026 1.0000000000 2.0000000000 1.0297538753 9.4383453026 9.4383453026 9.7191726513 0.0000000001
0.5850000000 10.0648234186 1.0000000000 2.0000000000 0.9967797041 10.0648234186 10.0648234186 10.0324117093 0.0000000005
0.5900000000 10.6986303922 1.0000000000 2.0000000000 0.9673495407 10.6986303922 10.6986303922 10.3493151961 0.0000000003
0.5950000000 10.6102330464 1.0000000000 2.0000000000 0.9712431836 10.6102330464 10.6102330464 10.3051165232 0.0000000002
0.6000000000 9.8373861071 1.0000000000 2.0000000000 1.0082650966 9.8373861071 9.8373861071 9.9186930535 0.0000000002
0.6050000000 9.1334223277 1.0000000000 2.0000000000 1.0474399213 9.1334223277 9.1334223277 9.5667111638 0.0000000002
0.6100000000 9.2004395962 1.0000000000 2.0000000000 1.0434522935 9.2004395962 9.2004395962 9.6002197981 0.0000000004
0.6150000000 10.0296705592 1.0000000000 2.0000000000 0.9985208607 10.0296705592 10.0296705592 10.0148352796 0.0000000010
0.6200000000 10.9391426870 1.0000000000 2.0000000000 0.9570742098 10.9391426870 10.9391426870 10.4695713435 0.0000000002
0.6250000000 11.1790521448 1.0000000000 2.0000000000 0.9472651111 11.1790521448 11.1790521448 10.5895260724 0.0000000001
0.6300000000 10.5241133910 1.0000000000 2.0000000000 0.9750994040 10.5241133910 10.5241133910 10.2620566955 0.0000000010
0.6350000000 9.4000947731 1.0000000000 2.0000000000 1.0319095308 9.4000947731 9.4000947731 9.7000473865 0.0000000011
0.6400000000 8.5381447746 1.0000000000 2.0000000000 1.0856073107 8.5381447746 8.5381447746 9.2690723873 0.0000000004
0.6450000000 8.4839228341 1.0000000000 2.0000000000 1.0893500092 8.4839228341 8.4839228341 9.2419614171 0.0000000012
0.6500000000 9.3023885443 1.0000000000 2.0000000000 1.0374963619 9.3023885443 9.3023885443 9.6511942722 0.0000000004
0.6550000000 10.6059209976 1.0000000000 2.0000000000 0.9714347770 10.6059209976 10.6059209976 10.3029604988 0.0000000006
0.6600000000 11.8081211357 1.0000000000 2.0000000000 0.9234373905 11.8081211357 11.8081211357 10.9040605679 0.0000000009
0.6650000000 12.4117524796 1.0000000000 2.0000000000 0.9028439987 12.4117524796 12.4117524796 11.2058762398 0.0000000003
0.6700000000 12.1837301096 1.0000000000 2.0000000000 0.9103833518 12.1837301096 12.1837301096 11.0918650548 0.0000000004
0.6750000000 11.1751506797 1.0000000000 2.0000000000 0.9474212602 11.1751506797 11.1751506797 10.5875753399 0.0000000006
0.6800000000 9.6301740543 1.0000000000 2.0000000000 1.0192014155 9.6301740543 9.6301740543 9.8150870271 0.0000000001
0.6850000000 7.8587417558 1.0000000000 2.0000000000 1.1362341651 7.8587417558 7.8587417558 8.9293708779 0.0000000001
0.6900000000 6.1330527968 1.0000000000 2.0000000000 1.3152546808 6.1330527968 6.1330527968 8.0665263984 0.0000000004
0.6950000000 4.6338067175 1.0000000000 2.0000000000 1.5790264473 4.6338067175 4.6338067175 7.3169033588 0.0000000000
0.7000000000 3.4429399500 1.0000000000 2.0000000000 1.9522472284 3.4429399500 3.4429399500 6.7214699750 0.0000000003
0.7050000000 2.5650090881 1.0000000000 2.0000000000 2.4493108322 2.5650090881 2.5650090881 6.2825045440 0.0000000001
0.7100000000 1.9582285017 1.0000000000 2.0000000000 3.0533281716 1.9582285017 1.9582285017 5.9791142509 0.0000000003
0.7150000000 1.5622126494 1.0000000000 2.0000000000 3.7005886023 1.5622126494 1.5622126494 5.7811063247 0.0000000002
0.7200000000 1.3168143603 1.0000000000 2.0000000000 4.2970424313 1.3168143603 1.3168143603 5.6584071801 0.0000000002
0.7250000000 1.1718144103 1.0000000000 2.0000000000 4.7668872784 1.1718144103 1.1718144103 5.5859072052 0.0000000000
0.7300000000 1.0898349218 1.0000000000 2.0000000000 5.0878507836 1.0898349218 1.0898349218 5.5449174609 0.0000000004
0.7350000000 1.0453586070 1.0000000000 2.0000000000 5.2830476227 1.0453586070 1.0453586070 5.5226793035 0.0000000003
0.7400000000 1.0221478238 1.0000000000 2.0000000000 5.3916603683 1.0221478238 1.0221478238 5.5110739119 0.0000000001
0.7450000000 1.0104719402 1.0000000000 2.0000000000 5.4481829241 1.0104719402 1.0104719402 5.5052359701 0.0000000001
0.7500000000 1.0048002537 1.0000000000 2.0000000000 5.4761133934 1.0048002537 1.0048002537 5.5024001268 0.0000000002
0.7550000000 1.0021355686 1.0000000000 2.0000000000 5.4893449119 1.0021355686 1.0021355686 5.5010677843 0.0000000002
0.7600000000 1.0009230121 1.0000000000 2.0000000000 5.4953891953 1.0009230121 1.0009230121 5.5004615061 0.0000000002
0.7650000000 1.0003879214 1.0000000000 2.0000000000 5.4980611449 1.0003879214 1.0003879214 5.5001939607 0.0000000005
0.7700000000 1.0001586684 1.0000000000 2.0000000000 5.4992067839 1.0001586684 1.0001586684 5.5000793342 0.0000000005
0.7750000000 1.0000632104 1.0000000000 2.0000000000 5.4996839682 1.0000632104 1.0000632104 5.5000316052 0.0000000002
0.7800000000 1.0000245445 1.0000000000 2.0000000000 5.4998772805 1.0000245445 1.0000245445 5.5000122723 0.0000000000
0.7850000000 1.0000092958 1.0000000000 2.0000000000 5.4999535217 1.0000092958 1.0000092958 5.5000046479 0.0000000001
0.7900000000 1.0000034360 1.0000000000 2.0000000000 5.4999828200 1.0000034360 1.0000034360 5.5000017180 0.0000000001
0.7950000000 1.0000012403 1.0000000000 2.0000000000 5.4999937985 1.0000012403 1.0000012403 5.5000006201 0.0000000001
0.8000000000 1.0000004375 1.0000000000 2.0000000000 5.4999978127 1.0000004375 1.0000004375 5.5000002187 0.0000000002
0.8050000000 1.0000001508 1.0000000000 2.0000000000 5.4999992458 1.0000001508 1.0000001508 5.5000000754 0.0000000000
0.8100000000 1.0000000509 1.0000000000 2.0000000000 5.4999997456 1.0000000509 1.0000000509 5.5000000254 0.0000000002
0.8150000000 1.0000000168 1.0000000000 2.0000000000 5.4999999160 1.0000000168 1.0000000168 5.5000000084 0.0000000001
0.8200000000 1.0000000054 1.0000000000 2.0000000000 5.4999999729 1.0000000054 1.0000000054 5.5000000027 0.0000000002
0.8250000000 1.0000000017 1.0000000000 2.0000000000 5.4999999914 1.0000000017 1.0000000017 5.5000000009 0.0000000001
0.8300000000 1.0000000005 1.0000000000 2.0000000000 5.4999999973 1.0000000005 1.0000000005 5.5000000003 0.0000000003
0.8350000000 1.0000000002 1.0000000000 2.0000000000 5.4999999992 1.0000000002 1.0000000002 5.5000000001 0.0000000001
0.8400000000 1.0000000000 1.0000000000 2.0000000000 5.4999999998 1.0000000000 1.0000000000 5.5000000000 0.0000000002
0.8450000000 1.0000000000 1.0000000000 2.0000000000 5.4999999999 1.0000000000 1.0000000000 5.5000000000 0.0000000001
0.8500000000 1.0000000000 1.0000000000 2.0000000000 5.5000000000 1.0000000000 1.0000000000 5.5000000000 0.0000000002
0.8550000000 1.0000000000 1.0000000000 2.0000000000 5.5000000000 1.0000000000 1.0000000000 5.5000000000 0.0000000000
0.8600000000 1.0000000000 1.0000000000 2.0000000000 5.5000000000 1.0000000000 1.0000000000 5.5000000000 0.0000000001
0.8650000000 1.0000000000 1.0000000000 2.0000000000 5.5000000000 1.0000000000 1.0000000000 5.5000000000 0.0000000002
0.8700000000 1.0000000000 1.0000000000 2.0000000000 5.5000000000 1.0000000000 1.0000000000 5.5000000000 0.0000000006
0.8750000000 1.0000000000 1.0000000000 2.0000000000 5.5000000000 1.0000000000 1.0000000000 5.5000000000 0.0000000003
0.8800000000 1.0000000000 1.0000000000 2.0000000000 5.5000000000 1.0000000000 1.0000000000 5.5000000000 0.0000000000
0.8850000000 1.0000000000 1.0000000000 2.0000000000 5.5000000000 1.0000000000 1.0000000000 5.5000000000 0.0000000002
0.8900000000 1.0000000000 1.0000000000 2.0000000000 5.5000000000 1.0000000000 1.0000000000 5.5000000000 0.0000000002
0.8950000000 1.0000000000 1.0000000000 2.0000000000 5.5000000000 1.0000000000 1.0000000000 5.5000000000 0.0000000000
0.9000000000 1.0000000000 1.0000000000 2.0000000000 5.5000000000 1.0000000000 1.0000000000 5.5000000000 0.0000000000
0.9050000000 1.0000000000 1.0000000000 2.0000000000 5.5000000000 1.0000000000 1.0000000000 5.5000000000 0.0000000000
0.9100000000 1.0000000000 1.0000000000 2.0000000000 5.5000000000 1.0000000000 1.0000000000 5.5000000000 0.0000000000
0.9150000000 1.0000000000 1.0000000000 2.0000000000 5.5000000000 1.0000000000 1.0000000000 5.5000000000 0.0000000002
0.9200000000 1.0000000000 1.0000000000 2.0000000000 5.5000000000 1.0000000000 1.0000000000 5.5000000000 0.0000000001
0.9250000000 1.0000000000 1.0000000000 2.0000000000 5.5000000000 1.0000000000 1.0000000000 5.5000000000 0.0000000000
0.9300000000 1.0000000000 1.0000000000 2.0000000000 5.5000000000 1.0000000000 1.0000000000 5.5000000000 0.0000000000
0.9350000000 1.0000000000 1.0000000000 2.0000000000 5.5000000000 1.0000000000 1.0000000000 5.5000000000 0.0000000001
0.9400000000 1.0000000000 1.0000000000 2.0000000000 5.5000000000 1.0000000000 1.0000000000 5.5000000000 0.0000000000
0.9450000000 1.0000000000 1.0000000000 2.0000000000 5.5000000000 1.0000000000 1.0000000000 5.5000000000 0.0000000000
0.9500000000 1.0000000000 1.0000000000 2.0000000000 5.5000000000 1.0000000000 1.0000000000 5.5000000000 0.0000000000
0.9550000000 1.0000000000 1.0000000000 2.0000000000 5.5000000000 1.0000000000 1.0000000000 5.5000000000 0.0000000000
0.9600000000 1.0000000000 1.0000000000 2.0000000000 5.5000000000 1.0000000000 1.0000000000 5.5000000000 0.0000000000
0.9650000000 1.0000000000 1.0000000000 2.0000000000 5.5000000000 1.0000000000 1.0000000000 5.5000000000 0.0000000000
0.9700000000 1.0000000000 1.0000000000 2.0000000000 5.5000000000 1.0000000000 1.0000000000 5.5000000000 0.0000000000
0.9750000000 1.0000000000 1.0000000000 2.0000000000 5.5000000000 1.0000000000 1.0000000000 5.5000000000 0.0000000000
0.9800000000 1.0000000000 1.0000000000 2.0000000000 5.5000000000 1.0000000000 1.0000000000 5.5000000000 0.0000000000
0.9850000000 1.0000000000 1.0000000000 2.0000000000 5.5000000000 1.0000000000 1.0000000000 5.5000000000 0.0000000000
0.9900000000 1.0000000000 1.0000000000 2.0000000000 5.5000000000 1.0000000000 1.0000000000 5.5000000000 0.0000000000
0.9950000000 1.0000000000 1.0000000000 2.0000000000 5.5000000000 1.0000000000 1.0000000000 5.5000000000 0.0000000000
1.0000000000 1.0000000000 1.0000000000 2.0000000000 5.5000000000 1.0000000000 1.0000000000 5.5000000000 0.0000000000
