TITLE = "1D Euler Filtered MacCormack Result"
VARIABLES = "x", "rho", "u", "p", "E", "rho_conserved", "rhou", "rhoE", "nu"
ZONE T="t=0.20000000", I=501, F=POINT
0.0000000000 10.0000000000 1.0000000000 2.0000000000 1.0000000000 10.0000000000 10.0000000000 10.0000000000 0.0000000000
0.0020000000 10.0000000000 1.0000000000 2.0000000000 1.0000000000 10.0000000000 10.0000000000 10.0000000000 0.0000000000
0.0040000000 10.0000000000 1.0000000000 2.0000000000 1.0000000000 10.0000000000 10.0000000000 10.0000000000 0.0000000000
0.0060000000 10.0000000000 1.0000000000 2.0000000000 1.0000000000 10.0000000000 10.0000000000 10.0000000000 0.0000000000
0.0080000000 10.0000000000 1.0000000000 2.0000000000 1.0000000000 10.0000000000 10.0000000000 10.0000000000 0.0000000000
0.0100000000 10.0000000000 1.0000000000 2.0000000000 1.0000000000 10.0000000000 10.0000000000 10.0000000000 0.0000000000
0.0120000000 10.0000000000 1.0000000000 2.0000000000 1.0000000000 10.0000000000 10.0000000000 10.0000000000 0.0000000000
0.0140000000 10.0000000000 1.0000000000 2.0000000000 1.0000000000 10.0000000000 10.0000000000 10.0000000000 0.0000000000
0.0160000000 10.0000000000 1.0000000000 2.0000000000 1.0000000000 10.0000000000 10.0000000000 10.0000000000 0.0000000000
0.0180000000 10.0000000000 1.0000000000 2.0000000000 1.0000000000 10.0000000000 10.0000000000 10.0000000000 0.0000000000
0.0200000000 10.0000000000 1.0000000000 2.0000000000 1.0000000000 10.0000000000 10.0000000000 10.0000000000 0.0000000000
0.0220000000 10.0000000000 1.0000000000 2.0000000000 1.0000000000 10.0000000000 10.0000000000 10.0000000000 0.0000000000
0.0240000000 10.0000000000 1.0000000000 2.0000000000 1.0000000000 10.0000000000 10.0000000000 10.0000000000 0.0000000000
0.0260000000 10.0000000000 1.0000000000 2.0000000000 1.0000000000 10.0000000000 10.0000000000 10.0000000000 0.0000000000
0.0280000000 10.0000000000 1.0000000000 2.0000000000 1.0000000000 10.0000000000 10.0000000000 10.0000000000 0.0000000000
0.0300000000 10.0000000000 1.0000000000 2.0000000000 1.0000000000 10.0000000000 10.0000000000 10.0000000000 0.0000000000
0.0320000000 10.0000000000 1.0000000000 2.0000000000 1.0000000000 10.0000000000 10.0000000000 10.0000000000 0.0000000000
0.0340000000 10.0000000000 1.0000000000 2.0000000000 1.0000000000 10.0000000000 10.0000000000 10.0000000000 0.0000000000
0.0360000000 10.0000000000 1.0000000000 2.0000000000 1.0000000000 10.0000000000 10.0000000000 10.0000000000 0.0000000000
0.0380000000 10.0000000000 1.0000000000 2.0000000000 1.0000000000 10.0000000000 10.0000000000 10.0000000000 0.0000000000
0.0400000000 10.0000000000 1.0000000000 2.0000000000 1.0000000000 10.0000000000 10.0000000000 10.0000000000 0.0000000000
0.0420000000 10.0000000000 1.0000000000 2.0000000000 1.0000000000 10.0000000000 10.0000000000 10.0000000000 0.0000000000
0.0440000000 10.0000000000 1.0000000000 2.0000000000 1.0000000000 10.0000000000 10.0000000000 10.0000000000 0.0000000000
0.0460000000 10.0000000000 1.0000000000 2.0000000000 1.0000000000 10.0000000000 10.0000000000 10.0000000000 0.0000000000
0.0480000000 10.0000000000 1.0000000000 2.0000000000 1.0000000000 10.0000000000 10.0000000000 10.0000000000 0.0000000000
0.0500000000 10.0000000000 1.0000000000 2.0000000000 1.0000000000 10.0000000000 10.0000000000 10.0000000000 0.0000000000
0.0520000000 10.0000000000 1.0000000000 2.0000000000 1.0000000000 10.0000000000 10.0000000000 10.0000000000 0.0000000000
0.0540000000 10.0000000000 1.0000000000 2.0000000000 1.0000000000 10.0000000000 10.0000000000 10.0000000000 0.0000000000
0.0560000000 10.0000000000 1.0000000000 2.0000000000 1.0000000000 10.0000000000 10.0000000000 10.0000000000 0.0000000000
0.0580000000 10.0000000000 1.0000000000 2.0000000000 1.0000000000 10.0000000000 10.0000000000 10.0000000000 0.0000000000
0.0600000000 10.0000000000 1.0000000000 2.0000000000 1.0000000000 10.0000000000 10.0000000000 10.0000000000 0.0000000000
0.0620000000 10.0000000000 1.0000000000 2.0000000000 1.0000000000 10.0000000000 10.0000000000 10.0000000000 0.0000000000
0.0640000000 10.0000000000 1.0000000000 2.0000000000 1.0000000000 10.0000000000 10.0000000000 10.0000000000 0.0000000000
0.0660000000 10.0000000000 1.0000000000 2.0000000000 1.0000000000 10.0000000000 10.0000000000 10.0000000000 0.0000000000
0.0680000000 10.0000000000 1.0000000000 2.0000000000 1.0000000000 10.0000000000 10.0000000000 10.0000000000 0.0000000000
0.0700000000 10.0000000000 1.0000000000 2.0000000000 1.0000000000 10.0000000000 10.0000000000 10.0000000000 0.0000000000
0.0720000000 10.0000000000 1.0000000000 2.0000000000 1.0000000000 10.0000000000 10.0000000000 10.0000000000 0.0000000000
0.0740000000 10.0000000000 1.0000000000 2.0000000000 1.0000000000 10.0000000000 10.0000000000 10.0000000000 0.0000000000
0.0760000000 10.0000000000 1.0000000000 2.0000000000 1.0000000000 10.0000000000 10.0000000000 10.0000000000 0.0000000000
0.0780000000 10.0000000000 1.0000000000 2.0000000000 1.0000000000 10.0000000000 10.0000000000 10.0000000000 0.0000000000
0.0800000000 10.0000000000 1.0000000000 2.0000000000 1.0000000000 10.0000000000 10.0000000000 10.0000000000 0.0000000000
0.0820000000 10.0000000000 1.0000000000 2.0000000000 1.0000000000 10.0000000000 10.0000000000 10.0000000000 0.0000000000
0.0840000000 10.0000000000 1.0000000000 2.0000000000 1.0000000000 10.0000000000 10.0000000000 10.0000000000 0.0000000000
0.0860000000 10.0000000000 1.0000000000 2.0000000000 1.0000000000 10.0000000000 10.0000000000 10.0000000000 0.0000000000
0.0880000000 10.0000000000 1.0000000000 2.0000000000 1.0000000000 10.0000000000 10.0000000000 10.0000000000 0.0000000000
0.0900000000 10.0000000000 1.0000000000 2.0000000000 1.0000000000 10.0000000000 10.0000000000 10.0000000000 0.0000000000
0.0920000000 10.0000000000 1.0000000000 2.0000000000 1.0000000000 10.0000000000 10.0000000000 10.0000000000 0.0000000000
0.0940000000 10.0000000000 1.0000000000 2.0000000000 1.0000000000 10.0000000000 10.0000000000 10.0000000000 0.0000000000
0.0960000000 10.0000000000 1.0000000000 2.0000000000 1.0000000000 10.0000000000 10.0000000000 10.0000000000 0.0000000000
0.0980000000 10.0000000000 1.0000000000 2.0000000000 1.0000000000 10.0000000000 10.0000000000 10.0000000000 0.0000000000
0.1000000000 10.0000000000 1.0000000000 2.0000000000 1.0000000000 10.0000000000 10.0000000000 10.0000000000 0.0000000000
0.1020000000 10.0000000000 1.0000000000 2.0000000000 1.0000000000 10.0000000000 10.0000000000 10.0000000000 0.0000000000
0.1040000000 10.0000000000 1.0000000000 2.0000000000 1.0000000000 10.0000000000 10.0000000000 10.0000000000 0.0000000000
0.1060000000 10.0000000000 1.0000000000 2.0000000000 1.0000000000 10.0000000000 10.0000000000 10.0000000000 0.0000000000
0.1080000000 10.0000000000 1.0000000000 2.0000000000 1.0000000000 10.0000000000 10.0000000000 10.0000000000 0.0000000000
0.1100000000 10.0000000000 1.0000000000 2.0000000000 1.0000000000 10.0000000000 10.0000000000 10.0000000000 0.0000000000
0.1120000000 10.0000000000 1.0000000000 2.0000000000 1.0000000000 10.0000000000 10.0000000000 10.0000000000 0.0000000000
0.1140000000 10.0000000000 1.0000000000 2.0000000000 1.0000000000 10.0000000000 10.0000000000 10.0000000000 0.0000000000
0.1160000000 10.0000000000 1.0000000000 2.0000000000 1.0000000000 10.0000000000 10.0000000000 10.0000000000 0.0000000000
0.1180000000 10.0000000000 1.0000000000 2.0000000000 1.0000000000 10.0000000000 10.0000000000 10.0000000000 0.0000000000
0.1200000000 10.0000000000 1.0000000000 2.0000000000 1.0000000000 10.0000000000 10.0000000000 10.0000000000 0.0000000000
0.1220000000 10.0000000000 1.0000000000 2.0000000000 1.0000000000 10.0000000000 10.0000000000 10.0000000000 0.0000000000
0.1240000000 10.0000000000 1.0000000000 2.0000000000 1.0000000000 10.0000000000 10.0000000000 10.0000000000 0.0000000000
0.1260000000 10.0000000000 1.0000000000 2.0000000000 1.0000000000 10.0000000000 10.0000000000 10.0000000000 0.0000000000
0.1280000000 10.0000000000 1.0000000000 2.0000000000 1.0000000000 10.0000000000 10.0000000000 10.0000000000 0.0000000000
0.1300000000 10.0000000000 1.0000000000 2.0000000000 1.0000000000 10.0000000000 10.0000000000 10.0000000000 0.0000000000
0.1320000000 10.0000000000 1.0000000000 2.0000000000 1.0000000000 10.0000000000 10.0000000000 10.0000000000 0.0000000000
0.1340000000 10.0000000000 1.0000000000 2.0000000000 1.0000000000 10.0000000000 10.0000000000 10.0000000000 0.0000000000
0.1360000000 10.0000000000 1.0000000000 2.0000000000 1.0000000000 10.0000000000 10.0000000000 10.0000000000 0.0000000000
0.1380000000 10.0000000000 1.0000000000 2.0000000000 1.0000000000 10.0000000000 10.0000000000 10.0000000000 0.0000000000
0.1400000000 10.0000000000 1.0000000000 2.0000000000 1.0000000000 10.0000000000 10.0000000000 10.0000000000 0.0000000000
0.1420000000 10.0000000000 1.0000000000 2.0000000000 1.0000000000 10.0000000000 10.0000000000 10.0000000000 0.0000000000
0.1440000000 10.0000000000 1.0000000000 2.0000000000 1.0000000000 10.0000000000 10.0000000000 10.0000000000 0.0000000000
0.1460000000 10.0000000000 1.0000000000 2.0000000000 1.0000000000 10.0000000000 10.0000000000 10.0000000000 0.0000000000
0.1480000000 10.0000000000 1.0000000000 2.0000000000 1.0000000000 10.0000000000 10.0000000000 10.0000000000 0.0000000000
0.1500000000 10.0000000000 1.0000000000 2.0000000000 1.0000000000 10.0000000000 10.0000000000 10.0000000000 0.0000000000
0.1520000000 10.0000000000 1.0000000000 2.0000000000 1.0000000000 10.0000000000 10.0000000000 10.0000000000 0.0000000000
0.1540000000 10.0000000000 1.0000000000 2.0000000000 1.0000000000 10.0000000000 10.0000000000 10.0000000000 0.0000000000
0.1560000000 10.0000000000 1.0000000000 2.0000000000 1.0000000000 10.0000000000 10.0000000000 10.0000000000 0.0000000000
0.1580000000 10.0000000000 1.0000000000 2.0000000000 1.0000000000 10.0000000000 10.0000000000 10.0000000000 0.0000000000
0.1600000000 10.0000000000 1.0000000000 2.0000000000 1.0000000000 10.0000000000 10.0000000000 10.0000000000 0.0000000000
0.1620000000 10.0000000000 1.0000000000 2.0000000000 1.0000000000 10.0000000000 10.0000000000 10.0000000000 0.0000000000
0.1640000000 10.0000000000 1.0000000000 2.0000000000 1.0000000000 10.0000000000 10.0000000000 10.0000000000 0.0000000000
0.1660000000 10.0000000000 1.0000000000 2.0000000000 1.0000000000 10.0000000000 10.0000000000 10.0000000000 0.0000000000
0.1680000000 10.0000000000 1.0000000000 2.0000000000 1.0000000000 10.0000000000 10.0000000000 10.0000000000 0.0000000000
0.1700000000 10.0000000000 1.0000000000 2.0000000000 1.0000000000 10.0000000000 10.0000000000 10.0000000000 0.0000000000
0.1720000000 10.0000000000 1.0000000000 2.0000000000 1.0000000000 10.0000000000 10.0000000000 10.0000000000 0.0000000000
0.1740000000 10.0000000000 1.0000000000 2.0000000000 1.0000000000 10.0000000000 10.0000000000 10.0000000000 0.0000000000
0.1760000000 10.0000000000 1.0000000000 2.0000000000 1.0000000000 10.0000000000 10.0000000000 10.0000000000 0.0000000000
0.1780000000 10.0000000000 1.0000000000 2.0000000000 1.0000000000 10.0000000000 10.0000000000 10.0000000000 0.0000000000
0.1800000000 10.0000000000 1.0000000000 2.0000000000 1.0000000000 10.0000000000 10.0000000000 10.0000000000 0.0000000000
0.1820000000 10.0000000000 1.0000000000 2.0000000000 1.0000000000 10.0000000000 10.0000000000 10.0000000000 0.0000000000
0.1840000000 10.0000000000 1.0000000000 2.0000000000 1.0000000000 10.0000000000 10.0000000000 10.0000000000 0.0000000000
0.1860000000 10.0000000000 1.0000000000 2.0000000000 1.0000000000 10.0000000000 10.0000000000 10.0000000000 0.0000000000
0.1880000000 10.0000000000 1.0000000000 2.0000000000 1.0000000000 10.0000000000 10.0000000000 10.0000000000 0.0000000000
0.1900000000 10.0000000000 1.0000000000 2.0000000000 1.0000000000 10.0000000000 10.0000000000 10.0000000000 0.0000000000
0.1920000000 10.0000000000 1.0000000000 2.0000000000 1.0000000000 10.0000000000 10.0000000000 10.0000000000 0.0000000000
0.1940000000 10.0000000000 1.0000000000 2.0000000000 1.0000000000 10.0000000000 10.0000000000 10.0000000000 0.0000000000
0.1960000000 10.0000000000 1.0000000000 2.0000000000 1.0000000000 10.0000000000 10.0000000000 10.0000000000 0.0000000000
0.1980000000 10.0000000000 1.0000000000 2.0000000000 1.0000000000 10.0000000000 10.0000000000 10.0000000000 0.0000000000
0.2000000000 10.0000000000 1.0000000000 2.0000000000 1.0000000000 10.0000000000 10.0000000000 10.0000000000 0.0000000000
0.2020000000 10.0000000000 1.0000000000 2.0000000000 1.0000000000 10.0000000000 10.0000000000 10.0000000000 0.0000000000
0.2040000000 10.0000000000 1.0000000000 2.0000000000 1.0000000000 10.0000000000 10.0000000000 10.0000000000 0.0000000000
0.2060000000 10.0000000000 1.0000000000 2.0000000000 1.0000000000 10.0000000000 10.0000000000 10.0000000000 0.0000000000
0.2080000000 10.0000000000 1.0000000000 2.0000000000 1.0000000000 10.0000000000 10.0000000000 10.0000000000 0.0000000000
0.2100000000 10.0000000000 1.0000000000 2.0000000000 1.0000000000 10.0000000000 10.0000000000 10.0000000000 0.0000000000
0.2120000000 10.0000000000 1.0000000000 2.0000000000 1.0000000000 10.0000000000 10.0000000000 10.0000000000 0.0000000000
0.2140000000 10.0000000000 1.0000000000 2.0000000000 1.0000000000 10.0000000000 10.0000000000 10.0000000000 0.0000000000
0.2160000000 10.0000000000 1.0000000000 2.0000000000 1.0000000000 10.0000000000 10.0000000000 10.0000000000 0.0000000000
0.2180000000 10.0000000000 1.0000000000 2.0000000000 1.0000000000 10.0000000000 10.0000000000 10.0000000000 0.0000000000
0.2200000000 10.0000000000 1.0000000000 2.0000000000 1.0000000000 10.0000000000 10.0000000000 10.0000000000 0.0000000000
0.2220000000 10.0000000000 1.0000000000 2.0000000000 1.0000000000 10.0000000000 10.0000000000 10.0000000000 0.0000000000
0.2240000000 10.0000000000 1.0000000000 2.0000000000 1.0000000000 10.0000000000 10.0000000000 10.0000000000 0.0000000000
0.2260000000 10.0000000000 1.0000000000 2.0000000000 1.0000000000 10.0000000000 10.0000000000 10.0000000000 0.0000000000
0.2280000000 10.0000000000 1.0000000000 2.0000000000 1.0000000000 10.0000000000 10.0000000000 10.0000000000 0.0000000000
0.2300000000 10.0000000000 1.0000000000 2.0000000000 1.0000000000 10.0000000000 10.0000000000 10.0000000000 0.0000000000
0.2320000000 10.0000000000 1.0000000000 2.0000000000 1.0000000000 10.0000000000 10.0000000000 10.0000000000 0.0000000000
0.2340000000 10.0000000000 1.0000000000 2.0000000000 1.0000000000 10.0000000000 10.0000000000 10.0000000000 0.0000000000
0.2360000000 10.0000000000 1.0000000000 2.0000000000 1.0000000000 10.0000000000 10.0000000000 10.0000000000 0.0000000000
0.2380000000 10.0000000000 1.0000000000 2.0000000000 1.0000000000 10.0000000000 10.0000000000 10.0000000000 0.0000000000
0.2400000000 10.0000000000 1.0000000000 2.0000000000 1.0000000000 10.0000000000 10.0000000000 10.0000000000 0.0000000000
0.2420000000 10.0000000000 1.0000000000 2.0000000000 1.0000000000 10.0000000000 10.0000000000 10.0000000000 0.0000000000
0.2440000000 10.0000000000 1.0000000000 2.0000000000 1.0000000000 10.0000000000 10.0000000000 10.0000000000 0.0000000000
0.2460000000 10.0000000000 1.0000000000 2.0000000000 1.0000000000 10.0000000000 10.0000000000 10.0000000000 0.0000000000
0.2480000000 10.0000000000 1.0000000000 2.0000000000 1.0000000000 10.0000000000 10.0000000000 10.0000000000 0.0000000000
0.2500000000 10.0000000000 1.0000000000 2.0000000000 1.0000000000 10.0000000000 10.0000000000 10.0000000000 0.0000000000
0.2520000000 10.0000000000 1.0000000000 2.0000000000 1.0000000000 10.0000000000 10.0000000000 10.0000000000 0.0000000000
0.2540000000 10.0000000000 1.0000000000 2.0000000000 1.0000000000 10.0000000000 10.0000000000 10.0000000000 0.0000000000
0.2560000000 10.0000000000 1.0000000000 2.0000000000 1.0000000000 10.0000000000 10.0000000000 10.0000000000 0.0000000000
0.2580000000 10.0000000000 1.0000000000 2.0000000000 1.0000000000 10.0000000000 10.0000000000 10.0000000000 0.0000000000
0.2600000000 10.0000000000 1.0000000000 2.0000000000 1.0000000000 10.0000000000 10.0000000000 10.0000000000 0.0000000000
0.2620000000 10.0000000000 1.0000000000 2.0000000000 1.0000000000 10.0000000000 10.0000000000 10.0000000000 0.0000000000
0.2640000000 10.0000000000 1.0000000000 2.0000000000 1.0000000000 10.0000000000 10.0000000000 10.0000000000 0.0000000000
0.2660000000 10.0000000000 1.0000000000 2.0000000000 1.0000000000 10.0000000000 10.0000000000 10.0000000000 0.0000000000
0.2680000000 10.0000000000 1.0000000000 2.0000000000 1.0000000000 10.0000000000 10.0000000000 10.0000000000 0.0000000000
0.2700000000 10.0000000000 1.0000000000 2.0000000000 1.0000000000 10.0000000000 10.0000000000 10.0000000000 0.0000000000
0.2720000000 10.0000000000 1.0000000000 2.0000000000 1.0000000000 10.0000000000 10.0000000000 10.0000000000 0.0000000000
0.2740000000 10.0000000000 1.0000000000 2.0000000000 1.0000000000 10.0000000000 10.0000000000 10.0000000000 0.0000000000
0.2760000000 10.0000000000 1.0000000000 2.0000000000 1.0000000000 10.0000000000 10.0000000000 10.0000000000 0.0000000000
0.2780000000 10.0000000000 1.0000000000 2.0000000000 1.0000000000 10.0000000000 10.0000000000 10.0000000000 0.0000000000
0.2800000000 10.0000000000 1.0000000000 2.0000000000 1.0000000000 10.0000000000 10.0000000000 10.0000000000 0.0000000000
0.2820000000 10.0000000000 1.0000000000 2.0000000000 1.0000000000 10.0000000000 10.0000000000 10.0000000000 0.0000000000
0.2840000000 10.0000000000 1.0000000000 2.0000000000 1.0000000000 10.0000000000 10.0000000000 10.0000000000 0.0000000000
0.2860000000 10.0000000000 1.0000000000 2.0000000000 1.0000000000 10.0000000000 10.0000000000 10.0000000000 0.0000000000
0.2880000000 10.0000000000 1.0000000000 2.0000000000 1.0000000000 10.0000000000 10.0000000000 10.0000000000 0.0000000000
0.2900000000 10.0000000000 1.0000000000 2.0000000000 1.0000000000 10.0000000000 10.0000000000 10.0000000000 0.0000000000
0.2920000000 10.0000000000 1.0000000000 2.0000000000 1.0000000000 10.0000000000 10.0000000000 10.0000000000 0.0000000000
0.2940000000 10.0000000000 1.0000000000 2.0000000000 1.0000000000 10.0000000000 10.0000000000 10.0000000000 0.0000000000
0.2960000000 10.0000000000 1.0000000000 2.0000000000 1.0000000000 10.0000000000 10.0000000000 10.0000000000 0.0000000000
0.2980000000 10.0000000000 1.0000000000 2.0000000000 1.0000000000 10.0000000000 10.0000000000 10.0000000000 0.0000000000
0.3000000000 10.0000000000 1.0000000000 2.0000000000 1.0000000000 10.0000000000 10.0000000000 10.0000000000 0.0000000000
0.3020000000 10.0000000000 1.0000000000 2.0000000000 1.0000000000 10.0000000000 10.0000000000 10.0000000000 0.0000000000
0.3040000000 10.0000000000 1.0000000000 2.0000000000 1.0000000000 10.0000000000 10.0000000000 10.0000000000 0.0000000000
0.3060000000 10.0000000000 1.0000000000 2.0000000000 1.0000000000 10.0000000000 10.0000000000 10.0000000000 0.0000000005
0.3080000000 10.0000000000 1.0000000000 2.0000000000 1.0000000000 10.0000000000 10.0000000000 10.0000000000 0.0000000020
0.3100000000 10.0000000000 1.0000000000 2.0000000000 1.0000000000 10.0000000000 10.0000000000 10.0000000000 0.0000000060
0.3120000000 10.0000000000 1.0000000000 2.0000000000 1.0000000000 10.0000000000 10.0000000000 10.0000000000 0.0000000108
0.3140000000 10.0000000000 1.0000000000 2.0000000000 1.0000000000 10.0000000000 10.0000000000 10.0000000000 0.0000000119
0.3160000000 10.0000000000 1.0000000000 2.0000000000 1.0000000000 10.0000000000 10.0000000000 10.0000000000 0.0000000113
0.3180000000 10.0000000000 1.0000000000 2.0000000000 1.0000000000 10.0000000000 10.0000000000 10.0000000000 0.0000000166
0.3200000000 10.0000000000 1.0000000000 2.0000000000 1.0000000000 10.0000000000 10.0000000000 10.0000000000 0.0000000183
0.3220000000 10.0000000000 1.0000000000 2.0000000000 1.0000000000 10.0000000000 10.0000000000 10.0000000000 0.0000000032
0.3240000000 10.0000000000 1.0000000000 2.0000000000 1.0000000000 10.0000000000 10.0000000000 10.0000000000 0.0000000124
0.3260000000 10.0000000000 1.0000000000 2.0000000000 1.0000000000 10.0000000000 10.0000000000 10.0000000000 0.0000000206
0.3280000000 10.0000000000 1.0000000000 2.0000000000 1.0000000000 10.0000000000 10.0000000000 10.0000000000 0.0000000327
0.3300000000 10.0000000000 1.0000000000 2.0000000000 1.0000000000 10.0000000000 10.0000000000 10.0000000000 0.0000000385
0.3320000000 10.0000000000 1.0000000000 2.0000000000 1.0000000000 10.0000000000 10.0000000000 10.0000000000 0.0000000276
0.3340000000 10.0000000000 1.0000000000 2.0000000000 1.0000000000 10.0000000000 10.0000000000 10.0000000000 0.0000000093
0.3360000000 10.0000000000 1.0000000000 2.0000000000 1.0000000000 10.0000000000 10.0000000000 10.0000000000 0.0000000152
0.3380000000 10.0000000000 1.0000000000 2.0000000000 1.0000000000 10.0000000000 10.0000000000 10.0000000000 0.0000000423
0.3400000000 10.0000000000 1.0000000000 2.0000000000 1.0000000000 10.0000000000 10.0000000000 10.0000000000 0.0000000572
0.3420000000 10.0000000000 1.0000000000 2.0000000000 1.0000000000 10.0000000000 10.0000000000 10.0000000000 0.0000000495
0.3440000000 10.0000000000 1.0000000000 2.0000000000 1.0000000000 10.0000000000 10.0000000000 10.0000000000 0.0000000192
0.3460000000 10.0000000000 1.0000000000 2.0000000000 1.0000000000 10.0000000000 10.0000000000 10.0000000000 0.0000000250
0.3480000000 10.0000000000 1.0000000000 2.0000000000 1.0000000000 10.0000000000 10.0000000000 10.0000000000 0.0000000685
0.3500000000 10.0000000000 1.0000000000 2.0000000000 1.0000000000 10.0000000000 10.0000000000 10.0000000000 0.0000000843
0.3520000000 10.0000000000 1.0000000000 2.0000000000 1.0000000000 10.0000000000 10.0000000000 10.0000000000 0.0000000584
0.3540000000 10.0000000000 1.0000000000 2.0000000000 1.0000000000 10.0000000000 10.0000000000 10.0000000000 0.0000000033
0.3560000000 10.0000000000 1.0000000000 2.0000000000 1.0000000000 10.0000000000 10.0000000000 10.0000000000 0.0000000618
0.3580000000 10.0000000000 1.0000000000 2.0000000000 1.0000000000 10.0000000000 10.0000000000 10.0000000000 0.0000001080
0.3600000000 10.0000000000 1.0000000000 2.0000000000 1.0000000000 10.0000000000 10.0000000000 10.0000000000 0.0000001044
0.3620000000 10.0000000000 1.0000000000 2.0000000000 1.0000000000 10.0000000000 10.0000000000 10.0000000000 0.0000000403
0.3640000000 10.0000000000 1.0000000000 2.0000000000 1.0000000000 10.0000000000 10.0000000000 10.0000000000 0.0000000586
0.3660000000 10.0000000000 1.0000000000 2.0000000000 1.0000000000 10.0000000000 10.0000000000 10.0000000000 0.0000001414
0.3680000000 10.0000000000 1.0000000000 2.0000000000 1.0000000000 10.0000000000 10.0000000000 10.0000000000 0.0000001590
0.3700000000 10.0000000000 1.0000000000 2.0000000000 1.0000000000 10.0000000000 10.0000000000 10.0000000000 0.0000000832
0.3720000000 10.0000000000 1.0000000000 2.0000000000 1.0000000000 10.0000000000 10.0000000000 10.0000000000 0.0000000679
0.3740000000 10.0000000000 1.0000000000 2.0000000000 1.0000000000 10.0000000000 10.0000000000 10.0000000000 0.0000002177
0.3760000000 10.0000000000 1.0000000000 2.0000000000 1.0000000000 10.0000000000 10.0000000000 10.0000000000 0.0000002569
0.3780000000 10.0000000000 1.0000000000 2.0000000000 1.0000000000 10.0000000000 10.0000000000 10.0000000000 0.0000001054
0.3800000000 10.0000000000 1.0000000000 2.0000000000 1.0000000000 10.0000000000 10.0000000000 10.0000000000 0.0000001912
0.3820000000 10.0000000000 1.0000000000 2.0000000000 1.0000000000 10.0000000000 10.0000000000 10.0000000000 0.0000004227
0.3840000000 10.0000000000 1.0000000000 2.0000000000 1.0000000000 10.0000000000 10.0000000000 10.0000000000 0.0000003513
0.3860000000 10.0000000000 1.0000000000 2.0000000000 1.0000000000 10.0000000000 10.0000000000 10.0000000000 0.0000000712
0.3880000000 10.0000000000 1.0000000000 2.0000000000 1.0000000000 10.0000000000 10.0000000000 10.0000000000 0.0000005712
0.3900000000 10.0000000000 1.0000000000 2.0000000000 1.0000000000 10.0000000000 10.0000000000 10.0000000000 0.0000006738
0.3920000000 10.0000000000 1.0000000000 2.0000000000 1.0000000000 10.0000000000 10.0000000000 10.0000000000 0.0000001247
0.3940000000 10.0000000000 1.0000000000 2.0000000000 1.0000000000 10.0000000000 10.0000000000 10.0000000000 0.0000007353
0.3960000000 10.0000000000 1.0000000000 2.0000000000 1.0000000000 10.0000000000 10.0000000000 10.0000000000 0.0000010813
0.3980000000 10.0000000000 1.0000000000 2.0000000000 1.0000000000 10.0000000000 10.0000000000 10.0000000000 0.0000003404
0.4000000000 10.0000000000 1.0000000000 2.0000000000 1.0000000000 10.0000000000 10.0000000000 10.0000000000 0.0000010135
0.4020000000 10.0000000000 1.0000000000 2.0000000000 1.0000000000 10.0000000000 10.0000000000 10.0000000000 0.0000016106
0.4040000000 10.0000000000 1.0000000000 2.0000000000 1.0000000000 10.0000000000 10.0000000000 10.0000000000 0.0000005059
0.4060000000 10.0000000000 1.0000000000 2.0000000000 1.0000000000 10.0000000000 10.0000000000 10.0000000000 0.0000015086
0.4080000000 10.0000000000 1.0000000000 2.0000000000 1.0000000000 10.0000000000 10.0000000000 10.0000000000 0.0000022569
0.4100000000 10.0000000000 1.0000000000 2.0000000000 1.0000000000 10.0000000000 10.0000000000 10.0000000000 0.0000004314
0.4120000000 10.0000000000 1.0000000000 2.0000000000 1.0000000000 10.0000000000 10.0000000000 10.0000000000 0.0000024178
0.4140000000 10.0000000000 1.0000000000 2.0000000000 1.0000000000 10.0000000000 10.0000000000 10.0000000000 0.0000029333
0.4160000000 10.0000000000 1.0000000000 2.0000000000 1.0000000000 10.0000000000 10.0000000000 10.0000000000 0.0000002050
0.4180000000 10.0000000000 1.0000000000 2.0000000000 1.0000000000 10.0000000000 10.0000000000 10.0000000000 0.0000038518
0.4200000000 10.0000000000 1.0000000000 2.0000000000 1.0000000000 10.0000000000 10.0000000000 10.0000000000 0.0000032628
0.4220000000 10.0000000000 1.0000000000 2.0000000000 1.0000000000 10.0000000000 10.0000000000 10.0000000000 0.0000018638
0.4240000000 9.9999999999 1.0000000000 2.0000000000 1.0000000000 9.9999999999 9.9999999999 10.0000000000 0.0000056296
0.4260000000 10.0000000000 1.0000000000 2.0000000000 1.0000000000 10.0000000000 10.0000000000 10.0000000000 0.0000024500
0.4280000000 10.0000000001 1.0000000000 2.0000000000 1.0000000000 10.0000000001 10.0000000001 10.0000000000 0.0000048799
0.4300000000 9.9999999999 1.0000000000 2.0000000000 1.0000000000 9.9999999999 9.9999999999 10.0000000000 0.0000068669
0.4320000000 10.0000000000 1.0000000000 2.0000000000 1.0000000000 10.0000000000 10.0000000000 10.0000000000 0.0000006264
0.4340000000 10.0000000001 1.0000000000 2.0000000000 1.0000000000 10.0000000001 10.0000000001 10.0000000001 0.0000087857
0.4360000000 9.9999999999 1.0000000000 2.0000000000 1.0000000000 9.9999999999 9.9999999999 10.0000000000 0.0000056341
0.4380000000 9.9999999999 1.0000000000 2.0000000000 1.0000000000 9.9999999999 9.9999999999 10.0000000000 0.0000065992
0.4400000000 10.0000000002 1.0000000000 2.0000000000 1.0000000000 10.0000000002 10.0000000002 10.0000000001 0.0000112668
0.4420000000 10.0000000000 1.0000000000 2.0000000000 1.0000000000 10.0000000000 10.0000000000 10.0000000000 0.0000004458
0.4440000000 9.9999999998 1.0000000000 2.0000000000 1.0000000000 9.9999999998 9.9999999998 9.9999999999 0.0000137375
0.4460000000 10.0000000001 1.0000000000 2.0000000000 1.0000000000 10.0000000001 10.0000000001 10.0000000001 0.0000079657
0.4480000000 10.0000000002 1.0000000000 2.0000000000 1.0000000000 10.0000000002 10.0000000002 10.0000000001 0.0000115754
0.4500000000 9.9999999998 1.0000000000 2.0000000000 1.0000000000 9.9999999998 9.9999999998 9.9999999999 0.0000161130
0.4520000000 9.9999999999 1.0000000000 2.0000000000 1.0000000000 9.9999999999 9.9999999999 10.0000000000 0.0000047731
0.4540000000 10.0000000003 1.0000000000 2.0000000000 1.0000000000 10.0000000003 10.0000000003 10.0000000002 0.0000215844
0.4560000000 9.9999999999 1.0000000000 2.0000000000 1.0000000000 9.9999999999 9.9999999999 10.0000000000 0.0000054161
0.4580000000 9.9999999997 1.0000000000 2.0000000000 1.0000000000 9.9999999997 9.9999999997 9.9999999998 0.0000227617
0.4600000000 10.0000000003 1.0000000000 2.0000000000 1.0000000000 10.0000000003 10.0000000003 10.0000000001 0.0000170521
0.4620000000 10.0000000003 1.0000000000 2.0000000000 1.0000000000 10.0000000003 10.0000000003 10.0000000001 0.0000190859
0.4640000000 9.9999999996 1.0000000000 2.0000000000 1.0000000000 9.9999999996 9.9999999996 9.9999999998 0.0000281244
0.4660000000 9.9999999998 1.0000000000 2.0000000000 1.0000000000 9.9999999998 9.9999999998 9.9999999999 0.0000109312
0.4680000000 10.0000000006 1.0000000000 2.0000000000 1.0000000000 10.0000000006 10.0000000006 10.0000000003 0.0000370707
0.4700000000 10.0000000000 1.0000000000 2.0000000000 1.0000000000 10.0000000000 10.0000000000 10.0000000000 0.0000006972
0.4720000000 9.9999999994 1.0000000000 2.0000000000 1.0000000000 9.9999999994 9.9999999994 9.9999999997 0.0000429968
0.4740000000 10.0000000002 1.0000000000 2.0000000000 1.0000000000 10.0000000002 10.0000000002 10.0000000001 0.0000145951
0.4760000000 10.0000000007 1.0000000000 2.0000000000 1.0000000000 10.0000000007 10.0000000007 10.0000000003 0.0000456733
0.4780000000 9.9999999995 1.0000000000 2.0000000000 1.0000000000 9.9999999995 9.9999999995 9.9999999998 0.0000296447
0.4800000000 9.9999999993 1.0000000000 2.0000000000 1.0000000000 9.9999999993 9.9999999993 9.9999999997 0.0000454483
0.4820000000 10.0000000007 1.0000000000 2.0000000000 1.0000000000 10.0000000007 10.0000000007 10.0000000004 0.0000450298
0.4840000000 10.0000000007 1.0000000000 2.0000000000 1.0000000000 10.0000000007 10.0000000007 10.0000000003 0.0000430636
0.4860000000 9.9999999990 1.0000000000 2.0000000000 1.0000000000 9.9999999990 9.9999999990 9.9999999995 0.0000603214
0.4880000000 9.9999999994 1.0000000000 2.0000000000 1.0000000000 9.9999999994 9.9999999994 9.9999999997 0.0000395315
0.4900000000 10.0000000013 1.0000000000 2.0000000000 0.9999999999 10.0000000013 10.0000000013 10.0000000006 0.0000754734
0.4920000000 10.0000000006 1.0000000000 2.0000000000 1.0000000000 10.0000000006 10.0000000006 10.0000000003 0.0000360548
0.4940000000 9.9999999985 1.0000000000 2.0000000000 1.0000000001 9.9999999985 9.9999999985 9.9999999992 0.0000906969
0.4960000000 9.9999999995 1.0000000000 2.0000000000 1.0000000000 9.9999999995 9.9999999995 9.9999999997 0.0000339701
0.4980000000 10.0000000018 1.0000000000 2.0000000000 0.9999999999 10.0000000018 10.0000000018 10.0000000009 0.0001063089
0.5000000000 10.0000000005 1.0000000000 2.0000000000 1.0000000000 10.0000000005 10.0000000005 10.0000000003 0.0000348109
0.5020000000 9.9999999978 1.0000000000 2.0000000000 1.0000000001 9.9999999978 9.9999999978 9.9999999989 0.0001225224
0.5040000000 9.9999999994 1.0000000000 2.0000000000 1.0000000000 9.9999999994 9.9999999994 9.9999999997 0.0000403526
0.5060000000 10.0000000025 1.0000000000 2.0000000000 0.9999999999 10.0000000025 10.0000000025 10.0000000013 0.0001391242
0.5080000000 10.0000000009 1.0000000000 2.0000000000 1.0000000000 10.0000000009 10.0000000009 10.0000000004 0.0000527031
0.5100000000 9.9999999971 1.0000000000 2.0000000000 1.0000000001 9.9999999971 9.9999999971 9.9999999986 0.0001551680
0.5120000000 9.9999999987 1.0000000000 2.0000000000 1.0000000001 9.9999999987 9.9999999987 9.9999999994 0.0000741442
0.5140000000 10.0000000032 1.0000000000 2.0000000000 0.9999999998 10.0000000032 10.0000000032 10.0000000016 0.0001684297
0.5160000000 10.0000000019 1.0000000000 2.0000000000 0.9999999999 10.0000000019 10.0000000019 10.0000000010 0.0001068547
0.5180000000 9.9999999966 1.0000000000 2.0000000000 1.0000000002 9.9999999966 9.9999999966 9.9999999983 0.0001748665
0.5200000000 9.9999999972 1.0000000000 2.0000000000 1.0000000001 9.9999999972 9.9999999972 9.9999999986 0.0001522416
0.5220000000 10.0000000034 1.0000000000 2.0000000000 0.9999999998 10.0000000034 10.0000000034 10.0000000017 0.0001681572
0.5240000000 10.0000000040 1.0000000000 2.0000000000 0.9999999998 10.0000000040 10.0000000040 10.0000000020 0.0002094731
0.5260000000 9.9999999970 1.0000000000 2.0000000000 1.0000000001 9.9999999970 9.9999999970 9.9999999985 0.0001395836
0.5280000000 9.9999999946 1.0000000000 2.0000000000 1.0000000003 9.9999999946 9.9999999946 9.9999999973 0.0002731146
0.5300000000 10.0000000019 1.0000000000 2.0000000000 0.9999999999 10.0000000019 10.0000000019 10.0000000009 0.0000801631
0.5320000000 10.0000000069 1.0000000000 2.0000000000 0.9999999997 10.0000000069 10.0000000069 10.0000000034 0.0003322392
0.5340000000 10.0000000001 1.0000000000 2.0000000000 1.0000000000 10.0000000001 10.0000000001 10.0000000001 0.0000176867
0.5360000000 9.9999999921 1.0000000000 2.0000000000 1.0000000004 9.9999999921 9.9999999921 9.9999999961 0.0003677992
0.5380000000 9.9999999969 1.0000000000 2.0000000000 1.0000000002 9.9999999969 9.9999999969 9.9999999985 0.0001552069
0.5400000000 10.0000000079 1.0000000000 2.0000000000 0.9999999996 10.0000000079 10.0000000079 10.0000000040 0.0003534800
0.5420000000 10.0000000068 1.0000000000 2.0000000000 0.9999999997 10.0000000068 10.0000000068 10.0000000034 0.0003202890
0.5440000000 9.9999999939 1.0000000000 2.0000000000 1.0000000003 9.9999999939 9.9999999939 9.9999999969 0.0002578556
0.5460000000 9.9999999893 1.0000000000 2.0000000000 1.0000000005 9.9999999893 9.9999999893 9.9999999947 0.0004765724
0.5480000000 10.0000000020 1.0000000000 2.0000000000 0.9999999999 10.0000000020 10.0000000020 10.0000000010 0.0000635826
0.5500000000 10.0000000133 1.0000000000 2.0000000000 0.9999999993 10.0000000133 10.0000000133 10.0000000066 0.0005649119
0.5520000000 10.0000000046 1.0000000000 2.0000000000 0.9999999998 10.0000000046 10.0000000046 10.0000000023 0.0002195611
0.5540000000 9.9999999872 1.0000000000 2.0000000000 1.0000000006 9.9999999872 9.9999999872 9.9999999936 0.0005158142
0.5560000000 9.9999999874 1.0000000000 2.0000000000 1.0000000006 9.9999999874 9.9999999874 9.9999999937 0.0005373730
0.5580000000 10.0000000074 1.0000000000 2.0000000000 0.9999999996 10.0000000074 10.0000000074 10.0000000037 0.0002637093
0.5600000000 10.0000000191 1.0000000000 2.0000000000 0.9999999990 10.0000000191 10.0000000191 10.0000000095 0.0007598386
0.5620000000 10.0000000035 1.0000000000 2.0000000000 0.9999999998 10.0000000035 10.0000000035 10.0000000017 0.0001744341
0.5640000000 9.9999999802 1.0000000000 2.0000000000 1.0000000010 9.9999999802 9.9999999802 9.9999999901 0.0007385788
0.5660000000 9.9999999826 1.0000000000 2.0000000000 1.0000000009 9.9999999826 9.9999999826 9.9999999913 0.0006916421
0.5680000000 10.0000000109 1.0000000000 2.0000000000 0.9999999995 10.0000000109 10.0000000109 10.0000000054 0.0003477540
0.5700000000 10.0000000280 1.0000000000 2.0000000000 0.9999999986 10.0000000280 10.0000000280 10.0000000140 0.0010244994
0.5720000000 10.0000000081 1.0000000000 2.0000000000 0.9999999996 10.0000000081 10.0000000081 10.0000000040 0.0003499661
0.5740000000 9.9999999736 1.0000000000 2.0000000000 1.0000000013 9.9999999736 9.9999999736 9.9999999868 0.0008846012
0.5760000000 9.9999999698 1.0000000000 2.0000000000 1.0000000015 9.9999999698 9.9999999698 9.9999999849 0.0010950355
0.5780000000 10.0000000065 1.0000000000 2.0000000000 0.9999999997 10.0000000065 10.0000000065 10.0000000033 0.0001254960
0.5800000000 10.0000000407 1.0000000000 2.0000000000 0.9999999980 10.0000000407 10.0000000407 10.0000000204 0.0013289618
0.5820000000 10.0000000272 1.0000000000 2.0000000000 0.9999999986 10.0000000272 10.0000000272 10.0000000136 0.0009703464
0.5840000000 9.9999999758 1.0000000000 2.0000000000 1.0000000012 9.9999999758 9.9999999758 9.9999999879 0.0006415179
0.5860000000 9.9999999461 1.0000000000 2.0000000000 1.0000000027 9.9999999461 9.9999999461 9.9999999730 0.0016935263
0.5880000000 9.9999999789 1.0000000000 2.0000000000 1.0000000011 9.9999999789 9.9999999789 9.9999999894 0.0007774347
0.5900000000 10.0000000442 1.0000000000 2.0000000000 0.9999999978 10.0000000442 10.0000000442 10.0000000221 0.0011562711
0.5920000000 10.0000000683 1.0000000000 2.0000000000 0.9999999966 10.0000000683 10.0000000683 10.0000000341 0.0020561022
0.5940000000 10.0000000148 1.0000000000 2.0000000000 0.9999999993 10.0000000148 10.0000000148 10.0000000074 0.0006305729
0.5960000000 9.9999999328 1.0000000000 2.0000000000 1.0000000034 9.9999999328 9.9999999328 9.9999999664 0.0016577132
0.5980000000 9.9999999114 1.0000000000 2.0000000000 1.0000000044 9.9999999114 9.9999999114 9.9999999557 0.0025312734
0.6000000000 9.9999999875 1.0000000000 2.0000000000 1.0000000006 9.9999999875 9.9999999875 9.9999999938 0.0006525716
0.6020000000 10.0000000950 1.0000000000 2.0000000000 0.9999999952 10.0000000950 10.0000000950 10.0000000475 0.0021109133
0.6040000000 10.0000001232 1.0000000000 2.0000000000 0.9999999938 10.0000001232 10.0000001232 10.0000000616 0.0032640084
0.6060000000 10.0000000223 1.0000000000 2.0000000000 0.9999999989 10.0000000223 10.0000000223 10.0000000112 0.0010305021
0.6080000000 9.9999998706 1.0000000000 2.0000000000 1.0000000065 9.9999998706 9.9999998706 9.9999999353 0.0023784072
0.6100000000 9.9999998132 1.0000000000 2.0000000000 1.0000000093 9.9999998132 9.9999998132 9.9999999066 0.0043964016
0.6120000000 9.9999999363 1.0000000000 2.0000000000 1.0000000032 9.9999999363 9.9999999363 9.9999999681 0.0021068896
0.6140000000 10.0000001663 1.0000000000 2.0000000000 0.9999999917 10.0000001663 10.0000001663 10.0000000832 0.0020922365
0.6160000000 10.0000003054 1.0000000000 2.0000000000 0.9999999847 10.0000003054 10.0000003054 10.0000001527 0.0059435241
0.6180000000 10.0000001873 1.0000000000 2.0000000000 0.9999999906 10.0000001873 10.0000001873 10.0000000937 0.0045920577
0.6200000000 9.9999998218 1.0000000000 2.0000000000 1.0000000089 9.9999998218 9.9999998218 9.9999999109 0.0005274320
0.6220000000 9.9999994740 1.0000000000 2.0000000000 1.0000000263 9.9999994740 9.9999994740 9.9999997370 0.0073942090
0.6240000000 9.9999994612 1.0000000000 2.0000000000 1.0000000269 9.9999994612 9.9999994612 9.9999997306 0.0102870493
0.6260000000 10.0000000133 1.0000000000 2.0000000000 0.9999999993 10.0000000133 10.0000000133 10.0000000067 0.0039135244
0.6280000000 10.0000009281 1.0000000000 2.0000000000 0.9999999536 10.0000009281 10.0000009281 10.0000004640 0.0031756162
0.6300000000 10.0000015875 1.0000000000 2.0000000000 0.9999999206 10.0000015875 10.0000015875 10.0000007938 0.0144858383
0.6320000000 10.0000012648 1.0000000000 2.0000000000 0.9999999368 10.0000012648 10.0000012648 10.0000006324 0.0152247353
0.6340000000 9.9999989607 1.0000000000 2.0000000000 1.0000000520 9.9999989607 9.9999989607 9.9999994804 0.0060840604
0.6360000000 9.9999950238 1.0000000000 2.0000000000 1.0000002488 9.9999950238 9.9999950238 9.9999975119 0.0019496655
0.6380000000 9.9999915630 1.0000000000 2.0000000000 1.0000004219 9.9999915630 9.9999915630 9.9999957815 0.0173000906
0.6400000000 9.9999908946 1.0000000000 2.0000000000 1.0000004553 9.9999908946 9.9999908946 9.9999954473 0.0260400627
0.6420000000 9.9999997364 1.0000000000 2.0000000000 1.0000000132 9.9999997364 9.9999997364 9.9999998682 0.0137574841
0.6440000000 10.0000269605 1.0000000000 2.0000000000 0.9999986520 10.0000269605 10.0000269605 10.0000134803 0.0048755510
0.6460000000 10.0000665603 1.0000000000 2.0000000000 0.9999966720 10.0000665603 10.0000665603 10.0000332802 0.0022293236
0.6480000000 10.0001010875 1.0000000000 2.0000000000 0.9999949457 10.0001010875 10.0001010875 10.0000505438 0.0130176297
0.6500000000 10.0001149936 1.0000000000 2.0000000000 0.9999942504 10.0001149936 10.0001149936 10.0000574968 0.0282974149
0.6520000000 10.0000523677 1.0000000000 2.0000000000 0.9999973816 10.0000523677 10.0000523677 10.0000261838 0.0172951510
0.6540000000 9.9997835568 1.0000000000 2.0000000000 1.0000108224 9.9997835568 9.9997835568 9.9998917784 0.0086482058
0.6560000000 9.9992688700 1.0000000000 2.0000000000 1.0000365592 9.9992688700 9.9992688700 9.9996344350 0.0022044440
0.6580000000 9.9986571791 1.0000000000 2.0000000000 1.0000671501 9.9986571791 9.9986571791 9.9993285896 0.0030370319
0.6600000000 9.9981545710 1.0000000000 2.0000000000 1.0000922885 9.9981545710 9.9981545710 9.9990772855 0.0111690649
0.6620000000 9.9979200547 1.0000000000 2.0000000000 1.0001040189 9.9979200547 9.9979200547 9.9989600274 0.0286152783
0.6640000000 9.9985873326 1.0000000000 2.0000000000 1.0000706434 9.9985873326 9.9985873326 9.9992936663 0.0190184038
0.6660000000 10.0021001728 1.0000000000 2.0000000000 0.9998950134 10.0021001728 10.0021001728 10.0010500864 0.0110500250
0.6680000000 10.0102174928 1.0000000000 2.0000000000 0.9994896468 10.0102174928 10.0102174928 10.0051087464 0.0056748890
0.6700000000 10.0225407296 1.0000000000 2.0000000000 0.9988754982 10.0225407296 10.0225407296 10.0112703648 0.0015069704
0.6720000000 10.0363998589 1.0000000000 2.0000000000 0.9981866078 10.0363998589 10.0363998589 10.0181999295 0.0018108302
0.6740000000 10.0487364314 1.0000000000 2.0000000000 0.9975749970 10.0487364314 10.0487364314 10.0243682157 0.0054079306
0.6760000000 10.0572793339 1.0000000000 2.0000000000 0.9971523445 10.0572793339 10.0572793339 10.0286396669 0.0174317059
0.6780000000 10.0597500045 1.0000000000 2.0000000000 0.9970302441 10.0597500045 10.0597500045 10.0298750023 0.0286437783
0.6800000000 10.0398669737 1.0000000000 2.0000000000 0.9980145666 10.0398669737 10.0398669737 10.0199334869 0.0177255876
0.6820000000 9.9517030020 1.0000000000 2.0000000000 1.0024265695 9.9517030020 9.9517030020 9.9758515010 0.0118019187
0.6840000000 9.7361385914 1.0000000000 2.0000000000 1.0135506190 9.7361385914 9.7361385914 9.8680692957 0.0081159634
0.6860000000 9.3457800652 1.0000000000 2.0000000000 1.0350008202 9.3457800652 9.3457800652 9.6728900326 0.0054581979
0.6880000000 8.7669884674 1.0000000000 2.0000000000 1.0703212704 8.7669884674 8.7669884674 9.3834942337 0.0034211319
0.6900000000 8.0266355133 1.0000000000 2.0000000000 1.1229260058 8.0266355133 8.0266355133 9.0133177567 0.0018258659
0.6920000000 7.1814126503 1.0000000000 2.0000000000 1.1962418459 7.1814126503 7.1814126503 8.5907063251 0.0005839835
0.6940000000 6.2977380842 1.0000000000 2.0000000000 1.2939358438 6.2977380842 6.2977380842 8.1488690421 0.0003515848
0.6960000000 5.4331062476 1.0000000000 2.0000000000 1.4202838620 5.4331062476 5.4331062476 7.7165531238 0.0010576448
0.6980000000 4.6283051653 1.0000000000 2.0000000000 1.5803090595 4.6283051653 4.6283051653 7.3141525826 0.0016250789
0.7000000000 3.9086142912 1.0000000000 2.0000000000 1.7792257377 3.9086142912 3.9086142912 6.9543071456 0.0021042020
0.7020000000 3.2864424599 1.0000000000 2.0000000000 2.0214019600 3.2864424599 3.2864424599 6.6432212300 0.0025222980
0.7040000000 2.7642376816 1.0000000000 2.0000000000 2.3088169600 2.7642376816 2.7642376816 6.3821188408 0.0028956214
0.7060000000 2.3373684733 1.0000000000 2.0000000000 2.6391577995 2.3373684733 2.3373684733 6.1686842367 0.0032346040
0.7080000000 1.9967179894 1.0000000000 2.0000000000 3.0041092565 1.9967179894 1.9967179894 5.9983589947 0.0035463312
0.7100000000 1.7308273096 1.0000000000 2.0000000000 3.3887919507 1.7308273096 1.7308273096 5.8654136548 0.0038358342
0.7120000000 1.5275245570 1.0000000000 2.0000000000 3.7732697993 1.5275245570 1.5275245570 5.7637622785 0.0041068163
0.7140000000 1.3750551232 1.0000000000 2.0000000000 4.1362178618 1.3750551232 1.3750551232 5.6875275616 0.0043620848
0.7160000000 1.2627783957 1.0000000000 2.0000000000 4.4595229195 1.2627783957 1.2627783957 5.6313891979 0.0046038204
0.7180000000 1.1815204124 1.0000000000 2.0000000000 4.7318354786 1.1815204124 1.1815204124 5.5907602062 0.0048337531
0.7200000000 1.1236760289 1.0000000000 2.0000000000 4.9496811104 1.1236760289 1.1236760289 5.5618380144 0.0050532789
0.7220000000 1.0831454772 1.0000000000 2.0000000000 5.1161850879 1.0831454772 1.0831454772 5.5415727386 0.0052635417
0.7240000000 1.0551748180 1.0000000000 2.0000000000 5.2385512946 1.0551748180 1.0551748180 5.5275874090 0.0054654903
0.7260000000 1.0361523992 1.0000000000 2.0000000000 5.3255449719 1.0361523992 1.0361523992 5.5180761996 0.0056599197
0.7280000000 1.0233970761 1.0000000000 2.0000000000 5.3856891591 1.0233970761 1.0233970761 5.5116985380 0.0058475001
0.7300000000 1.0149602487 1.0000000000 2.0000000000 5.4263013074 1.0149602487 1.0149602487 5.5074801243 0.0060287981
0.7320000000 1.0094533073 1.0000000000 2.0000000000 5.4531761041 1.0094533073 1.0094533073 5.5047266537 0.0062042892
0.7340000000 1.0059047523 1.0000000000 2.0000000000 5.4706495456 1.0059047523 1.0059047523 5.5029523762 0.0063743638
0.7360000000 1.0036465908 1.0000000000 2.0000000000 5.4818332925 1.0036465908 1.0036465908 5.5018232954 0.0065393237
0.7380000000 1.0022270069 1.0000000000 2.0000000000 5.4888897081 1.0022270069 1.0022270069 5.5011135035 0.0066993659
0.7400000000 1.0013451496 1.0000000000 2.0000000000 5.4932832871 1.0013451496 1.0013451496 5.5006725748 0.0068545458
0.7420000000 1.0008036678 1.0000000000 2.0000000000 5.4959848878 1.0008036678 1.0008036678 5.5004018339 0.0070047055
0.7440000000 1.0004749509 1.0000000000 2.0000000000 5.4976263729 1.0004749509 1.0004749509 5.5002374754 0.0071493411
0.7460000000 1.0002776169 1.0000000000 2.0000000000 5.4986123006 1.0002776169 1.0002776169 5.5001388085 0.0072873596
0.7480000000 1.0001604539 1.0000000000 2.0000000000 5.4991978595 1.0001604539 1.0001604539 5.5000802269 0.0074166377
0.7500000000 1.0000916484 1.0000000000 2.0000000000 5.4995417999 1.0000916484 1.0000916484 5.5000458242 0.0075332206
0.7520000000 1.0000516837 1.0000000000 2.0000000000 5.4997415947 1.0000516837 1.0000516837 5.5000258419 0.0076298728
0.7540000000 1.0000287311 1.0000000000 2.0000000000 5.4998563485 1.0000287311 1.0000287311 5.5000143656 0.0076934750
0.7560000000 1.0000157055 1.0000000000 2.0000000000 5.4999214735 1.0000157055 1.0000157055 5.5000078528 0.0077004560
0.7580000000 1.0000084114 1.0000000000 2.0000000000 5.4999579431 1.0000084114 1.0000084114 5.5000042057 0.0076092052
0.7600000000 1.0000043915 1.0000000000 2.0000000000 5.4999780425 1.0000043915 1.0000043915 5.5000021958 0.0073492356
0.7620000000 1.0000022211 1.0000000000 2.0000000000 5.4999888945 1.0000022211 1.0000022211 5.5000011106 0.0068129242
0.7640000000 1.0000010814 1.0000000000 2.0000000000 5.4999945929 1.0000010814 1.0000010814 5.5000005407 0.0058778530
0.7660000000 1.0000005050 1.0000000000 2.0000000000 5.4999974752 1.0000005050 1.0000005050 5.5000002525 0.0045193065
0.7680000000 1.0000002265 1.0000000000 2.0000000000 5.4999988677 1.0000002265 1.0000002265 5.5000001132 0.0029773802
0.7700000000 1.0000000982 1.0000000000 2.0000000000 5.4999995089 1.0000000982 1.0000000982 5.5000000491 0.0016698176
0.7720000000 1.0000000415 1.0000000000 2.0000000000 5.4999997923 1.0000000415 1.0000000415 5.5000000208 0.0008232791
0.7740000000 1.0000000172 1.0000000000 2.0000000000 5.4999999138 1.0000000172 1.0000000172 5.5000000086 0.0003732907
0.7760000000 1.0000000071 1.0000000000 2.0000000000 5.4999999647 1.0000000071 1.0000000071 5.5000000035 0.0001611670
0.7780000000 1.0000000029 1.0000000000 2.0000000000 5.4999999857 1.0000000029 1.0000000029 5.5000000014 0.0000675988
0.7800000000 1.0000000011 1.0000000000 2.0000000000 5.4999999943 1.0000000011 1.0000000011 5.5000000006 0.0000278187
0.7820000000 1.0000000005 1.0000000000 2.0000000000 5.4999999977 1.0000000005 1.0000000005 5.5000000002 0.0000112837
0.7840000000 1.0000000002 1.0000000000 2.0000000000 5.4999999991 1.0000000002 1.0000000002 5.5000000001 0.0000045204
0.7860000000 1.0000000001 1.0000000000 2.0000000000 5.4999999997 1.0000000001 1.0000000001 5.5000000000 0.0000017901
0.7880000000 1.0000000000 1.0000000000 2.0000000000 5.4999999999 1.0000000000 1.0000000000 5.5000000000 0.0000007012
0.7900000000 1.0000000000 1.0000000000 2.0000000000 5.5000000000 1.0000000000 1.0000000000 5.5000000000 0.0000002717
0.7920000000 1.0000000000 1.0000000000 2.0000000000 5.5000000000 1.0000000000 1.0000000000 5.5000000000 0.0000001041
0.7940000000 1.0000000000 1.0000000000 2.0000000000 5.5000000000 1.0000000000 1.0000000000 5.5000000000 0.0000000397
0.7960000000 1.0000000000 1.0000000000 2.0000000000 5.5000000000 1.0000000000 1.0000000000 5.5000000000 0.0000000149
0.7980000000 1.0000000000 1.0000000000 2.0000000000 5.5000000000 1.0000000000 1.0000000000 5.5000000000 0.0000000055
0.8000000000 1.0000000000 1.0000000000 2.0000000000 5.5000000000 1.0000000000 1.0000000000 5.5000000000 0.0000000019
0.8020000000 1.0000000000 1.0000000000 2.0000000000 5.5000000000 1.0000000000 1.0000000000 5.5000000000 0.0000000007
0.8040000000 1.0000000000 1.0000000000 2.0000000000 5.5000000000 1.0000000000 1.0000000000 5.5000000000 0.0000000004
0.8060000000 1.0000000000 1.0000000000 2.0000000000 5.5000000000 1.0000000000 1.0000000000 5.5000000000 0.0000000000
0.8080000000 1.0000000000 1.0000000000 2.0000000000 5.5000000000 1.0000000000 1.0000000000 5.5000000000 0.0000000000
0.8100000000 1.0000000000 1.0000000000 2.0000000000 5.5000000000 1.0000000000 1.0000000000 5.5000000000 0.0000000000
0.8120000000 1.0000000000 1.0000000000 2.0000000000 5.5000000000 1.0000000000 1.0000000000 5.5000000000 0.0000000000
0.8140000000 1.0000000000 1.0000000000 2.0000000000 5.5000000000 1.0000000000 1.0000000000 5.5000000000 0.0000000000
0.8160000000 1.0000000000 1.0000000000 2.0000000000 5.5000000000 1.0000000000 1.0000000000 5.5000000000 0.0000000000
0.8180000000 1.0000000000 1.0000000000 2.0000000000 5.5000000000 1.0000000000 1.0000000000 5.5000000000 0.0000000001
0.8200000000 1.0000000000 1.0000000000 2.0000000000 5.5000000000 1.0000000000 1.0000000000 5.5000000000 0.0000000000
0.8220000000 1.0000000000 1.0000000000 2.0000000000 5.5000000000 1.0000000000 1.0000000000 5.5000000000 0.0000000000
0.8240000000 1.0000000000 1.0000000000 2.0000000000 5.5000000000 1.0000000000 1.0000000000 5.5000000000 0.0000000001
0.8260000000 1.0000000000 1.0000000000 2.0000000000 5.5000000000 1.0000000000 1.0000000000 5.5000000000 0.0000000000
0.8280000000 1.0000000000 1.0000000000 2.0000000000 5.5000000000 1.0000000000 1.0000000000 5.5000000000 0.0000000000
0.8300000000 1.0000000000 1.0000000000 2.0000000000 5.5000000000 1.0000000000 1.0000000000 5.5000000000 0.0000000000
0.8320000000 1.0000000000 1.0000000000 2.0000000000 5.5000000000 1.0000000000 1.0000000000 5.5000000000 0.0000000001
0.8340000000 1.0000000000 1.0000000000 2.0000000000 5.5000000000 1.0000000000 1.0000000000 5.5000000000 0.0000000000
0.8360000000 1.0000000000 1.0000000000 2.0000000000 5.5000000000 1.0000000000 1.0000000000 5.5000000000 0.0000000000
0.8380000000 1.0000000000 1.0000000000 2.0000000000 5.5000000000 1.0000000000 1.0000000000 5.5000000000 0.0000000000
0.8400000000 1.0000000000 1.0000000000 2.0000000000 5.5000000000 1.0000000000 1.0000000000 5.5000000000 0.0000000001
0.8420000000 1.0000000000 1.0000000000 2.0000000000 5.5000000000 1.0000000000 1.0000000000 5.5000000000 0.0000000000
0.8440000000 1.0000000000 1.0000000000 2.0000000000 5.5000000000 1.0000000000 1.0000000000 5.5000000000 0.0000000000
0.8460000000 1.0000000000 1.0000000000 2.0000000000 5.5000000000 1.0000000000 1.0000000000 5.5000000000 0.0000000000
0.8480000000 1.0000000000 1.0000000000 2.0000000000 5.5000000000 1.0000000000 1.0000000000 5.5000000000 0.0000000000
0.8500000000 1.0000000000 1.0000000000 2.0000000000 5.5000000000 1.0000000000 1.0000000000 5.5000000000 0.0000000000
0.8520000000 1.0000000000 1.0000000000 2.0000000000 5.5000000000 1.0000000000 1.0000000000 5.5000000000 0.0000000001
0.8540000000 1.0000000000 1.0000000000 2.0000000000 5.5000000000 1.0000000000 1.0000000000 5.5000000000 0.0000000001
0.8560000000 1.0000000000 1.0000000000 2.0000000000 5.5000000000 1.0000000000 1.0000000000 5.5000000000 0.0000000000
0.8580000000 1.0000000000 1.0000000000 2.0000000000 5.5000000000 1.0000000000 1.0000000000 5.5000000000 0.0000000001
0.8600000000 1.0000000000 1.0000000000 2.0000000000 5.5000000000 1.0000000000 1.0000000000 5.5000000000 0.0000000000
0.8620000000 1.0000000000 1.0000000000 2.0000000000 5.5000000000 1.0000000000 1.0000000000 5.5000000000 0.0000000000
0.8640000000 1.0000000000 1.0000000000 2.0000000000 5.5000000000 1.0000000000 1.0000000000 5.5000000000 0.0000000000
0.8660000000 1.0000000000 1.0000000000 2.0000000000 5.5000000000 1.0000000000 1.0000000000 5.5000000000 0.0000000001
0.8680000000 1.0000000000 1.0000000000 2.0000000000 5.5000000000 1.0000000000 1.0000000000 5.5000000000 0.0000000000
0.8700000000 1.0000000000 1.0000000000 2.0000000000 5.5000000000 1.0000000000 1.0000000000 5.5000000000 0.0000000000
0.8720000000 1.0000000000 1.0000000000 2.0000000000 5.5000000000 1.0000000000 1.0000000000 5.5000000000 0.0000000000
0.8740000000 1.0000000000 1.0000000000 2.0000000000 5.5000000000 1.0000000000 1.0000000000 5.5000000000 0.0000000000
0.8760000000 1.0000000000 1.0000000000 2.0000000000 5.5000000000 1.0000000000 1.0000000000 5.5000000000 0.0000000000
0.8780000000 1.0000000000 1.0000000000 2.0000000000 5.5000000000 1.0000000000 1.0000000000 5.5000000000 0.0000000000
0.8800000000 1.0000000000 1.0000000000 2.0000000000 5.5000000000 1.0000000000 1.0000000000 5.5000000000 0.0000000000
0.8820000000 1.0000000000 1.0000000000 2.0000000000 5.5000000000 1.0000000000 1.0000000000 5.5000000000 0.0000000000
0.8840000000 1.0000000000 1.0000000000 2.0000000000 5.5000000000 1.0000000000 1.0000000000 5.5000000000 0.0000000000
0.8860000000 1.0000000000 1.0000000000 2.0000000000 5.5000000000 1.0000000000 1.0000000000 5.5000000000 0.0000000000
0.8880000000 1.0000000000 1.0000000000 2.0000000000 5.5000000000 1.0000000000 1.0000000000 5.5000000000 0.0000000000
0.8900000000 1.0000000000 1.0000000000 2.0000000000 5.5000000000 1.0000000000 1.0000000000 5.5000000000 0.0000000000
0.8920000000 1.0000000000 1.0000000000 2.0000000000 5.5000000000 1.0000000000 1.0000000000 5.5000000000 0.0000000000
0.8940000000 1.0000000000 1.0000000000 2.0000000000 5.5000000000 1.0000000000 1.0000000000 5.5000000000 0.0000000000
0.8960000000 1.0000000000 1.0000000000 2.0000000000 5.5000000000 1.0000000000 1.0000000000 5.5000000000 0.0000000000
0.8980000000 1.0000000000 1.0000000000 2.0000000000 5.5000000000 1.0000000000 1.0000000000 5.5000000000 0.0000000000
0.9000000000 1.0000000000 1.0000000000 2.0000000000 5.5000000000 1.0000000000 1.0000000000 5.5000000000 0.0000000000
0.9020000000 1.0000000000 1.0000000000 2.0000000000 5.5000000000 1.0000000000 1.0000000000 5.5000000000 0.0000000000
0.9040000000 1.0000000000 1.0000000000 2.0000000000 5.5000000000 1.0000000000 1.0000000000 5.5000000000 0.0000000000
0.9060000000 1.0000000000 1.0000000000 2.0000000000 5.5000000000 1.0000000000 1.0000000000 5.5000000000 0.0000000000
0.9080000000 1.0000000000 1.0000000000 2.0000000000 5.5000000000 1.0000000000 1.0000000000 5.5000000000 0.0000000000
0.9100000000 1.0000000000 1.0000000000 2.0000000000 5.5000000000 1.0000000000 1.0000000000 5.5000000000 0.0000000000
0.9120000000 1.0000000000 1.0000000000 2.0000000000 5.5000000000 1.0000000000 1.0000000000 5.5000000000 0.0000000000
0.9140000000 1.0000000000 1.0000000000 2.0000000000 5.5000000000 1.0000000000 1.0000000000 5.5000000000 0.0000000000
0.9160000000 1.0000000000 1.0000000000 2.0000000000 5.5000000000 1.0000000000 1.0000000000 5.5000000000 0.0000000000
0.9180000000 1.0000000000 1.0000000000 2.0000000000 5.5000000000 1.0000000000 1.0000000000 5.5000000000 0.0000000000
0.9200000000 1.0000000000 1.0000000000 2.0000000000 5.5000000000 1.0000000000 1.0000000000 5.5000000000 0.0000000000
0.9220000000 1.0000000000 1.0000000000 2.0000000000 5.5000000000 1.0000000000 1.0000000000 5.5000000000 0.0000000000
0.9240000000 1.0000000000 1.0000000000 2.0000000000 5.5000000000 1.0000000000 1.0000000000 5.5000000000 0.0000000000
0.9260000000 1.0000000000 1.0000000000 2.0000000000 5.5000000000 1.0000000000 1.0000000000 5.5000000000 0.0000000000
0.9280000000 1.0000000000 1.0000000000 2.0000000000 5.5000000000 1.0000000000 1.0000000000 5.5000000000 0.0000000000
0.9300000000 1.0000000000 1.0000000000 2.0000000000 5.5000000000 1.0000000000 1.0000000000 5.5000000000 0.0000000000
0.9320000000 1.0000000000 1.0000000000 2.0000000000 5.5000000000 1.0000000000 1.0000000000 5.5000000000 0.0000000000
0.9340000000 1.0000000000 1.0000000000 2.0000000000 5.5000000000 1.0000000000 1.0000000000 5.5000000000 0.0000000000
0.9360000000 1.0000000000 1.0000000000 2.0000000000 5.5000000000 1.0000000000 1.0000000000 5.5000000000 0.0000000000
0.9380000000 1.0000000000 1.0000000000 2.0000000000 5.5000000000 1.0000000000 1.0000000000 5.5000000000 0.0000000000
0.9400000000 1.0000000000 1.0000000000 2.0000000000 5.5000000000 1.0000000000 1.0000000000 5.5000000000 0.0000000000
0.9420000000 1.0000000000 1.0000000000 2.0000000000 5.5000000000 1.0000000000 1.0000000000 5.5000000000 0.0000000000
0.9440000000 1.0000000000 1.0000000000 2.0000000000 5.5000000000 1.0000000000 1.0000000000 5.5000000000 0.0000000000
0.9460000000 1.0000000000 1.0000000000 2.0000000000 5.5000000000 1.0000000000 1.0000000000 5.5000000000 0.0000000000
0.9480000000 1.0000000000 1.0000000000 2.0000000000 5.5000000000 1.0000000000 1.0000000000 5.5000000000 0.0000000000
0.9500000000 1.0000000000 1.0000000000 2.0000000000 5.5000000000 1.0000000000 1.0000000000 5.5000000000 0.0000000000
0.9520000000 1.0000000000 1.0000000000 2.0000000000 5.5000000000 1.0000000000 1.0000000000 5.5000000000 0.0000000000
0.9540000000 1.0000000000 1.0000000000 2.0000000000 5.5000000000 1.0000000000 1.0000000000 5.5000000000 0.0000000000
0.9560000000 1.0000000000 1.0000000000 2.0000000000 5.5000000000 1.0000000000 1.0000000000 5.5000000000 0.0000000000
0.9580000000 1.0000000000 1.0000000000 2.0000000000 5.5000000000 1.0000000000 1.0000000000 5.5000000000 0.0000000000
0.9600000000 1.0000000000 1.0000000000 2.0000000000 5.5000000000 1.0000000000 1.0000000000 5.5000000000 0.0000000000
0.9620000000 1.0000000000 1.0000000000 2.0000000000 5.5000000000 1.0000000000 1.0000000000 5.5000000000 0.0000000000
0.9640000000 1.0000000000 1.0000000000 2.0000000000 5.5000000000 1.0000000000 1.0000000000 5.5000000000 0.0000000000
0.9660000000 1.0000000000 1.0000000000 2.0000000000 5.5000000000 1.0000000000 1.0000000000 5.5000000000 0.0000000000
0.9680000000 1.0000000000 1.0000000000 2.0000000000 5.5000000000 1.0000000000 1.0000000000 5.5000000000 0.0000000000
0.9700000000 1.0000000000 1.0000000000 2.0000000000 5.5000000000 1.0000000000 1.0000000000 5.5000000000 0.0000000000
0.9720000000 1.0000000000 1.0000000000 2.0000000000 5.5000000000 1.0000000000 1.0000000000 5.5000000000 0.0000000000
0.9740000000 1.0000000000 1.0000000000 2.0000000000 5.5000000000 1.0000000000 1.0000000000 5.5000000000 0.0000000000
0.9760000000 1.0000000000 1.0000000000 2.0000000000 5.5000000000 1.0000000000 1.0000000000 5.5000000000 0.0000000000
0.9780000000 1.0000000000 1.0000000000 2.0000000000 5.5000000000 1.0000000000 1.0000000000 5.5000000000 0.0000000000
0.9800000000 1.0000000000 1.0000000000 2.0000000000 5.5000000000 1.0000000000 1.0000000000 5.5000000000 0.0000000000
0.9820000000 1.0000000000 1.0000000000 2.0000000000 5.5000000000 1.0000000000 1.0000000000 5.5000000000 0.0000000000
0.9840000000 1.0000000000 1.0000000000 2.0000000000 5.5000000000 1.0000000000 1.0000000000 5.5000000000 0.0000000000
0.9860000000 1.0000000000 1.0000000000 2.0000000000 5.5000000000 1.0000000000 1.0000000000 5.5000000000 0.0000000000
0.9880000000 1.0000000000 1.0000000000 2.0000000000 5.5000000000 1.0000000000 1.0000000000 5.5000000000 0.0000000000
0.9900000000 1.0000000000 1.0000000000 2.0000000000 5.5000000000 1.0000000000 1.0000000000 5.5000000000 0.0000000000
0.9920000000 1.0000000000 1.0000000000 2.0000000000 5.5000000000 1.0000000000 1.0000000000 5.5000000000 0.0000000000
0.9940000000 1.0000000000 1.0000000000 2.0000000000 5.5000000000 1.0000000000 1.0000000000 5.5000000000 0.0000000000
0.9960000000 1.0000000000 1.0000000000 2.0000000000 5.5000000000 1.0000000000 1.0000000000 5.5000000000 0.0000000000
0.9980000000 1.0000000000 1.0000000000 2.0000000000 5.5000000000 1.0000000000 1.0000000000 5.5000000000 0.0000000000
1.0000000000 1.0000000000 1.0000000000 2.0000000000 5.5000000000 1.0000000000 1.0000000000 5.5000000000 0.0000000000
