TITLE = "1D Euler Filtered MacCormack Result"
VARIABLES = "x", "rho", "u", "p", "E", "rho_conserved", "rhou", "rhoE", "nu"
ZONE T="t=0.20000000", I=501, F=POINT
0.0000000000 1.0000000000 -0.2000000000 0.5000000000 1.2700000000 1.0000000000 -0.2000000000 1.2700000000 0.0000000000
0.0020000000 1.0000000000 -0.2000000000 0.5000000000 1.2700000000 1.0000000000 -0.2000000000 1.2700000000 0.0000000000
0.0040000000 1.0000000000 -0.2000000000 0.5000000000 1.2700000000 1.0000000000 -0.2000000000 1.2700000000 0.0000000000
0.0060000000 1.0000000000 -0.2000000000 0.5000000000 1.2700000000 1.0000000000 -0.2000000000 1.2700000000 0.0000000000
0.0080000000 1.0000000000 -0.2000000000 0.5000000000 1.2700000000 1.0000000000 -0.2000000000 1.2700000000 0.0000000000
0.0100000000 1.0000000000 -0.2000000000 0.5000000000 1.2700000000 1.0000000000 -0.2000000000 1.2700000000 0.0000000000
0.0120000000 1.0000000000 -0.2000000000 0.5000000000 1.2700000000 1.0000000000 -0.2000000000 1.2700000000 0.0000000000
0.0140000000 1.0000000000 -0.2000000000 0.5000000000 1.2700000000 1.0000000000 -0.2000000000 1.2700000000 0.0000000000
0.0160000000 1.0000000000 -0.2000000000 0.5000000000 1.2700000000 1.0000000000 -0.2000000000 1.2700000000 0.0000000000
0.0180000000 1.0000000000 -0.2000000000 0.5000000000 1.2700000000 1.0000000000 -0.2000000000 1.2700000000 0.0000000000
0.0200000000 1.0000000000 -0.2000000000 0.5000000000 1.2700000000 1.0000000000 -0.2000000000 1.2700000000 0.0000000000
0.0220000000 1.0000000000 -0.2000000000 0.5000000000 1.2700000000 1.0000000000 -0.2000000000 1.2700000000 0.0000000000
0.0240000000 1.0000000000 -0.2000000000 0.5000000000 1.2700000000 1.0000000000 -0.2000000000 1.2700000000 0.0000000000
0.0260000000 1.0000000000 -0.2000000000 0.5000000000 1.2700000000 1.0000000000 -0.2000000000 1.2700000000 0.0000000000
0.0280000000 1.0000000000 -0.2000000000 0.5000000000 1.2700000000 1.0000000000 -0.2000000000 1.2700000000 0.0000000000
0.0300000000 1.0000000000 -0.2000000000 0.5000000000 1.2700000000 1.0000000000 -0.2000000000 1.2700000000 0.0000000000
0.0320000000 1.0000000000 -0.2000000000 0.5000000000 1.2700000000 1.0000000000 -0.2000000000 1.2700000000 0.0000000000
0.0340000000 1.0000000000 -0.2000000000 0.5000000000 1.2700000000 1.0000000000 -0.2000000000 1.2700000000 0.0000000000
0.0360000000 1.0000000000 -0.2000000000 0.5000000000 1.2700000000 1.0000000000 -0.2000000000 1.2700000000 0.0000000000
0.0380000000 1.0000000000 -0.2000000000 0.5000000000 1.2700000000 1.0000000000 -0.2000000000 1.2700000000 0.0000000000
0.0400000000 1.0000000000 -0.2000000000 0.5000000000 1.2700000000 1.0000000000 -0.2000000000 1.2700000000 0.0000000000
0.0420000000 1.0000000000 -0.2000000000 0.5000000000 1.2700000000 1.0000000000 -0.2000000000 1.2700000000 0.0000000000
0.0440000000 1.0000000000 -0.2000000000 0.5000000000 1.2700000000 1.0000000000 -0.2000000000 1.2700000000 0.0000000000
0.0460000000 1.0000000000 -0.2000000000 0.5000000000 1.2700000000 1.0000000000 -0.2000000000 1.2700000000 0.0000000000
0.0480000000 1.0000000000 -0.2000000000 0.5000000000 1.2700000000 1.0000000000 -0.2000000000 1.2700000000 0.0000000000
0.0500000000 1.0000000000 -0.2000000000 0.5000000000 1.2700000000 1.0000000000 -0.2000000000 1.2700000000 0.0000000000
0.0520000000 1.0000000000 -0.2000000000 0.5000000000 1.2700000000 1.0000000000 -0.2000000000 1.2700000000 0.0000000000
0.0540000000 1.0000000000 -0.2000000000 0.5000000000 1.2700000000 1.0000000000 -0.2000000000 1.2700000000 0.0000000000
0.0560000000 1.0000000000 -0.2000000000 0.5000000000 1.2700000000 1.0000000000 -0.2000000000 1.2700000000 0.0000000000
0.0580000000 1.0000000000 -0.2000000000 0.5000000000 1.2700000000 1.0000000000 -0.2000000000 1.2700000000 0.0000000000
0.0600000000 1.0000000000 -0.2000000000 0.5000000000 1.2700000000 1.0000000000 -0.2000000000 1.2700000000 0.0000000000
0.0620000000 1.0000000000 -0.2000000000 0.5000000000 1.2700000000 1.0000000000 -0.2000000000 1.2700000000 0.0000000000
0.0640000000 1.0000000000 -0.2000000000 0.5000000000 1.2700000000 1.0000000000 -0.2000000000 1.2700000000 0.0000000000
0.0660000000 1.0000000000 -0.2000000000 0.5000000000 1.2700000000 1.0000000000 -0.2000000000 1.2700000000 0.0000000000
0.0680000000 1.0000000000 -0.2000000000 0.5000000000 1.2700000000 1.0000000000 -0.2000000000 1.2700000000 0.0000000000
0.0700000000 1.0000000000 -0.2000000000 0.5000000000 1.2700000000 1.0000000000 -0.2000000000 1.2700000000 0.0000000000
0.0720000000 1.0000000000 -0.2000000000 0.5000000000 1.2700000000 1.0000000000 -0.2000000000 1.2700000000 0.0000000000
0.0740000000 1.0000000000 -0.2000000000 0.5000000000 1.2700000000 1.0000000000 -0.2000000000 1.2700000000 0.0000000000
0.0760000000 1.0000000000 -0.2000000000 0.5000000000 1.2700000000 1.0000000000 -0.2000000000 1.2700000000 0.0000000000
0.0780000000 1.0000000000 -0.2000000000 0.5000000000 1.2700000000 1.0000000000 -0.2000000000 1.2700000000 0.0000000000
0.0800000000 1.0000000000 -0.2000000000 0.5000000000 1.2700000000 1.0000000000 -0.2000000000 1.2700000000 0.0000000000
0.0820000000 1.0000000000 -0.2000000000 0.5000000000 1.2700000000 1.0000000000 -0.2000000000 1.2700000000 0.0000000000
0.0840000000 1.0000000000 -0.2000000000 0.5000000000 1.2700000000 1.0000000000 -0.2000000000 1.2700000000 0.0000000000
0.0860000000 1.0000000000 -0.2000000000 0.5000000000 1.2700000000 1.0000000000 -0.2000000000 1.2700000000 0.0000000000
0.0880000000 1.0000000000 -0.2000000000 0.5000000000 1.2700000000 1.0000000000 -0.2000000000 1.2700000000 0.0000000000
0.0900000000 1.0000000000 -0.2000000000 0.5000000000 1.2700000000 1.0000000000 -0.2000000000 1.2700000000 0.0000000000
0.0920000000 1.0000000000 -0.2000000000 0.5000000000 1.2700000000 1.0000000000 -0.2000000000 1.2700000000 0.0000000000
0.0940000000 1.0000000000 -0.2000000000 0.5000000000 1.2700000000 1.0000000000 -0.2000000000 1.2700000000 0.0000000000
0.0960000000 1.0000000000 -0.2000000000 0.5000000000 1.2700000000 1.0000000000 -0.2000000000 1.2700000000 0.0000000000
0.0980000000 1.0000000000 -0.2000000000 0.5000000000 1.2700000000 1.0000000000 -0.2000000000 1.2700000000 0.0000000000
0.1000000000 1.0000000000 -0.2000000000 0.5000000000 1.2700000000 1.0000000000 -0.2000000000 1.2700000000 0.0000000000
0.1020000000 1.0000000000 -0.2000000000 0.5000000000 1.2700000000 1.0000000000 -0.2000000000 1.2700000000 0.0000000000
0.1040000000 1.0000000000 -0.2000000000 0.5000000000 1.2700000000 1.0000000000 -0.2000000000 1.2700000000 0.0000000000
0.1060000000 1.0000000000 -0.2000000000 0.5000000000 1.2700000000 1.0000000000 -0.2000000000 1.2700000000 0.0000000000
0.1080000000 1.0000000000 -0.2000000000 0.5000000000 1.2700000000 1.0000000000 -0.2000000000 1.2700000000 0.0000000000
0.1100000000 1.0000000000 -0.2000000000 0.5000000000 1.2700000000 1.0000000000 -0.2000000000 1.2700000000 0.0000000000
0.1120000000 1.0000000000 -0.2000000000 0.5000000000 1.2700000000 1.0000000000 -0.2000000000 1.2700000000 0.0000000000
0.1140000000 1.0000000000 -0.2000000000 0.5000000000 1.2700000000 1.0000000000 -0.2000000000 1.2700000000 0.0000000000
0.1160000000 1.0000000000 -0.2000000000 0.5000000000 1.2700000000 1.0000000000 -0.2000000000 1.2700000000 0.0000000000
0.1180000000 1.0000000000 -0.2000000000 0.5000000000 1.2700000000 1.0000000000 -0.2000000000 1.2700000000 0.0000000000
0.1200000000 1.0000000000 -0.2000000000 0.5000000000 1.2700000000 1.0000000000 -0.2000000000 1.2700000000 0.0000000000
0.1220000000 1.0000000000 -0.2000000000 0.5000000000 1.2700000000 1.0000000000 -0.2000000000 1.2700000000 0.0000000000
0.1240000000 1.0000000000 -0.2000000000 0.5000000000 1.2700000000 1.0000000000 -0.2000000000 1.2700000000 0.0000000000
0.1260000000 1.0000000000 -0.2000000000 0.5000000000 1.2700000000 1.0000000000 -0.2000000000 1.2700000000 0.0000000000
0.1280000000 1.0000000000 -0.2000000000 0.5000000000 1.2700000000 1.0000000000 -0.2000000000 1.2700000000 0.0000000000
0.1300000000 1.0000000000 -0.2000000000 0.5000000000 1.2700000000 1.0000000000 -0.2000000000 1.2700000000 0.0000000000
0.1320000000 1.0000000000 -0.2000000000 0.5000000000 1.2700000000 1.0000000000 -0.2000000000 1.2700000000 0.0000000000
0.1340000000 1.0000000000 -0.2000000000 0.5000000000 1.2700000000 1.0000000000 -0.2000000000 1.2700000000 0.0000000000
0.1360000000 1.0000000000 -0.2000000000 0.5000000000 1.2700000000 1.0000000000 -0.2000000000 1.2700000000 0.0000000000
0.1380000000 1.0000000000 -0.2000000000 0.5000000000 1.2700000000 1.0000000000 -0.2000000000 1.2700000000 0.0000000000
0.1400000000 1.0000000000 -0.2000000000 0.5000000000 1.2700000000 1.0000000000 -0.2000000000 1.2700000000 0.0000000000
0.1420000000 1.0000000000 -0.2000000000 0.5000000000 1.2700000000 1.0000000000 -0.2000000000 1.2700000000 0.0000000000
0.1440000000 1.0000000000 -0.2000000000 0.5000000000 1.2700000000 1.0000000000 -0.2000000000 1.2700000000 0.0000000000
0.1460000000 1.0000000000 -0.2000000000 0.5000000000 1.2700000000 1.0000000000 -0.2000000000 1.2700000000 0.0000000000
0.1480000000 1.0000000000 -0.2000000000 0.5000000000 1.2700000000 1.0000000000 -0.2000000000 1.2700000000 0.0000000000
0.1500000000 1.0000000000 -0.2000000000 0.5000000000 1.2700000000 1.0000000000 -0.2000000000 1.2700000000 0.0000000000
0.1520000000 1.0000000000 -0.2000000000 0.5000000000 1.2700000000 1.0000000000 -0.2000000000 1.2700000000 0.0000000000
0.1540000000 1.0000000000 -0.2000000000 0.5000000000 1.2700000000 1.0000000000 -0.2000000000 1.2700000000 0.0000000000
0.1560000000 1.0000000000 -0.2000000000 0.5000000000 1.2700000000 1.0000000000 -0.2000000000 1.2700000000 0.0000000000
0.1580000000 1.0000000000 -0.2000000000 0.5000000000 1.2700000000 1.0000000000 -0.2000000000 1.2700000000 0.0000000000
0.1600000000 1.0000000000 -0.2000000000 0.5000000000 1.2700000000 1.0000000000 -0.2000000000 1.2700000000 0.0000000000
0.1620000000 1.0000000000 -0.2000000000 0.5000000000 1.2700000000 1.0000000000 -0.2000000000 1.2700000000 0.0000000000
0.1640000000 1.0000000000 -0.2000000000 0.5000000000 1.2700000000 1.0000000000 -0.2000000000 1.2700000000 0.0000000000
0.1660000000 1.0000000000 -0.2000000000 0.5000000000 1.2700000000 1.0000000000 -0.2000000000 1.2700000000 0.0000000000
0.1680000000 1.0000000000 -0.2000000000 0.5000000000 1.2700000000 1.0000000000 -0.2000000000 1.2700000000 0.0000000000
0.1700000000 1.0000000000 -0.2000000000 0.5000000000 1.2700000000 1.0000000000 -0.2000000000 1.2700000000 0.0000000000
0.1720000000 1.0000000000 -0.2000000000 0.5000000000 1.2700000000 1.0000000000 -0.2000000000 1.2700000000 0.0000000000
0.1740000000 1.0000000000 -0.2000000000 0.5000000000 1.2700000000 1.0000000000 -0.2000000000 1.2700000000 0.0000000000
0.1760000000 1.0000000000 -0.2000000000 0.5000000000 1.2700000000 1.0000000000 -0.2000000000 1.2700000000 0.0000000000
0.1780000000 1.0000000000 -0.2000000000 0.5000000000 1.2700000000 1.0000000000 -0.2000000000 1.2700000000 0.0000000000
0.1800000000 1.0000000000 -0.2000000000 0.5000000000 1.2700000000 1.0000000000 -0.2000000000 1.2700000000 0.0000000000
0.1820000000 1.0000000000 -0.2000000000 0.5000000000 1.2700000000 1.0000000000 -0.2000000000 1.2700000000 0.0000000000
0.1840000000 1.0000000000 -0.2000000000 0.5000000000 1.2700000000 1.0000000000 -0.2000000000 1.2700000000 0.0000000000
0.1860000000 1.0000000000 -0.2000000000 0.5000000000 1.2700000000 1.0000000000 -0.2000000000 1.2700000000 0.0000000000
0.1880000000 1.0000000000 -0.2000000000 0.5000000000 1.2700000000 1.0000000000 -0.2000000000 1.2700000000 0.0000000000
0.1900000000 1.0000000000 -0.2000000000 0.5000000000 1.2700000000 1.0000000000 -0.2000000000 1.2700000000 0.0000000000
0.1920000000 1.0000000000 -0.2000000000 0.5000000000 1.2700000000 1.0000000000 -0.2000000000 1.2700000000 0.0000000000
0.1940000000 1.0000000000 -0.2000000000 0.5000000000 1.2700000000 1.0000000000 -0.2000000000 1.2700000000 0.0000000000
0.1960000000 1.0000000000 -0.2000000000 0.5000000000 1.2700000000 1.0000000000 -0.2000000000 1.2700000000 0.0000000000
0.1980000000 1.0000000000 -0.2000000000 0.5000000000 1.2700000000 1.0000000000 -0.2000000000 1.2700000000 0.0000000000
0.2000000000 1.0000000000 -0.2000000000 0.5000000000 1.2700000000 1.0000000000 -0.2000000000 1.2700000000 0.0000000001
0.2020000000 1.0000000000 -0.2000000000 0.5000000000 1.2700000000 1.0000000000 -0.2000000000 1.2700000000 0.0000000003
0.2040000000 1.0000000000 -0.2000000000 0.5000000000 1.2700000000 1.0000000000 -0.2000000000 1.2700000000 0.0000000008
0.2060000000 1.0000000000 -0.2000000000 0.5000000000 1.2700000000 1.0000000000 -0.2000000000 1.2700000000 0.0000000023
0.2080000000 1.0000000000 -0.2000000000 0.5000000000 1.2700000000 1.0000000000 -0.2000000000 1.2700000000 0.0000000067
0.2100000000 1.0000000000 -0.2000000000 0.5000000000 1.2700000000 1.0000000000 -0.2000000000 1.2700000000 0.0000000193
0.2120000000 1.0000000000 -0.2000000000 0.5000000000 1.2700000000 1.0000000000 -0.2000000000 1.2700000000 0.0000000537
0.2140000000 1.0000000000 -0.2000000000 0.5000000000 1.2700000000 1.0000000000 -0.2000000000 1.2700000000 0.0000001483
0.2160000000 1.0000000000 -0.2000000000 0.5000000000 1.2700000000 1.0000000000 -0.2000000000 1.2700000000 0.0000004028
0.2180000000 1.0000000000 -0.2000000000 0.5000000000 1.2700000000 1.0000000000 -0.2000000000 1.2700000000 0.0000010752
0.2200000000 1.0000000000 -0.2000000000 0.5000000000 1.2700000000 1.0000000000 -0.2000000000 1.2699999999 0.0000028230
0.2220000000 0.9999999999 -0.1999999999 0.4999999999 1.2699999999 0.9999999999 -0.1999999999 1.2699999998 0.0000072869
0.2240000000 0.9999999998 -0.1999999998 0.4999999998 1.2699999999 0.9999999998 -0.1999999998 1.2699999996 0.0000184853
0.2260000000 0.9999999994 -0.1999999995 0.4999999996 1.2699999996 0.9999999994 -0.1999999994 1.2699999989 0.0000460568
0.2280000000 0.9999999986 -0.1999999988 0.4999999990 1.2699999991 0.9999999986 -0.1999999985 1.2699999973 0.0001125723
0.2300000000 0.9999999965 -0.1999999970 0.4999999975 1.2699999976 0.9999999965 -0.1999999963 1.2699999932 0.0002692713
0.2320000000 0.9999999914 -0.1999999928 0.4999999940 1.2699999942 0.9999999914 -0.1999999910 1.2699999833 0.0006271766
0.2340000000 0.9999999793 -0.1999999826 0.4999999855 1.2699999862 0.9999999793 -0.1999999785 1.2699999598 0.0014080772
0.2360000000 0.9999999513 -0.1999999592 0.4999999659 1.2699999675 0.9999999513 -0.1999999495 1.2699999056 0.0029904743
0.2380000000 0.9999998884 -0.1999999067 0.4999999219 1.2699999255 0.9999998884 -0.1999998843 1.2699997838 0.0058329425
0.2400000000 0.9999997527 -0.1999997931 0.4999998269 1.2699998349 0.9999997527 -0.1999997436 1.2699995208 0.0100881971
0.2420000000 0.9999994723 -0.1999995585 0.4999996306 1.2699996478 0.9999994723 -0.1999994530 1.2699989777 0.0151045592
0.2440000000 0.9999989207 -0.1999990970 0.4999992445 1.2699992797 0.9999989207 -0.1999988811 1.2699979090 0.0196628006
0.2460000000 0.9999978832 -0.1999982290 0.4999985183 1.2699985874 0.9999978832 -0.1999978056 1.2699958991 0.0229321020
0.2480000000 0.9999960048 -0.1999966574 0.4999972034 1.2699973339 0.9999960048 -0.1999958584 1.2699922601 0.0248488749
0.2500000000 0.9999927056 -0.1999938971 0.4999948940 1.2699951323 0.9999927056 -0.1999924383 1.2699858684 0.0257413147
0.2520000000 0.9999870513 -0.1999891663 0.4999909360 1.2699913590 0.9999870513 -0.1999865767 1.2699749143 0.0259609624
0.2540000000 0.9999775600 -0.1999812252 0.4999842921 1.2699850252 0.9999775600 -0.1999767376 1.2699565267 0.0257616927
0.2560000000 0.9999619225 -0.1999681417 0.4999733460 1.2699745901 0.9999619225 -0.1999605274 1.2699262326 0.0253027270
0.2580000000 0.9999366089 -0.1999469622 0.4999556270 1.2699576983 0.9999366089 -0.1999342873 1.2698771942 0.0246781298
0.2600000000 0.9998963335 -0.1999132637 0.4999274355 1.2699308231 0.9998963335 -0.1998925394 1.2697991738 0.0239418889
0.2620000000 0.9998333539 -0.1998605668 0.4998833530 1.2698887994 0.9998333539 -0.1998272608 1.2696771774 0.0231244170
0.2640000000 0.9997365928 -0.1997795996 0.4998156280 1.2698242384 0.9997365928 -0.1997269762 1.2694897575 0.0222425543
0.2660000000 0.9995905979 -0.1996574250 0.4997134494 1.2697268360 0.9995905979 -0.1995756849 1.2692070071 0.0213054926
0.2680000000 0.9993743951 -0.1994764752 0.4995621473 1.2695826108 0.9993743951 -0.1993516818 1.2687883537 0.0203183172
0.2700000000 0.9990603470 -0.1992135859 0.4993423996 1.2693731502 0.9990603470 -0.1990263943 1.2681803800 0.0192842001
0.2720000000 0.9986131971 -0.1988391763 0.4990295732 1.2690749839 0.9986131971 -0.1985634256 1.2673150271 0.0182058388
0.2740000000 0.9979895428 -0.1983167735 0.4985933720 1.2686592513 0.9979895428 -0.1979180662 1.2661086661 0.0170864616
0.2760000000 0.9971380216 -0.1976031123 0.4979979930 1.2680918531 0.9971380216 -0.1970375765 1.2644626016 0.0159305613
0.2780000000 0.9960004843 -0.1966490327 0.4972029840 1.2673342720 0.9960004843 -0.1958625318 1.2622655487 0.0147444181
0.2800000000 0.9945143383 -0.1954013260 0.4961649308 1.2663451815 0.9945143383 -0.1943294204 1.2593984403 0.0135364185
0.2820000000 0.9926160717 -0.1938055425 0.4948399780 1.2650828478 0.9926160717 -0.1923744963 1.2557415667 0.0123171522
0.2840000000 0.9902457230 -0.1918095794 0.4931870113 1.2635081599 0.9902457230 -0.1899386156 1.2511835513 0.0110992624
0.2860000000 0.9873518014 -0.1893676623 0.4911711437 1.2615879470 0.9873518014 -0.1869725025 1.2456311322 0.0098970422
0.2880000000 0.9838959609 -0.1864441761 0.4887670033 1.2592981099 0.9838959609 -0.1834416718 1.2390183239 0.0087257938
0.2900000000 0.9798566700 -0.1830167446 0.4859612828 1.2566260530 0.9798566700 -0.1793301779 1.2313134198 0.0076009993
0.2920000000 0.9752312410 -0.1790780498 0.4827540992 1.2535719904 0.9752312410 -0.1746425087 1.2225225679 0.0065373797
0.2940000000 0.9700358686 -0.1746360938 0.4791589239 1.2501488987 0.9700358686 -0.1694032749 1.2126892728 0.0055479416
0.2960000000 0.9643037144 -0.1697129025 0.4752011223 1.2463811471 0.9643037144 -0.1636547823 1.2018899697 0.0046431156
0.2980000000 0.9580814346 -0.1643419504 0.4709154003 1.2423020862 0.9580814346 -0.1574529716 1.1902265650 0.0038300922
0.3000000000 0.9514247975 -0.1585647907 0.4663426308 1.2379510377 0.9514247975 -0.1508624739 1.1778173154 0.0031124344
0.3020000000 0.9443941112 -0.1524274487 0.4615265778 1.2333701758 0.9443941112 -0.1439515850 1.1647875310 0.0024900199
0.3040000000 0.9370500896 -0.1459770791 0.4565109653 1.2286017261 0.9370500896 -0.1367878351 1.1512613575 0.0019593162
0.3060000000 0.9294505787 -0.1392592462 0.4513371842 1.2236857646 0.9294505787 -0.1294345870 1.1373554421 0.0015139464
0.3080000000 0.9216483288 -0.1323160011 0.4460427586 1.2186587352 0.9216483288 -0.1219488213 1.1231747866 0.0011454554
0.3100000000 0.9136897835 -0.1251847629 0.4406605405 1.2135526632 0.9136897835 -0.1143800390 1.1088106702 0.0008441628
0.3120000000 0.9056147195 -0.1178978935 0.4352185059 1.2083949433 0.9056147195 -0.1067700677 1.0943402477 0.0005999787
0.3140000000 0.8974565013 -0.1104827914 0.4297399800 1.2032085412 0.8974565013 -0.0991534994 1.0798273278 0.0004030855
0.3160000000 0.8892427188 -0.1029623245 0.4242441235 1.1980124482 0.8892427188 -0.0915584973 1.0653238466 0.0002444222
0.3180000000 0.8809960118 -0.0953554428 0.4187465402 1.1928222548 0.8809960118 -0.0840077648 1.0508716493 0.0001159500
0.3200000000 0.8727349440 -0.0876778564 0.4132599110 1.1876507510 0.8727349440 -0.0765195291 1.0365043117 0.0000108457
0.3220000000 0.8644748151 -0.0799426972 0.4077945845 1.1825085025 0.8644748151 -0.0691084484 1.0222488190 0.0000762073
0.3240000000 0.8562283267 -0.0721610375 0.4023590448 1.1774042778 0.8562283267 -0.0617863244 1.0081268947 0.0001494821
0.3260000000 0.8480061543 -0.0643423437 0.3969603103 1.1723454091 0.8480061543 -0.0545627034 0.9941561219 0.0002126972
0.3280000000 0.8398174651 -0.0564949292 0.3916043058 1.1673381637 0.8398174651 -0.0474454283 0.9803509776 0.0002690040
0.3300000000 0.8316703602 -0.0486263367 0.3862961682 1.1623880299 0.8316703602 -0.0404410829 0.9667236715 0.0003210580
0.3320000000 0.8235722485 -0.0407436722 0.3810405031 1.1574999568 0.8235722485 -0.0335553577 0.9532848421 0.0003712084
0.3340000000 0.8155301788 -0.0328539128 0.3758416071 1.1526785587 0.8155301788 -0.0267933574 0.9400441511 0.0004216921
0.3360000000 0.8075511507 -0.0249642074 0.3707036726 1.1479282994 0.8075511507 -0.0201598745 0.9270108190 0.0004747998
0.3380000000 0.7996424268 -0.0170821946 0.3656309891 1.1432536726 0.7996424268 -0.0136596476 0.9141941412 0.0005331237
0.3400000000 0.7918118772 -0.0092163624 0.3606281590 1.1386593863 0.7918118772 -0.0072976252 0.9016040262 0.0005997405
0.3420000000 0.7840683737 -0.0013764821 0.3557003422 1.1341505769 0.7840683737 -0.0010792561 0.8892515984 0.0006786307
0.3440000000 0.7764222833 0.0064258465 0.3508535550 1.1297330541 0.7764222833 0.0049891704 0.8771499174 0.0007749984
0.3460000000 0.7688860877 0.0141764869 0.3460950455 1.1254136213 0.7688860877 0.0109001036 0.8653148763 0.0008960463
0.3480000000 0.7614752032 0.0218578294 0.3414337818 1.1212004723 0.7614752032 0.0166441951 0.8537663575 0.0010517805
0.3500000000 0.7542090588 0.0294475388 0.3368810960 1.1171037250 0.7542090588 0.0222096005 0.8425297490 0.0012564929
0.3520000000 0.7471125324 0.0369168815 0.3324515346 1.1131361124 0.7471125324 0.0275810648 0.8316379399 0.0015307467
0.3540000000 0.7402178341 0.0442285152 0.3281639724 1.1093138884 0.7402178341 0.0327387357 0.8211339238 0.0019044353
0.3560000000 0.7335669086 0.0513336479 0.3240430297 1.1056579731 0.7335669086 0.0376566654 0.8110741013 0.0024212838
0.3580000000 0.7272143330 0.0581685904 0.3201207728 1.1021953106 0.7272143330 0.0423010327 0.8015322277 0.0031451368
0.3600000000 0.7212303944 0.0646510314 0.3164385158 1.0989603032 0.7212303944 0.0466282889 0.7926035729 0.0041689980
0.3620000000 0.7157034828 0.0706770480 0.3130481959 1.0959958499 0.7157034828 0.0505838094 0.7844080469 0.0056265303
0.3640000000 0.7107398336 0.0761210985 0.3100121681 1.0933530760 0.7107398336 0.0541022969 0.7770895833 0.0077069054
0.3660000000 0.7064572246 0.0808429917 0.3073993909 1.0910880481 0.7064572246 0.0571121155 0.7708070343 0.0106727387
0.3680000000 0.7029681057 0.0847071371 0.3052753290 1.0892532952 0.7029681057 0.0595464157 0.7657103256 0.0148862574
0.3700000000 0.7003492531 0.0876175598 0.3036838390 1.0878826922 0.7003492531 0.0613628925 0.7618978309 0.0208662263
0.3720000000 0.6986025964 0.0895633413 0.3026237978 1.0869719794 0.6986025964 0.0625691827 0.7593614470 0.0294627267
0.3740000000 0.6976252715 0.0906535074 0.3020312571 1.0864639461 0.6976252715 0.0632421777 0.7579447053 0.0425077825
0.3760000000 0.6972155621 0.0911105948 0.3017831013 1.0862517082 0.6972155621 0.0635237246 0.7573515954 0.0660041523
0.3780000000 0.6971269998 0.0912091090 0.3017296385 1.0862064323 0.6971269998 0.0635843325 0.7572238313 0.1083206288
0.3800000000 0.6971620596 0.0911695634 0.3017510993 1.0862253684 0.6971620596 0.0635599606 0.7572751151 0.0632032262
0.3820000000 0.6972722735 0.0910460900 0.3018181134 1.0862833549 0.6972722735 0.0634839142 0.7574352646 0.0304901843
0.3840000000 0.6974602607 0.0908357962 0.3019322776 1.0863817746 0.6974602607 0.0633543581 0.7577081157 0.0154933733
0.3860000000 0.6977035238 0.0905638514 0.3020799667 1.0865089644 0.6977035238 0.0631867182 0.7580611331 0.0025469126
0.3880000000 0.6979505564 0.0902877722 0.3022299665 1.0866381787 0.6979505564 0.0630164009 0.7584197214 0.0133987621
0.3900000000 0.6981355117 0.0900809899 0.3023423586 1.0867352021 0.6981355117 0.0628887380 0.7586884364 0.0325191486
0.3920000000 0.6982304869 0.0899745641 0.3024002182 1.0867855170 0.6982304869 0.0628229837 0.7588267808 0.0541288577
0.3940000000 0.6982601000 0.0899410073 0.3024184640 1.0868019056 0.6982601000 0.0628022167 0.7588704073 0.0837627524
0.3960000000 0.6982628715 0.0899373562 0.3024204497 1.0868043892 0.6982628715 0.0627999166 0.7588751536 0.0963504929
0.3980000000 0.6982592032 0.0899408635 0.3024185433 1.0868035673 0.6982592032 0.0628020357 0.7588705929 0.0228199202
0.4000000000 0.6982537439 0.0899463434 0.3024155644 1.0868018600 0.6982537439 0.0628053710 0.7588634676 0.0082452513
0.4020000000 0.6982494435 0.0899504996 0.3024133051 1.0868008135 0.6982494435 0.0628078863 0.7588580632 0.0369849671
0.4040000000 0.6982477160 0.0899517521 0.3024126247 1.0868011687 0.6982477160 0.0628086055 0.7588564338 0.0595275390
0.4060000000 0.6982475828 0.0899511925 0.3024129295 1.0868024164 0.6982475828 0.0628082027 0.7588571602 0.0389637300
0.4080000000 0.6982479130 0.0899500835 0.3024135330 1.0868039654 0.6982479130 0.0628074580 0.7588586006 0.0142072272
0.4100000000 0.6982479863 0.0899492193 0.3024140034 1.0868054581 0.6982479863 0.0628068612 0.7588597226 0.0394723611
0.4120000000 0.6982474939 0.0899489446 0.3024141533 1.0868067334 0.6982474939 0.0628066251 0.7588600780 0.0217218926
0.4140000000 0.6982465628 0.0899491168 0.3024140601 1.0868078592 0.6982465628 0.0628066616 0.7588598521 0.0053414760
0.4160000000 0.6982455319 0.0899493535 0.3024139318 1.0868090198 0.6982455319 0.0628067342 0.7588595421 0.0092386222
0.4180000000 0.6982447700 0.0899492372 0.3024139955 1.0868104188 0.6982447700 0.0628065844 0.7588596909 0.0146407160
0.4200000000 0.6982442951 0.0899487463 0.3024142628 1.0868120682 0.6982442951 0.0628061989 0.7588603264 0.0001884609
0.4220000000 0.6982437693 0.0899482513 0.3024145323 1.0868138038 0.6982437693 0.0628058060 0.7588609669 0.0181062956
0.4240000000 0.6982428204 0.0899481621 0.3024145811 1.0868154422 0.6982428204 0.0628056584 0.7588610796 0.0160602214
0.4260000000 0.6982414060 0.0899485233 0.3024143851 1.0868169661 0.6982414060 0.0628057834 0.7588606065 0.0062080389
0.4280000000 0.6982398082 0.0899490149 0.3024141181 1.0868185321 0.6982398082 0.0628059829 0.7588599634 0.0048228928
0.4300000000 0.6982384268 0.0899491811 0.3024140280 1.0868203666 0.6982384268 0.0628059747 0.7588597430 0.0111092007
0.4320000000 0.6982373924 0.0899488708 0.3024141970 1.0868225478 0.6982373924 0.0628056650 0.7588601418 0.0042688462
0.4340000000 0.6982364321 0.0899483810 0.3024144635 1.0868249470 0.6982364321 0.0628052367 0.7588607733 0.0106427320
0.4360000000 0.6982351192 0.0899481747 0.3024145758 1.0868273667 0.6982351192 0.0628049745 0.7588610359 0.0138027701
0.4380000000 0.6982333014 0.0899484154 0.3024144451 1.0868297391 0.6982333014 0.0628049790 0.7588607168 0.0071689529
0.4400000000 0.6982312011 0.0899488459 0.3024142111 1.0868321970 0.6982312011 0.0628050907 0.7588601504 0.0010063078
0.4420000000 0.6982291838 0.0899490425 0.3024141042 1.0868349605 0.6982291838 0.0628050465 0.7588598874 0.0049384710
0.4440000000 0.6982273822 0.0899488439 0.3024142121 1.0868381230 0.6982273822 0.0628047458 0.7588601375 0.0000502039
0.4460000000 0.6982255400 0.0899485181 0.3024143892 1.0868415846 0.6982255400 0.0628043526 0.7588605522 0.0080384120
0.4480000000 0.6982233015 0.0899484412 0.3024144309 1.0868451983 0.6982233015 0.0628040976 0.7588606426 0.0086029465
0.4500000000 0.6982206143 0.0899486548 0.3024143146 1.0868489685 0.6982206143 0.0628040050 0.7588603545 0.0041211441
0.4520000000 0.6982177081 0.0899488798 0.3024141920 1.0868530567 0.6982177081 0.0628039007 0.7588600504 0.0006689389
0.4540000000 0.6982147699 0.0899488777 0.3024141929 1.0868576163 0.6982147699 0.0628036349 0.7588600405 0.0017965670
0.4560000000 0.6982116970 0.0899487267 0.3024142747 1.0868626612 0.6982116970 0.0628032531 0.7588602230 0.0053423982
0.4580000000 0.6982082382 0.0899486686 0.3024143058 1.0868681315 0.6982082382 0.0628029014 0.7588602833 0.0062491960
0.4600000000 0.6982043060 0.0899487600 0.3024142556 1.0868740582 0.6982043060 0.0628026116 0.7588601476 0.0047603628
0.4620000000 0.6981999847 0.0899488559 0.3024142029 1.0868805800 0.6981999847 0.0628022898 0.7588600043 0.0039116753
0.4640000000 0.6981953070 0.0899488550 0.3024142027 1.0868878340 0.6981953070 0.0628018684 0.7588599849 0.0047200778
0.4660000000 0.6981901521 0.0899488161 0.3024142231 1.0868958982 0.6981901521 0.0628013776 0.7588600125 0.0057383716
0.4680000000 0.6981843659 0.0899488240 0.3024142179 1.0869048545 0.6981843659 0.0628008627 0.7588599767 0.0059144569
0.4700000000 0.6981778641 0.0899488658 0.3024141942 1.0869148577 0.6981778641 0.0628003070 0.7588598938 0.0058463437
0.4720000000 0.6981705731 0.0899488889 0.3024141807 1.0869261195 0.6981705731 0.0627996673 0.7588598318 0.0061825163
0.4740000000 0.6981623451 0.0899488900 0.3024141789 1.0869388753 0.6981623451 0.0627989280 0.7588597941 0.0067376390
0.4760000000 0.6981529671 0.0899488970 0.3024141738 1.0869534037 0.6981529671 0.0627980894 0.7588597439 0.0072263247
0.4780000000 0.6981421898 0.0899489145 0.3024141629 1.0869700832 0.6981421898 0.0627971321 0.7588596742 0.0075214258
0.4800000000 0.6981297446 0.0899489292 0.3024141534 1.0869893552 0.6981297446 0.0627960229 0.7588596009 0.0083078390
0.4820000000 0.6981151662 0.0899489388 0.3024141464 1.0870119457 0.6981151662 0.0627947184 0.7588595252 0.0124236810
0.4840000000 0.6980967150 0.0899489492 0.3024141389 1.0870405436 0.6980967150 0.0627930659 0.7588594325 0.0192377606
0.4860000000 0.6980701561 0.0899489602 0.3024141309 1.0870817197 0.6980701561 0.0627906847 0.7588593057 0.0256294346
0.4880000000 0.6980269958 0.0899489702 0.3024141233 1.0871486595 0.6980269958 0.0627868094 0.7588591127 0.0300065777
0.4900000000 0.6979507401 0.0899489794 0.3024141159 1.0872669700 0.6979507401 0.0627799567 0.7588587864 0.0323545087
0.4920000000 0.6978098286 0.0899489882 0.3024141086 1.0874856836 0.6978098286 0.0627672881 0.7588581985 0.0332190529
0.4940000000 0.6975452123 0.0899489966 0.3024141013 1.0878966652 0.6975452123 0.0627434919 0.7588571103 0.0331243449
0.4960000000 0.6970496020 0.0899490045 0.3024140940 1.0886672706 0.6970496020 0.0626989178 0.7588550877 0.0324272032
0.4980000000 0.6961346300 0.0899490121 0.3024140868 1.0900928296 0.6961346300 0.0626166223 0.7588513685 0.0313384895
0.5000000000 0.6944821643 0.0899490193 0.3024140794 1.0926769683 0.6944821643 0.0624679896 0.7588446658 0.0299720026
0.5020000000 0.6915779536 0.0899490261 0.3024140721 1.0972485388 0.6915779536 0.0622067634 0.7588328991 0.0283816438
0.5040000000 0.6866314664 0.0899490325 0.3024140647 1.1051239384 0.6866314664 0.0617618361 0.7588128705 0.0265829960
0.5060000000 0.6784974948 0.0899490384 0.3024140574 1.1183238744 0.6784974948 0.0610301972 0.7587799472 0.0245626416
0.5080000000 0.6656348946 0.0899490437 0.3024140501 1.1398559496 0.6656348946 0.0598732223 0.7587278949 0.0222755019
0.5100000000 0.6461669194 0.0899490487 0.3024140430 1.1740760762 0.6461669194 0.0581220997 0.7586491213 0.0196207891
0.5120000000 0.6181481761 0.0899490532 0.3024140361 1.2271099165 0.6181481761 0.0556018431 0.7585357567 0.0163769598
0.5140000000 0.5802069059 0.0899490572 0.3024140294 1.3070893233 0.5802069059 0.0521890642 0.7583822520 0.0095283033
0.5160000000 0.5348588560 0.0899490607 0.3024140232 1.4175679738 0.5348588560 0.0481100517 0.7581987849 0.0016927491
0.5180000000 0.4907712268 0.0899490637 0.3024140174 1.5445494283 0.4907712268 0.0441444123 0.7580204177 0.0079859621
0.5200000000 0.4526378512 0.0899490662 0.3024140120 1.6743322218 0.4526378512 0.0407143520 0.7578661390 0.0118931738
0.5220000000 0.4219615824 0.0899490683 0.3024140070 1.7957607037 0.4219615824 0.0379550512 0.7577420282 0.0148958703
0.5240000000 0.3986284575 0.0899490701 0.3024140022 1.9006360677 0.3986284575 0.0358562591 0.7576476240 0.0174042220
0.5260000000 0.3816968825 0.0899490714 0.3024139975 1.9847663209 0.3816968825 0.0343332801 0.7575791172 0.0195921507
0.5280000000 0.3699080461 0.0899490723 0.3024139930 2.0478911531 0.3699080461 0.0332728856 0.7575314151 0.0215523356
0.5300000000 0.3620002953 0.0899490728 0.3024139885 2.0925381101 0.3620002953 0.0325615909 0.7574994138 0.0233415139
0.5320000000 0.3568745989 0.0899490728 0.3024139841 2.1225345527 0.3568745989 0.0321005393 0.7574786671 0.0249982985
0.5340000000 0.3536566976 0.0899490724 0.3024139796 2.1418105275 0.3536566976 0.0318110919 0.7574656381 0.0265518343
0.5360000000 0.3516965927 0.0899490715 0.3024139750 2.1537248666 0.3516965927 0.0316347820 0.7574576971 0.0280270534
0.5380000000 0.3505366615 0.0899490702 0.3024139703 2.1608381553 0.3505366615 0.0315304468 0.7574529929 0.0294490229
0.5400000000 0.3498692837 0.0899490685 0.3024139655 2.1649522156 0.3498692837 0.0314704162 0.7574502810 0.0308481373
0.5420000000 0.3494959002 0.0899490663 0.3024139605 2.1672607818 0.3494959002 0.0314368299 0.7574487580 0.0322683764
0.5440000000 0.3492929433 0.0899490637 0.3024139554 2.1685176829 0.3492929433 0.0314185732 0.7574479240 0.0337827827
0.5460000000 0.3491860442 0.0899490607 0.3024139501 2.1691802720 0.3491860442 0.0314089567 0.7574474783 0.0355253244
0.5480000000 0.3491318147 0.0899490571 0.3024139447 2.1695165362 0.3491318147 0.0314040775 0.7574472453 0.0377621188
0.5500000000 0.3491056698 0.0899490530 0.3024139391 2.1696786705 0.3491056698 0.0314017244 0.7574471255 0.0410869812
0.5520000000 0.3490940610 0.0899490483 0.3024139334 2.1697506452 0.3490940610 0.0314006786 0.7574470641 0.0470002325
0.5540000000 0.3490897083 0.0899490431 0.3024139275 2.1697776063 0.3490897083 0.0314002852 0.7574470316 0.0590626769
0.5560000000 0.3490887359 0.0899490371 0.3024139214 2.1697835946 0.3490887359 0.0314001957 0.7574470123 0.0708566382
0.5580000000 0.3490896288 0.0899490306 0.3024139151 2.1697780090 0.3490896288 0.0314002737 0.7574469998 0.0385558534
0.5600000000 0.3490921329 0.0899490234 0.3024139085 2.1697624265 0.3490921329 0.0314004964 0.7574469933 0.0069047430
0.5620000000 0.3490950924 0.0899490155 0.3024139018 2.1697440173 0.3490950924 0.0314007599 0.7574469881 0.0032030611
0.5640000000 0.3490978618 0.0899490068 0.3024138947 2.1697267852 0.3490978618 0.0314010059 0.7574469815 0.0046722384
0.5660000000 0.3491003639 0.0899489972 0.3024138874 2.1697112103 0.3491003639 0.0314012277 0.7574469730 0.0047586072
0.5680000000 0.3491026150 0.0899489867 0.3024138798 2.1696971902 0.3491026150 0.0314014265 0.7574469628 0.0045672799
0.5700000000 0.3491046448 0.0899489753 0.3024138720 2.1696845411 0.3491046448 0.0314016051 0.7574469511 0.0043300772
0.5720000000 0.3491064813 0.0899489632 0.3024138640 2.1696730900 0.3491064813 0.0314017660 0.7574469380 0.0041001203
0.5740000000 0.3491081484 0.0899489500 0.3024138556 2.1696626873 0.3491081484 0.0314019114 0.7574469234 0.0038861258
0.5760000000 0.3491096663 0.0899489351 0.3024138465 2.1696532056 0.3491096663 0.0314020427 0.7574469065 0.0036782072
0.5780000000 0.3491110523 0.0899489186 0.3024138370 2.1696445378 0.3491110523 0.0314021616 0.7574468877 0.0034751488
0.5800000000 0.3491123217 0.0899489021 0.3024138275 2.1696365934 0.3491123217 0.0314022701 0.7574468685 0.0032976819
0.5820000000 0.3491134873 0.0899488861 0.3024138181 2.1696292951 0.3491134873 0.0314023693 0.7574468493 0.0031559578
0.5840000000 0.3491145593 0.0899488683 0.3024138081 2.1696225722 0.3491145593 0.0314024595 0.7574468281 0.0030230548
0.5860000000 0.3491155465 0.0899488458 0.3024137964 2.1696163624 0.3491155465 0.0314025405 0.7574468020 0.0028371068
0.5880000000 0.3491164579 0.0899488204 0.3024137835 2.1696106143 0.3491164579 0.0314026136 0.7574467727 0.0025974204
0.5900000000 0.3491173033 0.0899487984 0.3024137720 2.1696052860 0.3491173033 0.0314026819 0.7574467467 0.0024366879
0.5920000000 0.3491180902 0.0899487823 0.3024137628 2.1696003379 0.3491180902 0.0314027471 0.7574467264 0.0024528043
0.5940000000 0.3491188212 0.0899487620 0.3024137520 2.1695957245 0.3491188212 0.0314028058 0.7574467018 0.0025102052
0.5960000000 0.3491194972 0.0899487241 0.3024137345 2.1695914023 0.3491194972 0.0314028533 0.7574466595 0.0023039690
0.5980000000 0.3491201234 0.0899486714 0.3024137113 2.1695873470 0.3491201234 0.0314028913 0.7574466024 0.0017866013
0.6000000000 0.3491207117 0.0899486296 0.3024136923 2.1695835581 0.3491207117 0.0314029296 0.7574465559 0.0014198211
0.6020000000 0.3491212720 0.0899486195 0.3024136855 2.1695800337 0.3491212720 0.0314029764 0.7574465410 0.0017311680
0.6040000000 0.3491218016 0.0899486233 0.3024136842 2.1695767392 0.3491218016 0.0314030254 0.7574465398 0.0025374087
0.6060000000 0.3491222872 0.0899485902 0.3024136686 2.1695736128 0.3491222872 0.0314030575 0.7574465019 0.0028498478
0.6080000000 0.3491227221 0.0899484912 0.3024136278 2.1695706142 0.3491227221 0.0314030621 0.7574463985 0.0017795965
0.6100000000 0.3491231220 0.0899483693 0.3024135782 2.1695677675 0.3491231220 0.0314030555 0.7574462724 0.0000300164
0.6120000000 0.3491235178 0.0899483148 0.3024135547 2.1695651386 0.3491235178 0.0314030721 0.7574462133 0.0005837987
0.6140000000 0.3491239249 0.0899483701 0.3024135733 2.1695627522 0.3491239249 0.0314031280 0.7574462634 0.0011105371
0.6160000000 0.3491243218 0.0899484612 0.3024136058 2.1695605313 0.3491243218 0.0314031955 0.7574463491 0.0039989384
0.6180000000 0.3491246637 0.0899484416 0.3024135957 2.1695583366 0.3491246637 0.0314032194 0.7574463247 0.0056552032
0.6200000000 0.3491249237 0.0899482214 0.3024135086 2.1695560799 0.3491249237 0.0314031659 0.7574461009 0.0033786280
0.6220000000 0.3491251275 0.0899478774 0.3024133738 2.1695538204 0.3491251275 0.0314030641 0.7574457541 0.0021511604
0.6240000000 0.3491253450 0.0899476265 0.3024132749 2.1695517399 0.3491253450 0.0314029961 0.7574454998 0.0056682830
0.6260000000 0.3491256371 0.0899476570 0.3024132842 2.1695499974 0.3491256371 0.0314030331 0.7574455251 0.0039917889
0.6280000000 0.3491260012 0.0899479589 0.3024133978 2.1695485798 0.3491260012 0.0314031712 0.7574458201 0.0015952473
0.6300000000 0.3491263604 0.0899482867 0.3024135214 2.1695472663 0.3491263604 0.0314033180 0.7574461409 0.0083085040
0.6320000000 0.3491266161 0.0899483263 0.3024135343 2.1695457763 0.3491266161 0.0314033548 0.7574461753 0.0131866926
0.6340000000 0.3491267157 0.0899479105 0.3024133721 2.1695439595 0.3491267157 0.0314032186 0.7574457572 0.0096565280
0.6360000000 0.3491266985 0.0899471613 0.3024130817 2.1695419200 0.3491266985 0.0314029555 0.7574450077 0.0036697374
0.6380000000 0.3491266880 0.0899464659 0.3024128121 2.1695399912 0.3491266880 0.0314027118 0.7574443117 0.0141728354
0.6400000000 0.3491268105 0.0899462197 0.3024127151 2.1695385149 0.3491268105 0.0314026368 0.7574440620 0.0127542910
0.6420000000 0.3491271134 0.0899465705 0.3024128477 2.1695376173 0.3491271134 0.0314027865 0.7574444057 0.0041106865
0.6440000000 0.3491275127 0.0899472515 0.3024131073 2.1695370610 0.3491275127 0.0314030602 0.7574450777 0.0068176087
0.6460000000 0.3491278397 0.0899477287 0.3024132885 2.1695363734 0.3491278397 0.0314032562 0.7574455471 0.0185419128
0.6480000000 0.3491279546 0.0899475596 0.3024132214 2.1695351643 0.3491279546 0.0314032075 0.7574453744 0.0208454678
0.6500000000 0.3491278228 0.0899466346 0.3024128636 2.1695333369 0.3491278228 0.0314028727 0.7574444505 0.0059280407
0.6520000000 0.3491275713 0.0899453535 0.3024123690 2.1695312403 0.3491275713 0.0314024028 0.7574431727 0.0116571395
0.6540000000 0.3491274224 0.0899444161 0.3024120066 2.1695294839 0.3491274224 0.0314020622 0.7574422366 0.0245973619
0.6560000000 0.3491275447 0.0899443529 0.3024119803 2.1695285316 0.3491275447 0.0314020511 0.7574421693 0.0164003523
0.6580000000 0.3491279392 0.0899451674 0.3024122915 2.1695283857 0.3491279392 0.0314023710 0.7574429744 0.0014020271
0.6600000000 0.3491283725 0.0899461212 0.3024126562 2.1695283958 0.3491283725 0.0314027429 0.7574439179 0.0239009844
0.6620000000 0.3491285369 0.0899462424 0.3024127008 2.1695277064 0.3491285369 0.0314028000 0.7574440340 0.0378079554
0.6640000000 0.3491282009 0.0899448000 0.3024121443 2.1695256757 0.3491282009 0.0314022662 0.7574425960 0.0196364184
0.6660000000 0.3491273880 0.0899418677 0.3024110150 2.1695223681 0.3491273880 0.0314011694 0.7574396775 0.0031515880
0.6680000000 0.3491265385 0.0899388340 0.3024098468 2.1695189981 0.3491265385 0.0314000338 0.7574366581 0.0360793418
0.6700000000 0.3491262171 0.0899374777 0.3024093234 2.1695171226 0.3491262171 0.0313995314 0.7574353059 0.0605648004
0.6720000000 0.3491270093 0.0899396470 0.3024101555 2.1695183622 0.3491270093 0.0314003600 0.7574374575 0.0333182834
0.6740000000 0.3491292555 0.0899464149 0.3024127557 2.1695236580 0.3491292555 0.0314029249 0.7574441794 0.0077556649
0.6760000000 0.3491322306 0.0899554940 0.3024162445 2.1695310036 0.3491322306 0.0314063623 0.7574531986 0.0163730086
0.6780000000 0.3491345479 0.0899625090 0.3024189397 2.1695365609 0.3491345479 0.0314090199 0.7574601664 0.0751794136
0.6800000000 0.3491349734 0.0899635660 0.3024193443 2.1695369143 0.3491349734 0.0314094272 0.7574612128 0.0840896304
0.6820000000 0.3491315371 0.0899524523 0.3024150697 2.1695266192 0.3491315371 0.0314052379 0.7574501633 0.0368475793
0.6840000000 0.3491227830 0.0899245752 0.3024043502 2.1695016500 0.3491227830 0.0313947180 0.7574224539 0.0097636158
0.6860000000 0.3491110751 0.0898873887 0.3023900522 2.1694685399 0.3491110751 0.0313806829 0.7573854943 0.0144256449
0.6880000000 0.3491013044 0.0898563199 0.3023781066 2.1694408087 0.3491013044 0.0313689585 0.7573546161 0.0681860633
0.6900000000 0.3490977495 0.0898448649 0.3023737014 2.1694302827 0.3490977495 0.0313646401 0.7573432294 0.1032548610
0.6920000000 0.3491087139 0.0898792173 0.3023869059 2.1694599202 0.3491087139 0.0313776180 0.7573773626 0.0512908148
0.6940000000 0.3491473011 0.0900007050 0.3024336117 2.1695659560 0.3491473011 0.0314235033 0.7574980980 0.0241771804
0.6960000000 0.3492142895 0.0902117582 0.3025147667 2.1697505536 0.3492142895 0.0315032350 0.7577078980 0.0045877498
0.6980000000 0.3492926096 0.0904585113 0.3026096735 2.1699665221 0.3492926096 0.0315964895 0.7579532694 0.0129418496
0.7000000000 0.3493587196 0.0906667292 0.3026897787 2.1701487559 0.3493587196 0.0316752124 0.7581603908 0.0379582613
0.7020000000 0.3493954332 0.0907822597 0.3027342328 2.1702497145 0.3493954332 0.0317189070 0.7582753391 0.1073347594
0.7040000000 0.3493815436 0.0907382815 0.3027173089 2.1702107375 0.3493815436 0.0317022808 0.7582315774 0.0724361129
0.7060000000 0.3492549609 0.0903390368 0.3025637124 2.1698602035 0.3492549609 0.0315513568 0.7578344405 0.0369554477
0.7080000000 0.3489664316 0.0894288404 0.3022137913 2.1690622431 0.3489664316 0.0312076633 0.7569299109 0.0180392060
0.7100000000 0.3485355601 0.0880685361 0.3016914756 2.1678715407 0.3485355601 0.0306950166 0.7555803216 0.0046695374
0.7120000000 0.3480430184 0.0865118102 0.3010946944 2.1665113913 0.3480430184 0.0301098315 0.7540391640 0.0055393194
0.7140000000 0.3475812305 0.0850505501 0.3005354407 2.1652369771 0.3475812305 0.0295619748 0.7525957328 0.0145278217
0.7160000000 0.3472147944 0.0838898191 0.3000918445 2.1642262536 0.3472147944 0.0291277863 0.7514513737 0.0252644731
0.7180000000 0.3469741489 0.0831269475 0.2998006047 2.1635626898 0.3469741489 0.0288429018 0.7507003228 0.0436970891
0.7200000000 0.3468587445 0.0827608765 0.2996609362 2.1632443554 0.3468587445 0.0287063337 0.7503402210 0.1083310975
0.7220000000 0.3468724281 0.0828041042 0.2996774279 2.1632815923 0.3468724281 0.0287224607 0.7503827385 0.0764707590
0.7240000000 0.3471087345 0.0835530964 0.2999632724 2.1639322503 0.3471087345 0.0290020095 0.7511197850 0.0384135186
0.7260000000 0.3476618129 0.0853048315 0.3006327041 2.1654570185 0.3476618129 0.0296572324 0.7528467128 0.0233445789
0.7280000000 0.3485596818 0.0881439707 0.3017204040 2.1679359147 0.3485596818 0.0307234344 0.7556550527 0.0152277923
0.7300000000 0.3497821502 0.0920001031 0.3032031234 2.1713174602 0.3497821502 0.0321799939 0.7594880900 0.0103434767
0.7320000000 0.3512859408 0.0967287591 0.3050298623 2.1754871520 0.3512859408 0.0339794532 0.7642180510 0.0072300261
0.7340000000 0.3530220572 0.1021677134 0.3071426633 2.1803145367 0.3530220572 0.0360674564 0.7696991231 0.0051790981
0.7360000000 0.3549451467 0.1081673482 0.3094878106 2.1856785306 0.3549451467 0.0383934753 0.7757959867 0.0037975653
0.7380000000 0.3570171496 0.1146023927 0.3120202018 2.1914773137 0.3570171496 0.0409150196 0.7823949840 0.0028501824
0.7400000000 0.3592077821 0.1213733426 0.3147039441 2.1976297067 0.3592077821 0.0435982492 0.7894056929 0.0021900080
0.7420000000 0.3614936362 0.1284033905 0.3175112999 2.2040728263 0.3614936362 0.0464170085 0.7967583005 0.0017228430
0.7440000000 0.3638568777 0.1356340783 0.3204211492 2.2107586456 0.3638568777 0.0493513922 0.8043997382 0.0013872007
0.7460000000 0.3662839897 0.1430211292 0.3234175019 2.2176506619 0.3662839897 0.0523863498 0.8122899322 0.0011423718
0.7480000000 0.3687647191 0.1505309679 0.3264882501 2.2247210976 0.3687647191 0.0555105101 0.8203986506 0.0009610614
0.7500000000 0.3712912512 0.1581380025 0.3296241877 2.2319487011 0.3712912512 0.0587152568 0.8287030259 0.0008247426
0.7520000000 0.3738575855 0.1658225720 0.3328182689 2.2393170797 0.3738575855 0.0619940264 0.8371856766 0.0007206863
0.7540000000 0.3764590711 0.1735694253 0.3360650559 2.2468134586 0.3764590711 0.0653417846 0.8458333077 0.0006400384
0.7560000000 0.3790920646 0.1813666013 0.3393603113 2.2544277646 0.3790920646 0.0687546393 0.8546356758 0.0005765654
0.7580000000 0.3817536779 0.1892046067 0.3427006978 2.2621519497 0.3817536779 0.0722295545 0.8635848268 0.0005258250
0.7600000000 0.3844415925 0.1970758104 0.3460835564 2.2699794914 0.3844415925 0.0757641384 0.8726745305 0.0004846079
0.7620000000 0.3871539209 0.2049739949 0.3495067410 2.2779050213 0.3871539209 0.0793564858 0.8818998605 0.0004505683
0.7640000000 0.3898891041 0.2128940219 0.3529684953 2.2859240468 0.3898891041 0.0830050595 0.8912568786 0.0004219688
0.7660000000 0.3926458328 0.2208315808 0.3564673587 2.2940327397 0.3926458328 0.0867085999 0.9007423954 0.0003975028
0.7680000000 0.3954229883 0.2287829969 0.3600020954 2.3022277743 0.3954229883 0.0904660563 0.9103537863 0.0003761717
0.7700000000 0.3982195964 0.2367450842 0.3635716378 2.3105062020 0.3982195964 0.0942765319 0.9200888472 0.0003571985
0.7720000000 0.4010347905 0.2447150294 0.3671750428 2.3188653516 0.4010347905 0.0981392406 0.9299456805 0.0003399678
0.7740000000 0.4038677827 0.2526903009 0.3708114558 2.3273027481 0.4038677827 0.1020534715 0.9399226006 0.0003239776
0.7760000000 0.4067178394 0.2606685734 0.3744800808 2.3358160457 0.4067178394 0.1060185590 0.9500180553 0.0003088055
0.7780000000 0.4095842605 0.2686476662 0.3781801550 2.3444029700 0.4095842605 0.1100338557 0.9602305568 0.0002940856
0.7800000000 0.4124663617 0.2766254888 0.3819109253 2.3530612653 0.4124663617 0.1140987089 0.9705586189 0.0002794846
0.7820000000 0.4153634570 0.2845999932 0.3856716269 2.3617886460 0.4153634570 0.1182124370 0.9810006967 0.0002646837
0.7840000000 0.4182748431 0.2925691284 0.3894614620 2.3705827484 0.4182748431 0.1223743063 0.9915551271 0.0002493622
0.7860000000 0.4211997824 0.3005307962 0.3932795779 2.3794410813 0.4211997824 0.1265835060 1.0022200658 0.0002331819
0.7880000000 0.4241374858 0.3084828056 0.3971250433 2.3883609726 0.4241374858 0.1308391216 1.0129934180 0.0002157699
0.7900000000 0.4270870926 0.3164228232 0.4009968217 2.3973395091 0.4270870926 0.1351401036 1.0238727609 0.0001966953
0.7920000000 0.4300476489 0.3243483177 0.4048937406 2.4063734666 0.4300476489 0.1394852314 1.0348552517 0.0001754454
0.7940000000 0.4330180803 0.3322564948 0.4088144547 2.4154592269 0.4330180803 0.1438730696 1.0459375176 0.0001513960
0.7960000000 0.4359971602 0.3401442199 0.4127574005 2.4245926747 0.4359971602 0.1483019139 1.0571155208 0.0001237673
0.7980000000 0.4389834693 0.3480079222 0.4167207414 2.4337690723 0.4389834693 0.1527697250 1.0683843908 0.0000915723
0.8000000000 0.4419753461 0.3558434765 0.4207022967 2.4429829004 0.4419753461 0.1572740437 1.0797382129 0.0000535531
0.8020000000 0.4449708237 0.3636460544 0.4246994536 2.4522276576 0.4449708237 0.1618118844 1.0911697607 0.0000081134
0.8040000000 0.4479675504 0.3714099361 0.4287090547 2.4614956019 0.4479675504 0.1663795993 1.1026701550 0.0000467197
0.8060000000 0.4509626926 0.3791282817 0.4327272598 2.4707774342 0.4509626926 0.1709727108 1.1142284446 0.0001133975
0.8080000000 0.4539528191 0.3867928724 0.4367493846 2.4800619484 0.4539528191 0.1755857148 1.1258311129 0.0001951112
0.8100000000 0.4569337545 0.3943937702 0.4407696922 2.4893355547 0.4569337545 0.1802118262 1.1374614413 0.0002958813
0.8120000000 0.4599004010 0.4019189075 0.4447811382 2.4985817023 0.4599004010 0.1848426667 1.1490987269 0.0004205833
0.8140000000 0.4628465313 0.4093536185 0.4487750754 2.5077802165 0.4628465313 0.1894679024 1.1607173743 0.0005750019
0.8160000000 0.4657645634 0.4166801361 0.4527409298 2.5169065710 0.4657645634 0.1940748417 1.1722858902 0.0007658150
0.8180000000 0.4686453318 0.4238770897 0.4566658674 2.5259311473 0.4686453318 0.1986480194 1.1837658407 0.0010004739
0.8200000000 0.4714778809 0.4309190711 0.4605344908 2.5348185633 0.4714778809 0.2031688105 1.1951108846 0.0012869589
0.8220000000 0.4742493218 0.4377763586 0.4643286199 2.5435272011 0.4742493218 0.2076151412 1.2062660501 0.0016334011
0.8240000000 0.4769448037 0.4444149203 0.4680272307 2.5520090977 0.4769448037 0.2119613869 1.2171674781 0.0020475819
0.8260000000 0.4795476585 0.4507968279 0.4716066373 2.5602103915 0.4795476585 0.2161785633 1.2277428985 0.0025363454
0.8280000000 0.4820397772 0.4568812042 0.4750410016 2.5680725096 0.4820397772 0.2202349139 1.2379131004 0.0031049804
0.8300000000 0.4844022582 0.4626257886 0.4783032307 2.5755342296 0.4844022582 0.2240969767 1.2475945970 0.0037566437
0.8320000000 0.4866163349 0.4679891192 0.4813662769 2.5825346420 0.4866163349 0.2277311500 1.2567035423 0.0044919005
0.8340000000 0.4886645389 0.4729332206 0.4842047831 2.5890168758 0.4886645389 0.2311056942 1.2651607378 0.0053084460
0.8360000000 0.4905319974 0.4774265519 0.4867969312 2.5949322632 0.4905319974 0.2341930001 1.2728973063 0.0062010542
0.8380000000 0.4922077089 0.4814468583 0.4891262735 2.6002444457 0.4922077089 0.2369718551 1.2798603613 0.0071617700
0.8400000000 0.4936856109 0.4849835070 0.4911832809 2.6049328235 0.4936856109 0.2394293789 1.2860178522 0.0081803306
0.8420000000 0.4949652603 0.4880389118 0.4929663494 2.6089947717 0.4949652603 0.2415623070 1.2913617763 0.0092447718
0.8440000000 0.4960519976 0.4906287688 0.4944820741 2.6124462030 0.4960519976 0.2433773809 1.2959091577 0.0103421512
0.8460000000 0.4969565487 0.4927810194 0.4957447229 2.6153203301 0.4969565487 0.2448907547 1.2997005651 0.0114593057
0.8480000000 0.4976941208 0.4945336786 0.4967749835 2.6176648009 0.4976941208 0.2461265044 1.3027963815 0.0125835564
0.8500000000 0.4982831341 0.4959318596 0.4975981851 2.6195376596 0.4982831341 0.2471144813 1.3052714350 0.0137032840
0.8520000000 0.4987437864 0.4970244415 0.4982422719 2.6210027596 0.4987437864 0.2478878519 1.3072088404 0.0148083174
0.8540000000 0.4990966496 0.4978608379 0.4987358163 2.6221252751 0.4990966496 0.2484806761 1.3086939396 0.0158900987
0.8560000000 0.4993614680 0.4984882409 0.4991063109 2.6229678465 0.4993614680 0.2489258198 1.3098090743 0.0169416077
0.8580000000 0.4995562604 0.4989495771 0.4993788894 2.6235876971 0.4995562604 0.2492533849 1.3106296589 0.0179570395
0.8600000000 0.4996967636 0.4992822525 0.4995755278 2.6240348374 0.4996967636 0.2494897257 1.3112217157 0.0189312157
0.8620000000 0.4997961933 0.4995176340 0.4997146975 2.6243512882 0.4997961933 0.2496570120 1.3116407837 0.0198586741
0.8640000000 0.4998652638 0.4996811251 0.4998113812 2.6245711278 0.4998652638 0.2497732374 1.3119319392 0.0207323094
0.8660000000 0.4999123868 0.4997926564 0.4998773466 2.6247211180 0.4999123868 0.2498525398 1.3121305988 0.0215413092
0.8680000000 0.4999439750 0.4998674154 0.4999215671 2.6248216644 0.4999439750 0.2499057026 1.3122637766 0.0222679270
0.8700000000 0.4999647865 0.4999166676 0.4999507019 2.6248879095 0.4999647865 0.2499407300 1.3123515232 0.0228823313
0.8720000000 0.4999782643 0.4999485632 0.4999695704 2.6249308113 0.4999782643 0.2499634149 1.3124083510 0.0233343900
0.8740000000 0.4999868424 0.4999688632 0.4999815795 2.6249581169 0.4999868424 0.2499778532 1.3124445203 0.0235410590
0.8760000000 0.4999922044 0.4999815522 0.4999890863 2.6249751851 0.4999922044 0.2499868785 1.3124671294 0.0233691499
0.8780000000 0.4999954916 0.4999893312 0.4999936883 2.6249856489 0.4999954916 0.2499924115 1.3124809901 0.0226191355
0.8800000000 0.4999974633 0.4999939971 0.4999964486 2.6249919252 0.4999974633 0.2499957302 1.3124893038 0.0210337804
0.8820000000 0.4999986162 0.4999967252 0.4999980626 2.6249955949 0.4999986162 0.2499976707 1.3124941649 0.0183884318
0.8840000000 0.4999992701 0.4999982727 0.4999989781 2.6249976766 0.4999992701 0.2499987714 1.3124969223 0.0147155467
0.8860000000 0.4999996282 0.4999991201 0.4999994795 2.6249988164 0.4999996282 0.2499993742 1.3124984322 0.0105317154
0.8880000000 0.4999998168 0.4999995666 0.4999997436 2.6249994170 0.4999998168 0.2499996917 1.3124992277 0.0066864668
0.8900000000 0.4999999125 0.4999997929 0.4999998775 2.6249997214 0.4999999125 0.2499998527 1.3124996309 0.0038101098
0.8920000000 0.4999999593 0.4999999036 0.4999999430 2.6249998703 0.4999999593 0.2499999314 1.3124998282 0.0019955096
0.8940000000 0.4999999815 0.4999999561 0.4999999740 2.6249999410 0.4999999815 0.2499999688 1.3124999218 0.0009842335
0.8960000000 0.4999999917 0.4999999804 0.4999999884 2.6249999737 0.4999999917 0.2499999861 1.3124999652 0.0004655541
0.8980000000 0.4999999964 0.4999999914 0.4999999949 2.6249999885 0.4999999964 0.2499999939 1.3124999848 0.0002135925
0.9000000000 0.4999999984 0.4999999963 0.4999999978 2.6249999951 0.4999999984 0.2499999974 1.3124999934 0.0000956495
0.9020000000 0.4999999993 0.4999999984 0.4999999991 2.6249999979 0.4999999993 0.2499999989 1.3124999972 0.0000419466
0.9040000000 0.4999999997 0.4999999994 0.4999999996 2.6249999991 0.4999999997 0.2499999995 1.3124999989 0.0000180452
0.9060000000 0.4999999999 0.4999999997 0.4999999998 2.6249999996 0.4999999999 0.2499999998 1.3124999995 0.0000076219
0.9080000000 0.5000000000 0.4999999999 0.4999999999 2.6249999999 0.5000000000 0.2499999999 1.3124999998 0.0000031624
0.9100000000 0.5000000000 0.5000000000 0.5000000000 2.6249999999 0.5000000000 0.2500000000 1.3124999999 0.0000012892
0.9120000000 0.5000000000 0.5000000000 0.5000000000 2.6250000000 0.5000000000 0.2500000000 1.3125000000 0.0000005167
0.9140000000 0.5000000000 0.5000000000 0.5000000000 2.6250000000 0.5000000000 0.2500000000 1.3125000000 0.0000002034
0.9160000000 0.5000000000 0.5000000000 0.5000000000 2.6250000000 0.5000000000 0.2500000000 1.3125000000 0.0000000788
0.9180000000 0.5000000000 0.5000000000 0.5000000000 2.6250000000 0.5000000000 0.2500000000 1.3125000000 0.0000000300
0.9200000000 0.5000000000 0.5000000000 0.5000000000 2.6250000000 0.5000000000 0.2500000000 1.3125000000 0.0000000113
0.9220000000 0.5000000000 0.5000000000 0.5000000000 2.6250000000 0.5000000000 0.2500000000 1.3125000000 0.0000000041
0.9240000000 0.5000000000 0.5000000000 0.5000000000 2.6250000000 0.5000000000 0.2500000000 1.3125000000 0.0000000015
0.9260000000 0.5000000000 0.5000000000 0.5000000000 2.6250000000 0.5000000000 0.2500000000 1.3125000000 0.0000000005
0.9280000000 0.5000000000 0.5000000000 0.5000000000 2.6250000000 0.5000000000 0.2500000000 1.3125000000 0.0000000002
0.9300000000 0.5000000000 0.5000000000 0.5000000000 2.6250000000 0.5000000000 0.2500000000 1.3125000000 0.0000000000
0.9320000000 0.5000000000 0.5000000000 0.5000000000 2.6250000000 0.5000000000 0.2500000000 1.3125000000 0.0000000000
0.9340000000 0.5000000000 0.5000000000 0.5000000000 2.6250000000 0.5000000000 0.2500000000 1.3125000000 0.0000000000
0.9360000000 0.5000000000 0.5000000000 0.5000000000 2.6250000000 0.5000000000 0.2500000000 1.3125000000 0.0000000000
0.9380000000 0.5000000000 0.5000000000 0.5000000000 2.6250000000 0.5000000000 0.2500000000 1.3125000000 0.0000000000
0.9400000000 0.5000000000 0.5000000000 0.5000000000 2.6250000000 0.5000000000 0.2500000000 1.3125000000 0.0000000000
0.9420000000 0.5000000000 0.5000000000 0.5000000000 2.6250000000 0.5000000000 0.2500000000 1.3125000000 0.0000000000
0.9440000000 0.5000000000 0.5000000000 0.5000000000 2.6250000000 0.5000000000 0.2500000000 1.3125000000 0.0000000000
0.9460000000 0.5000000000 0.5000000000 0.5000000000 2.6250000000 0.5000000000 0.2500000000 1.3125000000 0.0000000000
0.9480000000 0.5000000000 0.5000000000 0.5000000000 2.6250000000 0.5000000000 0.2500000000 1.3125000000 0.0000000000
0.9500000000 0.5000000000 0.5000000000 0.5000000000 2.6250000000 0.5000000000 0.2500000000 1.3125000000 0.0000000000
0.9520000000 0.5000000000 0.5000000000 0.5000000000 2.6250000000 0.5000000000 0.2500000000 1.3125000000 0.0000000000
0.9540000000 0.5000000000 0.5000000000 0.5000000000 2.6250000000 0.5000000000 0.2500000000 1.3125000000 0.0000000000
0.9560000000 0.5000000000 0.5000000000 0.5000000000 2.6250000000 0.5000000000 0.2500000000 1.3125000000 0.0000000000
0.9580000000 0.5000000000 0.5000000000 0.5000000000 2.6250000000 0.5000000000 0.2500000000 1.3125000000 0.0000000000
0.9600000000 0.5000000000 0.5000000000 0.5000000000 2.6250000000 0.5000000000 0.2500000000 1.3125000000 0.0000000000
0.9620000000 0.5000000000 0.5000000000 0.5000000000 2.6250000000 0.5000000000 0.2500000000 1.3125000000 0.0000000000
0.9640000000 0.5000000000 0.5000000000 0.5000000000 2.6250000000 0.5000000000 0.2500000000 1.3125000000 0.0000000000
0.9660000000 0.5000000000 0.5000000000 0.5000000000 2.6250000000 0.5000000000 0.2500000000 1.3125000000 0.0000000000
0.9680000000 0.5000000000 0.5000000000 0.5000000000 2.6250000000 0.5000000000 0.2500000000 1.3125000000 0.0000000000
0.9700000000 0.5000000000 0.5000000000 0.5000000000 2.6250000000 0.5000000000 0.2500000000 1.3125000000 0.0000000000
0.9720000000 0.5000000000 0.5000000000 0.5000000000 2.6250000000 0.5000000000 0.2500000000 1.3125000000 0.0000000000
0.9740000000 0.5000000000 0.5000000000 0.5000000000 2.6250000000 0.5000000000 0.2500000000 1.3125000000 0.0000000000
0.9760000000 0.5000000000 0.5000000000 0.5000000000 2.6250000000 0.5000000000 0.2500000000 1.3125000000 0.0000000000
0.9780000000 0.5000000000 0.5000000000 0.5000000000 2.6250000000 0.5000000000 0.2500000000 1.3125000000 0.0000000000
0.9800000000 0.5000000000 0.5000000000 0.5000000000 2.6250000000 0.5000000000 0.2500000000 1.3125000000 0.0000000000
0.9820000000 0.5000000000 0.5000000000 0.5000000000 2.6250000000 0.5000000000 0.2500000000 1.3125000000 0.0000000000
0.9840000000 0.5000000000 0.5000000000 0.5000000000 2.6250000000 0.5000000000 0.2500000000 1.3125000000 0.0000000000
0.9860000000 0.5000000000 0.5000000000 0.5000000000 2.6250000000 0.5000000000 0.2500000000 1.3125000000 0.0000000000
0.9880000000 0.5000000000 0.5000000000 0.5000000000 2.6250000000 0.5000000000 0.2500000000 1.3125000000 0.0000000000
0.9900000000 0.5000000000 0.5000000000 0.5000000000 2.6250000000 0.5000000000 0.2500000000 1.3125000000 0.0000000000
0.9920000000 0.5000000000 0.5000000000 0.5000000000 2.6250000000 0.5000000000 0.2500000000 1.3125000000 0.0000000000
0.9940000000 0.5000000000 0.5000000000 0.5000000000 2.6250000000 0.5000000000 0.2500000000 1.3125000000 0.0000000000
0.9960000000 0.5000000000 0.5000000000 0.5000000000 2.6250000000 0.5000000000 0.2500000000 1.3125000000 0.0000000000
0.9980000000 0.5000000000 0.5000000000 0.5000000000 2.6250000000 0.5000000000 0.2500000000 1.3125000000 0.0000000000
1.0000000000 0.5000000000 0.5000000000 0.5000000000 2.6250000000 0.5000000000 0.2500000000 1.3125000000 0.0000000000
