TITLE = "1D Euler Filtered MacCormack Result"
VARIABLES = "x", "rho", "u", "p", "E", "rho_conserved", "rhou", "rhoE", "nu"
ZONE T="t=0.20000000", I=201, F=POINT
0.0000000000 1.0000000000 -0.2000000000 0.5000000000 1.2700000000 1.0000000000 -0.2000000000 1.2700000000 0.0000000000
0.0050000000 1.0000000000 -0.2000000000 0.5000000000 1.2700000000 1.0000000000 -0.2000000000 1.2700000000 0.0000000000
0.0100000000 1.0000000000 -0.2000000000 0.5000000000 1.2700000000 1.0000000000 -0.2000000000 1.2700000000 0.0000000000
0.0150000000 1.0000000000 -0.2000000000 0.5000000000 1.2700000000 1.0000000000 -0.2000000000 1.2700000000 0.0000000000
0.0200000000 1.0000000000 -0.2000000000 0.5000000000 1.2700000000 1.0000000000 -0.2000000000 1.2700000000 0.0000000000
0.0250000000 1.0000000000 -0.2000000000 0.5000000000 1.2700000000 1.0000000000 -0.2000000000 1.2700000000 0.0000000000
0.0300000000 1.0000000000 -0.2000000000 0.5000000000 1.2700000000 1.0000000000 -0.2000000000 1.2700000000 0.0000000000
0.0350000000 1.0000000000 -0.2000000000 0.5000000000 1.2700000000 1.0000000000 -0.2000000000 1.2700000000 0.0000000000
0.0400000000 1.0000000000 -0.2000000000 0.5000000000 1.2700000000 1.0000000000 -0.2000000000 1.2700000000 0.0000000000
0.0450000000 1.0000000000 -0.2000000000 0.5000000000 1.2700000000 1.0000000000 -0.2000000000 1.2700000000 0.0000000000
0.0500000000 1.0000000000 -0.2000000000 0.5000000000 1.2700000000 1.0000000000 -0.2000000000 1.2700000000 0.0000000000
0.0550000000 1.0000000000 -0.2000000000 0.5000000000 1.2700000000 1.0000000000 -0.2000000000 1.2700000000 0.0000000000
0.0600000000 1.0000000000 -0.2000000000 0.5000000000 1.2700000000 1.0000000000 -0.2000000000 1.2700000000 0.0000000000
0.0650000000 1.0000000000 -0.2000000000 0.5000000000 1.2700000000 1.0000000000 -0.2000000000 1.2700000000 0.0000000000
0.0700000000 1.0000000000 -0.2000000000 0.5000000000 1.2700000000 1.0000000000 -0.2000000000 1.2700000000 0.0000000000
0.0750000000 1.0000000000 -0.2000000000 0.5000000000 1.2700000000 1.0000000000 -0.2000000000 1.2700000000 0.0000000000
0.0800000000 1.0000000000 -0.2000000000 0.5000000000 1.2700000000 1.0000000000 -0.2000000000 1.2700000000 0.0000000000
0.0850000000 1.0000000000 -0.2000000000 0.5000000000 1.2700000000 1.0000000000 -0.2000000000 1.2700000000 0.0000000000
0.0900000000 1.0000000000 -0.2000000000 0.5000000000 1.2700000000 1.0000000000 -0.2000000000 1.2700000000 0.0000000000
0.0950000000 1.0000000000 -0.2000000000 0.5000000000 1.2700000000 1.0000000000 -0.2000000000 1.2700000000 0.0000000000
0.1000000000 1.0000000000 -0.2000000000 0.5000000000 1.2700000000 1.0000000000 -0.2000000000 1.2700000000 0.0000000001
0.1050000000 1.0000000000 -0.2000000000 0.5000000000 1.2700000000 1.0000000000 -0.2000000000 1.2700000000 0.0000000001
0.1100000000 1.0000000000 -0.2000000000 0.5000000000 1.2700000000 1.0000000000 -0.2000000000 1.2700000000 0.0000000011
0.1150000000 1.0000000000 -0.2000000000 0.5000000000 1.2700000000 1.0000000000 -0.2000000000 1.2700000000 0.0000000053
0.1200000000 1.0000000000 -0.2000000000 0.5000000000 1.2700000000 1.0000000000 -0.2000000000 1.2700000000 0.0000000268
0.1250000000 1.0000000000 -0.2000000000 0.5000000000 1.2700000000 1.0000000000 -0.2000000000 1.2700000000 0.0000001298
0.1300000000 1.0000000000 -0.2000000000 0.5000000000 1.2700000000 1.0000000000 -0.2000000000 1.2700000000 0.0000006081
0.1350000000 1.0000000000 -0.2000000000 0.5000000000 1.2700000000 1.0000000000 -0.2000000000 1.2700000000 0.0000027541
0.1400000000 1.0000000000 -0.2000000000 0.5000000000 1.2700000000 1.0000000000 -0.2000000000 1.2699999999 0.0000120494
0.1450000000 0.9999999999 -0.1999999999 0.4999999999 1.2699999999 0.9999999999 -0.1999999999 1.2699999998 0.0000508884
0.1500000000 0.9999999995 -0.1999999995 0.4999999996 1.2699999996 0.9999999995 -0.1999999994 1.2699999990 0.0002068694
0.1550000000 0.9999999978 -0.1999999981 0.4999999984 1.2699999985 0.9999999978 -0.1999999977 1.2699999957 0.0008022683
0.1600000000 0.9999999913 -0.1999999927 0.4999999939 1.2699999942 0.9999999913 -0.1999999909 1.2699999831 0.0028935891
0.1650000000 0.9999999675 -0.1999999728 0.4999999773 1.2699999783 0.9999999675 -0.1999999663 1.2699999371 0.0091744011
0.1700000000 0.9999998890 -0.1999999071 0.4999999223 1.2699999259 0.9999998890 -0.1999998849 1.2699997849 0.0234664784
0.1750000000 0.9999996620 -0.1999997172 0.4999997634 1.2699997744 0.9999996620 -0.1999996496 1.2699993451 0.0450600735
0.1800000000 0.9999990959 -0.1999992436 0.4999993671 1.2699993967 0.9999990959 -0.1999990628 1.2699982485 0.0656072407
0.1850000000 0.9999978495 -0.1999982008 0.4999984947 1.2699985649 0.9999978495 -0.1999977707 1.2699958339 0.0791311940
0.1900000000 0.9999953291 -0.1999960920 0.4999967304 1.2699968830 0.9999953291 -0.1999951579 1.2699909510 0.0861771654
0.1950000000 0.9999905028 -0.1999920541 0.4999933520 1.2699936623 0.9999905028 -0.1999901547 1.2699816009 0.0890059876
0.2000000000 0.9999815966 -0.1999846026 0.4999871177 1.2699877190 0.9999815966 -0.1999809222 1.2699643469 0.0893466700
0.2050000000 0.9999656142 -0.1999712306 0.4999759303 1.2699770538 0.9999656142 -0.1999643544 1.2699333847 0.0882533321
0.2100000000 0.9999375996 -0.1999477914 0.4999563207 1.2699583600 0.9999375996 -0.1999353146 1.2698791141 0.0863192262
0.2150000000 0.9998895403 -0.1999075807 0.4999226812 1.2699262920 0.9998895403 -0.1998854989 1.2697860163 0.0838659175
0.2200000000 0.9998087953 -0.1998400198 0.4998661654 1.2698724178 0.9998087953 -0.1998018094 1.2696296121 0.0810634273
0.2250000000 0.9996759347 -0.1997288465 0.4997731783 1.2697837811 0.9996759347 -0.1996641213 1.2693722882 0.0779991159
0.2300000000 0.9994619204 -0.1995497494 0.4996234086 1.2696410273 0.9994619204 -0.1994423757 1.2689578594 0.0747158048
0.2350000000 0.9991246492 -0.1992674596 0.4993874191 1.2694161134 0.9991246492 -0.1990930307 1.2683049290 0.0712328915
0.2400000000 0.9986050498 -0.1988324512 0.4990239399 1.2690697364 0.9986050498 -0.1985550898 1.2672994473 0.0675584475
0.2450000000 0.9978231764 -0.1981775970 0.4984771791 1.2685487880 0.9978231764 -0.1977461994 1.2657873811 0.0636966585
0.2500000000 0.9966750437 -0.1972153736 0.4976746917 1.2677843482 0.9966750437 -0.1965596411 1.2635690207 0.0596528863
0.2550000000 0.9950312445 -0.1958364317 0.4965265514 1.2666909295 0.9950312445 -0.1948633684 1.2603970519 0.0554374490
0.2600000000 0.9927385521 -0.1939104802 0.4949266880 1.2651677874 0.9927385521 -0.1925024094 1.2559808374 0.0510685363
0.2650000000 0.9896255931 -0.1912903304 0.4927571546 1.2631030163 0.9896255931 -0.1893058067 1.2499990717 0.0465742850
0.2700000000 0.9855131496 -0.1878195566 0.4898957033 1.2603807786 0.9855131496 -0.1850986428 1.2421218308 0.0419938359
0.2750000000 0.9802287086 -0.1833435274 0.4862263476 1.2568913542 0.9802287086 -0.1797185891 1.2320409890 0.0373771392
0.2800000000 0.9736236812 -0.1777226873 0.4816517163 1.2525428853 0.9736236812 -0.1730350171 1.2195054148 0.0327833402
0.2850000000 0.9655906268 -0.1708461842 0.4761052209 1.2472729650 0.9655906268 -0.1649674741 1.2043550841 0.0282777296
0.2900000000 0.9560772904 -0.1626435300 0.4695607004 1.2410578934 0.9560772904 -0.1554997855 1.1865472680 0.0239274172
0.2950000000 0.9450946034 -0.1530921804 0.4620375028 1.2339176901 0.9450946034 -0.1446865935 1.1661689500 0.0197960438
0.3000000000 0.9327170512 -0.1422197300 0.4535999260 1.2259158248 0.9327170512 -0.1326507672 1.1434325931 0.0159379122
0.3050000000 0.9190756109 -0.1301006418 0.4443512785 1.2171538460 0.9190756109 -0.1195723269 1.1186564146 0.0123918550
0.3100000000 0.9043452439 -0.1168487120 0.4344241114 1.2077622786 0.9043452439 -0.1056715770 1.0922340724 0.0091748553
0.3150000000 0.8887301568 -0.1026074826 0.4239690101 1.1978899601 0.8887301568 -0.0911903641 1.0646009321 0.0062746749
0.3200000000 0.8724505200 -0.0875414122 0.4131445832 1.1876942542 0.8724505200 -0.0763755506 1.0362044697 0.0036388328
0.3250000000 0.8557342947 -0.0718309803 0.4021111267 1.1773344655 0.8557342947 -0.0614682333 1.0074854785 0.0011572759
0.3300000000 0.8388166054 -0.0556749554 0.3910298720 1.1669710803 0.8388166054 -0.0467010771 0.9788747202 0.0013137711
0.3350000000 0.8219419280 -0.0392965271 0.3800646212 1.1567680745 0.8219419280 -0.0322994632 0.9507961814 0.0038327522
0.3400000000 0.8053611941 -0.0229378849 0.3693770926 1.1468824265 0.8053611941 -0.0184732823 0.9236546005 0.0064601012
0.3450000000 0.7893265104 -0.0068585378 0.3591244247 1.1374629064 0.7893265104 -0.0054136257 0.8978296266 0.0093229742
0.3500000000 0.7740904353 0.0086647296 0.3494589983 1.1286492048 0.7740904353 0.0067072843 0.8736765542 0.0125767880
0.3550000000 0.7599035412 0.0233407869 0.3405272290 1.1205699422 0.7599035412 0.0177367466 0.8515250673 0.0163891929
0.3600000000 0.7470060516 0.0368743758 0.3324650763 1.1133384373 0.7470060516 0.0275453818 0.8316705502 0.0209206986
0.3650000000 0.7356110718 0.0489870879 0.3253887683 1.1070449967 0.7356110718 0.0360354442 0.8143545566 0.0262958406
0.3700000000 0.7258793136 0.0594497779 0.3193807543 1.1017459786 0.7258793136 0.0431533640 0.7997346148 0.0325646621
0.3750000000 0.7178899536 0.0681212373 0.3144735997 1.0974518873 0.7178899536 0.0489035519 0.7878496844 0.0396742888
0.3800000000 0.7116176173 0.0749804659 0.3106378216 1.0941198153 0.7116176173 0.0533574205 0.7785949360 0.0474672338
0.3850000000 0.7069278849 0.0801371120 0.3077805290 1.0916548478 0.7069278849 0.0566511591 0.7717212526 0.0557151739
0.3900000000 0.7035973807 0.0838115539 0.3057581967 1.0899225598 0.7035973807 0.0589695898 0.7668666582 0.0641748075
0.3950000000 0.7013532255 0.0862902232 0.3044003356 1.0887694678 0.7013532255 0.0605199263 0.7636119780 0.0726382676
0.4000000000 0.6999177225 0.0878730481 0.3035358425 1.0880448507 0.6999177225 0.0615039037 0.7615418739 0.0809630582
0.4050000000 0.6990440758 0.0888305038 0.3030138254 1.0876175318 0.6990440758 0.0620964374 0.7602925924 0.0890833172
0.4100000000 0.6985357866 0.0893795521 0.3027147108 1.0873844824 0.6985357866 0.0624348157 0.7595769748 0.0970126097
0.4150000000 0.6982502724 0.0896780886 0.3025520532 1.0872718323 0.6982502724 0.0626177498 0.7591878531 0.1048517479
0.4200000000 0.6980918648 0.0898317935 0.3024681990 1.0872311362 0.6980918648 0.0627108442 0.7589872114 0.1128191513
0.4250000000 0.6979997770 0.0899063633 0.3024273729 1.0872345196 0.6979997770 0.0627546215 0.7588894522 0.1213367978
0.4300000000 0.6979342054 0.0899400059 0.3024087870 1.0872727372 0.6979342054 0.0627722065 0.7588448339 0.1312598389
0.4350000000 0.6978603441 0.0899536168 0.3024010769 1.0873609895 0.6978603441 0.0627750620 0.7588261143 0.1444781527
0.4400000000 0.6977305192 0.0899579810 0.3023983773 1.0875532788 0.6977305192 0.0627664288 0.7588191139 0.1657533486
0.4450000000 0.6974866567 0.0899583651 0.3023978238 1.0879301564 0.6974866567 0.0627447594 0.7588167675 0.1666677539
0.4500000000 0.6970981071 0.0899569488 0.3023982327 1.0885356322 0.6970981071 0.0627088187 0.7588161287 0.0932935306
0.4550000000 0.6965113855 0.0899543253 0.3023992806 1.0894527011 0.6965113855 0.0626542118 0.7588162103 0.0290978655
0.4600000000 0.6956064400 0.0899512301 0.3024005664 1.0908690977 0.6956064400 0.0625706550 0.7588155696 0.0329815281
0.4650000000 0.6940314807 0.0899487731 0.3024014838 1.0933384999 0.6940314807 0.0624272802 0.7588113381 0.0582246245
0.4700000000 0.6915445588 0.0899470442 0.3024019851 1.0972574559 0.6915445588 0.0622023890 0.7588024232 0.0407577639
0.4750000000 0.6878197219 0.0899456610 0.3024022769 1.1031786022 0.6878197219 0.0618663995 0.7587879994 0.0212558964
0.4800000000 0.6823200200 0.0899443999 0.3024024784 1.1120385692 0.6823200200 0.0613708648 0.7587661787 0.0177436874
0.4850000000 0.6742456331 0.0899432222 0.3024026080 1.1253076525 0.6742456331 0.0606438248 0.7587337706 0.0235395354
0.4900000000 0.6627470785 0.0899421467 0.3024026542 1.1447614573 0.6627470785 0.0596088950 0.7586873114 0.0222039269
0.4950000000 0.6470826857 0.0899411464 0.3024026308 1.1723754201 0.6470826857 0.0581993585 0.7586238355 0.0157729381
0.5000000000 0.6264686984 0.0899401859 0.3024025571 1.2108190267 0.6264686984 0.0563447112 0.7585402197 0.0110192770
0.5050000000 0.6002100472 0.0899392471 0.3024024452 1.2636137742 0.6002100472 0.0539824397 0.7584336830 0.0081333925
0.5100000000 0.5677519688 0.0899383135 0.3024023033 1.3356219698 0.5677519688 0.0510626546 0.7583020029 0.0057758941
0.5150000000 0.5293523343 0.0899373785 0.3024021389 1.4322147892 0.5293523343 0.0476085612 0.7581462418 0.0040362429
0.5200000000 0.4903858988 0.0899364388 0.3024019580 1.5456972878 0.4903858988 0.0441035614 0.7579881537 0.0014247912
0.5250000000 0.4530831712 0.0899354948 0.3024017714 1.6726217922 0.4530831712 0.0407482592 0.7578367858 0.0006088491
0.5300000000 0.4229949944 0.0899345410 0.3024015824 1.7913086553 0.4229949944 0.0380418607 0.7577145947 0.0021276393
0.5350000000 0.3995278125 0.0899335762 0.3024013854 1.8962864157 0.3995278125 0.0359309650 0.7576191636 0.0029633751
0.5400000000 0.3823208599 0.0899325847 0.3024011766 1.9814483108 0.3823208599 0.0343831031 0.7575490221 0.0032098633
0.5450000000 0.3701400367 0.0899315626 0.3024009533 2.0465204954 0.3701400367 0.0332872719 0.7574991714 0.0021484748
0.5500000000 0.3619166556 0.0899305234 0.3024007187 2.0929274332 0.3619166556 0.0325473543 0.7574652971 0.0003938656
0.5550000000 0.3565917223 0.0899294916 0.3024004838 2.1241186958 0.3565917223 0.0320681123 0.7574431441 0.0021571090
0.5600000000 0.3532847306 0.0899284907 0.3024002577 2.1439623879 0.3532847306 0.0317703626 0.7574291745 0.0007242821
0.5650000000 0.3513255158 0.0899275185 0.3024000368 2.1558942787 0.3513255158 0.0315938318 0.7574206695 0.0034183986
0.5700000000 0.3502073325 0.0899265331 0.3023998047 2.1627632163 0.3502073325 0.0314929313 0.7574155369 0.0066122597
0.5750000000 0.3495975279 0.0899254896 0.3023995440 2.1665267229 0.3495975279 0.0314377289 0.7574123865 0.0040860695
0.5800000000 0.3492816968 0.0899243977 0.3023992589 2.1684799676 0.3492816968 0.0314089462 0.7574103625 0.0050237959
0.5850000000 0.3491241805 0.0899233519 0.3023989870 2.1694544674 0.3491241805 0.0313944165 0.7574090132 0.0176572329
0.5900000000 0.3490507506 0.0899224906 0.3023987817 2.1699084579 0.3490507506 0.0313875128 0.7574081760 0.0306119218
0.5950000000 0.3490209787 0.0899219263 0.3023986859 2.1700924716 0.3490209787 0.0313846387 0.7574077984 0.0347979724
0.6000000000 0.3490128536 0.0899216877 0.3023987101 2.1701430498 0.3490128536 0.0313838248 0.7574078185 0.0187422707
0.6050000000 0.3490143472 0.0899216679 0.3023988130 2.1701345154 0.3490143472 0.0313839522 0.7574080813 0.0028746402
0.6100000000 0.3490194276 0.0899217036 0.3023989329 2.1701038475 0.3490194276 0.0313844215 0.7574084026 0.0099735623
0.6150000000 0.3490256286 0.0899218124 0.3023990775 2.1700664089 0.3490256286 0.0313850171 0.7574087925 0.0395678492
0.6200000000 0.3490320798 0.0899223009 0.3023993650 2.1700284777 0.3490320798 0.0313857677 0.7574095528 0.0718529161
0.6250000000 0.3490385814 0.0899238241 0.3024000473 2.1699931550 0.3490385814 0.0313868840 0.7574113325 0.0915012066
0.6300000000 0.3490453494 0.0899276083 0.3024015951 2.1699625832 0.3490453494 0.0313888135 0.7574153481 0.0962681716
0.6350000000 0.3490530023 0.0899357610 0.3024048181 2.1699389137 0.3490530023 0.0313923474 0.7574236926 0.0883267484
0.6400000000 0.3490624859 0.0899512180 0.3024108452 2.1699246258 0.3490624859 0.0313985958 0.7574392840 0.0668661104
0.6450000000 0.3490745420 0.0899761950 0.3024205291 2.1699214226 0.3490745420 0.0314083991 0.7574643268 0.0291004332
0.6500000000 0.3490883925 0.0900080767 0.3024328656 2.1699267063 0.3490883925 0.0314207748 0.7574962258 0.0110566600
0.6550000000 0.3491016978 0.0900392309 0.3024449213 2.1699332965 0.3491016978 0.0314328484 0.7575273980 0.0372456166
0.6600000000 0.3491128304 0.0900644001 0.3024546741 2.1699363370 0.3491128304 0.0314426377 0.7575526165 0.0194647792
0.6650000000 0.3491223677 0.0900853613 0.3024628063 2.1699372910 0.3491223677 0.0314508146 0.7575736448 0.0476264321
0.6700000000 0.3491333609 0.0901115600 0.3024729496 2.1699440863 0.3491333609 0.0314609518 0.7575998717 0.0981442073
0.6750000000 0.3491507871 0.0901586494 0.3024911233 2.1699703587 0.3491507871 0.0314789634 0.7576468586 0.1170785830
0.6800000000 0.3491843258 0.0902571294 0.3025290585 2.1700428080 0.3491843258 0.0315163749 0.7577449349 0.1184760659
0.6850000000 0.3492530287 0.0904670227 0.3026098503 2.1702140173 0.3492530287 0.0315958817 0.7579538185 0.1120858858
0.6900000000 0.3493913205 0.0908967503 0.3027752524 2.1705791194 0.3493913205 0.0317585356 0.7583815048 0.1024147751
0.6950000000 0.3496551067 0.0917222084 0.3030931327 2.1712928973 0.3496551067 0.0320711386 0.7592036496 0.0913525926
0.7000000000 0.3501250771 0.0931966273 0.3036615919 2.1725793285 0.3501250771 0.0326304763 0.7606745049 0.0797592314
0.7050000000 0.3509033140 0.0956386398 0.3046050804 2.1747230159 0.3509033140 0.0335599157 0.7631175134 0.0681574924
0.7100000000 0.3521007123 0.0993905714 0.3060595336 2.1780357666 0.3521007123 0.0349954910 0.7668879449 0.0569912785
0.7150000000 0.3538171551 0.1047535309 0.3081488178 2.1828034752 0.3538171551 0.0370635963 0.7723133157 0.0466755434
0.7200000000 0.3561215757 0.1119228523 0.3109608792 2.1892319073 0.3561215757 0.0398581425 0.7796327165 0.0375496825
0.7250000000 0.3590403628 0.1209518655 0.3145336217 2.1974139959 0.3590403628 0.0434266017 0.7889603184 0.0298140917
0.7300000000 0.3625581504 0.1317571273 0.3188553893 2.2073299591 0.3625581504 0.0477696204 0.8002854672 0.0235038537
0.7350000000 0.3666284088 0.1441558436 0.3238770863 2.2188737469 0.3666284088 0.0528516275 0.8135021511 0.0185127902
0.7400000000 0.3711875193 0.1579140573 0.3295285888 2.2318896856 0.3711875193 0.0586157272 0.8284495958 0.0146478462
0.7450000000 0.3761669767 0.1727874410 0.3357330436 2.2462044457 0.3761669767 0.0649969293 0.8449479355 0.0116852340
0.7500000000 0.3815012452 0.1885470429 0.3424161780 2.2616482598 0.3815012452 0.0719309316 0.8628216273 0.0094106857
0.7550000000 0.3871314455 0.2049909235 0.3495107405 2.2780653461 0.3871314455 0.0793584325 0.8819107303 0.0076397784
0.7600000000 0.3930061303 0.2219461475 0.3569574879 2.2953165593 0.3930061303 0.0872261966 0.9020734789 0.0062228499
0.7650000000 0.3990804115 0.2392655469 0.3647041901 2.3132775422 0.3990804115 0.0954861929 0.9231837534 0.0050416864
0.7700000000 0.4053143724 0.2568222908 0.3727036971 2.3318345137 0.4053143724 0.1040937656 0.9451260425 0.0040025795
0.7750000000 0.4116711959 0.2745039186 0.3809116532 2.3508794135 0.4116711959 0.1130053564 0.9677893395 0.0030285521
0.7800000000 0.4181152602 0.2922065530 0.3892841020 2.3703047128 0.4181152602 0.1221760189 0.9910605717 0.0020533702
0.7850000000 0.4246102911 0.3098295779 0.3977750917 2.3899981902 0.4246102911 0.1315568273 1.0148178273 0.0010177612
0.7900000000 0.4311176537 0.3272709652 0.4063343847 2.4098379128 0.4311176537 0.1410922906 1.0389236667 0.0001299945
0.7950000000 0.4375949998 0.3444233857 0.4149054085 2.4296870742 0.4375949998 0.1507179514 1.0632189147 0.0014252304
0.8000000000 0.4439955366 0.3611728722 0.4234242946 2.4493926922 0.4439955366 0.1603591432 1.0875194227 0.0029154894
0.8050000000 0.4502675224 0.3773983896 0.4318193370 2.4687857471 0.4502675224 0.1699302378 1.1116140417 0.0046592194
0.8100000000 0.4563539636 0.3929707167 0.4400103173 2.4876791675 0.4563539636 0.1793337441 1.1352622482 0.0067064617
0.8150000000 0.4621931511 0.4077538455 0.4479091779 2.5058696731 0.4621931511 0.1884610347 1.1581958006 0.0090932576
0.8200000000 0.4677206214 0.4216096658 0.4554227223 2.5231442093 0.4677206214 0.1971955349 1.1801265775 0.0118398699
0.8250000000 0.4728725655 0.4344057645 0.4624574236 2.5392910305 0.4728725655 0.2054185683 1.2007610641 0.0149489216
0.8300000000 0.4775904420 0.4460255994 0.4689260438 2.5541146664 0.4775904420 0.2130175632 1.2198207525 0.0184045495
0.8350000000 0.4818262154 0.4563796545 0.4747552684 2.5674529301 0.4818262154 0.2198956817 1.2370661286 0.0221731386
0.8400000000 0.4855473460 0.4654156389 0.4798931092 2.5791931628 0.4855473460 0.2259813283 1.2523203950 0.0262057901
0.8450000000 0.4887405330 0.4731256360 0.4843146102 2.5892845039 0.4887405330 0.2312356755 1.2654882886 0.0304423063
0.8500000000 0.4914133548 0.4795485069 0.4880245760 2.5977434244 0.4914133548 0.2356565406 1.2765658112 0.0348161821
0.8550000000 0.4935933679 0.4847667803 0.4910566287 2.6046510908 0.4935933679 0.2392776678 1.2856385042 0.0392599178
0.8600000000 0.4953247976 0.4888984653 0.4934687363 2.6101429546 0.4953247976 0.2421635334 1.2928685306 0.0437099224
0.8650000000 0.4966634935 0.4920853246 0.4953361534 2.6143926984 0.4966634935 0.2444008164 1.2984734110 0.0481103887
0.8700000000 0.4976711474 0.4944797869 0.4967432085 2.6175937239 0.4976711474 0.2460883229 1.3027008721 0.0524157386
0.8750000000 0.4984097960 0.4962326970 0.4977754256 2.6199414728 0.4984097960 0.2473272373 1.3058044951 0.0565915099
0.8800000000 0.4989373935 0.4974835732 0.4985131299 2.6216191168 0.4989373935 0.2482131573 1.3080238088 0.0606137882
0.8850000000 0.4993048581 0.4983542200 0.4990271413 2.6227879475 0.4993048581 0.2488306831 1.3095707638 0.0644674259
0.8900000000 0.4995546205 0.4989457279 0.4993766111 2.6235825794 0.4995546205 0.2492506438 1.3106227998 0.0681432808
0.8950000000 0.4997204284 0.4993382923 0.4996086570 2.6241101956 0.4997204284 0.2495295453 1.3113214711 0.0716345373
0.9000000000 0.4998280282 0.4995929959 0.4997592617 2.6244526296 0.4998280282 0.2497105820 1.3117749830 0.0749318223
0.9050000000 0.4998963380 0.4997546750 0.4998548814 2.6246700417 0.4998963380 0.2498255319 1.3120629422 0.0780162185
0.9100000000 0.4999387906 0.4998551466 0.4999143097 2.6248051646 0.4999387906 0.2498969775 1.3122419194 0.0808482573
0.9150000000 0.4999646298 0.4999162971 0.4999504827 2.6248874117 0.4999646298 0.2499404664 1.3123508631 0.0833492006
0.9200000000 0.4999800354 0.4999527545 0.4999720498 2.6249364491 0.4999800354 0.2499663959 1.3124158187 0.0853678837
0.9250000000 0.4999890288 0.4999740372 0.4999846404 2.6249650765 0.4999890288 0.2499815333 1.3124537392 0.0866215478
0.9300000000 0.4999941625 0.4999861859 0.4999918275 2.6249814180 0.4999941625 0.2499901743 1.3124753857 0.0865932762
0.9350000000 0.4999970189 0.4999929454 0.4999958265 2.6249905106 0.4999970189 0.2499949822 1.3124874299 0.0843705975
0.9400000000 0.4999985581 0.4999965879 0.4999979814 2.6249954102 0.4999985581 0.2499975730 1.3124939201 0.0784634585
0.9450000000 0.4999993516 0.4999984656 0.4999990922 2.6249979360 0.4999993516 0.2499989086 1.3124972659 0.0669232040
0.9500000000 0.4999997347 0.4999993723 0.4999996286 2.6249991556 0.4999997347 0.2499995535 1.3124988815 0.0489552370
0.9550000000 0.4999999030 0.4999997703 0.4999998641 2.6249996911 0.4999999030 0.2499998366 1.3124995908 0.0284722578
0.9600000000 0.4999999683 0.4999999250 0.4999999556 2.6249998991 0.4999999683 0.2499999466 1.3124998663 0.0127625929
0.9650000000 0.4999999906 0.4999999777 0.4999999868 2.6249999701 0.4999999906 0.2499999842 1.3124999603 0.0045752047
0.9700000000 0.4999999974 0.4999999939 0.4999999964 2.6249999917 0.4999999974 0.2499999956 1.3124999891 0.0014065859
0.9750000000 0.4999999993 0.4999999984 0.4999999991 2.6249999978 0.4999999993 0.2499999989 1.3124999971 0.0003936153
0.9800000000 0.4999999998 0.4999999996 0.4999999998 2.6249999995 0.4999999998 0.2499999997 1.3124999993 0.0001036477
0.9850000000 0.5000000000 0.4999999999 0.4999999999 2.6249999999 0.5000000000 0.2499999999 1.3124999998 0.0000260476
0.9900000000 0.5000000000 0.5000000000 0.5000000000 2.6250000000 0.5000000000 0.2500000000 1.3125000000 0.0000060773
0.9950000000 0.5000000000 0.5000000000 0.5000000000 2.6250000000 0.5000000000 0.2500000000 1.3125000000 0.0000020282
1.0000000000 0.5000000000 0.5000000000 0.5000000000 2.6250000000 0.5000000000 0.2500000000 1.3125000000 0.0000000000
