TITLE = "Riemann numerical vs exact"
VARIABLES = "x", "rho", "u", "p"
ZONE T="Numerical", I=501, F=POINT
0.000000000000000e+00 1.000000000000000e+00 0.000000000000000e+00 1.000000000000000e+00
2.000000000000000e-03 1.000000000000000e+00 0.000000000000000e+00 1.000000000000000e+00
4.000000000000000e-03 1.000000000000000e+00 0.000000000000000e+00 1.000000000000000e+00
6.000000000000000e-03 1.000000000000000e+00 0.000000000000000e+00 1.000000000000000e+00
8.000000000000000e-03 1.000000000000000e+00 0.000000000000000e+00 1.000000000000000e+00
1.000000000000000e-02 1.000000000000000e+00 0.000000000000000e+00 1.000000000000000e+00
1.200000000000000e-02 1.000000000000000e+00 0.000000000000000e+00 1.000000000000000e+00
1.400000000000000e-02 1.000000000000000e+00 0.000000000000000e+00 1.000000000000000e+00
1.600000000000000e-02 1.000000000000000e+00 0.000000000000000e+00 1.000000000000000e+00
1.800000000000000e-02 1.000000000000000e+00 0.000000000000000e+00 1.000000000000000e+00
2.000000000000000e-02 1.000000000000000e+00 0.000000000000000e+00 1.000000000000000e+00
2.200000000000000e-02 1.000000000000000e+00 0.000000000000000e+00 1.000000000000000e+00
2.400000000000000e-02 1.000000000000000e+00 0.000000000000000e+00 1.000000000000000e+00
2.600000000000000e-02 1.000000000000000e+00 0.000000000000000e+00 1.000000000000000e+00
2.800000000000000e-02 1.000000000000000e+00 0.000000000000000e+00 1.000000000000000e+00
3.000000000000000e-02 1.000000000000000e+00 0.000000000000000e+00 1.000000000000000e+00
3.200000000000000e-02 1.000000000000000e+00 0.000000000000000e+00 1.000000000000000e+00
3.400000000000000e-02 1.000000000000000e+00 0.000000000000000e+00 1.000000000000000e+00
3.600000000000000e-02 1.000000000000000e+00 0.000000000000000e+00 1.000000000000000e+00
3.800000000000000e-02 1.000000000000000e+00 0.000000000000000e+00 1.000000000000000e+00
4.000000000000000e-02 1.000000000000000e+00 0.000000000000000e+00 1.000000000000000e+00
4.200000000000000e-02 1.000000000000000e+00 0.000000000000000e+00 1.000000000000000e+00
4.400000000000000e-02 1.000000000000000e+00 0.000000000000000e+00 1.000000000000000e+00
4.600000000000000e-02 1.000000000000000e+00 0.000000000000000e+00 1.000000000000000e+00
4.800000000000000e-02 1.000000000000000e+00 0.000000000000000e+00 1.000000000000000e+00
5.000000000000000e-02 1.000000000000000e+00 0.000000000000000e+00 1.000000000000000e+00
5.200000000000000e-02 1.000000000000000e+00 0.000000000000000e+00 1.000000000000000e+00
5.400000000000000e-02 1.000000000000000e+00 0.000000000000000e+00 1.000000000000000e+00
5.600000000000000e-02 1.000000000000000e+00 0.000000000000000e+00 1.000000000000000e+00
5.800000000000000e-02 1.000000000000000e+00 0.000000000000000e+00 1.000000000000000e+00
6.000000000000000e-02 1.000000000000000e+00 0.000000000000000e+00 1.000000000000000e+00
6.200000000000000e-02 1.000000000000000e+00 0.000000000000000e+00 1.000000000000000e+00
6.400000000000000e-02 1.000000000000000e+00 0.000000000000000e+00 1.000000000000000e+00
6.600000000000000e-02 1.000000000000000e+00 0.000000000000000e+00 1.000000000000000e+00
6.800000000000000e-02 1.000000000000000e+00 0.000000000000000e+00 1.000000000000000e+00
7.000000000000001e-02 1.000000000000000e+00 0.000000000000000e+00 1.000000000000000e+00
7.199999999999999e-02 1.000000000000000e+00 0.000000000000000e+00 1.000000000000000e+00
7.400000000000000e-02 1.000000000000000e+00 0.000000000000000e+00 1.000000000000000e+00
7.600000000000000e-02 1.000000000000000e+00 0.000000000000000e+00 1.000000000000000e+00
7.800000000000000e-02 1.000000000000000e+00 0.000000000000000e+00 1.000000000000000e+00
8.000000000000000e-02 1.000000000000000e+00 0.000000000000000e+00 1.000000000000000e+00
8.200000000000000e-02 1.000000000000000e+00 0.000000000000000e+00 1.000000000000000e+00
8.400000000000001e-02 1.000000000000000e+00 0.000000000000000e+00 1.000000000000000e+00
8.599999999999999e-02 1.000000000000000e+00 0.000000000000000e+00 1.000000000000000e+00
8.799999999999999e-02 1.000000000000000e+00 0.000000000000000e+00 1.000000000000000e+00
9.000000000000000e-02 1.000000000000000e+00 0.000000000000000e+00 1.000000000000000e+00
9.200000000000000e-02 1.000000000000000e+00 0.000000000000000e+00 1.000000000000000e+00
9.400000000000000e-02 1.000000000000000e+00 0.000000000000000e+00 1.000000000000000e+00
9.600000000000000e-02 1.000000000000000e+00 0.000000000000000e+00 1.000000000000000e+00
9.800000000000000e-02 1.000000000000000e+00 0.000000000000000e+00 1.000000000000000e+00
1.000000000000000e-01 1.000000000000000e+00 0.000000000000000e+00 1.000000000000000e+00
1.020000000000000e-01 1.000000000000000e+00 0.000000000000000e+00 1.000000000000000e+00
1.040000000000000e-01 1.000000000000000e+00 0.000000000000000e+00 1.000000000000000e+00
1.060000000000000e-01 1.000000000000000e+00 0.000000000000000e+00 1.000000000000000e+00
1.080000000000000e-01 1.000000000000000e+00 0.000000000000000e+00 1.000000000000000e+00
1.100000000000000e-01 1.000000000000000e+00 0.000000000000000e+00 1.000000000000000e+00
1.120000000000000e-01 1.000000000000000e+00 0.000000000000000e+00 1.000000000000000e+00
1.140000000000000e-01 1.000000000000000e+00 0.000000000000000e+00 1.000000000000000e+00
1.160000000000000e-01 1.000000000000000e+00 0.000000000000000e+00 1.000000000000000e+00
1.180000000000000e-01 1.000000000000000e+00 0.000000000000000e+00 1.000000000000000e+00
1.200000000000000e-01 1.000000000000000e+00 0.000000000000000e+00 1.000000000000000e+00
1.220000000000000e-01 1.000000000000000e+00 0.000000000000000e+00 1.000000000000000e+00
1.240000000000000e-01 1.000000000000000e+00 0.000000000000000e+00 1.000000000000000e+00
1.260000000000000e-01 1.000000000000000e+00 0.000000000000000e+00 1.000000000000000e+00
1.280000000000000e-01 1.000000000000000e+00 0.000000000000000e+00 1.000000000000000e+00
1.300000000000000e-01 1.000000000000000e+00 0.000000000000000e+00 1.000000000000000e+00
1.320000000000000e-01 1.000000000000000e+00 0.000000000000000e+00 1.000000000000000e+00
1.340000000000000e-01 1.000000000000000e+00 0.000000000000000e+00 1.000000000000000e+00
1.360000000000000e-01 1.000000000000000e+00 0.000000000000000e+00 1.000000000000000e+00
1.380000000000000e-01 1.000000000000000e+00 0.000000000000000e+00 1.000000000000000e+00
1.400000000000000e-01 1.000000000000000e+00 0.000000000000000e+00 1.000000000000000e+00
1.420000000000000e-01 1.000000000000000e+00 0.000000000000000e+00 1.000000000000000e+00
1.440000000000000e-01 1.000000000000000e+00 0.000000000000000e+00 1.000000000000000e+00
1.460000000000000e-01 1.000000000000000e+00 0.000000000000000e+00 1.000000000000000e+00
1.480000000000000e-01 1.000000000000000e+00 0.000000000000000e+00 1.000000000000000e+00
1.500000000000000e-01 1.000000000000000e+00 0.000000000000000e+00 1.000000000000000e+00
1.520000000000000e-01 1.000000000000000e+00 0.000000000000000e+00 1.000000000000000e+00
1.540000000000000e-01 1.000000000000000e+00 0.000000000000000e+00 1.000000000000000e+00
1.560000000000000e-01 1.000000000000000e+00 0.000000000000000e+00 1.000000000000000e+00
1.580000000000000e-01 1.000000000000000e+00 0.000000000000000e+00 1.000000000000000e+00
1.600000000000000e-01 1.000000000000000e+00 0.000000000000000e+00 1.000000000000000e+00
1.620000000000000e-01 1.000000000000000e+00 0.000000000000000e+00 1.000000000000000e+00
1.640000000000000e-01 1.000000000000000e+00 0.000000000000000e+00 1.000000000000000e+00
1.660000000000000e-01 1.000000000000000e+00 0.000000000000000e+00 1.000000000000000e+00
1.680000000000000e-01 1.000000000000000e+00 0.000000000000000e+00 1.000000000000000e+00
1.700000000000000e-01 1.000000000000000e+00 0.000000000000000e+00 1.000000000000000e+00
1.720000000000000e-01 1.000000000000000e+00 0.000000000000000e+00 1.000000000000000e+00
1.740000000000000e-01 1.000000000000000e+00 0.000000000000000e+00 1.000000000000000e+00
1.760000000000000e-01 1.000000000000000e+00 0.000000000000000e+00 1.000000000000000e+00
1.780000000000000e-01 1.000000000000000e+00 0.000000000000000e+00 1.000000000000000e+00
1.800000000000000e-01 1.000000000000000e+00 0.000000000000000e+00 1.000000000000000e+00
1.820000000000000e-01 1.000000000000000e+00 0.000000000000000e+00 1.000000000000000e+00
1.840000000000000e-01 1.000000000000000e+00 0.000000000000000e+00 1.000000000000000e+00
1.860000000000000e-01 1.000000000000000e+00 0.000000000000000e+00 1.000000000000000e+00
1.880000000000000e-01 1.000000000000000e+00 0.000000000000000e+00 1.000000000000000e+00
1.900000000000000e-01 1.000000000000000e+00 0.000000000000000e+00 1.000000000000000e+00
1.920000000000000e-01 1.000000000000000e+00 0.000000000000000e+00 1.000000000000000e+00
1.940000000000000e-01 1.000000000000000e+00 0.000000000000000e+00 1.000000000000000e+00
1.960000000000000e-01 9.999999999000000e-01 1.000000000000000e-10 9.999999999000000e-01
1.980000000000000e-01 9.999999998000000e-01 2.000000000000000e-10 9.999999997000000e-01
2.000000000000000e-01 9.999999996000000e-01 5.000000000000000e-10 9.999999994000000e-01
2.020000000000000e-01 9.999999990000000e-01 1.200000000000000e-09 9.999999986000000e-01
2.040000000000000e-01 9.999999977000000e-01 2.700000000000000e-09 9.999999968000000e-01
2.060000000000000e-01 9.999999950000000e-01 5.900000000000000e-09 9.999999930000000e-01
2.080000000000000e-01 9.999999891000000e-01 1.290000000000000e-08 9.999999847000000e-01
2.100000000000000e-01 9.999999766000000e-01 2.760000000000000e-08 9.999999673000000e-01
2.120000000000000e-01 9.999999507000000e-01 5.840000000000000e-08 9.999999308999999e-01
2.140000000000000e-01 9.999998973999999e-01 1.214000000000000e-07 9.999998564000000e-01
2.160000000000000e-01 9.999997901000000e-01 2.484000000000000e-07 9.999997061000000e-01
2.180000000000000e-01 9.999995772000000e-01 5.002000000000000e-07 9.999994081000000e-01
2.200000000000000e-01 9.999991624000000e-01 9.909999999999999e-07 9.999988274000000e-01
2.220000000000000e-01 9.999983681000000e-01 1.930900000000000e-06 9.999977154000000e-01
2.240000000000000e-01 9.999968742999999e-01 3.698400000000000e-06 9.999956240000000e-01
2.260000000000000e-01 9.999941163000000e-01 6.961700000000000e-06 9.999917629000000e-01
2.280000000000000e-01 9.999891209000000e-01 1.287240000000000e-05 9.999847693000000e-01
2.300000000000000e-01 9.999802485000000e-01 2.337050000000000e-05 9.999723480000000e-01
2.320000000000000e-01 9.999648063000000e-01 4.164230000000000e-05 9.999507292000001e-01
2.340000000000000e-01 9.999384869000000e-01 7.278489999999999e-05 9.999138829000001e-01
2.360000000000000e-01 9.998945920000000e-01 1.247250000000000e-04 9.998524326000000e-01
2.380000000000000e-01 9.998230162000000e-01 2.094233000000000e-04 9.997522330000000e-01
2.400000000000000e-01 9.997090034000000e-01 3.443478000000000e-04 9.995926325000000e-01
2.420000000000000e-01 9.995317593000000e-01 5.541240000000000e-04 9.993445339000000e-01
2.440000000000000e-01 9.992630969000000e-01 8.721509000000000e-04 9.989685090000000e-01
2.460000000000000e-01 9.988664123000000e-01 1.341841400000000e-03 9.984133825000000e-01
2.480000000000000e-01 9.982963872000000e-01 2.017023400000000e-03 9.976158466000000e-01
2.500000000000000e-01 9.974998525000000e-01 2.960999100000000e-03 9.965017192000000e-01
2.520000000000000e-01 9.964181602000000e-01 4.243854700000000e-03 9.949893332000000e-01
2.540000000000000e-01 9.949911620000000e-01 5.937902600000000e-03 9.929951918000000e-01
2.560000000000000e-01 9.931624991000000e-01 8.111585399999999e-03 9.904414614000000e-01
2.580000000000000e-01 9.908854682000000e-01 1.082267180000000e-02 9.872642516000000e-01
2.600000000000000e-01 9.881284001000000e-01 1.411195200000000e-02 9.834211667000000e-01
2.620000000000000e-01 9.848784386000000e-01 1.799870650000000e-02 9.788965479000000e-01
2.640000000000000e-01 9.811428960000000e-01 2.247890540000000e-02 9.737032487000000e-01
2.660000000000000e-01 9.769479266000000e-01 2.752646970000000e-02 9.678805997000000e-01
2.680000000000000e-01 9.723349006000001e-01 3.309720530000000e-02 9.614891321000000e-01
2.700000000000000e-01 9.673553476000000e-01 3.913445870000000e-02 9.546033196000000e-01
2.720000000000000e-01 9.620655295000000e-01 4.557530530000000e-02 9.473038568000000e-01
2.740000000000000e-01 9.565215793000000e-01 5.235619170000000e-02 9.396707986000000e-01
2.760000000000000e-01 9.507758119000000e-01 5.941730960000000e-02 9.317784059999999e-01
2.780000000000000e-01 9.448744243000000e-01 6.670541219999999e-02 9.236919832000000e-01
2.800000000000000e-01 9.388564828000000e-01 7.417515130000001e-02 9.154665394000000e-01
2.820000000000000e-01 9.327539033000000e-01 8.178924479999999e-02 9.071468457000000e-01
2.840000000000000e-01 9.265920756000000e-01 8.951786780000000e-02 8.987683813000000e-01
2.860000000000000e-01 9.203908101000000e-01 9.733763060000000e-02 8.903587170000000e-01
2.880000000000000e-01 9.141653722999999e-01 1.052304258000000e-01 8.819390029000000e-01
2.900000000000000e-01 9.079274529000000e-01 1.131823238000000e-01 8.735253530000000e-01
2.920000000000000e-01 9.016860010000000e-01 1.211826140000000e-01 8.651300276000000e-01
2.940000000000000e-01 8.954478967000000e-01 1.292230218000000e-01 8.567623826000000e-01
2.960000000000000e-01 8.892184711000000e-01 1.372971006000000e-01 8.484296021000000e-01
2.980000000000000e-01 8.830018979000001e-01 1.453997708000000e-01 8.401372486000001e-01
3.000000000000000e-01 8.768014821000000e-01 1.535269780000000e-01 8.318896676000000e-01
3.020000000000000e-01 8.706198714000000e-01 1.616754437000000e-01 8.236902843000000e-01
3.040000000000000e-01 8.644592104000000e-01 1.698424821000000e-01 8.155418190000000e-01
3.060000000000000e-01 8.583212531000000e-01 1.780258665000000e-01 8.074464454000000e-01
3.080000000000000e-01 8.522074466000000e-01 1.862237310000000e-01 7.994059072000000e-01
3.100000000000000e-01 8.461189935000000e-01 1.944344963000000e-01 7.914216059000000e-01
3.120000000000000e-01 8.400568986000000e-01 2.026568145000000e-01 7.834946665000000e-01
3.140000000000000e-01 8.340220055999999e-01 2.108895262000000e-01 7.756259888000000e-01
3.160000000000000e-01 8.280150250000000e-01 2.191316272000000e-01 7.678162869000000e-01
3.180000000000000e-01 8.220365568000000e-01 2.273822429000000e-01 7.600661209000000e-01
3.200000000000000e-01 8.160871079000001e-01 2.356406069000000e-01 7.523759214000000e-01
3.220000000000000e-01 8.101671064000000e-01 2.439060445000000e-01 7.447460103000000e-01
3.240000000000000e-01 8.042769138000000e-01 2.521779591000000e-01 7.371766169000000e-01
3.260000000000000e-01 7.984168342000000e-01 2.604558207000000e-01 7.296678917000000e-01
3.280000000000000e-01 7.925871224000000e-01 2.687391571000000e-01 7.222199178000001e-01
3.300000000000000e-01 7.867879907000001e-01 2.770275454000000e-01 7.148327202000000e-01
3.320000000000000e-01 7.810196145000000e-01 2.853206062000000e-01 7.075062734999999e-01
3.340000000000000e-01 7.752821369000000e-01 2.936179973000000e-01 7.002405094000000e-01
3.360000000000000e-01 7.695756730000000e-01 3.019194097000000e-01 6.930353214000000e-01
3.380000000000000e-01 7.639003133000000e-01 3.102245629000000e-01 6.858905706000000e-01
3.400000000000000e-01 7.582561266000000e-01 3.185332022000000e-01 6.788060895000000e-01
3.420000000000000e-01 7.526431625000000e-01 3.268450948000000e-01 6.717816854000001e-01
3.440000000000000e-01 7.470614539000000e-01 3.351600279000000e-01 6.648171440000000e-01
3.460000000000000e-01 7.415110187000000e-01 3.434778063000000e-01 6.579122319000000e-01
3.480000000000000e-01 7.359918616000000e-01 3.517982502000000e-01 6.510666988000000e-01
3.500000000000000e-01 7.305039753000000e-01 3.601211938000000e-01 6.442802799000000e-01
3.520000000000000e-01 7.250473422000000e-01 3.684464835000000e-01 6.375526974000000e-01
3.540000000000000e-01 7.196219353000000e-01 3.767739767000000e-01 6.308836621000000e-01
3.560000000000000e-01 7.142277192000001e-01 3.851035410000000e-01 6.242728752000000e-01
3.580000000000000e-01 7.088646508999999e-01 3.934350523000000e-01 6.177200291000000e-01
3.600000000000000e-01 7.035326809000000e-01 4.017683948000000e-01 6.112248083000000e-01
3.620000000000000e-01 6.982317534000000e-01 4.101034596000000e-01 6.047868912000000e-01
3.640000000000000e-01 6.929618073000000e-01 4.184401443000000e-01 5.984059500000000e-01
3.660000000000000e-01 6.877227766000000e-01 4.267783521000000e-01 5.920816521000000e-01
3.680000000000000e-01 6.825145908000000e-01 4.351179916000000e-01 5.858136603000000e-01
3.700000000000000e-01 6.773371755000001e-01 4.434589760000000e-01 5.796016338000000e-01
3.720000000000000e-01 6.721904525000000e-01 4.518012228000000e-01 5.734452283000000e-01
3.740000000000000e-01 6.670743403000000e-01 4.601446537000000e-01 5.673440967000000e-01
3.760000000000000e-01 6.619887542000000e-01 4.684891939000000e-01 5.612978893000000e-01
3.780000000000000e-01 6.569336065000000e-01 4.768347723000000e-01 5.553062540000000e-01
3.800000000000000e-01 6.519088065999999e-01 4.851813214000000e-01 5.493688367000000e-01
3.820000000000000e-01 6.469142618000000e-01 4.935287773000000e-01 5.434852815000000e-01
3.840000000000000e-01 6.419498744000000e-01 5.018770795000000e-01 5.376552301000000e-01
3.860000000000000e-01 6.370155499000000e-01 5.102261718000000e-01 5.318783227000000e-01
3.880000000000000e-01 6.321111757000000e-01 5.185760020000000e-01 5.261541973000000e-01
3.900000000000000e-01 6.272366704000000e-01 5.269265229000000e-01 5.204824894000000e-01
3.920000000000000e-01 6.223918770000000e-01 5.352776929000000e-01 5.148628322000000e-01
3.940000000000000e-01 6.175767719000000e-01 5.436294766999999e-01 5.092948558000000e-01
3.960000000000000e-01 6.127910943000000e-01 5.519818459000000e-01 5.037781872000000e-01
3.980000000000000e-01 6.080349221000000e-01 5.603347809000000e-01 4.983124495000000e-01
4.000000000000000e-01 6.033079057000000e-01 5.686882707000001e-01 4.928972617000000e-01
4.020000000000000e-01 5.986100877000000e-01 5.770423149000000e-01 4.875322388000000e-01
4.040000000000000e-01 5.939412956000000e-01 5.853969232000000e-01 4.822169906000000e-01
4.060000000000000e-01 5.893012351000000e-01 5.937521167000001e-01 4.769511234000000e-01
4.080000000000000e-01 5.846900227000000e-01 6.021079269000000e-01 4.717342392000000e-01
4.100000000000000e-01 5.801073234000000e-01 6.104643944000000e-01 4.665659373000000e-01
4.120000000000000e-01 5.755528997000000e-01 6.188215670000000e-01 4.614458164000000e-01
4.140000000000000e-01 5.710269031000000e-01 6.271794969000000e-01 4.563734756000000e-01
4.160000000000000e-01 5.665289514000000e-01 6.355382353000000e-01 4.513485173000000e-01
4.180000000000000e-01 5.620587502000000e-01 6.438978287000000e-01 4.463705511000000e-01
4.200000000000000e-01 5.576165408000000e-01 6.522583134000000e-01 4.414391957000000e-01
4.220000000000000e-01 5.532020548000000e-01 6.606197101000000e-01 4.365540806000000e-01
4.240000000000000e-01 5.488148110000000e-01 6.689820203000000e-01 4.317148501000000e-01
4.260000000000000e-01 5.444550610000000e-01 6.773452261000000e-01 4.269211624000000e-01
4.280000000000000e-01 5.401229177000000e-01 6.857092876000001e-01 4.221726876000000e-01
4.300000000000000e-01 5.358177701000000e-01 6.940741475000000e-01 4.174691078000000e-01
4.320000000000000e-01 5.315394749000000e-01 7.024397347000000e-01 4.128101152000000e-01
4.340000000000000e-01 5.272885531000000e-01 7.108059691000000e-01 4.081954062000000e-01
4.360000000000000e-01 5.230648449000000e-01 7.191727613000000e-01 4.036246810000000e-01
4.380000000000000e-01 5.188675996000000e-01 7.275400164000000e-01 3.990976450000000e-01
4.400000000000000e-01 5.146969037000000e-01 7.359076291000000e-01 3.946140108000000e-01
4.420000000000000e-01 5.105534406000000e-01 7.442754810000000e-01 3.901734959000000e-01
4.440000000000000e-01 5.064369815999999e-01 7.526434309000000e-01 3.857758271000000e-01
4.460000000000000e-01 5.023466213000000e-01 7.610113176000000e-01 3.814207437000000e-01
4.480000000000000e-01 4.982824021000000e-01 7.693789539000000e-01 3.771080002000000e-01
4.500000000000000e-01 4.942452660000000e-01 7.777461296000000e-01 3.728373583000000e-01
4.520000000000000e-01 4.902353298000000e-01 7.861125975000000e-01 3.686085927000000e-01
4.540000000000000e-01 4.862515513000000e-01 7.944780740000000e-01 3.644214961000000e-01
4.560000000000000e-01 4.822934686000000e-01 8.028422095000000e-01 3.602758955000000e-01
4.580000000000000e-01 4.783621158000000e-01 8.112045818000000e-01 3.561716481000000e-01
4.600000000000000e-01 4.744585489000000e-01 8.195646456000000e-01 3.521086590000000e-01
4.620000000000000e-01 4.705822984000000e-01 8.279217285000000e-01 3.480868852000000e-01
4.640000000000000e-01 4.667322507000000e-01 8.362749434000000e-01 3.441063811000000e-01
4.660000000000000e-01 4.629087222000000e-01 8.446231624000000e-01 3.401673055000000e-01
4.680000000000000e-01 4.591137297000000e-01 8.529648216000000e-01 3.362699982000000e-01
4.700000000000000e-01 4.553489853000000e-01 8.612978332000000e-01 3.324150069000000e-01
4.720000000000000e-01 4.516146633000000e-01 8.696191490000000e-01 3.286032827000000e-01
4.740000000000000e-01 4.479107252000000e-01 8.779244685000001e-01 3.248362991000000e-01
4.760000000000000e-01 4.442397620000000e-01 8.862070401000000e-01 3.211165602000000e-01
4.780000000000000e-01 4.406077009000000e-01 8.944563817000000e-01 3.174481036000000e-01
4.800000000000000e-01 4.370238086000000e-01 9.026540830000001e-01 3.138382581000000e-01
4.820000000000000e-01 4.335010864000000e-01 9.107672365000000e-01 3.103003356000000e-01
4.840000000000000e-01 4.300659689000000e-01 9.187278764000000e-01 3.068621962000000e-01
4.860000000000000e-01 4.267797204000000e-01 9.263856362000000e-01 3.035857331000000e-01
4.880000000000000e-01 4.238044771000000e-01 9.333576464000000e-01 3.006288179000000e-01
4.900000000000000e-01 4.215710098000000e-01 9.386181916000000e-01 2.984141445000000e-01
4.920000000000000e-01 4.211077217000000e-01 9.397180998000000e-01 2.979528807000000e-01
4.940000000000000e-01 4.235864731000000e-01 9.338779814000000e-01 3.004091041000000e-01
4.960000000000000e-01 4.274449693000000e-01 9.248388923999999e-01 3.042452595000000e-01
4.980000000000000e-01 4.279700108000000e-01 9.236053876000000e-01 3.047719243000000e-01
5.000000000000000e-01 4.255802833000000e-01 9.291854937000000e-01 3.023954525000000e-01
5.020000000000000e-01 4.256789307000000e-01 9.289528500999999e-01 3.024941960000000e-01
5.040000000000000e-01 4.273528239000000e-01 9.250466812000000e-01 3.041566009000000e-01
5.060000000000000e-01 4.261976642000000e-01 9.277592254000000e-01 3.030013650000000e-01
5.080000000000000e-01 4.258735182000000e-01 9.285179353000000e-01 3.026789032000000e-01
5.100000000000000e-01 4.269675489000000e-01 9.259444968000000e-01 3.037738206000000e-01
5.120000000000000e-01 4.256919068000000e-01 9.289163000000000e-01 3.025097454000000e-01
5.140000000000000e-01 4.266930444000000e-01 9.265754424000000e-01 3.035051061000000e-01
5.160000000000000e-01 4.260247953000000e-01 9.281595713000000e-01 3.028312625000000e-01
5.180000000000000e-01 4.263906760000000e-01 9.273209560000000e-01 3.031878897000000e-01
5.200000000000000e-01 4.261996463000000e-01 9.277603363000000e-01 3.030010568000000e-01
5.220000000000000e-01 4.262505803000000e-01 9.276112693000000e-01 3.030644824000000e-01
5.240000000000000e-01 4.262082602000000e-01 9.276916770000000e-01 3.030303176000000e-01
5.260000000000000e-01 4.262220684000000e-01 9.276786308000000e-01 3.030358823000000e-01
5.280000000000000e-01 4.262338654000000e-01 9.276914086000000e-01 3.030304540000000e-01
5.300000000000000e-01 4.262418341000000e-01 9.276876125000000e-01 3.030320637000000e-01
5.320000000000000e-01 4.262317719000000e-01 9.276790875000001e-01 3.030356793000000e-01
5.340000000000000e-01 4.262164638000000e-01 9.276689103000000e-01 3.030399985000000e-01
5.360000000000000e-01 4.262197855000000e-01 9.276528910000000e-01 3.030468099000000e-01
5.380000000000000e-01 4.262443158000000e-01 9.276372595000000e-01 3.030534699000000e-01
5.400000000000000e-01 4.262751734000000e-01 9.276166378000000e-01 3.030622690000000e-01
5.420000000000000e-01 4.262887232000000e-01 9.275946320000000e-01 3.030716734000000e-01
5.440000000000000e-01 4.262768800000000e-01 9.275747951000000e-01 3.030801679000000e-01
5.460000000000000e-01 4.262591472000000e-01 9.275482940000001e-01 3.030915022000000e-01
5.480000000000000e-01 4.262606007000000e-01 9.275230125000000e-01 3.031023148000000e-01
5.500000000000000e-01 4.262987459000000e-01 9.274998146000000e-01 3.031122303000000e-01
5.520000000000000e-01 4.263572338000000e-01 9.274751612000000e-01 3.031227477000000e-01
5.540000000000000e-01 4.263828159000000e-01 9.274541337000000e-01 3.031317022000000e-01
5.560000000000000e-01 4.263427074000000e-01 9.274312155000000e-01 3.031414410000000e-01
5.580000000000001e-01 4.262715573000000e-01 9.274121391000000e-01 3.031495305000000e-01
5.600000000000001e-01 4.262635947000000e-01 9.273950693000000e-01 3.031567616000000e-01
5.620000000000001e-01 4.263669520000000e-01 9.273751091000000e-01 3.031652297000000e-01
5.639999999999999e-01 4.264936714000000e-01 9.273604132000000e-01 3.031714781000000e-01
5.659999999999999e-01 4.264952935000000e-01 9.273470224000000e-01 3.031771984000000e-01
5.679999999999999e-01 4.263346522000000e-01 9.273354337000000e-01 3.031821811000000e-01
5.700000000000000e-01 4.261744027000000e-01 9.273271984000000e-01 3.031857626000000e-01
5.720000000000000e-01 4.262279551000000e-01 9.273186096000000e-01 3.031895116000000e-01
5.740000000000000e-01 4.264932939000000e-01 9.273156943999999e-01 3.031908522000000e-01
5.760000000000000e-01 4.267028748000000e-01 9.273121546999999e-01 3.031924478000000e-01
5.780000000000000e-01 4.265832874000000e-01 9.273087830000000e-01 3.031939466000000e-01
5.800000000000000e-01 4.261932685000000e-01 9.273099245999999e-01 3.031934895000000e-01
5.820000000000000e-01 4.259350741000000e-01 9.273110505000000e-01 3.031930009000000e-01
5.840000000000000e-01 4.261463403000000e-01 9.273151584000000e-01 3.031912115000000e-01
5.860000000000000e-01 4.266942504000000e-01 9.273199597000000e-01 3.031891065000000e-01
5.880000000000000e-01 4.270273490000000e-01 9.273258946000000e-01 3.031865175000000e-01
5.900000000000000e-01 4.267168871000000e-01 9.273349915000000e-01 3.031826034000000e-01
5.920000000000000e-01 4.259606763000000e-01 9.273404307000001e-01 3.031802889000000e-01
5.940000000000000e-01 4.254780896000000e-01 9.273476221000000e-01 3.031772832000000e-01
5.960000000000000e-01 4.258403177000000e-01 9.273566930000000e-01 3.031735316000000e-01
5.980000000000000e-01 4.268457346000000e-01 9.273643364000000e-01 3.031704258000000e-01
6.000000000000000e-01 4.275936354000000e-01 9.273730744000001e-01 3.031668718000000e-01
6.020000000000000e-01 4.272799492000000e-01 9.273804378000000e-01 3.031638977000000e-01
6.040000000000000e-01 4.259958958000000e-01 9.273893383000000e-01 3.031602409000000e-01
6.060000000000000e-01 4.247807613000000e-01 9.273976285000000e-01 3.031567963000000e-01
6.080000000000000e-01 4.247831151000000e-01 9.274021910000000e-01 3.031548700000000e-01
6.100000000000000e-01 4.262270724000000e-01 9.274094008000000e-01 3.031517481000000e-01
6.120000000000000e-01 4.280922954000000e-01 9.274146648000000e-01 3.031493918000000e-01
6.140000000000000e-01 4.288356462000000e-01 9.274176311000000e-01 3.031479860000000e-01
6.160000000000000e-01 4.276269523000000e-01 9.274216445000000e-01 3.031461496000000e-01
6.180000000000000e-01 4.251183466000000e-01 9.274239633000000e-01 3.031450951000000e-01
6.200000000000000e-01 4.230903349000000e-01 9.274270816000000e-01 3.031437900000000e-01
6.220000000000000e-01 4.231939627000000e-01 9.274284684000000e-01 3.031433192000000e-01
6.240000000000000e-01 4.257048928000000e-01 9.274284581000000e-01 3.031435333000000e-01
6.260000000000000e-01 4.291799140000000e-01 9.274303114000000e-01 3.031430246000000e-01
6.280000000000000e-01 4.313257792000000e-01 9.274281894000000e-01 3.031442359000000e-01
6.300000000000000e-01 4.304776725000000e-01 9.274256420000000e-01 3.031455981000000e-01
6.320000000000000e-01 4.267369068000000e-01 9.274242962000000e-01 3.031463553000000e-01
6.340000000000000e-01 4.220545247000000e-01 9.274210013999999e-01 3.031478109000000e-01
6.360000000000000e-01 4.191500630000000e-01 9.274182530000000e-01 3.031488943000000e-01
6.380000000000000e-01 4.199778547000000e-01 9.274142511000000e-01 3.031503899000000e-01
6.400000000000000e-01 4.245982601000000e-01 9.274103901000000e-01 3.031517563000000e-01
6.420000000000000e-01 4.310280637000000e-01 9.274067093000000e-01 3.031530467000000e-01
6.440000000000000e-01 4.361914142000000e-01 9.273995553000000e-01 3.031559050000000e-01
6.460000000000000e-01 4.373987439000000e-01 9.273946313000000e-01 3.031579597000000e-01
6.480000000000000e-01 4.335839947000000e-01 9.273908178000000e-01 3.031597162000000e-01
6.500000000000000e-01 4.258275043000000e-01 9.273857352000000e-01 3.031621834000000e-01
6.520000000000000e-01 4.169419756000000e-01 9.273825489999999e-01 3.031639574000000e-01
6.540000000000000e-01 4.103208212000000e-01 9.273791670000000e-01 3.031658612000000e-01
6.560000000000000e-01 4.086767231000000e-01 9.273766164000000e-01 3.031673912000000e-01
6.580000000000000e-01 4.131510635000000e-01 9.273729265000000e-01 3.031693090000000e-01
6.600000000000000e-01 4.229549604000000e-01 9.273671439000000e-01 3.031719591000000e-01
6.620000000000000e-01 4.356502996000000e-01 9.273647785000000e-01 3.031729666000000e-01
6.640000000000000e-01 4.479683665000000e-01 9.273617325000000e-01 3.031740298000000e-01
6.660000000000000e-01 4.567604614000000e-01 9.273579827000000e-01 3.031752018000000e-01
6.680000000000000e-01 4.596898889000000e-01 9.273564926000000e-01 3.031752909000000e-01
6.700000000000000e-01 4.556192690000000e-01 9.273549210000001e-01 3.031754912000000e-01
6.720000000000000e-01 4.446788461000000e-01 9.273541533000000e-01 3.031755738000000e-01
6.740000000000000e-01 4.280604540000000e-01 9.273520883000000e-01 3.031765457000000e-01
6.760000000000000e-01 4.076167798000000e-01 9.273511855000000e-01 3.031773525000000e-01
6.780000000000000e-01 3.854060224000000e-01 9.273538318000000e-01 3.031769562000000e-01
6.800000000000000e-01 3.632987852000000e-01 9.273542339000000e-01 3.031776337000000e-01
6.820000000000001e-01 3.427261019000000e-01 9.273555843000000e-01 3.031779545000000e-01
6.840000000000001e-01 3.246120105000000e-01 9.273591190000000e-01 3.031773552000000e-01
6.860000000000001e-01 3.094065762000000e-01 9.273611673000000e-01 3.031771379000000e-01
6.879999999999999e-01 2.971720174000000e-01 9.273640339000000e-01 3.031763835000000e-01
6.899999999999999e-01 2.876993545000000e-01 9.273644759000000e-01 3.031762172000000e-01
6.919999999999999e-01 2.806184522000000e-01 9.273641555000000e-01 3.031760384000000e-01
6.940000000000000e-01 2.754939870000000e-01 9.273676199999999e-01 3.031743173000000e-01
6.960000000000000e-01 2.718978696000000e-01 9.273680372999999e-01 3.031734689000000e-01
6.980000000000000e-01 2.694472612000000e-01 9.273666431000001e-01 3.031731427000000e-01
7.000000000000000e-01 2.678249895000000e-01 9.273689138000000e-01 3.031715835000000e-01
7.020000000000000e-01 2.667857515000000e-01 9.273697341000000e-01 3.031706250000000e-01
7.040000000000000e-01 2.661456362000000e-01 9.273715563000000e-01 3.031695345000000e-01
7.060000000000000e-01 2.657731006000000e-01 9.273749021000000e-01 3.031682113000000e-01
7.080000000000000e-01 2.655776758000000e-01 9.273747739000000e-01 3.031683737000000e-01
7.100000000000000e-01 2.654954369000000e-01 9.273776261000000e-01 3.031678505000000e-01
7.120000000000000e-01 2.654839713000000e-01 9.273833718000000e-01 3.031666229000000e-01
7.140000000000000e-01 2.655162120000000e-01 9.273841425000000e-01 3.031672459000000e-01
7.160000000000000e-01 2.655713269000000e-01 9.273864235000000e-01 3.031674286000000e-01
7.180000000000000e-01 2.656359890000000e-01 9.273902190000000e-01 3.031670361000000e-01
7.200000000000000e-01 2.657018251000000e-01 9.273912596000000e-01 3.031673566000000e-01
7.220000000000000e-01 2.657613037000000e-01 9.273946546000000e-01 3.031665384000000e-01
7.240000000000000e-01 2.658109986000000e-01 9.273963741000000e-01 3.031658466000000e-01
7.260000000000000e-01 2.658490684000000e-01 9.273938829000000e-01 3.031661210000000e-01
7.280000000000000e-01 2.658727874000000e-01 9.273961498000000e-01 3.031644018000000e-01
7.300000000000000e-01 2.658837059000000e-01 9.273968701999999e-01 3.031628699000000e-01
7.320000000000000e-01 2.658835984000000e-01 9.273924019999999e-01 3.031627952000000e-01
7.340000000000000e-01 2.658724385000000e-01 9.273908006000000e-01 3.031615609000000e-01
7.360000000000000e-01 2.658533372000000e-01 9.273881383000000e-01 3.031607190000000e-01
7.380000000000000e-01 2.658289241000000e-01 9.273847559000000e-01 3.031605168000000e-01
7.400000000000000e-01 2.658006635000000e-01 9.273864619000000e-01 3.031592860000000e-01
7.420000000000000e-01 2.657725693000000e-01 9.273848125000000e-01 3.031598413000000e-01
7.440000000000000e-01 2.657457006000000e-01 9.273832142000000e-01 3.031607844000000e-01
7.460000000000000e-01 2.657202646000000e-01 9.273886443000000e-01 3.031596847000000e-01
7.480000000000000e-01 2.657000442000000e-01 9.273906975000000e-01 3.031603760000000e-01
7.500000000000000e-01 2.656857435000000e-01 9.273919509000000e-01 3.031623732000000e-01
7.520000000000000e-01 2.656765860000000e-01 9.273975359000000e-01 3.031636012000000e-01
7.540000000000000e-01 2.656736466000000e-01 9.273983573000000e-01 3.031658886000000e-01
7.560000000000000e-01 2.656750067000000e-01 9.273990161000000e-01 3.031666486000000e-01
7.580000000000000e-01 2.656802012000000e-01 9.274007908000000e-01 3.031658075000000e-01
7.600000000000000e-01 2.656911901000000e-01 9.273954527000000e-01 3.031674827000000e-01
7.620000000000000e-01 2.657047250000000e-01 9.273949279000000e-01 3.031680445000000e-01
7.640000000000000e-01 2.657189568000000e-01 9.273978464000000e-01 3.031664311000000e-01
7.660000000000000e-01 2.657347015000000e-01 9.273910761000000e-01 3.031658048000000e-01
7.680000000000000e-01 2.657498145000000e-01 9.273856403000000e-01 3.031642863000000e-01
7.700000000000000e-01 2.657650127000000e-01 9.273853862000000e-01 3.031639129000000e-01
7.720000000000000e-01 2.657804265000000e-01 9.273828658000000e-01 3.031663184000000e-01
7.740000000000000e-01 2.657905070000000e-01 9.273807501000000e-01 3.031641180000000e-01
7.760000000000000e-01 2.657957509000000e-01 9.273656310000000e-01 3.031588060000000e-01
7.780000000000000e-01 2.658003469000000e-01 9.273484397000000e-01 3.031573327000000e-01
7.800000000000000e-01 2.658067002000000e-01 9.273684691000000e-01 3.031630174000000e-01
7.820000000000000e-01 2.658155332000000e-01 9.274132228999999e-01 3.031768940000000e-01
7.840000000000000e-01 2.658176477000000e-01 9.274280714000001e-01 3.031842420000000e-01
7.860000000000000e-01 2.658020783000000e-01 9.273835061000000e-01 3.031672959000000e-01
7.880000000000000e-01 2.657811557000000e-01 9.273115790000001e-01 3.031444959000000e-01
7.900000000000000e-01 2.657786053000000e-01 9.273278041000000e-01 3.031521423000000e-01
7.920000000000000e-01 2.658001042000000e-01 9.274775751000000e-01 3.031991342000000e-01
7.940000000000000e-01 2.658184273000000e-01 9.275973939000000e-01 3.032409083000000e-01
7.960000000000000e-01 2.657912257000000e-01 9.274951352000000e-01 3.032098051000000e-01
7.980000000000000e-01 2.657276625000000e-01 9.272353066000000e-01 3.031196684000000e-01
8.000000000000000e-01 2.657061260000000e-01 9.271549126000000e-01 3.030940307000000e-01
8.020000000000000e-01 2.657702930000000e-01 9.274782577000000e-01 3.032033087000000e-01
8.040000000000000e-01 2.658409118000000e-01 9.278350480000001e-01 3.033205124000000e-01
8.060000000000000e-01 2.657830271000000e-01 9.275592675000000e-01 3.032308657000000e-01
8.080000000000001e-01 2.656104633000000e-01 9.267406936000000e-01 3.029557491000000e-01
8.100000000000001e-01 2.655658339000000e-01 9.265362464000000e-01 3.028829994000000e-01
8.120000000000001e-01 2.658321954000000e-01 9.277838884000000e-01 3.033054271000000e-01
8.139999999999999e-01 2.661498850000000e-01 9.292761010000000e-01 3.038075316000000e-01
8.159999999999999e-01 2.659815933000000e-01 9.284753108000000e-01 3.035351908000000e-01
8.179999999999999e-01 2.652860584000000e-01 9.251401812000000e-01 3.024187629000000e-01
8.200000000000000e-01 2.649226481000000e-01 9.233968778000000e-01 3.018333567000000e-01
8.220000000000000e-01 2.657477332000000e-01 9.273278895000000e-01 3.031482601000000e-01
8.240000000000000e-01 2.671036554000000e-01 9.337204159000000e-01 3.053075600000000e-01
8.260000000000000e-01 2.669656281000000e-01 9.330933748000000e-01 3.050896278000000e-01
8.280000000000000e-01 2.646188564000000e-01 9.219512164000000e-01 3.013424370000000e-01
8.300000000000000e-01 2.627963255000000e-01 9.131872006000000e-01 2.984358150000000e-01
8.320000000000000e-01 2.650517201000000e-01 9.241393780000000e-01 3.020628141000000e-01
8.340000000000000e-01 2.700243338000000e-01 9.475626162000000e-01 3.100077947000000e-01
8.360000000000000e-01 2.704989149000000e-01 9.500435590000000e-01 3.108390019000000e-01
8.380000000000000e-01 2.620895559000000e-01 9.106084667000000e-01 2.974998348000000e-01
8.400000000000000e-01 2.534871512000000e-01 8.680648902000000e-01 2.838212367000000e-01
8.420000000000000e-01 2.593802790000000e-01 8.993716675000000e-01 2.936689546000000e-01
8.440000000000000e-01 2.786899061000000e-01 9.900381210000000e-01 3.247217400000000e-01
8.460000000000000e-01 2.845688109000000e-01 1.020517985700000e+00 3.355221594000000e-01
8.480000000000000e-01 2.465614458000000e-01 8.628105444000000e-01 2.793440540000000e-01
8.500000000000000e-01 1.802442439000000e-01 4.732152815000000e-01 1.785135396000000e-01
8.520000000000000e-01 1.381303778000000e-01 1.200309247000000e-01 1.166696160000000e-01
8.540000000000000e-01 1.266431186000000e-01 1.415721720000000e-02 1.018829671000000e-01
8.560000000000000e-01 1.251555343000000e-01 1.318632200000000e-03 1.001745448000000e-01
8.580000000000000e-01 1.250142431000000e-01 1.206022000000000e-04 1.000159551000000e-01
8.600000000000000e-01 1.250013017000000e-01 1.102060000000000e-05 1.000014579000000e-01
8.620000000000000e-01 1.250001189000000e-01 1.007000000000000e-06 1.000001332000000e-01
8.640000000000000e-01 1.250000109000000e-01 9.200000000000000e-08 1.000000122000000e-01
8.660000000000000e-01 1.250000010000000e-01 8.400000000000001e-09 1.000000011000000e-01
8.680000000000000e-01 1.250000001000000e-01 8.000000000000000e-10 1.000000001000000e-01
8.700000000000000e-01 1.250000000000000e-01 1.000000000000000e-10 1.000000000000000e-01
8.720000000000000e-01 1.250000000000000e-01 0.000000000000000e+00 1.000000000000000e-01
8.740000000000000e-01 1.250000000000000e-01 0.000000000000000e+00 1.000000000000000e-01
8.760000000000000e-01 1.250000000000000e-01 0.000000000000000e+00 1.000000000000000e-01
8.780000000000000e-01 1.250000000000000e-01 0.000000000000000e+00 1.000000000000000e-01
8.800000000000000e-01 1.250000000000000e-01 0.000000000000000e+00 1.000000000000000e-01
8.820000000000000e-01 1.250000000000000e-01 0.000000000000000e+00 1.000000000000000e-01
8.840000000000000e-01 1.250000000000000e-01 0.000000000000000e+00 1.000000000000000e-01
8.860000000000000e-01 1.250000000000000e-01 0.000000000000000e+00 1.000000000000000e-01
8.880000000000000e-01 1.250000000000000e-01 0.000000000000000e+00 1.000000000000000e-01
8.900000000000000e-01 1.250000000000000e-01 0.000000000000000e+00 1.000000000000000e-01
8.920000000000000e-01 1.250000000000000e-01 0.000000000000000e+00 1.000000000000000e-01
8.940000000000000e-01 1.250000000000000e-01 0.000000000000000e+00 1.000000000000000e-01
8.960000000000000e-01 1.250000000000000e-01 0.000000000000000e+00 1.000000000000000e-01
8.980000000000000e-01 1.250000000000000e-01 0.000000000000000e+00 1.000000000000000e-01
9.000000000000000e-01 1.250000000000000e-01 0.000000000000000e+00 1.000000000000000e-01
9.020000000000000e-01 1.250000000000000e-01 0.000000000000000e+00 1.000000000000000e-01
9.040000000000000e-01 1.250000000000000e-01 0.000000000000000e+00 1.000000000000000e-01
9.060000000000000e-01 1.250000000000000e-01 0.000000000000000e+00 1.000000000000000e-01
9.080000000000000e-01 1.250000000000000e-01 0.000000000000000e+00 1.000000000000000e-01
9.100000000000000e-01 1.250000000000000e-01 0.000000000000000e+00 1.000000000000000e-01
9.120000000000000e-01 1.250000000000000e-01 0.000000000000000e+00 1.000000000000000e-01
9.140000000000000e-01 1.250000000000000e-01 0.000000000000000e+00 1.000000000000000e-01
9.160000000000000e-01 1.250000000000000e-01 0.000000000000000e+00 1.000000000000000e-01
9.180000000000000e-01 1.250000000000000e-01 0.000000000000000e+00 1.000000000000000e-01
9.200000000000000e-01 1.250000000000000e-01 0.000000000000000e+00 1.000000000000000e-01
9.220000000000000e-01 1.250000000000000e-01 0.000000000000000e+00 1.000000000000000e-01
9.240000000000000e-01 1.250000000000000e-01 0.000000000000000e+00 1.000000000000000e-01
9.260000000000000e-01 1.250000000000000e-01 0.000000000000000e+00 1.000000000000000e-01
9.280000000000000e-01 1.250000000000000e-01 0.000000000000000e+00 1.000000000000000e-01
9.300000000000000e-01 1.250000000000000e-01 0.000000000000000e+00 1.000000000000000e-01
9.320000000000001e-01 1.250000000000000e-01 0.000000000000000e+00 1.000000000000000e-01
9.340000000000001e-01 1.250000000000000e-01 0.000000000000000e+00 1.000000000000000e-01
9.360000000000001e-01 1.250000000000000e-01 0.000000000000000e+00 1.000000000000000e-01
9.379999999999999e-01 1.250000000000000e-01 0.000000000000000e+00 1.000000000000000e-01
9.399999999999999e-01 1.250000000000000e-01 0.000000000000000e+00 1.000000000000000e-01
9.419999999999999e-01 1.250000000000000e-01 0.000000000000000e+00 1.000000000000000e-01
9.440000000000000e-01 1.250000000000000e-01 0.000000000000000e+00 1.000000000000000e-01
9.460000000000000e-01 1.250000000000000e-01 0.000000000000000e+00 1.000000000000000e-01
9.480000000000000e-01 1.250000000000000e-01 0.000000000000000e+00 1.000000000000000e-01
9.500000000000000e-01 1.250000000000000e-01 0.000000000000000e+00 1.000000000000000e-01
9.520000000000000e-01 1.250000000000000e-01 0.000000000000000e+00 1.000000000000000e-01
9.540000000000000e-01 1.250000000000000e-01 0.000000000000000e+00 1.000000000000000e-01
9.560000000000000e-01 1.250000000000000e-01 0.000000000000000e+00 1.000000000000000e-01
9.580000000000000e-01 1.250000000000000e-01 0.000000000000000e+00 1.000000000000000e-01
9.600000000000000e-01 1.250000000000000e-01 0.000000000000000e+00 1.000000000000000e-01
9.620000000000000e-01 1.250000000000000e-01 0.000000000000000e+00 1.000000000000000e-01
9.640000000000000e-01 1.250000000000000e-01 0.000000000000000e+00 1.000000000000000e-01
9.660000000000000e-01 1.250000000000000e-01 0.000000000000000e+00 1.000000000000000e-01
9.680000000000000e-01 1.250000000000000e-01 0.000000000000000e+00 1.000000000000000e-01
9.700000000000000e-01 1.250000000000000e-01 0.000000000000000e+00 1.000000000000000e-01
9.720000000000000e-01 1.250000000000000e-01 0.000000000000000e+00 1.000000000000000e-01
9.740000000000000e-01 1.250000000000000e-01 0.000000000000000e+00 1.000000000000000e-01
9.760000000000000e-01 1.250000000000000e-01 0.000000000000000e+00 1.000000000000000e-01
9.780000000000000e-01 1.250000000000000e-01 0.000000000000000e+00 1.000000000000000e-01
9.800000000000000e-01 1.250000000000000e-01 0.000000000000000e+00 1.000000000000000e-01
9.820000000000000e-01 1.250000000000000e-01 0.000000000000000e+00 1.000000000000000e-01
9.840000000000000e-01 1.250000000000000e-01 0.000000000000000e+00 1.000000000000000e-01
9.860000000000000e-01 1.250000000000000e-01 0.000000000000000e+00 1.000000000000000e-01
9.880000000000000e-01 1.250000000000000e-01 0.000000000000000e+00 1.000000000000000e-01
9.900000000000000e-01 1.250000000000000e-01 0.000000000000000e+00 1.000000000000000e-01
9.920000000000000e-01 1.250000000000000e-01 0.000000000000000e+00 1.000000000000000e-01
9.940000000000000e-01 1.250000000000000e-01 0.000000000000000e+00 1.000000000000000e-01
9.960000000000000e-01 1.250000000000000e-01 0.000000000000000e+00 1.000000000000000e-01
9.980000000000000e-01 1.250000000000000e-01 0.000000000000000e+00 1.000000000000000e-01
1.000000000000000e+00 1.250000000000000e-01 0.000000000000000e+00 1.000000000000000e-01
ZONE T="Exact", I=500, F=POINT
1.511000000000000e-03 1.000000000000000e+00 0.000000000000000e+00 1.000000000000000e+00
3.511000000000000e-03 1.000000000000000e+00 0.000000000000000e+00 1.000000000000000e+00
5.511000000000000e-03 1.000000000000000e+00 0.000000000000000e+00 1.000000000000000e+00
7.511000000000000e-03 1.000000000000000e+00 0.000000000000000e+00 1.000000000000000e+00
9.511000000000000e-03 1.000000000000000e+00 0.000000000000000e+00 1.000000000000000e+00
1.151100000000000e-02 1.000000000000000e+00 0.000000000000000e+00 1.000000000000000e+00
1.351100000000000e-02 1.000000000000000e+00 0.000000000000000e+00 1.000000000000000e+00
1.551100000000000e-02 1.000000000000000e+00 0.000000000000000e+00 1.000000000000000e+00
1.751100000000000e-02 1.000000000000000e+00 0.000000000000000e+00 1.000000000000000e+00
1.951100000000000e-02 1.000000000000000e+00 0.000000000000000e+00 1.000000000000000e+00
2.151100000000000e-02 1.000000000000000e+00 0.000000000000000e+00 1.000000000000000e+00
2.351100000000000e-02 1.000000000000000e+00 0.000000000000000e+00 1.000000000000000e+00
2.551100000000000e-02 1.000000000000000e+00 0.000000000000000e+00 1.000000000000000e+00
2.751100000000000e-02 1.000000000000000e+00 0.000000000000000e+00 1.000000000000000e+00
2.951100000000000e-02 1.000000000000000e+00 0.000000000000000e+00 1.000000000000000e+00
3.151100000000000e-02 1.000000000000000e+00 0.000000000000000e+00 1.000000000000000e+00
3.351100000000000e-02 1.000000000000000e+00 0.000000000000000e+00 1.000000000000000e+00
3.551100000000000e-02 1.000000000000000e+00 0.000000000000000e+00 1.000000000000000e+00
3.751100000000000e-02 1.000000000000000e+00 0.000000000000000e+00 1.000000000000000e+00
3.951100000000000e-02 1.000000000000000e+00 0.000000000000000e+00 1.000000000000000e+00
4.151100000000000e-02 1.000000000000000e+00 0.000000000000000e+00 1.000000000000000e+00
4.351100000000000e-02 1.000000000000000e+00 0.000000000000000e+00 1.000000000000000e+00
4.551100000000000e-02 1.000000000000000e+00 0.000000000000000e+00 1.000000000000000e+00
4.751100000000000e-02 1.000000000000000e+00 0.000000000000000e+00 1.000000000000000e+00
4.951100000000000e-02 1.000000000000000e+00 0.000000000000000e+00 1.000000000000000e+00
5.151100000000000e-02 1.000000000000000e+00 0.000000000000000e+00 1.000000000000000e+00
5.351100000000000e-02 1.000000000000000e+00 0.000000000000000e+00 1.000000000000000e+00
5.551100000000000e-02 1.000000000000000e+00 0.000000000000000e+00 1.000000000000000e+00
5.751100000000000e-02 1.000000000000000e+00 0.000000000000000e+00 1.000000000000000e+00
5.951100000000000e-02 1.000000000000000e+00 0.000000000000000e+00 1.000000000000000e+00
6.151100000000000e-02 1.000000000000000e+00 0.000000000000000e+00 1.000000000000000e+00
6.351100000000000e-02 1.000000000000000e+00 0.000000000000000e+00 1.000000000000000e+00
6.551100000000000e-02 1.000000000000000e+00 0.000000000000000e+00 1.000000000000000e+00
6.751100000000000e-02 1.000000000000000e+00 0.000000000000000e+00 1.000000000000000e+00
6.951100000000000e-02 1.000000000000000e+00 0.000000000000000e+00 1.000000000000000e+00
7.151100000000001e-02 1.000000000000000e+00 0.000000000000000e+00 1.000000000000000e+00
7.351100000000001e-02 1.000000000000000e+00 0.000000000000000e+00 1.000000000000000e+00
7.551099999999999e-02 1.000000000000000e+00 0.000000000000000e+00 1.000000000000000e+00
7.751100000000000e-02 1.000000000000000e+00 0.000000000000000e+00 1.000000000000000e+00
7.951100000000000e-02 1.000000000000000e+00 0.000000000000000e+00 1.000000000000000e+00
8.151100000000000e-02 1.000000000000000e+00 0.000000000000000e+00 1.000000000000000e+00
8.351100000000000e-02 1.000000000000000e+00 0.000000000000000e+00 1.000000000000000e+00
8.551100000000000e-02 1.000000000000000e+00 0.000000000000000e+00 1.000000000000000e+00
8.751100000000001e-02 1.000000000000000e+00 0.000000000000000e+00 1.000000000000000e+00
8.951099999999999e-02 1.000000000000000e+00 0.000000000000000e+00 1.000000000000000e+00
9.151100000000000e-02 1.000000000000000e+00 0.000000000000000e+00 1.000000000000000e+00
9.351100000000000e-02 1.000000000000000e+00 0.000000000000000e+00 1.000000000000000e+00
9.551100000000000e-02 1.000000000000000e+00 0.000000000000000e+00 1.000000000000000e+00
9.751100000000000e-02 1.000000000000000e+00 0.000000000000000e+00 1.000000000000000e+00
9.951100000000000e-02 1.000000000000000e+00 0.000000000000000e+00 1.000000000000000e+00
1.015110000000000e-01 1.000000000000000e+00 0.000000000000000e+00 1.000000000000000e+00
1.035110000000000e-01 1.000000000000000e+00 0.000000000000000e+00 1.000000000000000e+00
1.055110000000000e-01 1.000000000000000e+00 0.000000000000000e+00 1.000000000000000e+00
1.075110000000000e-01 1.000000000000000e+00 0.000000000000000e+00 1.000000000000000e+00
1.095110000000000e-01 1.000000000000000e+00 0.000000000000000e+00 1.000000000000000e+00
1.115110000000000e-01 1.000000000000000e+00 0.000000000000000e+00 1.000000000000000e+00
1.135110000000000e-01 1.000000000000000e+00 0.000000000000000e+00 1.000000000000000e+00
1.155110000000000e-01 1.000000000000000e+00 0.000000000000000e+00 1.000000000000000e+00
1.175110000000000e-01 1.000000000000000e+00 0.000000000000000e+00 1.000000000000000e+00
1.195110000000000e-01 1.000000000000000e+00 0.000000000000000e+00 1.000000000000000e+00
1.215110000000000e-01 1.000000000000000e+00 0.000000000000000e+00 1.000000000000000e+00
1.235110000000000e-01 1.000000000000000e+00 0.000000000000000e+00 1.000000000000000e+00
1.255110000000000e-01 1.000000000000000e+00 0.000000000000000e+00 1.000000000000000e+00
1.275110000000000e-01 1.000000000000000e+00 0.000000000000000e+00 1.000000000000000e+00
1.295110000000000e-01 1.000000000000000e+00 0.000000000000000e+00 1.000000000000000e+00
1.315110000000000e-01 1.000000000000000e+00 0.000000000000000e+00 1.000000000000000e+00
1.335110000000000e-01 1.000000000000000e+00 0.000000000000000e+00 1.000000000000000e+00
1.355110000000000e-01 1.000000000000000e+00 0.000000000000000e+00 1.000000000000000e+00
1.375110000000000e-01 1.000000000000000e+00 0.000000000000000e+00 1.000000000000000e+00
1.395110000000000e-01 1.000000000000000e+00 0.000000000000000e+00 1.000000000000000e+00
1.415110000000000e-01 1.000000000000000e+00 0.000000000000000e+00 1.000000000000000e+00
1.435110000000000e-01 1.000000000000000e+00 0.000000000000000e+00 1.000000000000000e+00
1.455110000000000e-01 1.000000000000000e+00 0.000000000000000e+00 1.000000000000000e+00
1.475110000000000e-01 1.000000000000000e+00 0.000000000000000e+00 1.000000000000000e+00
1.495110000000000e-01 1.000000000000000e+00 0.000000000000000e+00 1.000000000000000e+00
1.515110000000000e-01 1.000000000000000e+00 0.000000000000000e+00 1.000000000000000e+00
1.535110000000000e-01 1.000000000000000e+00 0.000000000000000e+00 1.000000000000000e+00
1.555110000000000e-01 1.000000000000000e+00 0.000000000000000e+00 1.000000000000000e+00
1.575110000000000e-01 1.000000000000000e+00 0.000000000000000e+00 1.000000000000000e+00
1.595110000000000e-01 1.000000000000000e+00 0.000000000000000e+00 1.000000000000000e+00
1.615110000000000e-01 1.000000000000000e+00 0.000000000000000e+00 1.000000000000000e+00
1.635110000000000e-01 1.000000000000000e+00 0.000000000000000e+00 1.000000000000000e+00
1.655110000000000e-01 1.000000000000000e+00 0.000000000000000e+00 1.000000000000000e+00
1.675110000000000e-01 1.000000000000000e+00 0.000000000000000e+00 1.000000000000000e+00
1.695110000000000e-01 1.000000000000000e+00 0.000000000000000e+00 1.000000000000000e+00
1.715110000000000e-01 1.000000000000000e+00 0.000000000000000e+00 1.000000000000000e+00
1.735110000000000e-01 1.000000000000000e+00 0.000000000000000e+00 1.000000000000000e+00
1.755110000000000e-01 1.000000000000000e+00 0.000000000000000e+00 1.000000000000000e+00
1.775110000000000e-01 1.000000000000000e+00 0.000000000000000e+00 1.000000000000000e+00
1.795110000000000e-01 1.000000000000000e+00 0.000000000000000e+00 1.000000000000000e+00
1.815110000000000e-01 1.000000000000000e+00 0.000000000000000e+00 1.000000000000000e+00
1.835110000000000e-01 1.000000000000000e+00 0.000000000000000e+00 1.000000000000000e+00
1.855110000000000e-01 1.000000000000000e+00 0.000000000000000e+00 1.000000000000000e+00
1.875110000000000e-01 1.000000000000000e+00 0.000000000000000e+00 1.000000000000000e+00
1.895110000000000e-01 1.000000000000000e+00 0.000000000000000e+00 1.000000000000000e+00
1.915110000000000e-01 1.000000000000000e+00 0.000000000000000e+00 1.000000000000000e+00
1.935110000000000e-01 1.000000000000000e+00 0.000000000000000e+00 1.000000000000000e+00
1.955110000000000e-01 1.000000000000000e+00 0.000000000000000e+00 1.000000000000000e+00
1.975110000000000e-01 1.000000000000000e+00 0.000000000000000e+00 1.000000000000000e+00
1.995110000000000e-01 1.000000000000000e+00 0.000000000000000e+00 1.000000000000000e+00
2.015110000000000e-01 1.000000000000000e+00 0.000000000000000e+00 1.000000000000000e+00
2.035110000000000e-01 1.000000000000000e+00 0.000000000000000e+00 1.000000000000000e+00
2.055110000000000e-01 1.000000000000000e+00 0.000000000000000e+00 1.000000000000000e+00
2.075110000000000e-01 1.000000000000000e+00 0.000000000000000e+00 1.000000000000000e+00
2.095110000000000e-01 1.000000000000000e+00 0.000000000000000e+00 1.000000000000000e+00
2.115110000000000e-01 1.000000000000000e+00 0.000000000000000e+00 1.000000000000000e+00
2.135110000000000e-01 1.000000000000000e+00 0.000000000000000e+00 1.000000000000000e+00
2.155110000000000e-01 1.000000000000000e+00 0.000000000000000e+00 1.000000000000000e+00
2.175110000000000e-01 1.000000000000000e+00 0.000000000000000e+00 1.000000000000000e+00
2.195110000000000e-01 1.000000000000000e+00 0.000000000000000e+00 1.000000000000000e+00
2.215110000000000e-01 1.000000000000000e+00 0.000000000000000e+00 1.000000000000000e+00
2.235110000000000e-01 1.000000000000000e+00 0.000000000000000e+00 1.000000000000000e+00
2.255110000000000e-01 1.000000000000000e+00 0.000000000000000e+00 1.000000000000000e+00
2.275110000000000e-01 1.000000000000000e+00 0.000000000000000e+00 1.000000000000000e+00
2.295110000000000e-01 1.000000000000000e+00 0.000000000000000e+00 1.000000000000000e+00
2.315110000000000e-01 1.000000000000000e+00 0.000000000000000e+00 1.000000000000000e+00
2.335110000000000e-01 1.000000000000000e+00 0.000000000000000e+00 1.000000000000000e+00
2.355110000000000e-01 1.000000000000000e+00 0.000000000000000e+00 1.000000000000000e+00
2.375110000000000e-01 1.000000000000000e+00 0.000000000000000e+00 1.000000000000000e+00
2.395110000000000e-01 1.000000000000000e+00 0.000000000000000e+00 1.000000000000000e+00
2.415110000000000e-01 1.000000000000000e+00 0.000000000000000e+00 1.000000000000000e+00
2.435110000000000e-01 1.000000000000000e+00 0.000000000000000e+00 1.000000000000000e+00
2.455110000000000e-01 1.000000000000000e+00 0.000000000000000e+00 1.000000000000000e+00
2.475110000000000e-01 1.000000000000000e+00 0.000000000000000e+00 1.000000000000000e+00
2.495110000000000e-01 1.000000000000000e+00 0.000000000000000e+00 1.000000000000000e+00
2.515110000000000e-01 1.000000000000000e+00 0.000000000000000e+00 1.000000000000000e+00
2.535110000000000e-01 1.000000000000000e+00 0.000000000000000e+00 1.000000000000000e+00
2.555110000000000e-01 1.000000000000000e+00 0.000000000000000e+00 1.000000000000000e+00
2.575110000000000e-01 1.000000000000000e+00 0.000000000000000e+00 1.000000000000000e+00
2.595110000000000e-01 1.000000000000000e+00 0.000000000000000e+00 1.000000000000000e+00
2.615110000000000e-01 1.000000000000000e+00 0.000000000000000e+00 1.000000000000000e+00
2.635110000000000e-01 9.994580000000000e-01 6.420000000000000e-04 9.992410000000000e-01
2.655110000000000e-01 9.924380000000000e-01 8.975000000000000e-03 9.894290000000000e-01
2.675110000000000e-01 9.854570000000000e-01 1.730800000000000e-02 9.796990000000000e-01
2.695110000000000e-01 9.785160000000001e-01 2.564200000000000e-02 9.700520000000000e-01
2.715110000000000e-01 9.716140000000000e-01 3.397500000000000e-02 9.604860000000000e-01
2.735110000000000e-01 9.647510000000000e-01 4.230800000000000e-02 9.510010000000000e-01
2.755110000000000e-01 9.579270000000000e-01 5.064200000000000e-02 9.415970000000000e-01
2.775110000000000e-01 9.511410000000000e-01 5.897500000000000e-02 9.322720000000000e-01
2.795110000000000e-01 9.443940000000000e-01 6.730800000000001e-02 9.230270000000000e-01
2.815110000000000e-01 9.376850000000000e-01 7.564200000000000e-02 9.138600000000000e-01
2.835110000000000e-01 9.310150000000000e-01 8.397499999999999e-02 9.047720000000000e-01
2.855110000000000e-01 9.243820000000000e-01 9.230800000000000e-02 8.957610000000000e-01
2.875110000000000e-01 9.177870000000000e-01 1.006420000000000e-01 8.868270000000000e-01
2.895110000000000e-01 9.112300000000000e-01 1.089750000000000e-01 8.779700000000000e-01
2.915110000000000e-01 9.047110000000000e-01 1.173080000000000e-01 8.691880000000000e-01
2.935110000000000e-01 8.982290000000001e-01 1.256420000000000e-01 8.604820000000000e-01
2.955110000000000e-01 8.917840000000000e-01 1.339750000000000e-01 8.518510000000000e-01
2.975110000000000e-01 8.853760000000001e-01 1.423080000000000e-01 8.432940000000000e-01
2.995110000000000e-01 8.790050000000000e-01 1.506420000000000e-01 8.348110000000000e-01
3.015110000000000e-01 8.726710000000000e-01 1.589750000000000e-01 8.264010000000001e-01
3.035110000000000e-01 8.663729999999999e-01 1.673080000000000e-01 8.180640000000000e-01
3.055110000000000e-01 8.601120000000000e-01 1.756420000000000e-01 8.097990000000000e-01
3.075110000000000e-01 8.538870000000000e-01 1.839750000000000e-01 8.016060000000000e-01
3.095110000000000e-01 8.476980000000000e-01 1.923080000000000e-01 7.934830000000000e-01
3.115110000000000e-01 8.415450000000000e-01 2.006420000000000e-01 7.854320000000000e-01
3.135110000000000e-01 8.354279999999999e-01 2.089750000000000e-01 7.774510000000000e-01
3.155110000000000e-01 8.293469999999999e-01 2.173080000000000e-01 7.695390000000000e-01
3.175110000000000e-01 8.233009999999999e-01 2.256420000000000e-01 7.616960000000000e-01
3.195110000000000e-01 8.172900000000000e-01 2.339750000000000e-01 7.539220000000000e-01
3.215110000000000e-01 8.113140000000000e-01 2.423080000000000e-01 7.462160000000000e-01
3.235110000000000e-01 8.053740000000000e-01 2.506420000000000e-01 7.385780000000000e-01
3.255110000000000e-01 7.994680000000000e-01 2.589750000000000e-01 7.310070000000000e-01
3.275110000000000e-01 7.935970000000000e-01 2.673080000000000e-01 7.235020000000000e-01
3.295110000000000e-01 7.877600000000000e-01 2.756420000000000e-01 7.160640000000000e-01
3.315110000000000e-01 7.819580000000000e-01 2.839750000000000e-01 7.086910000000000e-01
3.335110000000000e-01 7.761900000000000e-01 2.923080000000000e-01 7.013830000000000e-01
3.355110000000000e-01 7.704569999999999e-01 3.006420000000000e-01 6.941410000000000e-01
3.375110000000000e-01 7.647570000000000e-01 3.089750000000000e-01 6.869620000000000e-01
3.395110000000000e-01 7.590910000000000e-01 3.173080000000000e-01 6.798470000000000e-01
3.415110000000000e-01 7.534580000000000e-01 3.256420000000000e-01 6.727950000000000e-01
3.435110000000000e-01 7.478590000000001e-01 3.339750000000000e-01 6.658060000000000e-01
3.455110000000000e-01 7.422940000000000e-01 3.423080000000000e-01 6.588790000000000e-01
3.475110000000000e-01 7.367610000000000e-01 3.506420000000000e-01 6.520150000000000e-01
3.495110000000000e-01 7.312620000000000e-01 3.589750000000000e-01 6.452110000000000e-01
3.515110000000000e-01 7.257950000000000e-01 3.673080000000000e-01 6.384690000000000e-01
3.535110000000000e-01 7.203610000000000e-01 3.756420000000000e-01 6.317870000000000e-01
3.555110000000000e-01 7.149600000000000e-01 3.839750000000000e-01 6.251650000000000e-01
3.575110000000000e-01 7.095920000000000e-01 3.923080000000000e-01 6.186030000000000e-01
3.595110000000000e-01 7.042550000000000e-01 4.006420000000000e-01 6.120989999999999e-01
3.615110000000000e-01 6.989510000000000e-01 4.089750000000000e-01 6.056550000000001e-01
3.635110000000000e-01 6.936790000000000e-01 4.173080000000000e-01 5.992690000000001e-01
3.655110000000000e-01 6.884380000000000e-01 4.256420000000000e-01 5.929400000000000e-01
3.675110000000000e-01 6.832290000000000e-01 4.339750000000000e-01 5.866690000000000e-01
3.695110000000000e-01 6.780520000000000e-01 4.423080000000000e-01 5.804550000000001e-01
3.715110000000000e-01 6.729070000000000e-01 4.506420000000000e-01 5.742969999999999e-01
3.735110000000000e-01 6.677920000000001e-01 4.589750000000000e-01 5.681960000000000e-01
3.755110000000000e-01 6.627090000000000e-01 4.673080000000000e-01 5.621500000000000e-01
3.775110000000000e-01 6.576570000000000e-01 4.756420000000000e-01 5.561590000000000e-01
3.795110000000000e-01 6.526350000000000e-01 4.839750000000000e-01 5.502230000000000e-01
3.815110000000000e-01 6.476450000000000e-01 4.923080000000000e-01 5.443420000000000e-01
3.835110000000000e-01 6.426850000000000e-01 5.006420000000000e-01 5.385140000000000e-01
3.855110000000000e-01 6.377550000000000e-01 5.089750000000000e-01 5.327400000000000e-01
3.875110000000000e-01 6.328560000000000e-01 5.173080000000000e-01 5.270190000000000e-01
3.895110000000000e-01 6.279860000000000e-01 5.256420000000001e-01 5.213510000000000e-01
3.915110000000000e-01 6.231470000000000e-01 5.339750000000000e-01 5.157350000000001e-01
3.935110000000000e-01 6.183380000000001e-01 5.423080000000000e-01 5.101720000000000e-01
3.955110000000000e-01 6.135580000000000e-01 5.506420000000000e-01 5.046590000000000e-01
3.975110000000000e-01 6.088080000000000e-01 5.589750000000000e-01 4.991980000000000e-01
3.995110000000000e-01 6.040880000000000e-01 5.673080000000000e-01 4.937880000000000e-01
4.015110000000000e-01 5.993970000000000e-01 5.756420000000000e-01 4.884270000000000e-01
4.035110000000000e-01 5.947350000000000e-01 5.839750000000000e-01 4.831170000000000e-01
4.055110000000000e-01 5.901020000000000e-01 5.923079999999999e-01 4.778570000000000e-01
4.075110000000000e-01 5.854980000000000e-01 6.006420000000000e-01 4.726450000000000e-01
4.095110000000000e-01 5.809230000000000e-01 6.089750000000000e-01 4.674830000000000e-01
4.115110000000000e-01 5.763760000000000e-01 6.173080000000000e-01 4.623680000000000e-01
4.135110000000000e-01 5.718580000000000e-01 6.256420000000000e-01 4.573020000000000e-01
4.155110000000000e-01 5.673680000000000e-01 6.339750000000000e-01 4.522840000000000e-01
4.175110000000000e-01 5.629070000000000e-01 6.423080000000000e-01 4.473120000000000e-01
4.195110000000000e-01 5.584730000000000e-01 6.506420000000001e-01 4.423880000000000e-01
4.215110000000000e-01 5.540680000000000e-01 6.589750000000000e-01 4.375100000000000e-01
4.235110000000000e-01 5.496900000000000e-01 6.673080000000000e-01 4.326790000000000e-01
4.255110000000000e-01 5.453410000000000e-01 6.756420000000000e-01 4.278930000000000e-01
4.275110000000000e-01 5.410180000000000e-01 6.839750000000000e-01 4.231520000000000e-01
4.295110000000000e-01 5.367240000000000e-01 6.923080000000000e-01 4.184570000000000e-01
4.315110000000000e-01 5.324560000000000e-01 7.006420000000000e-01 4.138070000000000e-01
4.335110000000000e-01 5.282160000000000e-01 7.089750000000000e-01 4.092000000000000e-01
4.355110000000000e-01 5.240030000000000e-01 7.173079999999999e-01 4.046380000000000e-01
4.375110000000000e-01 5.198159999999999e-01 7.256420000000000e-01 4.001200000000000e-01
4.395110000000000e-01 5.156570000000000e-01 7.339750000000000e-01 3.956450000000000e-01
4.415110000000000e-01 5.115240000000000e-01 7.423080000000000e-01 3.912120000000000e-01
4.435110000000000e-01 5.074180000000000e-01 7.506420000000000e-01 3.868230000000000e-01
4.455110000000000e-01 5.033380000000000e-01 7.589750000000000e-01 3.824750000000000e-01
4.475110000000000e-01 4.992840000000000e-01 7.673080000000000e-01 3.781700000000000e-01
4.495110000000000e-01 4.952570000000000e-01 7.756420000000001e-01 3.739060000000000e-01
4.515110000000000e-01 4.912560000000000e-01 7.839750000000000e-01 3.696840000000000e-01
4.535110000000000e-01 4.872800000000000e-01 7.923080000000000e-01 3.655020000000000e-01
4.555110000000000e-01 4.833300000000000e-01 8.006420000000000e-01 3.613610000000000e-01
4.575110000000000e-01 4.794060000000000e-01 8.089750000000000e-01 3.572610000000000e-01
4.595110000000000e-01 4.755080000000000e-01 8.173080000000000e-01 3.532000000000000e-01
4.615110000000000e-01 4.716350000000000e-01 8.256420000000000e-01 3.491790000000000e-01
4.635110000000000e-01 4.677870000000000e-01 8.339750000000000e-01 3.451970000000000e-01
4.655110000000000e-01 4.639640000000000e-01 8.423079999999999e-01 3.412540000000000e-01
4.675110000000000e-01 4.601660000000000e-01 8.506420000000000e-01 3.373500000000000e-01
4.695110000000000e-01 4.563940000000000e-01 8.589750000000000e-01 3.334840000000000e-01
4.715110000000000e-01 4.526460000000000e-01 8.673080000000000e-01 3.296570000000000e-01
4.735110000000000e-01 4.489220000000000e-01 8.756420000000000e-01 3.258670000000000e-01
4.755110000000000e-01 4.452240000000000e-01 8.839750000000000e-01 3.221140000000000e-01
4.775110000000000e-01 4.415490000000000e-01 8.923080000000000e-01 3.183980000000000e-01
4.795110000000000e-01 4.378990000000000e-01 9.006420000000001e-01 3.147200000000000e-01
4.815110000000000e-01 4.342730000000000e-01 9.089750000000000e-01 3.110780000000000e-01
4.835110000000000e-01 4.306720000000000e-01 9.173080000000000e-01 3.074710000000000e-01
4.855110000000000e-01 4.270940000000000e-01 9.256420000000000e-01 3.039010000000000e-01
4.875110000000000e-01 4.263190000000000e-01 9.274530000000000e-01 3.031300000000000e-01
4.895110000000000e-01 4.263190000000000e-01 9.274530000000000e-01 3.031300000000000e-01
4.915110000000000e-01 4.263190000000000e-01 9.274530000000000e-01 3.031300000000000e-01
4.935110000000000e-01 4.263190000000000e-01 9.274530000000000e-01 3.031300000000000e-01
4.955110000000000e-01 4.263190000000000e-01 9.274530000000000e-01 3.031300000000000e-01
4.975110000000000e-01 4.263190000000000e-01 9.274530000000000e-01 3.031300000000000e-01
4.995110000000000e-01 4.263190000000000e-01 9.274530000000000e-01 3.031300000000000e-01
5.015110000000000e-01 4.263190000000000e-01 9.274530000000000e-01 3.031300000000000e-01
5.035110000000000e-01 4.263190000000000e-01 9.274530000000000e-01 3.031300000000000e-01
5.055110000000000e-01 4.263190000000000e-01 9.274530000000000e-01 3.031300000000000e-01
5.075110000000000e-01 4.263190000000000e-01 9.274530000000000e-01 3.031300000000000e-01
5.095110000000000e-01 4.263190000000000e-01 9.274530000000000e-01 3.031300000000000e-01
5.115110000000000e-01 4.263190000000000e-01 9.274530000000000e-01 3.031300000000000e-01
5.135110000000001e-01 4.263190000000000e-01 9.274530000000000e-01 3.031300000000000e-01
5.155110000000001e-01 4.263190000000000e-01 9.274530000000000e-01 3.031300000000000e-01
5.175110000000001e-01 4.263190000000000e-01 9.274530000000000e-01 3.031300000000000e-01
5.195109999999999e-01 4.263190000000000e-01 9.274530000000000e-01 3.031300000000000e-01
5.215109999999999e-01 4.263190000000000e-01 9.274530000000000e-01 3.031300000000000e-01
5.235109999999999e-01 4.263190000000000e-01 9.274530000000000e-01 3.031300000000000e-01
5.255110000000000e-01 4.263190000000000e-01 9.274530000000000e-01 3.031300000000000e-01
5.275110000000000e-01 4.263190000000000e-01 9.274530000000000e-01 3.031300000000000e-01
5.295110000000000e-01 4.263190000000000e-01 9.274530000000000e-01 3.031300000000000e-01
5.315110000000000e-01 4.263190000000000e-01 9.274530000000000e-01 3.031300000000000e-01
5.335110000000000e-01 4.263190000000000e-01 9.274530000000000e-01 3.031300000000000e-01
5.355110000000000e-01 4.263190000000000e-01 9.274530000000000e-01 3.031300000000000e-01
5.375110000000000e-01 4.263190000000000e-01 9.274530000000000e-01 3.031300000000000e-01
5.395110000000000e-01 4.263190000000000e-01 9.274530000000000e-01 3.031300000000000e-01
5.415110000000000e-01 4.263190000000000e-01 9.274530000000000e-01 3.031300000000000e-01
5.435110000000000e-01 4.263190000000000e-01 9.274530000000000e-01 3.031300000000000e-01
5.455110000000000e-01 4.263190000000000e-01 9.274530000000000e-01 3.031300000000000e-01
5.475110000000000e-01 4.263190000000000e-01 9.274530000000000e-01 3.031300000000000e-01
5.495110000000000e-01 4.263190000000000e-01 9.274530000000000e-01 3.031300000000000e-01
5.515110000000000e-01 4.263190000000000e-01 9.274530000000000e-01 3.031300000000000e-01
5.535110000000000e-01 4.263190000000000e-01 9.274530000000000e-01 3.031300000000000e-01
5.555110000000000e-01 4.263190000000000e-01 9.274530000000000e-01 3.031300000000000e-01
5.575110000000000e-01 4.263190000000000e-01 9.274530000000000e-01 3.031300000000000e-01
5.595110000000000e-01 4.263190000000000e-01 9.274530000000000e-01 3.031300000000000e-01
5.615110000000000e-01 4.263190000000000e-01 9.274530000000000e-01 3.031300000000000e-01
5.635110000000000e-01 4.263190000000000e-01 9.274530000000000e-01 3.031300000000000e-01
5.655110000000000e-01 4.263190000000000e-01 9.274530000000000e-01 3.031300000000000e-01
5.675110000000000e-01 4.263190000000000e-01 9.274530000000000e-01 3.031300000000000e-01
5.695110000000000e-01 4.263190000000000e-01 9.274530000000000e-01 3.031300000000000e-01
5.715110000000000e-01 4.263190000000000e-01 9.274530000000000e-01 3.031300000000000e-01
5.735110000000000e-01 4.263190000000000e-01 9.274530000000000e-01 3.031300000000000e-01
5.755110000000000e-01 4.263190000000000e-01 9.274530000000000e-01 3.031300000000000e-01
5.775110000000000e-01 4.263190000000000e-01 9.274530000000000e-01 3.031300000000000e-01
5.795110000000000e-01 4.263190000000000e-01 9.274530000000000e-01 3.031300000000000e-01
5.815110000000000e-01 4.263190000000000e-01 9.274530000000000e-01 3.031300000000000e-01
5.835110000000000e-01 4.263190000000000e-01 9.274530000000000e-01 3.031300000000000e-01
5.855110000000000e-01 4.263190000000000e-01 9.274530000000000e-01 3.031300000000000e-01
5.875110000000000e-01 4.263190000000000e-01 9.274530000000000e-01 3.031300000000000e-01
5.895110000000000e-01 4.263190000000000e-01 9.274530000000000e-01 3.031300000000000e-01
5.915110000000000e-01 4.263190000000000e-01 9.274530000000000e-01 3.031300000000000e-01
5.935110000000000e-01 4.263190000000000e-01 9.274530000000000e-01 3.031300000000000e-01
5.955110000000000e-01 4.263190000000000e-01 9.274530000000000e-01 3.031300000000000e-01
5.975110000000000e-01 4.263190000000000e-01 9.274530000000000e-01 3.031300000000000e-01
5.995110000000000e-01 4.263190000000000e-01 9.274530000000000e-01 3.031300000000000e-01
6.015110000000000e-01 4.263190000000000e-01 9.274530000000000e-01 3.031300000000000e-01
6.035110000000000e-01 4.263190000000000e-01 9.274530000000000e-01 3.031300000000000e-01
6.055110000000000e-01 4.263190000000000e-01 9.274530000000000e-01 3.031300000000000e-01
6.075110000000000e-01 4.263190000000000e-01 9.274530000000000e-01 3.031300000000000e-01
6.095110000000000e-01 4.263190000000000e-01 9.274530000000000e-01 3.031300000000000e-01
6.115110000000000e-01 4.263190000000000e-01 9.274530000000000e-01 3.031300000000000e-01
6.135110000000000e-01 4.263190000000000e-01 9.274530000000000e-01 3.031300000000000e-01
6.155110000000000e-01 4.263190000000000e-01 9.274530000000000e-01 3.031300000000000e-01
6.175110000000000e-01 4.263190000000000e-01 9.274530000000000e-01 3.031300000000000e-01
6.195110000000000e-01 4.263190000000000e-01 9.274530000000000e-01 3.031300000000000e-01
6.215110000000000e-01 4.263190000000000e-01 9.274530000000000e-01 3.031300000000000e-01
6.235110000000000e-01 4.263190000000000e-01 9.274530000000000e-01 3.031300000000000e-01
6.255110000000000e-01 4.263190000000000e-01 9.274530000000000e-01 3.031300000000000e-01
6.275110000000000e-01 4.263190000000000e-01 9.274530000000000e-01 3.031300000000000e-01
6.295110000000000e-01 4.263190000000000e-01 9.274530000000000e-01 3.031300000000000e-01
6.315110000000000e-01 4.263190000000000e-01 9.274530000000000e-01 3.031300000000000e-01
6.335110000000000e-01 4.263190000000000e-01 9.274530000000000e-01 3.031300000000000e-01
6.355110000000000e-01 4.263190000000000e-01 9.274530000000000e-01 3.031300000000000e-01
6.375110000000000e-01 4.263190000000000e-01 9.274530000000000e-01 3.031300000000000e-01
6.395110000000001e-01 4.263190000000000e-01 9.274530000000000e-01 3.031300000000000e-01
6.415110000000001e-01 4.263190000000000e-01 9.274530000000000e-01 3.031300000000000e-01
6.435110000000001e-01 4.263190000000000e-01 9.274530000000000e-01 3.031300000000000e-01
6.455109999999999e-01 4.263190000000000e-01 9.274530000000000e-01 3.031300000000000e-01
6.475109999999999e-01 4.263190000000000e-01 9.274530000000000e-01 3.031300000000000e-01
6.495109999999999e-01 4.263190000000000e-01 9.274530000000000e-01 3.031300000000000e-01
6.515110000000000e-01 4.263190000000000e-01 9.274530000000000e-01 3.031300000000000e-01
6.535110000000000e-01 4.263190000000000e-01 9.274530000000000e-01 3.031300000000000e-01
6.555110000000000e-01 4.263190000000000e-01 9.274530000000000e-01 3.031300000000000e-01
6.575110000000000e-01 4.263190000000000e-01 9.274530000000000e-01 3.031300000000000e-01
6.595110000000000e-01 4.263190000000000e-01 9.274530000000000e-01 3.031300000000000e-01
6.615110000000000e-01 4.263190000000000e-01 9.274530000000000e-01 3.031300000000000e-01
6.635110000000000e-01 4.263190000000000e-01 9.274530000000000e-01 3.031300000000000e-01
6.655110000000000e-01 4.263190000000000e-01 9.274530000000000e-01 3.031300000000000e-01
6.675110000000000e-01 4.263190000000000e-01 9.274530000000000e-01 3.031300000000000e-01
6.695110000000000e-01 4.263190000000000e-01 9.274530000000000e-01 3.031300000000000e-01
6.715110000000000e-01 4.263190000000000e-01 9.274530000000000e-01 3.031300000000000e-01
6.735110000000000e-01 4.263190000000000e-01 9.274530000000000e-01 3.031300000000000e-01
6.755110000000000e-01 4.263190000000000e-01 9.274530000000000e-01 3.031300000000000e-01
6.775110000000000e-01 4.263190000000000e-01 9.274530000000000e-01 3.031300000000000e-01
6.795110000000000e-01 4.263190000000000e-01 9.274530000000000e-01 3.031300000000000e-01
6.815110000000000e-01 4.263190000000000e-01 9.274530000000000e-01 3.031300000000000e-01
6.835110000000000e-01 4.263190000000000e-01 9.274530000000000e-01 3.031300000000000e-01
6.855110000000000e-01 2.655740000000000e-01 9.274530000000000e-01 3.031300000000000e-01
6.875110000000000e-01 2.655740000000000e-01 9.274530000000000e-01 3.031300000000000e-01
6.895110000000000e-01 2.655740000000000e-01 9.274530000000000e-01 3.031300000000000e-01
6.915110000000000e-01 2.655740000000000e-01 9.274530000000000e-01 3.031300000000000e-01
6.935110000000000e-01 2.655740000000000e-01 9.274530000000000e-01 3.031300000000000e-01
6.955110000000000e-01 2.655740000000000e-01 9.274530000000000e-01 3.031300000000000e-01
6.975110000000000e-01 2.655740000000000e-01 9.274530000000000e-01 3.031300000000000e-01
6.995110000000000e-01 2.655740000000000e-01 9.274530000000000e-01 3.031300000000000e-01
7.015110000000000e-01 2.655740000000000e-01 9.274530000000000e-01 3.031300000000000e-01
7.035110000000000e-01 2.655740000000000e-01 9.274530000000000e-01 3.031300000000000e-01
7.055110000000000e-01 2.655740000000000e-01 9.274530000000000e-01 3.031300000000000e-01
7.075110000000000e-01 2.655740000000000e-01 9.274530000000000e-01 3.031300000000000e-01
7.095110000000000e-01 2.655740000000000e-01 9.274530000000000e-01 3.031300000000000e-01
7.115110000000000e-01 2.655740000000000e-01 9.274530000000000e-01 3.031300000000000e-01
7.135110000000000e-01 2.655740000000000e-01 9.274530000000000e-01 3.031300000000000e-01
7.155110000000000e-01 2.655740000000000e-01 9.274530000000000e-01 3.031300000000000e-01
7.175110000000000e-01 2.655740000000000e-01 9.274530000000000e-01 3.031300000000000e-01
7.195110000000000e-01 2.655740000000000e-01 9.274530000000000e-01 3.031300000000000e-01
7.215110000000000e-01 2.655740000000000e-01 9.274530000000000e-01 3.031300000000000e-01
7.235110000000000e-01 2.655740000000000e-01 9.274530000000000e-01 3.031300000000000e-01
7.255110000000000e-01 2.655740000000000e-01 9.274530000000000e-01 3.031300000000000e-01
7.275110000000000e-01 2.655740000000000e-01 9.274530000000000e-01 3.031300000000000e-01
7.295110000000000e-01 2.655740000000000e-01 9.274530000000000e-01 3.031300000000000e-01
7.315110000000000e-01 2.655740000000000e-01 9.274530000000000e-01 3.031300000000000e-01
7.335110000000000e-01 2.655740000000000e-01 9.274530000000000e-01 3.031300000000000e-01
7.355110000000000e-01 2.655740000000000e-01 9.274530000000000e-01 3.031300000000000e-01
7.375110000000000e-01 2.655740000000000e-01 9.274530000000000e-01 3.031300000000000e-01
7.395110000000000e-01 2.655740000000000e-01 9.274530000000000e-01 3.031300000000000e-01
7.415110000000000e-01 2.655740000000000e-01 9.274530000000000e-01 3.031300000000000e-01
7.435110000000000e-01 2.655740000000000e-01 9.274530000000000e-01 3.031300000000000e-01
7.455110000000000e-01 2.655740000000000e-01 9.274530000000000e-01 3.031300000000000e-01
7.475110000000000e-01 2.655740000000000e-01 9.274530000000000e-01 3.031300000000000e-01
7.495110000000000e-01 2.655740000000000e-01 9.274530000000000e-01 3.031300000000000e-01
7.515110000000000e-01 2.655740000000000e-01 9.274530000000000e-01 3.031300000000000e-01
7.535110000000000e-01 2.655740000000000e-01 9.274530000000000e-01 3.031300000000000e-01
7.555110000000000e-01 2.655740000000000e-01 9.274530000000000e-01 3.031300000000000e-01
7.575110000000000e-01 2.655740000000000e-01 9.274530000000000e-01 3.031300000000000e-01
7.595110000000000e-01 2.655740000000000e-01 9.274530000000000e-01 3.031300000000000e-01
7.615110000000000e-01 2.655740000000000e-01 9.274530000000000e-01 3.031300000000000e-01
7.635110000000001e-01 2.655740000000000e-01 9.274530000000000e-01 3.031300000000000e-01
7.655110000000001e-01 2.655740000000000e-01 9.274530000000000e-01 3.031300000000000e-01
7.675110000000001e-01 2.655740000000000e-01 9.274530000000000e-01 3.031300000000000e-01
7.695109999999999e-01 2.655740000000000e-01 9.274530000000000e-01 3.031300000000000e-01
7.715109999999999e-01 2.655740000000000e-01 9.274530000000000e-01 3.031300000000000e-01
7.735109999999999e-01 2.655740000000000e-01 9.274530000000000e-01 3.031300000000000e-01
7.755110000000000e-01 2.655740000000000e-01 9.274530000000000e-01 3.031300000000000e-01
7.775110000000000e-01 2.655740000000000e-01 9.274530000000000e-01 3.031300000000000e-01
7.795110000000000e-01 2.655740000000000e-01 9.274530000000000e-01 3.031300000000000e-01
7.815110000000000e-01 2.655740000000000e-01 9.274530000000000e-01 3.031300000000000e-01
7.835110000000000e-01 2.655740000000000e-01 9.274530000000000e-01 3.031300000000000e-01
7.855110000000000e-01 2.655740000000000e-01 9.274530000000000e-01 3.031300000000000e-01
7.875110000000000e-01 2.655740000000000e-01 9.274530000000000e-01 3.031300000000000e-01
7.895110000000000e-01 2.655740000000000e-01 9.274530000000000e-01 3.031300000000000e-01
7.915110000000000e-01 2.655740000000000e-01 9.274530000000000e-01 3.031300000000000e-01
7.935110000000000e-01 2.655740000000000e-01 9.274530000000000e-01 3.031300000000000e-01
7.955110000000000e-01 2.655740000000000e-01 9.274530000000000e-01 3.031300000000000e-01
7.975110000000000e-01 2.655740000000000e-01 9.274530000000000e-01 3.031300000000000e-01
7.995110000000000e-01 2.655740000000000e-01 9.274530000000000e-01 3.031300000000000e-01
8.015110000000000e-01 2.655740000000000e-01 9.274530000000000e-01 3.031300000000000e-01
8.035110000000000e-01 2.655740000000000e-01 9.274530000000000e-01 3.031300000000000e-01
8.055110000000000e-01 2.655740000000000e-01 9.274530000000000e-01 3.031300000000000e-01
8.075110000000000e-01 2.655740000000000e-01 9.274530000000000e-01 3.031300000000000e-01
8.095110000000000e-01 2.655740000000000e-01 9.274530000000000e-01 3.031300000000000e-01
8.115110000000000e-01 2.655740000000000e-01 9.274530000000000e-01 3.031300000000000e-01
8.135110000000000e-01 2.655740000000000e-01 9.274530000000000e-01 3.031300000000000e-01
8.155110000000000e-01 2.655740000000000e-01 9.274530000000000e-01 3.031300000000000e-01
8.175110000000000e-01 2.655740000000000e-01 9.274530000000000e-01 3.031300000000000e-01
8.195110000000000e-01 2.655740000000000e-01 9.274530000000000e-01 3.031300000000000e-01
8.215110000000000e-01 2.655740000000000e-01 9.274530000000000e-01 3.031300000000000e-01
8.235110000000000e-01 2.655740000000000e-01 9.274530000000000e-01 3.031300000000000e-01
8.255110000000000e-01 2.655740000000000e-01 9.274530000000000e-01 3.031300000000000e-01
8.275110000000000e-01 2.655740000000000e-01 9.274530000000000e-01 3.031300000000000e-01
8.295110000000000e-01 2.655740000000000e-01 9.274530000000000e-01 3.031300000000000e-01
8.315110000000000e-01 2.655740000000000e-01 9.274530000000000e-01 3.031300000000000e-01
8.335110000000000e-01 2.655740000000000e-01 9.274530000000000e-01 3.031300000000000e-01
8.355110000000000e-01 2.655740000000000e-01 9.274530000000000e-01 3.031300000000000e-01
8.375110000000000e-01 2.655740000000000e-01 9.274530000000000e-01 3.031300000000000e-01
8.395110000000000e-01 2.655740000000000e-01 9.274530000000000e-01 3.031300000000000e-01
8.415110000000000e-01 2.655740000000000e-01 9.274530000000000e-01 3.031300000000000e-01
8.435110000000000e-01 2.655740000000000e-01 9.274530000000000e-01 3.031300000000000e-01
8.455110000000000e-01 2.655740000000000e-01 9.274530000000000e-01 3.031300000000000e-01
8.475110000000000e-01 2.655740000000000e-01 9.274530000000000e-01 3.031300000000000e-01
8.495110000000000e-01 2.655740000000000e-01 9.274530000000000e-01 3.031300000000000e-01
8.515110000000000e-01 1.250000000000000e-01 0.000000000000000e+00 1.000000000000000e-01
8.535110000000000e-01 1.250000000000000e-01 0.000000000000000e+00 1.000000000000000e-01
8.555110000000000e-01 1.250000000000000e-01 0.000000000000000e+00 1.000000000000000e-01
8.575110000000000e-01 1.250000000000000e-01 0.000000000000000e+00 1.000000000000000e-01
8.595110000000000e-01 1.250000000000000e-01 0.000000000000000e+00 1.000000000000000e-01
8.615110000000000e-01 1.250000000000000e-01 0.000000000000000e+00 1.000000000000000e-01
8.635110000000000e-01 1.250000000000000e-01 0.000000000000000e+00 1.000000000000000e-01
8.655110000000000e-01 1.250000000000000e-01 0.000000000000000e+00 1.000000000000000e-01
8.675110000000000e-01 1.250000000000000e-01 0.000000000000000e+00 1.000000000000000e-01
8.695110000000000e-01 1.250000000000000e-01 0.000000000000000e+00 1.000000000000000e-01
8.715110000000000e-01 1.250000000000000e-01 0.000000000000000e+00 1.000000000000000e-01
8.735110000000000e-01 1.250000000000000e-01 0.000000000000000e+00 1.000000000000000e-01
8.755110000000000e-01 1.250000000000000e-01 0.000000000000000e+00 1.000000000000000e-01
8.775110000000000e-01 1.250000000000000e-01 0.000000000000000e+00 1.000000000000000e-01
8.795110000000000e-01 1.250000000000000e-01 0.000000000000000e+00 1.000000000000000e-01
8.815110000000000e-01 1.250000000000000e-01 0.000000000000000e+00 1.000000000000000e-01
8.835110000000000e-01 1.250000000000000e-01 0.000000000000000e+00 1.000000000000000e-01
8.855110000000000e-01 1.250000000000000e-01 0.000000000000000e+00 1.000000000000000e-01
8.875110000000000e-01 1.250000000000000e-01 0.000000000000000e+00 1.000000000000000e-01
8.895110000000001e-01 1.250000000000000e-01 0.000000000000000e+00 1.000000000000000e-01
8.915110000000001e-01 1.250000000000000e-01 0.000000000000000e+00 1.000000000000000e-01
8.935110000000001e-01 1.250000000000000e-01 0.000000000000000e+00 1.000000000000000e-01
8.955109999999999e-01 1.250000000000000e-01 0.000000000000000e+00 1.000000000000000e-01
8.975109999999999e-01 1.250000000000000e-01 0.000000000000000e+00 1.000000000000000e-01
8.995109999999999e-01 1.250000000000000e-01 0.000000000000000e+00 1.000000000000000e-01
9.015110000000000e-01 1.250000000000000e-01 0.000000000000000e+00 1.000000000000000e-01
9.035110000000000e-01 1.250000000000000e-01 0.000000000000000e+00 1.000000000000000e-01
9.055110000000000e-01 1.250000000000000e-01 0.000000000000000e+00 1.000000000000000e-01
9.075110000000000e-01 1.250000000000000e-01 0.000000000000000e+00 1.000000000000000e-01
9.095110000000000e-01 1.250000000000000e-01 0.000000000000000e+00 1.000000000000000e-01
9.115110000000000e-01 1.250000000000000e-01 0.000000000000000e+00 1.000000000000000e-01
9.135110000000000e-01 1.250000000000000e-01 0.000000000000000e+00 1.000000000000000e-01
9.155110000000000e-01 1.250000000000000e-01 0.000000000000000e+00 1.000000000000000e-01
9.175110000000000e-01 1.250000000000000e-01 0.000000000000000e+00 1.000000000000000e-01
9.195110000000000e-01 1.250000000000000e-01 0.000000000000000e+00 1.000000000000000e-01
9.215110000000000e-01 1.250000000000000e-01 0.000000000000000e+00 1.000000000000000e-01
9.235110000000000e-01 1.250000000000000e-01 0.000000000000000e+00 1.000000000000000e-01
9.255110000000000e-01 1.250000000000000e-01 0.000000000000000e+00 1.000000000000000e-01
9.275110000000000e-01 1.250000000000000e-01 0.000000000000000e+00 1.000000000000000e-01
9.295110000000000e-01 1.250000000000000e-01 0.000000000000000e+00 1.000000000000000e-01
9.315110000000000e-01 1.250000000000000e-01 0.000000000000000e+00 1.000000000000000e-01
9.335110000000000e-01 1.250000000000000e-01 0.000000000000000e+00 1.000000000000000e-01
9.355110000000000e-01 1.250000000000000e-01 0.000000000000000e+00 1.000000000000000e-01
9.375110000000000e-01 1.250000000000000e-01 0.000000000000000e+00 1.000000000000000e-01
9.395110000000000e-01 1.250000000000000e-01 0.000000000000000e+00 1.000000000000000e-01
9.415110000000000e-01 1.250000000000000e-01 0.000000000000000e+00 1.000000000000000e-01
9.435110000000000e-01 1.250000000000000e-01 0.000000000000000e+00 1.000000000000000e-01
9.455110000000000e-01 1.250000000000000e-01 0.000000000000000e+00 1.000000000000000e-01
9.475110000000000e-01 1.250000000000000e-01 0.000000000000000e+00 1.000000000000000e-01
9.495110000000000e-01 1.250000000000000e-01 0.000000000000000e+00 1.000000000000000e-01
9.515110000000000e-01 1.250000000000000e-01 0.000000000000000e+00 1.000000000000000e-01
9.535110000000000e-01 1.250000000000000e-01 0.000000000000000e+00 1.000000000000000e-01
9.555110000000000e-01 1.250000000000000e-01 0.000000000000000e+00 1.000000000000000e-01
9.575110000000000e-01 1.250000000000000e-01 0.000000000000000e+00 1.000000000000000e-01
9.595110000000000e-01 1.250000000000000e-01 0.000000000000000e+00 1.000000000000000e-01
9.615110000000000e-01 1.250000000000000e-01 0.000000000000000e+00 1.000000000000000e-01
9.635110000000000e-01 1.250000000000000e-01 0.000000000000000e+00 1.000000000000000e-01
9.655110000000000e-01 1.250000000000000e-01 0.000000000000000e+00 1.000000000000000e-01
9.675110000000000e-01 1.250000000000000e-01 0.000000000000000e+00 1.000000000000000e-01
9.695110000000000e-01 1.250000000000000e-01 0.000000000000000e+00 1.000000000000000e-01
9.715110000000000e-01 1.250000000000000e-01 0.000000000000000e+00 1.000000000000000e-01
9.735110000000000e-01 1.250000000000000e-01 0.000000000000000e+00 1.000000000000000e-01
9.755110000000000e-01 1.250000000000000e-01 0.000000000000000e+00 1.000000000000000e-01
9.775110000000000e-01 1.250000000000000e-01 0.000000000000000e+00 1.000000000000000e-01
9.795110000000000e-01 1.250000000000000e-01 0.000000000000000e+00 1.000000000000000e-01
9.815110000000000e-01 1.250000000000000e-01 0.000000000000000e+00 1.000000000000000e-01
9.835110000000000e-01 1.250000000000000e-01 0.000000000000000e+00 1.000000000000000e-01
9.855110000000000e-01 1.250000000000000e-01 0.000000000000000e+00 1.000000000000000e-01
9.875110000000000e-01 1.250000000000000e-01 0.000000000000000e+00 1.000000000000000e-01
9.895110000000000e-01 1.250000000000000e-01 0.000000000000000e+00 1.000000000000000e-01
9.915110000000000e-01 1.250000000000000e-01 0.000000000000000e+00 1.000000000000000e-01
9.935110000000000e-01 1.250000000000000e-01 0.000000000000000e+00 1.000000000000000e-01
9.955110000000000e-01 1.250000000000000e-01 0.000000000000000e+00 1.000000000000000e-01
9.975110000000000e-01 1.250000000000000e-01 0.000000000000000e+00 1.000000000000000e-01
9.995110000000000e-01 1.250000000000000e-01 0.000000000000000e+00 1.000000000000000e-01
