TITLE = "1D Euler Filtered MacCormack Result"
VARIABLES = "x", "rho", "u", "p", "E", "rho_conserved", "rhou", "rhoE", "nu"
ZONE T="t=0.20000000", I=501, F=POINT
0.0000000000 10.0000000000 1.0000000000 2.0000000000 1.0000000000 10.0000000000 10.0000000000 10.0000000000 0.0000000000
0.0020000000 10.0000000000 1.0000000000 2.0000000000 1.0000000000 10.0000000000 10.0000000000 10.0000000000 0.0000000000
0.0040000000 10.0000000000 1.0000000000 2.0000000000 1.0000000000 10.0000000000 10.0000000000 10.0000000000 0.0000000000
0.0060000000 10.0000000000 1.0000000000 2.0000000000 1.0000000000 10.0000000000 10.0000000000 10.0000000000 0.0000000000
0.0080000000 10.0000000000 1.0000000000 2.0000000000 1.0000000000 10.0000000000 10.0000000000 10.0000000000 0.0000000000
0.0100000000 10.0000000000 1.0000000000 2.0000000000 1.0000000000 10.0000000000 10.0000000000 10.0000000000 0.0000000000
0.0120000000 10.0000000000 1.0000000000 2.0000000000 1.0000000000 10.0000000000 10.0000000000 10.0000000000 0.0000000000
0.0140000000 10.0000000000 1.0000000000 2.0000000000 1.0000000000 10.0000000000 10.0000000000 10.0000000000 0.0000000000
0.0160000000 10.0000000000 1.0000000000 2.0000000000 1.0000000000 10.0000000000 10.0000000000 10.0000000000 0.0000000000
0.0180000000 10.0000000000 1.0000000000 2.0000000000 1.0000000000 10.0000000000 10.0000000000 10.0000000000 0.0000000000
0.0200000000 10.0000000000 1.0000000000 2.0000000000 1.0000000000 10.0000000000 10.0000000000 10.0000000000 0.0000000000
0.0220000000 10.0000000000 1.0000000000 2.0000000000 1.0000000000 10.0000000000 10.0000000000 10.0000000000 0.0000000000
0.0240000000 10.0000000000 1.0000000000 2.0000000000 1.0000000000 10.0000000000 10.0000000000 10.0000000000 0.0000000000
0.0260000000 10.0000000000 1.0000000000 2.0000000000 1.0000000000 10.0000000000 10.0000000000 10.0000000000 0.0000000000
0.0280000000 10.0000000000 1.0000000000 2.0000000000 1.0000000000 10.0000000000 10.0000000000 10.0000000000 0.0000000000
0.0300000000 10.0000000000 1.0000000000 2.0000000000 1.0000000000 10.0000000000 10.0000000000 10.0000000000 0.0000000000
0.0320000000 10.0000000000 1.0000000000 2.0000000000 1.0000000000 10.0000000000 10.0000000000 10.0000000000 0.0000000000
0.0340000000 10.0000000000 1.0000000000 2.0000000000 1.0000000000 10.0000000000 10.0000000000 10.0000000000 0.0000000000
0.0360000000 10.0000000000 1.0000000000 2.0000000000 1.0000000000 10.0000000000 10.0000000000 10.0000000000 0.0000000000
0.0380000000 10.0000000000 1.0000000000 2.0000000000 1.0000000000 10.0000000000 10.0000000000 10.0000000000 0.0000000000
0.0400000000 10.0000000000 1.0000000000 2.0000000000 1.0000000000 10.0000000000 10.0000000000 10.0000000000 0.0000000000
0.0420000000 10.0000000000 1.0000000000 2.0000000000 1.0000000000 10.0000000000 10.0000000000 10.0000000000 0.0000000000
0.0440000000 10.0000000000 1.0000000000 2.0000000000 1.0000000000 10.0000000000 10.0000000000 10.0000000000 0.0000000000
0.0460000000 10.0000000000 1.0000000000 2.0000000000 1.0000000000 10.0000000000 10.0000000000 10.0000000000 0.0000000000
0.0480000000 10.0000000000 1.0000000000 2.0000000000 1.0000000000 10.0000000000 10.0000000000 10.0000000000 0.0000000000
0.0500000000 10.0000000000 1.0000000000 2.0000000000 1.0000000000 10.0000000000 10.0000000000 10.0000000000 0.0000000000
0.0520000000 10.0000000000 1.0000000000 2.0000000000 1.0000000000 10.0000000000 10.0000000000 10.0000000000 0.0000000000
0.0540000000 10.0000000000 1.0000000000 2.0000000000 1.0000000000 10.0000000000 10.0000000000 10.0000000000 0.0000000000
0.0560000000 10.0000000000 1.0000000000 2.0000000000 1.0000000000 10.0000000000 10.0000000000 10.0000000000 0.0000000000
0.0580000000 10.0000000000 1.0000000000 2.0000000000 1.0000000000 10.0000000000 10.0000000000 10.0000000000 0.0000000000
0.0600000000 10.0000000000 1.0000000000 2.0000000000 1.0000000000 10.0000000000 10.0000000000 10.0000000000 0.0000000000
0.0620000000 10.0000000000 1.0000000000 2.0000000000 1.0000000000 10.0000000000 10.0000000000 10.0000000000 0.0000000000
0.0640000000 10.0000000000 1.0000000000 2.0000000000 1.0000000000 10.0000000000 10.0000000000 10.0000000000 0.0000000000
0.0660000000 10.0000000000 1.0000000000 2.0000000000 1.0000000000 10.0000000000 10.0000000000 10.0000000000 0.0000000000
0.0680000000 10.0000000000 1.0000000000 2.0000000000 1.0000000000 10.0000000000 10.0000000000 10.0000000000 0.0000000000
0.0700000000 10.0000000000 1.0000000000 2.0000000000 1.0000000000 10.0000000000 10.0000000000 10.0000000000 0.0000000000
0.0720000000 10.0000000000 1.0000000000 2.0000000000 1.0000000000 10.0000000000 10.0000000000 10.0000000000 0.0000000000
0.0740000000 10.0000000000 1.0000000000 2.0000000000 1.0000000000 10.0000000000 10.0000000000 10.0000000000 0.0000000000
0.0760000000 10.0000000000 1.0000000000 2.0000000000 1.0000000000 10.0000000000 10.0000000000 10.0000000000 0.0000000000
0.0780000000 10.0000000000 1.0000000000 2.0000000000 1.0000000000 10.0000000000 10.0000000000 10.0000000000 0.0000000000
0.0800000000 10.0000000000 1.0000000000 2.0000000000 1.0000000000 10.0000000000 10.0000000000 10.0000000000 0.0000000000
0.0820000000 10.0000000000 1.0000000000 2.0000000000 1.0000000000 10.0000000000 10.0000000000 10.0000000000 0.0000000000
0.0840000000 10.0000000000 1.0000000000 2.0000000000 1.0000000000 10.0000000000 10.0000000000 10.0000000000 0.0000000000
0.0860000000 10.0000000000 1.0000000000 2.0000000000 1.0000000000 10.0000000000 10.0000000000 10.0000000000 0.0000000000
0.0880000000 10.0000000000 1.0000000000 2.0000000000 1.0000000000 10.0000000000 10.0000000000 10.0000000000 0.0000000000
0.0900000000 10.0000000000 1.0000000000 2.0000000000 1.0000000000 10.0000000000 10.0000000000 10.0000000000 0.0000000000
0.0920000000 10.0000000000 1.0000000000 2.0000000000 1.0000000000 10.0000000000 10.0000000000 10.0000000000 0.0000000000
0.0940000000 10.0000000000 1.0000000000 2.0000000000 1.0000000000 10.0000000000 10.0000000000 10.0000000000 0.0000000000
0.0960000000 10.0000000000 1.0000000000 2.0000000000 1.0000000000 10.0000000000 10.0000000000 10.0000000000 0.0000000000
0.0980000000 10.0000000000 1.0000000000 2.0000000000 1.0000000000 10.0000000000 10.0000000000 10.0000000000 0.0000000000
0.1000000000 10.0000000000 1.0000000000 2.0000000000 1.0000000000 10.0000000000 10.0000000000 10.0000000000 0.0000000000
0.1020000000 10.0000000000 1.0000000000 2.0000000000 1.0000000000 10.0000000000 10.0000000000 10.0000000000 0.0000000000
0.1040000000 10.0000000000 1.0000000000 2.0000000000 1.0000000000 10.0000000000 10.0000000000 10.0000000000 0.0000000000
0.1060000000 10.0000000000 1.0000000000 2.0000000000 1.0000000000 10.0000000000 10.0000000000 10.0000000000 0.0000000000
0.1080000000 10.0000000000 1.0000000000 2.0000000000 1.0000000000 10.0000000000 10.0000000000 10.0000000000 0.0000000000
0.1100000000 10.0000000000 1.0000000000 2.0000000000 1.0000000000 10.0000000000 10.0000000000 10.0000000000 0.0000000000
0.1120000000 10.0000000000 1.0000000000 2.0000000000 1.0000000000 10.0000000000 10.0000000000 10.0000000000 0.0000000000
0.1140000000 10.0000000000 1.0000000000 2.0000000000 1.0000000000 10.0000000000 10.0000000000 10.0000000000 0.0000000000
0.1160000000 10.0000000000 1.0000000000 2.0000000000 1.0000000000 10.0000000000 10.0000000000 10.0000000000 0.0000000000
0.1180000000 10.0000000000 1.0000000000 2.0000000000 1.0000000000 10.0000000000 10.0000000000 10.0000000000 0.0000000000
0.1200000000 10.0000000000 1.0000000000 2.0000000000 1.0000000000 10.0000000000 10.0000000000 10.0000000000 0.0000000000
0.1220000000 10.0000000000 1.0000000000 2.0000000000 1.0000000000 10.0000000000 10.0000000000 10.0000000000 0.0000000000
0.1240000000 10.0000000000 1.0000000000 2.0000000000 1.0000000000 10.0000000000 10.0000000000 10.0000000000 0.0000000000
0.1260000000 10.0000000000 1.0000000000 2.0000000000 1.0000000000 10.0000000000 10.0000000000 10.0000000000 0.0000000000
0.1280000000 10.0000000000 1.0000000000 2.0000000000 1.0000000000 10.0000000000 10.0000000000 10.0000000000 0.0000000000
0.1300000000 10.0000000000 1.0000000000 2.0000000000 1.0000000000 10.0000000000 10.0000000000 10.0000000000 0.0000000000
0.1320000000 10.0000000000 1.0000000000 2.0000000000 1.0000000000 10.0000000000 10.0000000000 10.0000000000 0.0000000000
0.1340000000 10.0000000000 1.0000000000 2.0000000000 1.0000000000 10.0000000000 10.0000000000 10.0000000000 0.0000000000
0.1360000000 10.0000000000 1.0000000000 2.0000000000 1.0000000000 10.0000000000 10.0000000000 10.0000000000 0.0000000000
0.1380000000 10.0000000000 1.0000000000 2.0000000000 1.0000000000 10.0000000000 10.0000000000 10.0000000000 0.0000000000
0.1400000000 10.0000000000 1.0000000000 2.0000000000 1.0000000000 10.0000000000 10.0000000000 10.0000000000 0.0000000000
0.1420000000 10.0000000000 1.0000000000 2.0000000000 1.0000000000 10.0000000000 10.0000000000 10.0000000000 0.0000000000
0.1440000000 10.0000000000 1.0000000000 2.0000000000 1.0000000000 10.0000000000 10.0000000000 10.0000000000 0.0000000000
0.1460000000 10.0000000000 1.0000000000 2.0000000000 1.0000000000 10.0000000000 10.0000000000 10.0000000000 0.0000000000
0.1480000000 10.0000000000 1.0000000000 2.0000000000 1.0000000000 10.0000000000 10.0000000000 10.0000000000 0.0000000000
0.1500000000 10.0000000000 1.0000000000 2.0000000000 1.0000000000 10.0000000000 10.0000000000 10.0000000000 0.0000000000
0.1520000000 10.0000000000 1.0000000000 2.0000000000 1.0000000000 10.0000000000 10.0000000000 10.0000000000 0.0000000000
0.1540000000 10.0000000000 1.0000000000 2.0000000000 1.0000000000 10.0000000000 10.0000000000 10.0000000000 0.0000000000
0.1560000000 10.0000000000 1.0000000000 2.0000000000 1.0000000000 10.0000000000 10.0000000000 10.0000000000 0.0000000000
0.1580000000 10.0000000000 1.0000000000 2.0000000000 1.0000000000 10.0000000000 10.0000000000 10.0000000000 0.0000000000
0.1600000000 10.0000000000 1.0000000000 2.0000000000 1.0000000000 10.0000000000 10.0000000000 10.0000000000 0.0000000000
0.1620000000 10.0000000000 1.0000000000 2.0000000000 1.0000000000 10.0000000000 10.0000000000 10.0000000000 0.0000000000
0.1640000000 10.0000000000 1.0000000000 2.0000000000 1.0000000000 10.0000000000 10.0000000000 10.0000000000 0.0000000000
0.1660000000 10.0000000000 1.0000000000 2.0000000000 1.0000000000 10.0000000000 10.0000000000 10.0000000000 0.0000000000
0.1680000000 10.0000000000 1.0000000000 2.0000000000 1.0000000000 10.0000000000 10.0000000000 10.0000000000 0.0000000000
0.1700000000 10.0000000000 1.0000000000 2.0000000000 1.0000000000 10.0000000000 10.0000000000 10.0000000000 0.0000000000
0.1720000000 10.0000000000 1.0000000000 2.0000000000 1.0000000000 10.0000000000 10.0000000000 10.0000000000 0.0000000000
0.1740000000 10.0000000000 1.0000000000 2.0000000000 1.0000000000 10.0000000000 10.0000000000 10.0000000000 0.0000000000
0.1760000000 10.0000000000 1.0000000000 2.0000000000 1.0000000000 10.0000000000 10.0000000000 10.0000000000 0.0000000000
0.1780000000 10.0000000000 1.0000000000 2.0000000000 1.0000000000 10.0000000000 10.0000000000 10.0000000000 0.0000000000
0.1800000000 10.0000000000 1.0000000000 2.0000000000 1.0000000000 10.0000000000 10.0000000000 10.0000000000 0.0000000000
0.1820000000 10.0000000000 1.0000000000 2.0000000000 1.0000000000 10.0000000000 10.0000000000 10.0000000000 0.0000000000
0.1840000000 10.0000000000 1.0000000000 2.0000000000 1.0000000000 10.0000000000 10.0000000000 10.0000000000 0.0000000000
0.1860000000 10.0000000000 1.0000000000 2.0000000000 1.0000000000 10.0000000000 10.0000000000 10.0000000000 0.0000000000
0.1880000000 10.0000000000 1.0000000000 2.0000000000 1.0000000000 10.0000000000 10.0000000000 10.0000000000 0.0000000000
0.1900000000 10.0000000000 1.0000000000 2.0000000000 1.0000000000 10.0000000000 10.0000000000 10.0000000000 0.0000000000
0.1920000000 10.0000000000 1.0000000000 2.0000000000 1.0000000000 10.0000000000 10.0000000000 10.0000000000 0.0000000000
0.1940000000 10.0000000000 1.0000000000 2.0000000000 1.0000000000 10.0000000000 10.0000000000 10.0000000000 0.0000000000
0.1960000000 10.0000000000 1.0000000000 2.0000000000 1.0000000000 10.0000000000 10.0000000000 10.0000000000 0.0000000000
0.1980000000 10.0000000000 1.0000000000 2.0000000000 1.0000000000 10.0000000000 10.0000000000 10.0000000000 0.0000000000
0.2000000000 10.0000000000 1.0000000000 2.0000000000 1.0000000000 10.0000000000 10.0000000000 10.0000000000 0.0000000000
0.2020000000 10.0000000000 1.0000000000 2.0000000000 1.0000000000 10.0000000000 10.0000000000 10.0000000000 0.0000000000
0.2040000000 10.0000000000 1.0000000000 2.0000000000 1.0000000000 10.0000000000 10.0000000000 10.0000000000 0.0000000000
0.2060000000 10.0000000000 1.0000000000 2.0000000000 1.0000000000 10.0000000000 10.0000000000 10.0000000000 0.0000000000
0.2080000000 10.0000000000 1.0000000000 2.0000000000 1.0000000000 10.0000000000 10.0000000000 10.0000000000 0.0000000000
0.2100000000 10.0000000000 1.0000000000 2.0000000000 1.0000000000 10.0000000000 10.0000000000 10.0000000000 0.0000000000
0.2120000000 10.0000000000 1.0000000000 2.0000000000 1.0000000000 10.0000000000 10.0000000000 10.0000000000 0.0000000000
0.2140000000 10.0000000000 1.0000000000 2.0000000000 1.0000000000 10.0000000000 10.0000000000 10.0000000000 0.0000000000
0.2160000000 10.0000000000 1.0000000000 2.0000000000 1.0000000000 10.0000000000 10.0000000000 10.0000000000 0.0000000000
0.2180000000 10.0000000000 1.0000000000 2.0000000000 1.0000000000 10.0000000000 10.0000000000 10.0000000000 0.0000000000
0.2200000000 10.0000000000 1.0000000000 2.0000000000 1.0000000000 10.0000000000 10.0000000000 10.0000000000 0.0000000000
0.2220000000 10.0000000000 1.0000000000 2.0000000000 1.0000000000 10.0000000000 10.0000000000 10.0000000000 0.0000000000
0.2240000000 10.0000000000 1.0000000000 2.0000000000 1.0000000000 10.0000000000 10.0000000000 10.0000000000 0.0000000000
0.2260000000 10.0000000000 1.0000000000 2.0000000000 1.0000000000 10.0000000000 10.0000000000 10.0000000000 0.0000000000
0.2280000000 10.0000000000 1.0000000000 2.0000000000 1.0000000000 10.0000000000 10.0000000000 10.0000000000 0.0000000000
0.2300000000 10.0000000000 1.0000000000 2.0000000000 1.0000000000 10.0000000000 10.0000000000 10.0000000000 0.0000000000
0.2320000000 10.0000000000 1.0000000000 2.0000000000 1.0000000000 10.0000000000 10.0000000000 10.0000000000 0.0000000000
0.2340000000 10.0000000000 1.0000000000 2.0000000000 1.0000000000 10.0000000000 10.0000000000 10.0000000000 0.0000000000
0.2360000000 10.0000000000 1.0000000000 2.0000000000 1.0000000000 10.0000000000 10.0000000000 10.0000000000 0.0000000000
0.2380000000 10.0000000000 1.0000000000 2.0000000000 1.0000000000 10.0000000000 10.0000000000 10.0000000000 0.0000000000
0.2400000000 10.0000000000 1.0000000000 2.0000000000 1.0000000000 10.0000000000 10.0000000000 10.0000000000 0.0000000000
0.2420000000 10.0000000000 1.0000000000 2.0000000000 1.0000000000 10.0000000000 10.0000000000 10.0000000000 0.0000000000
0.2440000000 10.0000000000 1.0000000000 2.0000000000 1.0000000000 10.0000000000 10.0000000000 10.0000000000 0.0000000000
0.2460000000 10.0000000000 1.0000000000 2.0000000000 1.0000000000 10.0000000000 10.0000000000 10.0000000000 0.0000000000
0.2480000000 10.0000000000 1.0000000000 2.0000000000 1.0000000000 10.0000000000 10.0000000000 10.0000000000 0.0000000000
0.2500000000 10.0000000000 1.0000000000 2.0000000000 1.0000000000 10.0000000000 10.0000000000 10.0000000000 0.0000000000
0.2520000000 10.0000000000 1.0000000000 2.0000000000 1.0000000000 10.0000000000 10.0000000000 10.0000000000 0.0000000000
0.2540000000 10.0000000000 1.0000000000 2.0000000000 1.0000000000 10.0000000000 10.0000000000 10.0000000000 0.0000000000
0.2560000000 10.0000000000 1.0000000000 2.0000000000 1.0000000000 10.0000000000 10.0000000000 10.0000000000 0.0000000000
0.2580000000 10.0000000000 1.0000000000 2.0000000000 1.0000000000 10.0000000000 10.0000000000 10.0000000000 0.0000000000
0.2600000000 10.0000000000 1.0000000000 2.0000000000 1.0000000000 10.0000000000 10.0000000000 10.0000000000 0.0000000000
0.2620000000 10.0000000000 1.0000000000 2.0000000000 1.0000000000 10.0000000000 10.0000000000 10.0000000000 0.0000000000
0.2640000000 10.0000000000 1.0000000000 2.0000000000 1.0000000000 10.0000000000 10.0000000000 10.0000000000 0.0000000000
0.2660000000 10.0000000000 1.0000000000 2.0000000000 1.0000000000 10.0000000000 10.0000000000 10.0000000000 0.0000000000
0.2680000000 10.0000000000 1.0000000000 2.0000000000 1.0000000000 10.0000000000 10.0000000000 10.0000000000 0.0000000000
0.2700000000 10.0000000000 1.0000000000 2.0000000000 1.0000000000 10.0000000000 10.0000000000 10.0000000000 0.0000000000
0.2720000000 10.0000000000 1.0000000000 2.0000000000 1.0000000000 10.0000000000 10.0000000000 10.0000000000 0.0000000000
0.2740000000 10.0000000000 1.0000000000 2.0000000000 1.0000000000 10.0000000000 10.0000000000 10.0000000000 0.0000000000
0.2760000000 10.0000000000 1.0000000000 2.0000000000 1.0000000000 10.0000000000 10.0000000000 10.0000000000 0.0000000000
0.2780000000 10.0000000000 1.0000000000 2.0000000000 1.0000000000 10.0000000000 10.0000000000 10.0000000000 0.0000000000
0.2800000000 10.0000000000 1.0000000000 2.0000000000 1.0000000000 10.0000000000 10.0000000000 10.0000000000 0.0000000000
0.2820000000 10.0000000000 1.0000000000 2.0000000000 1.0000000000 10.0000000000 10.0000000000 10.0000000000 0.0000000000
0.2840000000 10.0000000000 1.0000000000 2.0000000000 1.0000000000 10.0000000000 10.0000000000 10.0000000000 0.0000000000
0.2860000000 10.0000000000 1.0000000000 2.0000000000 1.0000000000 10.0000000000 10.0000000000 10.0000000000 0.0000000000
0.2880000000 10.0000000000 1.0000000000 2.0000000000 1.0000000000 10.0000000000 10.0000000000 10.0000000000 0.0000000000
0.2900000000 10.0000000000 1.0000000000 2.0000000000 1.0000000000 10.0000000000 10.0000000000 10.0000000000 0.0000000000
0.2920000000 10.0000000000 1.0000000000 2.0000000000 1.0000000000 10.0000000000 10.0000000000 10.0000000000 0.0000000000
0.2940000000 10.0000000000 1.0000000000 2.0000000000 1.0000000000 10.0000000000 10.0000000000 10.0000000000 0.0000000000
0.2960000000 10.0000000000 1.0000000000 2.0000000000 1.0000000000 10.0000000000 10.0000000000 10.0000000000 0.0000000000
0.2980000000 10.0000000000 1.0000000000 2.0000000000 1.0000000000 10.0000000000 10.0000000000 10.0000000000 0.0000000000
0.3000000000 10.0000000000 1.0000000000 2.0000000000 1.0000000000 10.0000000000 10.0000000000 10.0000000000 0.0000000000
0.3020000000 10.0000000000 1.0000000000 2.0000000000 1.0000000000 10.0000000000 10.0000000000 10.0000000000 0.0000000000
0.3040000000 10.0000000000 1.0000000000 2.0000000000 1.0000000000 10.0000000000 10.0000000000 10.0000000000 0.0000000000
0.3060000000 10.0000000000 1.0000000000 2.0000000000 1.0000000000 10.0000000000 10.0000000000 10.0000000000 0.0000000000
0.3080000000 10.0000000000 1.0000000000 2.0000000000 1.0000000000 10.0000000000 10.0000000000 10.0000000000 0.0000000000
0.3100000000 10.0000000000 1.0000000000 2.0000000000 1.0000000000 10.0000000000 10.0000000000 10.0000000000 0.0000000000
0.3120000000 10.0000000000 1.0000000000 2.0000000000 1.0000000000 10.0000000000 10.0000000000 10.0000000000 0.0000000000
0.3140000000 10.0000000000 1.0000000000 2.0000000000 1.0000000000 10.0000000000 10.0000000000 10.0000000000 0.0000000000
0.3160000000 10.0000000000 1.0000000000 2.0000000000 1.0000000000 10.0000000000 10.0000000000 10.0000000000 0.0000000000
0.3180000000 10.0000000000 1.0000000000 2.0000000000 1.0000000000 10.0000000000 10.0000000000 10.0000000000 0.0000000000
0.3200000000 10.0000000000 1.0000000000 2.0000000000 1.0000000000 10.0000000000 10.0000000000 10.0000000000 0.0000000000
0.3220000000 10.0000000000 1.0000000000 2.0000000000 1.0000000000 10.0000000000 10.0000000000 10.0000000000 0.0000000000
0.3240000000 10.0000000000 1.0000000000 2.0000000000 1.0000000000 10.0000000000 10.0000000000 10.0000000000 0.0000000000
0.3260000000 10.0000000000 1.0000000000 2.0000000000 1.0000000000 10.0000000000 10.0000000000 10.0000000000 0.0000000000
0.3280000000 10.0000000000 1.0000000000 2.0000000000 1.0000000000 10.0000000000 10.0000000000 10.0000000000 0.0000000000
0.3300000000 10.0000000000 1.0000000000 2.0000000000 1.0000000000 10.0000000000 10.0000000000 10.0000000000 0.0000000000
0.3320000000 10.0000000000 1.0000000000 2.0000000000 1.0000000000 10.0000000000 10.0000000000 10.0000000000 0.0000000000
0.3340000000 10.0000000000 1.0000000000 2.0000000000 1.0000000000 10.0000000000 10.0000000000 10.0000000000 0.0000000000
0.3360000000 10.0000000000 1.0000000000 2.0000000000 1.0000000000 10.0000000000 10.0000000000 10.0000000000 0.0000000000
0.3380000000 10.0000000000 1.0000000000 2.0000000000 1.0000000000 10.0000000000 10.0000000000 10.0000000000 0.0000000000
0.3400000000 10.0000000000 1.0000000000 2.0000000000 1.0000000000 10.0000000000 10.0000000000 10.0000000000 0.0000000000
0.3420000000 10.0000000000 1.0000000000 2.0000000000 1.0000000000 10.0000000000 10.0000000000 10.0000000000 0.0000000000
0.3440000000 10.0000000000 1.0000000000 2.0000000000 1.0000000000 10.0000000000 10.0000000000 10.0000000000 0.0000000000
0.3460000000 10.0000000000 1.0000000000 2.0000000000 1.0000000000 10.0000000000 10.0000000000 10.0000000000 0.0000000000
0.3480000000 10.0000000000 1.0000000000 2.0000000000 1.0000000000 10.0000000000 10.0000000000 10.0000000000 0.0000000000
0.3500000000 10.0000000000 1.0000000000 2.0000000000 1.0000000000 10.0000000000 10.0000000000 10.0000000000 0.0000000000
0.3520000000 10.0000000000 1.0000000000 2.0000000000 1.0000000000 10.0000000000 10.0000000000 10.0000000000 0.0000000000
0.3540000000 10.0000000000 1.0000000000 2.0000000000 1.0000000000 10.0000000000 10.0000000000 10.0000000000 0.0000000000
0.3560000000 10.0000000000 1.0000000000 2.0000000000 1.0000000000 10.0000000000 10.0000000000 10.0000000000 0.0000000000
0.3580000000 10.0000000000 1.0000000000 2.0000000000 1.0000000000 10.0000000000 10.0000000000 10.0000000000 0.0000000000
0.3600000000 10.0000000000 1.0000000000 2.0000000000 1.0000000000 10.0000000000 10.0000000000 10.0000000000 0.0000000000
0.3620000000 10.0000000000 1.0000000000 2.0000000000 1.0000000000 10.0000000000 10.0000000000 10.0000000000 0.0000000000
0.3640000000 10.0000000000 1.0000000000 2.0000000000 1.0000000000 10.0000000000 10.0000000000 10.0000000000 0.0000000000
0.3660000000 10.0000000000 1.0000000000 2.0000000000 1.0000000000 10.0000000000 10.0000000000 10.0000000000 0.0000000000
0.3680000000 10.0000000000 1.0000000000 2.0000000000 1.0000000000 10.0000000000 10.0000000000 10.0000000000 0.0000000000
0.3700000000 10.0000000000 1.0000000000 2.0000000000 1.0000000000 10.0000000000 10.0000000000 10.0000000000 0.0000000000
0.3720000000 10.0000000000 1.0000000000 2.0000000000 1.0000000000 10.0000000000 10.0000000000 10.0000000000 0.0000000000
0.3740000000 10.0000000000 1.0000000000 2.0000000000 1.0000000000 10.0000000000 10.0000000000 10.0000000000 0.0000000000
0.3760000000 10.0000000000 1.0000000000 2.0000000000 1.0000000000 10.0000000000 10.0000000000 10.0000000000 0.0000000000
0.3780000000 10.0000000000 1.0000000000 2.0000000000 1.0000000000 10.0000000000 10.0000000000 10.0000000000 0.0000000000
0.3800000000 10.0000000000 1.0000000000 2.0000000000 1.0000000000 10.0000000000 10.0000000000 10.0000000000 0.0000000000
0.3820000000 10.0000000000 1.0000000000 2.0000000000 1.0000000000 10.0000000000 10.0000000000 10.0000000000 0.0000000000
0.3840000000 10.0000000000 1.0000000000 2.0000000000 1.0000000000 10.0000000000 10.0000000000 10.0000000000 0.0000000000
0.3860000000 10.0000000000 1.0000000000 2.0000000000 1.0000000000 10.0000000000 10.0000000000 10.0000000000 0.0000000000
0.3880000000 10.0000000000 1.0000000000 2.0000000000 1.0000000000 10.0000000000 10.0000000000 10.0000000000 0.0000000000
0.3900000000 10.0000000000 1.0000000000 2.0000000000 1.0000000000 10.0000000000 10.0000000000 10.0000000000 0.0000000000
0.3920000000 10.0000000000 1.0000000000 2.0000000000 1.0000000000 10.0000000000 10.0000000000 10.0000000000 0.0000000000
0.3940000000 10.0000000000 1.0000000000 2.0000000000 1.0000000000 10.0000000000 10.0000000000 10.0000000000 0.0000000000
0.3960000000 10.0000000000 1.0000000000 2.0000000000 1.0000000000 10.0000000000 10.0000000000 10.0000000000 0.0000000000
0.3980000000 10.0000000000 1.0000000000 2.0000000000 1.0000000000 10.0000000000 10.0000000000 10.0000000000 0.0000000000
0.4000000000 10.0000000000 1.0000000000 2.0000000000 1.0000000000 10.0000000000 10.0000000000 10.0000000000 0.0000000000
0.4020000000 10.0000000000 1.0000000000 2.0000000000 1.0000000000 10.0000000000 10.0000000000 10.0000000000 0.0000000000
0.4040000000 10.0000000000 1.0000000000 2.0000000000 1.0000000000 10.0000000000 10.0000000000 10.0000000000 0.0000000000
0.4060000000 10.0000000000 1.0000000000 2.0000000000 1.0000000000 10.0000000000 10.0000000000 10.0000000000 0.0000000000
0.4080000000 10.0000000000 1.0000000000 2.0000000000 1.0000000000 10.0000000000 10.0000000000 10.0000000000 0.0000000000
0.4100000000 10.0000000000 1.0000000000 2.0000000000 1.0000000000 10.0000000000 10.0000000000 10.0000000000 0.0000000000
0.4120000000 10.0000000000 1.0000000000 2.0000000000 1.0000000000 10.0000000000 10.0000000000 10.0000000000 0.0000000000
0.4140000000 10.0000000000 1.0000000000 2.0000000000 1.0000000000 10.0000000000 10.0000000000 10.0000000000 0.0000000000
0.4160000000 10.0000000000 1.0000000000 2.0000000000 1.0000000000 10.0000000000 10.0000000000 10.0000000000 0.0000000000
0.4180000000 10.0000000000 1.0000000000 2.0000000000 1.0000000000 10.0000000000 10.0000000000 10.0000000000 0.0000000000
0.4200000000 10.0000000000 1.0000000000 2.0000000000 1.0000000000 10.0000000000 10.0000000000 10.0000000000 0.0000000000
0.4220000000 10.0000000000 1.0000000000 2.0000000000 1.0000000000 10.0000000000 10.0000000000 10.0000000000 0.0000000000
0.4240000000 10.0000000000 1.0000000000 2.0000000000 1.0000000000 10.0000000000 10.0000000000 10.0000000000 0.0000000001
0.4260000000 10.0000000000 1.0000000000 2.0000000000 1.0000000000 10.0000000000 10.0000000000 10.0000000000 0.0000000001
0.4280000000 10.0000000000 1.0000000000 2.0000000000 1.0000000000 10.0000000000 10.0000000000 10.0000000000 0.0000000000
0.4300000000 10.0000000000 1.0000000000 2.0000000000 1.0000000000 10.0000000000 10.0000000000 10.0000000000 0.0000000000
0.4320000000 10.0000000000 1.0000000000 2.0000000000 1.0000000000 10.0000000000 10.0000000000 10.0000000000 0.0000000000
0.4340000000 10.0000000000 1.0000000000 2.0000000000 1.0000000000 10.0000000000 10.0000000000 10.0000000000 0.0000000001
0.4360000000 10.0000000000 1.0000000000 2.0000000000 1.0000000000 10.0000000000 10.0000000000 10.0000000000 0.0000000000
0.4380000000 10.0000000000 1.0000000000 2.0000000000 1.0000000000 10.0000000000 10.0000000000 10.0000000000 0.0000000000
0.4400000000 10.0000000000 1.0000000000 2.0000000000 1.0000000000 10.0000000000 10.0000000000 10.0000000000 0.0000000000
0.4420000000 10.0000000000 1.0000000000 2.0000000000 1.0000000000 10.0000000000 10.0000000000 10.0000000000 0.0000000000
0.4440000000 10.0000000000 1.0000000000 2.0000000000 1.0000000000 10.0000000000 10.0000000000 10.0000000000 0.0000000000
0.4460000000 10.0000000000 1.0000000000 2.0000000000 1.0000000000 10.0000000000 10.0000000000 10.0000000000 0.0000000001
0.4480000000 10.0000000000 1.0000000000 2.0000000000 1.0000000000 10.0000000000 10.0000000000 10.0000000000 0.0000000001
0.4500000000 10.0000000000 1.0000000000 2.0000000000 1.0000000000 10.0000000000 10.0000000000 10.0000000000 0.0000000000
0.4520000000 10.0000000000 1.0000000000 2.0000000000 1.0000000000 10.0000000000 10.0000000000 10.0000000000 0.0000000000
0.4540000000 10.0000000000 1.0000000000 2.0000000000 1.0000000000 10.0000000000 10.0000000000 10.0000000000 0.0000000000
0.4560000000 10.0000000000 1.0000000000 2.0000000000 1.0000000000 10.0000000000 10.0000000000 10.0000000000 0.0000000000
0.4580000000 10.0000000000 1.0000000000 2.0000000000 1.0000000000 10.0000000000 10.0000000000 10.0000000000 0.0000000000
0.4600000000 10.0000000001 1.0000000000 2.0000000000 1.0000000000 10.0000000001 10.0000000001 10.0000000000 0.0000000000
0.4620000000 9.9999999999 1.0000000000 2.0000000000 1.0000000000 9.9999999999 9.9999999999 10.0000000000 0.0000000001
0.4640000000 9.9999999998 1.0000000000 2.0000000000 1.0000000000 9.9999999998 9.9999999998 9.9999999999 0.0000000000
0.4660000000 10.0000000002 1.0000000000 2.0000000000 1.0000000000 10.0000000002 10.0000000002 10.0000000001 0.0000000000
0.4680000000 10.0000000002 1.0000000000 2.0000000000 1.0000000000 10.0000000002 10.0000000002 10.0000000001 0.0000000001
0.4700000000 9.9999999995 1.0000000000 2.0000000000 1.0000000000 9.9999999995 9.9999999995 9.9999999997 0.0000000001
0.4720000000 9.9999999997 1.0000000000 2.0000000000 1.0000000000 9.9999999997 9.9999999997 9.9999999999 0.0000000000
0.4740000000 10.0000000012 1.0000000000 2.0000000000 0.9999999999 10.0000000012 10.0000000012 10.0000000006 0.0000000000
0.4760000000 10.0000000001 1.0000000000 2.0000000000 1.0000000000 10.0000000001 10.0000000001 10.0000000001 0.0000000001
0.4780000000 9.9999999975 1.0000000000 2.0000000000 1.0000000001 9.9999999975 9.9999999975 9.9999999988 0.0000000000
0.4800000000 10.0000000004 1.0000000000 2.0000000000 1.0000000000 10.0000000004 10.0000000004 10.0000000002 0.0000000001
0.4820000000 10.0000000048 1.0000000000 2.0000000000 0.9999999998 10.0000000048 10.0000000048 10.0000000024 0.0000000000
0.4840000000 9.9999999981 1.0000000000 2.0000000000 1.0000000001 9.9999999981 9.9999999981 9.9999999991 0.0000000000
0.4860000000 9.9999999911 1.0000000000 2.0000000000 1.0000000004 9.9999999911 9.9999999911 9.9999999955 0.0000000001
0.4880000000 10.0000000052 1.0000000000 2.0000000000 0.9999999997 10.0000000052 10.0000000052 10.0000000026 0.0000000000
0.4900000000 10.0000000165 1.0000000000 2.0000000000 0.9999999992 10.0000000165 10.0000000165 10.0000000083 0.0000000001
0.4920000000 9.9999999880 1.0000000000 2.0000000000 1.0000000006 9.9999999880 9.9999999880 9.9999999940 0.0000000000
0.4940000000 9.9999999695 1.0000000000 2.0000000000 1.0000000015 9.9999999695 9.9999999695 9.9999999848 0.0000000000
0.4960000000 10.0000000248 1.0000000000 2.0000000000 0.9999999988 10.0000000248 10.0000000248 10.0000000124 0.0000000001
0.4980000000 10.0000000566 1.0000000000 2.0000000000 0.9999999972 10.0000000566 10.0000000566 10.0000000283 0.0000000000
0.5000000000 9.9999999527 1.0000000000 2.0000000000 1.0000000024 9.9999999527 9.9999999527 9.9999999763 0.0000000000
0.5020000000 9.9999998937 1.0000000000 2.0000000000 1.0000000053 9.9999998937 9.9999998937 9.9999999469 0.0000000001
0.5040000000 10.0000000837 1.0000000000 2.0000000000 0.9999999958 10.0000000837 10.0000000837 10.0000000419 0.0000000000
0.5060000000 10.0000002015 1.0000000000 2.0000000000 0.9999999899 10.0000002015 10.0000002015 10.0000001008 0.0000000001
0.5080000000 9.9999998646 1.0000000000 2.0000000000 1.0000000068 9.9999998646 9.9999998646 9.9999999323 0.0000000000
0.5100000000 9.9999996169 1.0000000000 2.0000000000 1.0000000192 9.9999996169 9.9999996169 9.9999998085 0.0000000001
0.5120000000 10.0000001915 1.0000000000 2.0000000000 0.9999999904 10.0000001915 10.0000001915 10.0000000957 0.0000000000
0.5140000000 10.0000007221 1.0000000000 2.0000000000 0.9999999639 10.0000007221 10.0000007221 10.0000003610 0.0000000000
0.5160000000 9.9999997949 1.0000000000 2.0000000000 1.0000000103 9.9999997949 9.9999997949 9.9999998975 0.0000000000
0.5180000000 9.9999986696 1.0000000000 2.0000000000 1.0000000665 9.9999986696 9.9999986696 9.9999993348 0.0000000001
0.5200000000 10.0000000430 1.0000000000 2.0000000000 0.9999999979 10.0000000430 10.0000000430 10.0000000215 0.0000000000
0.5220000000 10.0000023535 1.0000000000 2.0000000000 0.9999998823 10.0000023535 10.0000023535 10.0000011767 0.0000000000
0.5240000000 10.0000006067 1.0000000000 2.0000000000 0.9999999697 10.0000006067 10.0000006067 10.0000003034 0.0000000000
0.5260000000 9.9999960957 1.0000000000 2.0000000000 1.0000001952 9.9999960957 9.9999960957 9.9999980479 0.0000000001
0.5280000000 9.9999976298 1.0000000000 2.0000000000 1.0000001185 9.9999976298 9.9999976298 9.9999988149 0.0000000001
0.5300000000 10.0000058552 1.0000000000 2.0000000000 0.9999997072 10.0000058552 10.0000058552 10.0000029276 0.0000000000
0.5320000000 10.0000063138 1.0000000000 2.0000000000 0.9999996843 10.0000063138 10.0000063138 10.0000031569 0.0000000000
0.5340000000 9.9999926372 1.0000000000 2.0000000000 1.0000003681 9.9999926372 9.9999926372 9.9999963186 0.0000000000
0.5360000000 9.9999861378 1.0000000000 2.0000000000 1.0000006931 9.9999861378 9.9999861378 9.9999930689 0.0000000000
0.5380000000 10.0000060303 1.0000000000 2.0000000000 0.9999996985 10.0000060303 10.0000060303 10.0000030152 0.0000000000
0.5400000000 10.0000260502 1.0000000000 2.0000000000 0.9999986975 10.0000260502 10.0000260502 10.0000130251 0.0000000000
0.5420000000 10.0000031149 1.0000000000 2.0000000000 0.9999998443 10.0000031149 10.0000031149 10.0000015574 0.0000000000
0.5440000000 9.9999586400 1.0000000000 2.0000000000 1.0000020680 9.9999586400 9.9999586400 9.9999793200 0.0000000000
0.5460000000 9.9999721353 1.0000000000 2.0000000000 1.0000013932 9.9999721353 9.9999721353 9.9999860676 0.0000000000
0.5480000000 10.0000515149 1.0000000000 2.0000000000 0.9999974243 10.0000515149 10.0000515149 10.0000257575 0.0000000000
0.5500000000 10.0000758916 1.0000000000 2.0000000000 0.9999962055 10.0000758916 10.0000758916 10.0000379458 0.0000000000
0.5520000000 9.9999638601 1.0000000000 2.0000000000 1.0000018070 9.9999638601 9.9999638601 9.9999819301 0.0000000000
0.5540000000 9.9998551589 1.0000000000 2.0000000000 1.0000072422 9.9998551589 9.9998551589 9.9999275795 0.0000000000
0.5560000000 9.9999615154 1.0000000000 2.0000000000 1.0000019242 9.9999615154 9.9999615154 9.9999807577 0.0000000000
0.5580000000 10.0002031409 1.0000000000 2.0000000000 0.9999898432 10.0002031409 10.0002031409 10.0001015704 0.0000000000
0.5600000000 10.0002044379 1.0000000000 2.0000000000 0.9999897783 10.0002044379 10.0002044379 10.0001022190 0.0000000000
0.5620000000 9.9998310434 1.0000000000 2.0000000000 1.0000084480 9.9998310434 9.9998310434 9.9999155217 0.0000000000
0.5640000000 9.9995545891 1.0000000000 2.0000000000 1.0000222715 9.9995545891 9.9995545891 9.9997772946 0.0000000000
0.5660000000 9.9999169356 1.0000000000 2.0000000000 1.0000041533 9.9999169356 9.9999169356 9.9999584678 0.0000000000
0.5680000000 10.0006195297 1.0000000000 2.0000000000 0.9999690254 10.0006195297 10.0006195297 10.0003097649 0.0000000000
0.5700000000 10.0006333590 1.0000000000 2.0000000000 0.9999683341 10.0006333590 10.0006333590 10.0003166795 0.0000000000
0.5720000000 9.9995885551 1.0000000000 2.0000000000 1.0000205731 9.9995885551 9.9995885551 9.9997942775 0.0000000000
0.5740000000 9.9986880566 1.0000000000 2.0000000000 1.0000656058 9.9986880566 9.9986880566 9.9993440283 0.0000000000
0.5760000000 9.9994625021 1.0000000000 2.0000000000 1.0000268763 9.9994625021 9.9994625021 9.9997312511 0.0000000000
0.5780000000 10.0014765713 1.0000000000 2.0000000000 0.9999261823 10.0014765713 10.0014765713 10.0007382856 0.0000000000
0.5800000000 10.0021628736 1.0000000000 2.0000000000 0.9998918797 10.0021628736 10.0021628736 10.0010814368 0.0000000000
0.5820000000 9.9998606697 1.0000000000 2.0000000000 1.0000069666 9.9998606697 9.9998606697 9.9999303349 0.0000000000
0.5840000000 9.9966870862 1.0000000000 2.0000000000 1.0001657006 9.9966870862 9.9966870862 9.9983435431 0.0000000000
0.5860000000 9.9969360591 1.0000000000 2.0000000000 1.0001532440 9.9969360591 9.9969360591 9.9984680296 0.0000000000
0.5880000000 10.0017271712 1.0000000000 2.0000000000 0.9999136564 10.0017271712 10.0017271712 10.0008635856 0.0000000000
0.5900000000 10.0062000314 1.0000000000 2.0000000000 0.9996901905 10.0062000314 10.0062000314 10.0031000157 0.0000000000
0.5920000000 10.0040177843 1.0000000000 2.0000000000 0.9997991915 10.0040177843 10.0040177843 10.0020088921 0.0000000000
0.5940000000 9.9954406241 1.0000000000 2.0000000000 1.0002280728 9.9954406241 9.9954406241 9.9977203120 0.0000000000
0.5960000000 9.9893323195 1.0000000000 2.0000000000 1.0005339536 9.9893323195 9.9893323195 9.9946661598 0.0000000000
0.5980000000 9.9946052519 1.0000000000 2.0000000000 1.0002698830 9.9946052519 9.9946052519 9.9973026260 0.0000000000
0.6000000000 10.0088799394 1.0000000000 2.0000000000 0.9995563969 10.0088799394 10.0088799394 10.0044399697 0.0000000001
0.6020000000 10.0177320461 1.0000000000 2.0000000000 0.9991149670 10.0177320461 10.0177320461 10.0088660231 0.0000000000
0.6040000000 10.0084094317 1.0000000000 2.0000000000 0.9995798817 10.0084094317 10.0084094317 10.0042047159 0.0000000000
0.6060000000 9.9855354030 1.0000000000 2.0000000000 1.0007242775 9.9855354030 9.9855354030 9.9927677015 0.0000000000
0.6080000000 9.9709807990 1.0000000000 2.0000000000 1.0014551829 9.9709807990 9.9709807990 9.9854903995 0.0000000000
0.6100000000 9.9840825879 1.0000000000 2.0000000000 1.0007971394 9.9840825879 9.9840825879 9.9920412939 0.0000000001
0.6120000000 10.0194938731 1.0000000000 2.0000000000 0.9990272027 10.0194938731 10.0194938731 10.0097469366 0.0000000001
0.6140000000 10.0461768808 1.0000000000 2.0000000000 0.9977017685 10.0461768808 10.0461768808 10.0230884404 0.0000000000
0.6160000000 10.0332864485 1.0000000000 2.0000000000 0.9983411991 10.0332864485 10.0332864485 10.0166432242 0.0000000000
0.6180000000 9.9819029781 1.0000000000 2.0000000000 1.0009064916 9.9819029781 9.9819029781 9.9909514890 0.0000000001
0.6200000000 9.9318648156 1.0000000000 2.0000000000 1.0034301305 9.9318648156 9.9318648156 9.9659324078 0.0000000000
0.6220000000 9.9322286550 1.0000000000 2.0000000000 1.0034116887 9.9322286550 9.9322286550 9.9661143275 0.0000000000
0.6240000000 9.9969132289 1.0000000000 2.0000000000 1.0001543862 9.9969132289 9.9969132289 9.9984566144 0.0000000000
0.6260000000 10.0841256754 1.0000000000 2.0000000000 0.9958288067 10.0841256754 10.0841256754 10.0420628377 0.0000000000
0.6280000000 10.1219720990 1.0000000000 2.0000000000 0.9939748846 10.1219720990 10.1219720990 10.0609860495 0.0000000001
0.6300000000 10.0648236834 1.0000000000 2.0000000000 0.9967796911 10.0648236834 10.0648236834 10.0324118417 0.0000000000
0.6320000000 9.9368522951 1.0000000000 2.0000000000 1.0031774501 9.9368522951 9.9368522951 9.9684261475 0.0000000001
0.6340000000 9.8251300663 1.0000000000 2.0000000000 1.0088991155 9.8251300663 9.8251300663 9.9125650332 0.0000000001
0.6360000000 9.8217159216 1.0000000000 2.0000000000 1.0090760148 9.8217159216 9.8217159216 9.9108579608 0.0000000000
0.6380000000 9.9539711283 1.0000000000 2.0000000000 1.0023120859 9.9539711283 9.9539711283 9.9769855642 0.0000000000
0.6400000000 10.1541908381 1.0000000000 2.0000000000 0.9924075271 10.1541908381 10.1541908381 10.0770954191 0.0000000000
0.6420000000 10.2940803164 1.0000000000 2.0000000000 0.9857160471 10.2940803164 10.2940803164 10.1470401582 0.0000000000
0.6440000000 10.2649878736 1.0000000000 2.0000000000 0.9870926358 10.2649878736 10.2649878736 10.1324939368 0.0000000000
0.6460000000 10.0526930038 1.0000000000 2.0000000000 0.9973791598 10.0526930038 10.0526930038 10.0263465019 0.0000000000
0.6480000000 9.7576535258 1.0000000000 2.0000000000 1.0124182763 9.7576535258 9.7576535258 9.8788267629 0.0000000000
0.6500000000 9.5455515046 1.0000000000 2.0000000000 1.0238042032 9.5455515046 9.5455515046 9.7727757523 0.0000000000
0.6520000000 9.5557463456 1.0000000000 2.0000000000 1.0232453666 9.5557463456 9.5557463456 9.7778731728 0.0000000001
0.6540000000 9.8199688954 1.0000000000 2.0000000000 1.0091665822 9.8199688954 9.8199688954 9.9099844477 0.0000000000
0.6560000000 10.2367393793 1.0000000000 2.0000000000 0.9884367780 10.2367393793 10.2367393793 10.1183696897 0.0000000000
0.6580000000 10.6150250347 1.0000000000 2.0000000000 0.9710304482 10.6150250347 10.6150250347 10.3075125174 0.0000000000
0.6600000000 10.7636499467 1.0000000000 2.0000000000 0.9645264408 10.7636499467 10.7636499467 10.3818249733 0.0000000001
0.6620000000 10.5812777662 1.0000000000 2.0000000000 0.9725327234 10.5812777662 10.5812777662 10.2906388831 0.0000000000
0.6640000000 10.1047770789 1.0000000000 2.0000000000 0.9948154681 10.1047770789 10.1047770789 10.0523885395 0.0000000000
0.6660000000 9.4966814964 1.0000000000 2.0000000000 1.0264997043 9.4966814964 9.4966814964 9.7483407482 0.0000000000
0.6680000000 8.9813748458 1.0000000000 2.0000000000 1.0567076406 8.9813748458 8.9813748458 9.4906874229 0.0000000000
0.6700000000 8.7602459983 1.0000000000 2.0000000000 1.0707602276 8.7602459983 8.7602459983 9.3801229991 0.0000000000
0.6720000000 8.9406409198 1.0000000000 2.0000000000 1.0592440234 8.9406409198 8.9406409198 9.4703204599 0.0000000000
0.6740000000 9.5030378686 1.0000000000 2.0000000000 1.0261475403 9.5030378686 9.5030378686 9.7515189343 0.0000000001
0.6760000000 10.3128027515 1.0000000000 2.0000000000 0.9848342512 10.3128027515 10.3128027515 10.1564013758 0.0000000000
0.6780000000 11.1659893254 1.0000000000 2.0000000000 0.9477883557 11.1659893254 11.1659893254 10.5829946627 0.0000000000
0.6800000000 11.8491458509 1.0000000000 2.0000000000 0.9219713440 11.8491458509 11.8491458509 10.9245729255 0.0000000000
0.6820000000 12.1926995372 1.0000000000 2.0000000000 0.9100814577 12.1926995372 12.1926995372 11.0963497686 0.0000000000
0.6840000000 12.1040177253 1.0000000000 2.0000000000 0.9130859780 12.1040177253 12.1040177253 11.0520088626 0.0000000000
0.6860000000 11.5755764359 1.0000000000 2.0000000000 0.9319439319 11.5755764359 11.5755764359 10.7877882180 0.0000000000
0.6880000000 10.6719041605 1.0000000000 2.0000000000 0.9685199497 10.6719041605 10.6719041605 10.3359520802 0.0000000000
0.6900000000 9.5037855881 1.0000000000 2.0000000000 1.0261061451 9.5037855881 9.5037855881 9.7518927940 0.0000000000
0.6920000000 8.1991627396 1.0000000000 2.0000000000 1.1098183630 8.1991627396 8.1991627396 9.0995813698 0.0000000000
0.6940000000 6.8782125546 1.0000000000 2.0000000000 1.2269330455 6.8782125546 6.8782125546 8.4391062773 0.0000000000
0.6960000000 5.6367505186 1.0000000000 2.0000000000 1.3870358877 5.6367505186 5.6367505186 7.8183752593 0.0000000000
0.6980000000 4.5388222938 1.0000000000 2.0000000000 1.6016073502 4.5388222938 4.5388222938 7.2694111469 0.0000000000
0.7000000000 3.6169842205 1.0000000000 2.0000000000 1.8823671034 3.6169842205 3.6169842205 6.8084921103 0.0000000000
0.7020000000 2.8776244818 1.0000000000 2.0000000000 2.2375442945 2.8776244818 2.8776244818 6.4388122409 0.0000000000
0.7040000000 2.3085756870 1.0000000000 2.0000000000 2.6658375891 2.3085756870 2.3085756870 6.1542878435 0.0000000000
0.7060000000 1.8868325707 1.0000000000 2.0000000000 3.1499436556 1.8868325707 1.8868325707 5.9434162854 0.0000000000
0.7080000000 1.5850119462 1.0000000000 2.0000000000 3.6545503566 1.5850119462 1.5850119462 5.7925059731 0.0000000000
0.7100000000 1.3759738268 1.0000000000 2.0000000000 4.1337900493 1.3759738268 1.3759738268 5.6879869134 0.0000000000
0.7120000000 1.2356002347 1.0000000000 2.0000000000 4.5466162595 1.2356002347 1.2356002347 5.6178001173 0.0000000000
0.7140000000 1.1440602779 1.0000000000 2.0000000000 4.8703990921 1.1440602779 1.1440602779 5.5720301390 0.0000000000
0.7160000000 1.0860124858 1.0000000000 2.0000000000 5.1039986330 1.0860124858 1.0860124858 5.5430062429 0.0000000000
0.7180000000 1.0501766692 1.0000000000 2.0000000000 5.2611036761 1.0501766692 1.0501766692 5.5250883346 0.0000000001
0.7200000000 1.0286166141 1.0000000000 2.0000000000 5.3608975699 1.0286166141 1.0286166141 5.5143083071 0.0000000000
0.7220000000 1.0159641092 1.0000000000 2.0000000000 5.4214336952 1.0159641092 1.0159641092 5.5079820546 0.0000000000
0.7240000000 1.0087156140 1.0000000000 2.0000000000 5.4567984578 1.0087156140 1.0087156140 5.5043578070 0.0000000000
0.7260000000 1.0046588596 1.0000000000 2.0000000000 5.4768137236 1.0046588596 1.0046588596 5.5023294298 0.0000000000
0.7280000000 1.0024393674 1.0000000000 2.0000000000 5.4878328432 1.0024393674 1.0024393674 5.5012196837 0.0000000000
0.7300000000 1.0012516009 1.0000000000 2.0000000000 5.4937498181 1.0012516009 1.0012516009 5.5006258005 0.0000000000
0.7320000000 1.0006295198 1.0000000000 2.0000000000 5.4968543813 1.0006295198 1.0006295198 5.5003147599 0.0000000000
0.7340000000 1.0003104997 1.0000000000 2.0000000000 5.4984479835 1.0003104997 1.0003104997 5.5001552498 0.0000000000
0.7360000000 1.0001502330 1.0000000000 2.0000000000 5.4992489479 1.0001502330 1.0001502330 5.5000751165 0.0000000000
0.7380000000 1.0000713275 1.0000000000 2.0000000000 5.4996433877 1.0000713275 1.0000713275 5.5000356638 0.0000000000
0.7400000000 1.0000332403 1.0000000000 2.0000000000 5.4998338042 1.0000332403 1.0000332403 5.5000166201 0.0000000000
0.7420000000 1.0000152092 1.0000000000 2.0000000000 5.4999239549 1.0000152092 1.0000152092 5.5000076046 0.0000000000
0.7440000000 1.0000068344 1.0000000000 2.0000000000 5.4999658283 1.0000068344 1.0000068344 5.5000034172 0.0000000000
0.7460000000 1.0000030168 1.0000000000 2.0000000000 5.4999849159 1.0000030168 1.0000030168 5.5000015084 0.0000000000
0.7480000000 1.0000013085 1.0000000000 2.0000000000 5.4999934578 1.0000013085 1.0000013085 5.5000006542 0.0000000000
0.7500000000 1.0000005577 1.0000000000 2.0000000000 5.4999972114 1.0000005577 1.0000005577 5.5000002789 0.0000000000
0.7520000000 1.0000002337 1.0000000000 2.0000000000 5.4999988316 1.0000002337 1.0000002337 5.5000001168 0.0000000000
0.7540000000 1.0000000963 1.0000000000 2.0000000000 5.4999995187 1.0000000963 1.0000000963 5.5000000481 0.0000000000
0.7560000000 1.0000000390 1.0000000000 2.0000000000 5.4999998050 1.0000000390 1.0000000390 5.5000000195 0.0000000000
0.7580000000 1.0000000155 1.0000000000 2.0000000000 5.4999999223 1.0000000155 1.0000000155 5.5000000078 0.0000000000
0.7600000000 1.0000000061 1.0000000000 2.0000000000 5.4999999695 1.0000000061 1.0000000061 5.5000000030 0.0000000000
0.7620000000 1.0000000023 1.0000000000 2.0000000000 5.4999999883 1.0000000023 1.0000000023 5.5000000012 0.0000000000
0.7640000000 1.0000000009 1.0000000000 2.0000000000 5.4999999955 1.0000000009 1.0000000009 5.5000000004 0.0000000000
0.7660000000 1.0000000003 1.0000000000 2.0000000000 5.4999999983 1.0000000003 1.0000000003 5.5000000002 0.0000000001
0.7680000000 1.0000000001 1.0000000000 2.0000000000 5.4999999994 1.0000000001 1.0000000001 5.5000000001 0.0000000000
0.7700000000 1.0000000000 1.0000000000 2.0000000000 5.4999999998 1.0000000000 1.0000000000 5.5000000000 0.0000000000
0.7720000000 1.0000000000 1.0000000000 2.0000000000 5.4999999999 1.0000000000 1.0000000000 5.5000000000 0.0000000000
0.7740000000 1.0000000000 1.0000000000 2.0000000000 5.5000000000 1.0000000000 1.0000000000 5.5000000000 0.0000000000
0.7760000000 1.0000000000 1.0000000000 2.0000000000 5.5000000000 1.0000000000 1.0000000000 5.5000000000 0.0000000000
0.7780000000 1.0000000000 1.0000000000 2.0000000000 5.5000000000 1.0000000000 1.0000000000 5.5000000000 0.0000000000
0.7800000000 1.0000000000 1.0000000000 2.0000000000 5.5000000000 1.0000000000 1.0000000000 5.5000000000 0.0000000000
0.7820000000 1.0000000000 1.0000000000 2.0000000000 5.5000000000 1.0000000000 1.0000000000 5.5000000000 0.0000000000
0.7840000000 1.0000000000 1.0000000000 2.0000000000 5.5000000000 1.0000000000 1.0000000000 5.5000000000 0.0000000000
0.7860000000 1.0000000000 1.0000000000 2.0000000000 5.5000000000 1.0000000000 1.0000000000 5.5000000000 0.0000000000
0.7880000000 1.0000000000 1.0000000000 2.0000000000 5.5000000000 1.0000000000 1.0000000000 5.5000000000 0.0000000000
0.7900000000 1.0000000000 1.0000000000 2.0000000000 5.5000000000 1.0000000000 1.0000000000 5.5000000000 0.0000000000
0.7920000000 1.0000000000 1.0000000000 2.0000000000 5.5000000000 1.0000000000 1.0000000000 5.5000000000 0.0000000000
0.7940000000 1.0000000000 1.0000000000 2.0000000000 5.5000000000 1.0000000000 1.0000000000 5.5000000000 0.0000000000
0.7960000000 1.0000000000 1.0000000000 2.0000000000 5.5000000000 1.0000000000 1.0000000000 5.5000000000 0.0000000000
0.7980000000 1.0000000000 1.0000000000 2.0000000000 5.5000000000 1.0000000000 1.0000000000 5.5000000000 0.0000000000
0.8000000000 1.0000000000 1.0000000000 2.0000000000 5.5000000000 1.0000000000 1.0000000000 5.5000000000 0.0000000000
0.8020000000 1.0000000000 1.0000000000 2.0000000000 5.5000000000 1.0000000000 1.0000000000 5.5000000000 0.0000000000
0.8040000000 1.0000000000 1.0000000000 2.0000000000 5.5000000000 1.0000000000 1.0000000000 5.5000000000 0.0000000000
0.8060000000 1.0000000000 1.0000000000 2.0000000000 5.5000000000 1.0000000000 1.0000000000 5.5000000000 0.0000000000
0.8080000000 1.0000000000 1.0000000000 2.0000000000 5.5000000000 1.0000000000 1.0000000000 5.5000000000 0.0000000000
0.8100000000 1.0000000000 1.0000000000 2.0000000000 5.5000000000 1.0000000000 1.0000000000 5.5000000000 0.0000000000
0.8120000000 1.0000000000 1.0000000000 2.0000000000 5.5000000000 1.0000000000 1.0000000000 5.5000000000 0.0000000000
0.8140000000 1.0000000000 1.0000000000 2.0000000000 5.5000000000 1.0000000000 1.0000000000 5.5000000000 0.0000000000
0.8160000000 1.0000000000 1.0000000000 2.0000000000 5.5000000000 1.0000000000 1.0000000000 5.5000000000 0.0000000000
0.8180000000 1.0000000000 1.0000000000 2.0000000000 5.5000000000 1.0000000000 1.0000000000 5.5000000000 0.0000000000
0.8200000000 1.0000000000 1.0000000000 2.0000000000 5.5000000000 1.0000000000 1.0000000000 5.5000000000 0.0000000000
0.8220000000 1.0000000000 1.0000000000 2.0000000000 5.5000000000 1.0000000000 1.0000000000 5.5000000000 0.0000000000
0.8240000000 1.0000000000 1.0000000000 2.0000000000 5.5000000000 1.0000000000 1.0000000000 5.5000000000 0.0000000000
0.8260000000 1.0000000000 1.0000000000 2.0000000000 5.5000000000 1.0000000000 1.0000000000 5.5000000000 0.0000000000
0.8280000000 1.0000000000 1.0000000000 2.0000000000 5.5000000000 1.0000000000 1.0000000000 5.5000000000 0.0000000000
0.8300000000 1.0000000000 1.0000000000 2.0000000000 5.5000000000 1.0000000000 1.0000000000 5.5000000000 0.0000000000
0.8320000000 1.0000000000 1.0000000000 2.0000000000 5.5000000000 1.0000000000 1.0000000000 5.5000000000 0.0000000000
0.8340000000 1.0000000000 1.0000000000 2.0000000000 5.5000000000 1.0000000000 1.0000000000 5.5000000000 0.0000000000
0.8360000000 1.0000000000 1.0000000000 2.0000000000 5.5000000000 1.0000000000 1.0000000000 5.5000000000 0.0000000000
0.8380000000 1.0000000000 1.0000000000 2.0000000000 5.5000000000 1.0000000000 1.0000000000 5.5000000000 0.0000000000
0.8400000000 1.0000000000 1.0000000000 2.0000000000 5.5000000000 1.0000000000 1.0000000000 5.5000000000 0.0000000000
0.8420000000 1.0000000000 1.0000000000 2.0000000000 5.5000000000 1.0000000000 1.0000000000 5.5000000000 0.0000000000
0.8440000000 1.0000000000 1.0000000000 2.0000000000 5.5000000000 1.0000000000 1.0000000000 5.5000000000 0.0000000000
0.8460000000 1.0000000000 1.0000000000 2.0000000000 5.5000000000 1.0000000000 1.0000000000 5.5000000000 0.0000000000
0.8480000000 1.0000000000 1.0000000000 2.0000000000 5.5000000000 1.0000000000 1.0000000000 5.5000000000 0.0000000000
0.8500000000 1.0000000000 1.0000000000 2.0000000000 5.5000000000 1.0000000000 1.0000000000 5.5000000000 0.0000000000
0.8520000000 1.0000000000 1.0000000000 2.0000000000 5.5000000000 1.0000000000 1.0000000000 5.5000000000 0.0000000000
0.8540000000 1.0000000000 1.0000000000 2.0000000000 5.5000000000 1.0000000000 1.0000000000 5.5000000000 0.0000000000
0.8560000000 1.0000000000 1.0000000000 2.0000000000 5.5000000000 1.0000000000 1.0000000000 5.5000000000 0.0000000000
0.8580000000 1.0000000000 1.0000000000 2.0000000000 5.5000000000 1.0000000000 1.0000000000 5.5000000000 0.0000000000
0.8600000000 1.0000000000 1.0000000000 2.0000000000 5.5000000000 1.0000000000 1.0000000000 5.5000000000 0.0000000000
0.8620000000 1.0000000000 1.0000000000 2.0000000000 5.5000000000 1.0000000000 1.0000000000 5.5000000000 0.0000000001
0.8640000000 1.0000000000 1.0000000000 2.0000000000 5.5000000000 1.0000000000 1.0000000000 5.5000000000 0.0000000000
0.8660000000 1.0000000000 1.0000000000 2.0000000000 5.5000000000 1.0000000000 1.0000000000 5.5000000000 0.0000000000
0.8680000000 1.0000000000 1.0000000000 2.0000000000 5.5000000000 1.0000000000 1.0000000000 5.5000000000 0.0000000000
0.8700000000 1.0000000000 1.0000000000 2.0000000000 5.5000000000 1.0000000000 1.0000000000 5.5000000000 0.0000000000
0.8720000000 1.0000000000 1.0000000000 2.0000000000 5.5000000000 1.0000000000 1.0000000000 5.5000000000 0.0000000000
0.8740000000 1.0000000000 1.0000000000 2.0000000000 5.5000000000 1.0000000000 1.0000000000 5.5000000000 0.0000000000
0.8760000000 1.0000000000 1.0000000000 2.0000000000 5.5000000000 1.0000000000 1.0000000000 5.5000000000 0.0000000000
0.8780000000 1.0000000000 1.0000000000 2.0000000000 5.5000000000 1.0000000000 1.0000000000 5.5000000000 0.0000000000
0.8800000000 1.0000000000 1.0000000000 2.0000000000 5.5000000000 1.0000000000 1.0000000000 5.5000000000 0.0000000000
0.8820000000 1.0000000000 1.0000000000 2.0000000000 5.5000000000 1.0000000000 1.0000000000 5.5000000000 0.0000000000
0.8840000000 1.0000000000 1.0000000000 2.0000000000 5.5000000000 1.0000000000 1.0000000000 5.5000000000 0.0000000000
0.8860000000 1.0000000000 1.0000000000 2.0000000000 5.5000000000 1.0000000000 1.0000000000 5.5000000000 0.0000000000
0.8880000000 1.0000000000 1.0000000000 2.0000000000 5.5000000000 1.0000000000 1.0000000000 5.5000000000 0.0000000000
0.8900000000 1.0000000000 1.0000000000 2.0000000000 5.5000000000 1.0000000000 1.0000000000 5.5000000000 0.0000000000
0.8920000000 1.0000000000 1.0000000000 2.0000000000 5.5000000000 1.0000000000 1.0000000000 5.5000000000 0.0000000000
0.8940000000 1.0000000000 1.0000000000 2.0000000000 5.5000000000 1.0000000000 1.0000000000 5.5000000000 0.0000000000
0.8960000000 1.0000000000 1.0000000000 2.0000000000 5.5000000000 1.0000000000 1.0000000000 5.5000000000 0.0000000000
0.8980000000 1.0000000000 1.0000000000 2.0000000000 5.5000000000 1.0000000000 1.0000000000 5.5000000000 0.0000000000
0.9000000000 1.0000000000 1.0000000000 2.0000000000 5.5000000000 1.0000000000 1.0000000000 5.5000000000 0.0000000000
0.9020000000 1.0000000000 1.0000000000 2.0000000000 5.5000000000 1.0000000000 1.0000000000 5.5000000000 0.0000000000
0.9040000000 1.0000000000 1.0000000000 2.0000000000 5.5000000000 1.0000000000 1.0000000000 5.5000000000 0.0000000000
0.9060000000 1.0000000000 1.0000000000 2.0000000000 5.5000000000 1.0000000000 1.0000000000 5.5000000000 0.0000000000
0.9080000000 1.0000000000 1.0000000000 2.0000000000 5.5000000000 1.0000000000 1.0000000000 5.5000000000 0.0000000000
0.9100000000 1.0000000000 1.0000000000 2.0000000000 5.5000000000 1.0000000000 1.0000000000 5.5000000000 0.0000000000
0.9120000000 1.0000000000 1.0000000000 2.0000000000 5.5000000000 1.0000000000 1.0000000000 5.5000000000 0.0000000000
0.9140000000 1.0000000000 1.0000000000 2.0000000000 5.5000000000 1.0000000000 1.0000000000 5.5000000000 0.0000000000
0.9160000000 1.0000000000 1.0000000000 2.0000000000 5.5000000000 1.0000000000 1.0000000000 5.5000000000 0.0000000000
0.9180000000 1.0000000000 1.0000000000 2.0000000000 5.5000000000 1.0000000000 1.0000000000 5.5000000000 0.0000000000
0.9200000000 1.0000000000 1.0000000000 2.0000000000 5.5000000000 1.0000000000 1.0000000000 5.5000000000 0.0000000000
0.9220000000 1.0000000000 1.0000000000 2.0000000000 5.5000000000 1.0000000000 1.0000000000 5.5000000000 0.0000000000
0.9240000000 1.0000000000 1.0000000000 2.0000000000 5.5000000000 1.0000000000 1.0000000000 5.5000000000 0.0000000000
0.9260000000 1.0000000000 1.0000000000 2.0000000000 5.5000000000 1.0000000000 1.0000000000 5.5000000000 0.0000000000
0.9280000000 1.0000000000 1.0000000000 2.0000000000 5.5000000000 1.0000000000 1.0000000000 5.5000000000 0.0000000000
0.9300000000 1.0000000000 1.0000000000 2.0000000000 5.5000000000 1.0000000000 1.0000000000 5.5000000000 0.0000000000
0.9320000000 1.0000000000 1.0000000000 2.0000000000 5.5000000000 1.0000000000 1.0000000000 5.5000000000 0.0000000000
0.9340000000 1.0000000000 1.0000000000 2.0000000000 5.5000000000 1.0000000000 1.0000000000 5.5000000000 0.0000000000
0.9360000000 1.0000000000 1.0000000000 2.0000000000 5.5000000000 1.0000000000 1.0000000000 5.5000000000 0.0000000000
0.9380000000 1.0000000000 1.0000000000 2.0000000000 5.5000000000 1.0000000000 1.0000000000 5.5000000000 0.0000000000
0.9400000000 1.0000000000 1.0000000000 2.0000000000 5.5000000000 1.0000000000 1.0000000000 5.5000000000 0.0000000000
0.9420000000 1.0000000000 1.0000000000 2.0000000000 5.5000000000 1.0000000000 1.0000000000 5.5000000000 0.0000000000
0.9440000000 1.0000000000 1.0000000000 2.0000000000 5.5000000000 1.0000000000 1.0000000000 5.5000000000 0.0000000000
0.9460000000 1.0000000000 1.0000000000 2.0000000000 5.5000000000 1.0000000000 1.0000000000 5.5000000000 0.0000000000
0.9480000000 1.0000000000 1.0000000000 2.0000000000 5.5000000000 1.0000000000 1.0000000000 5.5000000000 0.0000000000
0.9500000000 1.0000000000 1.0000000000 2.0000000000 5.5000000000 1.0000000000 1.0000000000 5.5000000000 0.0000000000
0.9520000000 1.0000000000 1.0000000000 2.0000000000 5.5000000000 1.0000000000 1.0000000000 5.5000000000 0.0000000000
0.9540000000 1.0000000000 1.0000000000 2.0000000000 5.5000000000 1.0000000000 1.0000000000 5.5000000000 0.0000000000
0.9560000000 1.0000000000 1.0000000000 2.0000000000 5.5000000000 1.0000000000 1.0000000000 5.5000000000 0.0000000000
0.9580000000 1.0000000000 1.0000000000 2.0000000000 5.5000000000 1.0000000000 1.0000000000 5.5000000000 0.0000000000
0.9600000000 1.0000000000 1.0000000000 2.0000000000 5.5000000000 1.0000000000 1.0000000000 5.5000000000 0.0000000000
0.9620000000 1.0000000000 1.0000000000 2.0000000000 5.5000000000 1.0000000000 1.0000000000 5.5000000000 0.0000000000
0.9640000000 1.0000000000 1.0000000000 2.0000000000 5.5000000000 1.0000000000 1.0000000000 5.5000000000 0.0000000000
0.9660000000 1.0000000000 1.0000000000 2.0000000000 5.5000000000 1.0000000000 1.0000000000 5.5000000000 0.0000000000
0.9680000000 1.0000000000 1.0000000000 2.0000000000 5.5000000000 1.0000000000 1.0000000000 5.5000000000 0.0000000000
0.9700000000 1.0000000000 1.0000000000 2.0000000000 5.5000000000 1.0000000000 1.0000000000 5.5000000000 0.0000000000
0.9720000000 1.0000000000 1.0000000000 2.0000000000 5.5000000000 1.0000000000 1.0000000000 5.5000000000 0.0000000000
0.9740000000 1.0000000000 1.0000000000 2.0000000000 5.5000000000 1.0000000000 1.0000000000 5.5000000000 0.0000000000
0.9760000000 1.0000000000 1.0000000000 2.0000000000 5.5000000000 1.0000000000 1.0000000000 5.5000000000 0.0000000000
0.9780000000 1.0000000000 1.0000000000 2.0000000000 5.5000000000 1.0000000000 1.0000000000 5.5000000000 0.0000000000
0.9800000000 1.0000000000 1.0000000000 2.0000000000 5.5000000000 1.0000000000 1.0000000000 5.5000000000 0.0000000000
0.9820000000 1.0000000000 1.0000000000 2.0000000000 5.5000000000 1.0000000000 1.0000000000 5.5000000000 0.0000000000
0.9840000000 1.0000000000 1.0000000000 2.0000000000 5.5000000000 1.0000000000 1.0000000000 5.5000000000 0.0000000000
0.9860000000 1.0000000000 1.0000000000 2.0000000000 5.5000000000 1.0000000000 1.0000000000 5.5000000000 0.0000000000
0.9880000000 1.0000000000 1.0000000000 2.0000000000 5.5000000000 1.0000000000 1.0000000000 5.5000000000 0.0000000000
0.9900000000 1.0000000000 1.0000000000 2.0000000000 5.5000000000 1.0000000000 1.0000000000 5.5000000000 0.0000000000
0.9920000000 1.0000000000 1.0000000000 2.0000000000 5.5000000000 1.0000000000 1.0000000000 5.5000000000 0.0000000000
0.9940000000 1.0000000000 1.0000000000 2.0000000000 5.5000000000 1.0000000000 1.0000000000 5.5000000000 0.0000000000
0.9960000000 1.0000000000 1.0000000000 2.0000000000 5.5000000000 1.0000000000 1.0000000000 5.5000000000 0.0000000000
0.9980000000 1.0000000000 1.0000000000 2.0000000000 5.5000000000 1.0000000000 1.0000000000 5.5000000000 0.0000000000
1.0000000000 1.0000000000 1.0000000000 2.0000000000 5.5000000000 1.0000000000 1.0000000000 5.5000000000 0.0000000000
