TITLE = "1D Euler Filtered MacCormack Result"
VARIABLES = "x", "rho", "u", "p", "E", "rho_conserved", "rhou", "rhoE", "nu"
ZONE T="t=0.20000000", I=501, F=POINT
0.0000000000 10.0000000000 1.0000000000 2.0000000000 1.0000000000 10.0000000000 10.0000000000 10.0000000000 0.0000000000
0.0020000000 10.0000000000 1.0000000000 2.0000000000 1.0000000000 10.0000000000 10.0000000000 10.0000000000 0.0000000000
0.0040000000 10.0000000000 1.0000000000 2.0000000000 1.0000000000 10.0000000000 10.0000000000 10.0000000000 0.0000000000
0.0060000000 10.0000000000 1.0000000000 2.0000000000 1.0000000000 10.0000000000 10.0000000000 10.0000000000 0.0000000000
0.0080000000 10.0000000000 1.0000000000 2.0000000000 1.0000000000 10.0000000000 10.0000000000 10.0000000000 0.0000000000
0.0100000000 10.0000000000 1.0000000000 2.0000000000 1.0000000000 10.0000000000 10.0000000000 10.0000000000 0.0000000000
0.0120000000 10.0000000000 1.0000000000 2.0000000000 1.0000000000 10.0000000000 10.0000000000 10.0000000000 0.0000000000
0.0140000000 10.0000000000 1.0000000000 2.0000000000 1.0000000000 10.0000000000 10.0000000000 10.0000000000 0.0000000000
0.0160000000 10.0000000000 1.0000000000 2.0000000000 1.0000000000 10.0000000000 10.0000000000 10.0000000000 0.0000000000
0.0180000000 10.0000000000 1.0000000000 2.0000000000 1.0000000000 10.0000000000 10.0000000000 10.0000000000 0.0000000000
0.0200000000 10.0000000000 1.0000000000 2.0000000000 1.0000000000 10.0000000000 10.0000000000 10.0000000000 0.0000000000
0.0220000000 10.0000000000 1.0000000000 2.0000000000 1.0000000000 10.0000000000 10.0000000000 10.0000000000 0.0000000000
0.0240000000 10.0000000000 1.0000000000 2.0000000000 1.0000000000 10.0000000000 10.0000000000 10.0000000000 0.0000000000
0.0260000000 10.0000000000 1.0000000000 2.0000000000 1.0000000000 10.0000000000 10.0000000000 10.0000000000 0.0000000000
0.0280000000 10.0000000000 1.0000000000 2.0000000000 1.0000000000 10.0000000000 10.0000000000 10.0000000000 0.0000000000
0.0300000000 10.0000000000 1.0000000000 2.0000000000 1.0000000000 10.0000000000 10.0000000000 10.0000000000 0.0000000000
0.0320000000 10.0000000000 1.0000000000 2.0000000000 1.0000000000 10.0000000000 10.0000000000 10.0000000000 0.0000000000
0.0340000000 10.0000000000 1.0000000000 2.0000000000 1.0000000000 10.0000000000 10.0000000000 10.0000000000 0.0000000000
0.0360000000 10.0000000000 1.0000000000 2.0000000000 1.0000000000 10.0000000000 10.0000000000 10.0000000000 0.0000000000
0.0380000000 10.0000000000 1.0000000000 2.0000000000 1.0000000000 10.0000000000 10.0000000000 10.0000000000 0.0000000000
0.0400000000 10.0000000000 1.0000000000 2.0000000000 1.0000000000 10.0000000000 10.0000000000 10.0000000000 0.0000000000
0.0420000000 10.0000000000 1.0000000000 2.0000000000 1.0000000000 10.0000000000 10.0000000000 10.0000000000 0.0000000000
0.0440000000 10.0000000000 1.0000000000 2.0000000000 1.0000000000 10.0000000000 10.0000000000 10.0000000000 0.0000000000
0.0460000000 10.0000000000 1.0000000000 2.0000000000 1.0000000000 10.0000000000 10.0000000000 10.0000000000 0.0000000000
0.0480000000 10.0000000000 1.0000000000 2.0000000000 1.0000000000 10.0000000000 10.0000000000 10.0000000000 0.0000000000
0.0500000000 10.0000000000 1.0000000000 2.0000000000 1.0000000000 10.0000000000 10.0000000000 10.0000000000 0.0000000000
0.0520000000 10.0000000000 1.0000000000 2.0000000000 1.0000000000 10.0000000000 10.0000000000 10.0000000000 0.0000000000
0.0540000000 10.0000000000 1.0000000000 2.0000000000 1.0000000000 10.0000000000 10.0000000000 10.0000000000 0.0000000000
0.0560000000 10.0000000000 1.0000000000 2.0000000000 1.0000000000 10.0000000000 10.0000000000 10.0000000000 0.0000000000
0.0580000000 10.0000000000 1.0000000000 2.0000000000 1.0000000000 10.0000000000 10.0000000000 10.0000000000 0.0000000000
0.0600000000 10.0000000000 1.0000000000 2.0000000000 1.0000000000 10.0000000000 10.0000000000 10.0000000000 0.0000000000
0.0620000000 10.0000000000 1.0000000000 2.0000000000 1.0000000000 10.0000000000 10.0000000000 10.0000000000 0.0000000000
0.0640000000 10.0000000000 1.0000000000 2.0000000000 1.0000000000 10.0000000000 10.0000000000 10.0000000000 0.0000000000
0.0660000000 10.0000000000 1.0000000000 2.0000000000 1.0000000000 10.0000000000 10.0000000000 10.0000000000 0.0000000000
0.0680000000 10.0000000000 1.0000000000 2.0000000000 1.0000000000 10.0000000000 10.0000000000 10.0000000000 0.0000000000
0.0700000000 10.0000000000 1.0000000000 2.0000000000 1.0000000000 10.0000000000 10.0000000000 10.0000000000 0.0000000000
0.0720000000 10.0000000000 1.0000000000 2.0000000000 1.0000000000 10.0000000000 10.0000000000 10.0000000000 0.0000000000
0.0740000000 10.0000000000 1.0000000000 2.0000000000 1.0000000000 10.0000000000 10.0000000000 10.0000000000 0.0000000000
0.0760000000 10.0000000000 1.0000000000 2.0000000000 1.0000000000 10.0000000000 10.0000000000 10.0000000000 0.0000000000
0.0780000000 10.0000000000 1.0000000000 2.0000000000 1.0000000000 10.0000000000 10.0000000000 10.0000000000 0.0000000000
0.0800000000 10.0000000000 1.0000000000 2.0000000000 1.0000000000 10.0000000000 10.0000000000 10.0000000000 0.0000000000
0.0820000000 10.0000000000 1.0000000000 2.0000000000 1.0000000000 10.0000000000 10.0000000000 10.0000000000 0.0000000000
0.0840000000 10.0000000000 1.0000000000 2.0000000000 1.0000000000 10.0000000000 10.0000000000 10.0000000000 0.0000000000
0.0860000000 10.0000000000 1.0000000000 2.0000000000 1.0000000000 10.0000000000 10.0000000000 10.0000000000 0.0000000000
0.0880000000 10.0000000000 1.0000000000 2.0000000000 1.0000000000 10.0000000000 10.0000000000 10.0000000000 0.0000000000
0.0900000000 10.0000000000 1.0000000000 2.0000000000 1.0000000000 10.0000000000 10.0000000000 10.0000000000 0.0000000000
0.0920000000 10.0000000000 1.0000000000 2.0000000000 1.0000000000 10.0000000000 10.0000000000 10.0000000000 0.0000000000
0.0940000000 10.0000000000 1.0000000000 2.0000000000 1.0000000000 10.0000000000 10.0000000000 10.0000000000 0.0000000000
0.0960000000 10.0000000000 1.0000000000 2.0000000000 1.0000000000 10.0000000000 10.0000000000 10.0000000000 0.0000000000
0.0980000000 10.0000000000 1.0000000000 2.0000000000 1.0000000000 10.0000000000 10.0000000000 10.0000000000 0.0000000000
0.1000000000 10.0000000000 1.0000000000 2.0000000000 1.0000000000 10.0000000000 10.0000000000 10.0000000000 0.0000000000
0.1020000000 10.0000000000 1.0000000000 2.0000000000 1.0000000000 10.0000000000 10.0000000000 10.0000000000 0.0000000000
0.1040000000 10.0000000000 1.0000000000 2.0000000000 1.0000000000 10.0000000000 10.0000000000 10.0000000000 0.0000000000
0.1060000000 10.0000000000 1.0000000000 2.0000000000 1.0000000000 10.0000000000 10.0000000000 10.0000000000 0.0000000000
0.1080000000 10.0000000000 1.0000000000 2.0000000000 1.0000000000 10.0000000000 10.0000000000 10.0000000000 0.0000000000
0.1100000000 10.0000000000 1.0000000000 2.0000000000 1.0000000000 10.0000000000 10.0000000000 10.0000000000 0.0000000000
0.1120000000 10.0000000000 1.0000000000 2.0000000000 1.0000000000 10.0000000000 10.0000000000 10.0000000000 0.0000000000
0.1140000000 10.0000000000 1.0000000000 2.0000000000 1.0000000000 10.0000000000 10.0000000000 10.0000000000 0.0000000000
0.1160000000 10.0000000000 1.0000000000 2.0000000000 1.0000000000 10.0000000000 10.0000000000 10.0000000000 0.0000000000
0.1180000000 10.0000000000 1.0000000000 2.0000000000 1.0000000000 10.0000000000 10.0000000000 10.0000000000 0.0000000000
0.1200000000 10.0000000000 1.0000000000 2.0000000000 1.0000000000 10.0000000000 10.0000000000 10.0000000000 0.0000000000
0.1220000000 10.0000000000 1.0000000000 2.0000000000 1.0000000000 10.0000000000 10.0000000000 10.0000000000 0.0000000000
0.1240000000 10.0000000000 1.0000000000 2.0000000000 1.0000000000 10.0000000000 10.0000000000 10.0000000000 0.0000000000
0.1260000000 10.0000000000 1.0000000000 2.0000000000 1.0000000000 10.0000000000 10.0000000000 10.0000000000 0.0000000000
0.1280000000 10.0000000000 1.0000000000 2.0000000000 1.0000000000 10.0000000000 10.0000000000 10.0000000000 0.0000000000
0.1300000000 10.0000000000 1.0000000000 2.0000000000 1.0000000000 10.0000000000 10.0000000000 10.0000000000 0.0000000000
0.1320000000 10.0000000000 1.0000000000 2.0000000000 1.0000000000 10.0000000000 10.0000000000 10.0000000000 0.0000000000
0.1340000000 10.0000000000 1.0000000000 2.0000000000 1.0000000000 10.0000000000 10.0000000000 10.0000000000 0.0000000000
0.1360000000 10.0000000000 1.0000000000 2.0000000000 1.0000000000 10.0000000000 10.0000000000 10.0000000000 0.0000000000
0.1380000000 10.0000000000 1.0000000000 2.0000000000 1.0000000000 10.0000000000 10.0000000000 10.0000000000 0.0000000000
0.1400000000 10.0000000000 1.0000000000 2.0000000000 1.0000000000 10.0000000000 10.0000000000 10.0000000000 0.0000000000
0.1420000000 10.0000000000 1.0000000000 2.0000000000 1.0000000000 10.0000000000 10.0000000000 10.0000000000 0.0000000000
0.1440000000 10.0000000000 1.0000000000 2.0000000000 1.0000000000 10.0000000000 10.0000000000 10.0000000000 0.0000000000
0.1460000000 10.0000000000 1.0000000000 2.0000000000 1.0000000000 10.0000000000 10.0000000000 10.0000000000 0.0000000000
0.1480000000 10.0000000000 1.0000000000 2.0000000000 1.0000000000 10.0000000000 10.0000000000 10.0000000000 0.0000000000
0.1500000000 10.0000000000 1.0000000000 2.0000000000 1.0000000000 10.0000000000 10.0000000000 10.0000000000 0.0000000000
0.1520000000 10.0000000000 1.0000000000 2.0000000000 1.0000000000 10.0000000000 10.0000000000 10.0000000000 0.0000000000
0.1540000000 10.0000000000 1.0000000000 2.0000000000 1.0000000000 10.0000000000 10.0000000000 10.0000000000 0.0000000000
0.1560000000 10.0000000000 1.0000000000 2.0000000000 1.0000000000 10.0000000000 10.0000000000 10.0000000000 0.0000000000
0.1580000000 10.0000000000 1.0000000000 2.0000000000 1.0000000000 10.0000000000 10.0000000000 10.0000000000 0.0000000000
0.1600000000 10.0000000000 1.0000000000 2.0000000000 1.0000000000 10.0000000000 10.0000000000 10.0000000000 0.0000000000
0.1620000000 10.0000000000 1.0000000000 2.0000000000 1.0000000000 10.0000000000 10.0000000000 10.0000000000 0.0000000000
0.1640000000 10.0000000000 1.0000000000 2.0000000000 1.0000000000 10.0000000000 10.0000000000 10.0000000000 0.0000000000
0.1660000000 10.0000000000 1.0000000000 2.0000000000 1.0000000000 10.0000000000 10.0000000000 10.0000000000 0.0000000000
0.1680000000 10.0000000000 1.0000000000 2.0000000000 1.0000000000 10.0000000000 10.0000000000 10.0000000000 0.0000000000
0.1700000000 10.0000000000 1.0000000000 2.0000000000 1.0000000000 10.0000000000 10.0000000000 10.0000000000 0.0000000000
0.1720000000 10.0000000000 1.0000000000 2.0000000000 1.0000000000 10.0000000000 10.0000000000 10.0000000000 0.0000000000
0.1740000000 10.0000000000 1.0000000000 2.0000000000 1.0000000000 10.0000000000 10.0000000000 10.0000000000 0.0000000000
0.1760000000 10.0000000000 1.0000000000 2.0000000000 1.0000000000 10.0000000000 10.0000000000 10.0000000000 0.0000000000
0.1780000000 10.0000000000 1.0000000000 2.0000000000 1.0000000000 10.0000000000 10.0000000000 10.0000000000 0.0000000000
0.1800000000 10.0000000000 1.0000000000 2.0000000000 1.0000000000 10.0000000000 10.0000000000 10.0000000000 0.0000000000
0.1820000000 10.0000000000 1.0000000000 2.0000000000 1.0000000000 10.0000000000 10.0000000000 10.0000000000 0.0000000000
0.1840000000 10.0000000000 1.0000000000 2.0000000000 1.0000000000 10.0000000000 10.0000000000 10.0000000000 0.0000000000
0.1860000000 10.0000000000 1.0000000000 2.0000000000 1.0000000000 10.0000000000 10.0000000000 10.0000000000 0.0000000000
0.1880000000 10.0000000000 1.0000000000 2.0000000000 1.0000000000 10.0000000000 10.0000000000 10.0000000000 0.0000000000
0.1900000000 10.0000000000 1.0000000000 2.0000000000 1.0000000000 10.0000000000 10.0000000000 10.0000000000 0.0000000000
0.1920000000 10.0000000000 1.0000000000 2.0000000000 1.0000000000 10.0000000000 10.0000000000 10.0000000000 0.0000000000
0.1940000000 10.0000000000 1.0000000000 2.0000000000 1.0000000000 10.0000000000 10.0000000000 10.0000000000 0.0000000000
0.1960000000 10.0000000000 1.0000000000 2.0000000000 1.0000000000 10.0000000000 10.0000000000 10.0000000000 0.0000000000
0.1980000000 10.0000000000 1.0000000000 2.0000000000 1.0000000000 10.0000000000 10.0000000000 10.0000000000 0.0000000000
0.2000000000 10.0000000000 1.0000000000 2.0000000000 1.0000000000 10.0000000000 10.0000000000 10.0000000000 0.0000000000
0.2020000000 10.0000000000 1.0000000000 2.0000000000 1.0000000000 10.0000000000 10.0000000000 10.0000000000 0.0000000000
0.2040000000 10.0000000000 1.0000000000 2.0000000000 1.0000000000 10.0000000000 10.0000000000 10.0000000000 0.0000000000
0.2060000000 10.0000000000 1.0000000000 2.0000000000 1.0000000000 10.0000000000 10.0000000000 10.0000000000 0.0000000000
0.2080000000 10.0000000000 1.0000000000 2.0000000000 1.0000000000 10.0000000000 10.0000000000 10.0000000000 0.0000000000
0.2100000000 10.0000000000 1.0000000000 2.0000000000 1.0000000000 10.0000000000 10.0000000000 10.0000000000 0.0000000000
0.2120000000 10.0000000000 1.0000000000 2.0000000000 1.0000000000 10.0000000000 10.0000000000 10.0000000000 0.0000000000
0.2140000000 10.0000000000 1.0000000000 2.0000000000 1.0000000000 10.0000000000 10.0000000000 10.0000000000 0.0000000000
0.2160000000 10.0000000000 1.0000000000 2.0000000000 1.0000000000 10.0000000000 10.0000000000 10.0000000000 0.0000000000
0.2180000000 10.0000000000 1.0000000000 2.0000000000 1.0000000000 10.0000000000 10.0000000000 10.0000000000 0.0000000000
0.2200000000 10.0000000000 1.0000000000 2.0000000000 1.0000000000 10.0000000000 10.0000000000 10.0000000000 0.0000000000
0.2220000000 10.0000000000 1.0000000000 2.0000000000 1.0000000000 10.0000000000 10.0000000000 10.0000000000 0.0000000000
0.2240000000 10.0000000000 1.0000000000 2.0000000000 1.0000000000 10.0000000000 10.0000000000 10.0000000000 0.0000000000
0.2260000000 10.0000000000 1.0000000000 2.0000000000 1.0000000000 10.0000000000 10.0000000000 10.0000000000 0.0000000000
0.2280000000 10.0000000000 1.0000000000 2.0000000000 1.0000000000 10.0000000000 10.0000000000 10.0000000000 0.0000000000
0.2300000000 10.0000000000 1.0000000000 2.0000000000 1.0000000000 10.0000000000 10.0000000000 10.0000000000 0.0000000000
0.2320000000 10.0000000000 1.0000000000 2.0000000000 1.0000000000 10.0000000000 10.0000000000 10.0000000000 0.0000000000
0.2340000000 10.0000000000 1.0000000000 2.0000000000 1.0000000000 10.0000000000 10.0000000000 10.0000000000 0.0000000000
0.2360000000 10.0000000000 1.0000000000 2.0000000000 1.0000000000 10.0000000000 10.0000000000 10.0000000000 0.0000000000
0.2380000000 10.0000000000 1.0000000000 2.0000000000 1.0000000000 10.0000000000 10.0000000000 10.0000000000 0.0000000000
0.2400000000 10.0000000000 1.0000000000 2.0000000000 1.0000000000 10.0000000000 10.0000000000 10.0000000000 0.0000000000
0.2420000000 10.0000000000 1.0000000000 2.0000000000 1.0000000000 10.0000000000 10.0000000000 10.0000000000 0.0000000000
0.2440000000 10.0000000000 1.0000000000 2.0000000000 1.0000000000 10.0000000000 10.0000000000 10.0000000000 0.0000000000
0.2460000000 10.0000000000 1.0000000000 2.0000000000 1.0000000000 10.0000000000 10.0000000000 10.0000000000 0.0000000000
0.2480000000 10.0000000000 1.0000000000 2.0000000000 1.0000000000 10.0000000000 10.0000000000 10.0000000000 0.0000000000
0.2500000000 10.0000000000 1.0000000000 2.0000000000 1.0000000000 10.0000000000 10.0000000000 10.0000000000 0.0000000000
0.2520000000 10.0000000000 1.0000000000 2.0000000000 1.0000000000 10.0000000000 10.0000000000 10.0000000000 0.0000000000
0.2540000000 10.0000000000 1.0000000000 2.0000000000 1.0000000000 10.0000000000 10.0000000000 10.0000000000 0.0000000000
0.2560000000 10.0000000000 1.0000000000 2.0000000000 1.0000000000 10.0000000000 10.0000000000 10.0000000000 0.0000000000
0.2580000000 10.0000000000 1.0000000000 2.0000000000 1.0000000000 10.0000000000 10.0000000000 10.0000000000 0.0000000000
0.2600000000 10.0000000000 1.0000000000 2.0000000000 1.0000000000 10.0000000000 10.0000000000 10.0000000000 0.0000000000
0.2620000000 10.0000000000 1.0000000000 2.0000000000 1.0000000000 10.0000000000 10.0000000000 10.0000000000 0.0000000000
0.2640000000 10.0000000000 1.0000000000 2.0000000000 1.0000000000 10.0000000000 10.0000000000 10.0000000000 0.0000000000
0.2660000000 10.0000000000 1.0000000000 2.0000000000 1.0000000000 10.0000000000 10.0000000000 10.0000000000 0.0000000000
0.2680000000 10.0000000000 1.0000000000 2.0000000000 1.0000000000 10.0000000000 10.0000000000 10.0000000000 0.0000000000
0.2700000000 10.0000000000 1.0000000000 2.0000000000 1.0000000000 10.0000000000 10.0000000000 10.0000000000 0.0000000000
0.2720000000 10.0000000000 1.0000000000 2.0000000000 1.0000000000 10.0000000000 10.0000000000 10.0000000000 0.0000000000
0.2740000000 10.0000000000 1.0000000000 2.0000000000 1.0000000000 10.0000000000 10.0000000000 10.0000000000 0.0000000000
0.2760000000 10.0000000000 1.0000000000 2.0000000000 1.0000000000 10.0000000000 10.0000000000 10.0000000000 0.0000000000
0.2780000000 10.0000000000 1.0000000000 2.0000000000 1.0000000000 10.0000000000 10.0000000000 10.0000000000 0.0000000000
0.2800000000 10.0000000000 1.0000000000 2.0000000000 1.0000000000 10.0000000000 10.0000000000 10.0000000000 0.0000000000
0.2820000000 10.0000000000 1.0000000000 2.0000000000 1.0000000000 10.0000000000 10.0000000000 10.0000000000 0.0000000000
0.2840000000 10.0000000000 1.0000000000 2.0000000000 1.0000000000 10.0000000000 10.0000000000 10.0000000000 0.0000000000
0.2860000000 10.0000000000 1.0000000000 2.0000000000 1.0000000000 10.0000000000 10.0000000000 10.0000000000 0.0000000000
0.2880000000 10.0000000000 1.0000000000 2.0000000000 1.0000000000 10.0000000000 10.0000000000 10.0000000000 0.0000000000
0.2900000000 10.0000000000 1.0000000000 2.0000000000 1.0000000000 10.0000000000 10.0000000000 10.0000000000 0.0000000000
0.2920000000 10.0000000000 1.0000000000 2.0000000000 1.0000000000 10.0000000000 10.0000000000 10.0000000000 0.0000000000
0.2940000000 10.0000000000 1.0000000000 2.0000000000 1.0000000000 10.0000000000 10.0000000000 10.0000000000 0.0000000000
0.2960000000 10.0000000000 1.0000000000 2.0000000000 1.0000000000 10.0000000000 10.0000000000 10.0000000000 0.0000000000
0.2980000000 10.0000000000 1.0000000000 2.0000000000 1.0000000000 10.0000000000 10.0000000000 10.0000000000 0.0000000000
0.3000000000 10.0000000000 1.0000000000 2.0000000000 1.0000000000 10.0000000000 10.0000000000 10.0000000000 0.0000000000
0.3020000000 10.0000000000 1.0000000000 2.0000000000 1.0000000000 10.0000000000 10.0000000000 10.0000000000 0.0000000000
0.3040000000 10.0000000000 1.0000000000 2.0000000000 1.0000000000 10.0000000000 10.0000000000 10.0000000000 0.0000000000
0.3060000000 10.0000000000 1.0000000000 2.0000000000 1.0000000000 10.0000000000 10.0000000000 10.0000000000 0.0000000000
0.3080000000 10.0000000000 1.0000000000 2.0000000000 1.0000000000 10.0000000000 10.0000000000 10.0000000000 0.0000000000
0.3100000000 10.0000000000 1.0000000000 2.0000000000 1.0000000000 10.0000000000 10.0000000000 10.0000000000 0.0000000000
0.3120000000 10.0000000000 1.0000000000 2.0000000000 1.0000000000 10.0000000000 10.0000000000 10.0000000000 0.0000000000
0.3140000000 10.0000000000 1.0000000000 2.0000000000 1.0000000000 10.0000000000 10.0000000000 10.0000000000 0.0000000000
0.3160000000 10.0000000000 1.0000000000 2.0000000000 1.0000000000 10.0000000000 10.0000000000 10.0000000000 0.0000000000
0.3180000000 10.0000000000 1.0000000000 2.0000000000 1.0000000000 10.0000000000 10.0000000000 10.0000000000 0.0000000000
0.3200000000 10.0000000000 1.0000000000 2.0000000000 1.0000000000 10.0000000000 10.0000000000 10.0000000000 0.0000000000
0.3220000000 10.0000000000 1.0000000000 2.0000000000 1.0000000000 10.0000000000 10.0000000000 10.0000000000 0.0000000000
0.3240000000 10.0000000000 1.0000000000 2.0000000000 1.0000000000 10.0000000000 10.0000000000 10.0000000000 0.0000000000
0.3260000000 10.0000000000 1.0000000000 2.0000000000 1.0000000000 10.0000000000 10.0000000000 10.0000000000 0.0000000000
0.3280000000 10.0000000000 1.0000000000 2.0000000000 1.0000000000 10.0000000000 10.0000000000 10.0000000000 0.0000000000
0.3300000000 10.0000000000 1.0000000000 2.0000000000 1.0000000000 10.0000000000 10.0000000000 10.0000000000 0.0000000000
0.3320000000 10.0000000000 1.0000000000 2.0000000000 1.0000000000 10.0000000000 10.0000000000 10.0000000000 0.0000000000
0.3340000000 10.0000000000 1.0000000000 2.0000000000 1.0000000000 10.0000000000 10.0000000000 10.0000000000 0.0000000000
0.3360000000 10.0000000000 1.0000000000 2.0000000000 1.0000000000 10.0000000000 10.0000000000 10.0000000000 0.0000000000
0.3380000000 10.0000000000 1.0000000000 2.0000000000 1.0000000000 10.0000000000 10.0000000000 10.0000000000 0.0000000000
0.3400000000 10.0000000000 1.0000000000 2.0000000000 1.0000000000 10.0000000000 10.0000000000 10.0000000000 0.0000000000
0.3420000000 10.0000000000 1.0000000000 2.0000000000 1.0000000000 10.0000000000 10.0000000000 10.0000000000 0.0000000000
0.3440000000 10.0000000000 1.0000000000 2.0000000000 1.0000000000 10.0000000000 10.0000000000 10.0000000000 0.0000000000
0.3460000000 10.0000000000 1.0000000000 2.0000000000 1.0000000000 10.0000000000 10.0000000000 10.0000000000 0.0000000000
0.3480000000 10.0000000000 1.0000000000 2.0000000000 1.0000000000 10.0000000000 10.0000000000 10.0000000000 0.0000000000
0.3500000000 10.0000000000 1.0000000000 2.0000000000 1.0000000000 10.0000000000 10.0000000000 10.0000000000 0.0000000000
0.3520000000 10.0000000000 1.0000000000 2.0000000000 1.0000000000 10.0000000000 10.0000000000 10.0000000000 0.0000000000
0.3540000000 10.0000000000 1.0000000000 2.0000000000 1.0000000000 10.0000000000 10.0000000000 10.0000000000 0.0000000000
0.3560000000 10.0000000000 1.0000000000 2.0000000000 1.0000000000 10.0000000000 10.0000000000 10.0000000000 0.0000000000
0.3580000000 10.0000000000 1.0000000000 2.0000000000 1.0000000000 10.0000000000 10.0000000000 10.0000000000 0.0000000000
0.3600000000 10.0000000000 1.0000000000 2.0000000000 1.0000000000 10.0000000000 10.0000000000 10.0000000000 0.0000000000
0.3620000000 10.0000000000 1.0000000000 2.0000000000 1.0000000000 10.0000000000 10.0000000000 10.0000000000 0.0000000000
0.3640000000 10.0000000000 1.0000000000 2.0000000000 1.0000000000 10.0000000000 10.0000000000 10.0000000000 0.0000000000
0.3660000000 10.0000000000 1.0000000000 2.0000000000 1.0000000000 10.0000000000 10.0000000000 10.0000000000 0.0000000000
0.3680000000 10.0000000000 1.0000000000 2.0000000000 1.0000000000 10.0000000000 10.0000000000 10.0000000000 0.0000000000
0.3700000000 10.0000000000 1.0000000000 2.0000000000 1.0000000000 10.0000000000 10.0000000000 10.0000000000 0.0000000000
0.3720000000 10.0000000000 1.0000000000 2.0000000000 1.0000000000 10.0000000000 10.0000000000 10.0000000000 0.0000000000
0.3740000000 10.0000000000 1.0000000000 2.0000000000 1.0000000000 10.0000000000 10.0000000000 10.0000000000 0.0000000000
0.3760000000 10.0000000000 1.0000000000 2.0000000000 1.0000000000 10.0000000000 10.0000000000 10.0000000000 0.0000000000
0.3780000000 10.0000000000 1.0000000000 2.0000000000 1.0000000000 10.0000000000 10.0000000000 10.0000000000 0.0000000000
0.3800000000 10.0000000000 1.0000000000 2.0000000000 1.0000000000 10.0000000000 10.0000000000 10.0000000000 0.0000000000
0.3820000000 10.0000000000 1.0000000000 2.0000000000 1.0000000000 10.0000000000 10.0000000000 10.0000000000 0.0000000000
0.3840000000 10.0000000000 1.0000000000 2.0000000000 1.0000000000 10.0000000000 10.0000000000 10.0000000000 0.0000000000
0.3860000000 10.0000000000 1.0000000000 2.0000000000 1.0000000000 10.0000000000 10.0000000000 10.0000000000 0.0000000000
0.3880000000 10.0000000000 1.0000000000 2.0000000000 1.0000000000 10.0000000000 10.0000000000 10.0000000000 0.0000000000
0.3900000000 10.0000000000 1.0000000000 2.0000000000 1.0000000000 10.0000000000 10.0000000000 10.0000000000 0.0000000000
0.3920000000 10.0000000000 1.0000000000 2.0000000000 1.0000000000 10.0000000000 10.0000000000 10.0000000000 0.0000000000
0.3940000000 10.0000000000 1.0000000000 2.0000000000 1.0000000000 10.0000000000 10.0000000000 10.0000000000 0.0000000000
0.3960000000 10.0000000000 1.0000000000 2.0000000000 1.0000000000 10.0000000000 10.0000000000 10.0000000000 0.0000000000
0.3980000000 10.0000000000 1.0000000000 2.0000000000 1.0000000000 10.0000000000 10.0000000000 10.0000000000 0.0000000000
0.4000000000 10.0000000000 1.0000000000 2.0000000000 1.0000000000 10.0000000000 10.0000000000 10.0000000000 0.0000000000
0.4020000000 10.0000000000 1.0000000000 2.0000000000 1.0000000000 10.0000000000 10.0000000000 10.0000000000 0.0000000000
0.4040000000 10.0000000000 1.0000000000 2.0000000000 1.0000000000 10.0000000000 10.0000000000 10.0000000000 0.0000000000
0.4060000000 10.0000000000 1.0000000000 2.0000000000 1.0000000000 10.0000000000 10.0000000000 10.0000000000 0.0000000000
0.4080000000 10.0000000000 1.0000000000 2.0000000000 1.0000000000 10.0000000000 10.0000000000 10.0000000000 0.0000000000
0.4100000000 10.0000000000 1.0000000000 2.0000000000 1.0000000000 10.0000000000 10.0000000000 10.0000000000 0.0000000000
0.4120000000 10.0000000000 1.0000000000 2.0000000000 1.0000000000 10.0000000000 10.0000000000 10.0000000000 0.0000000000
0.4140000000 10.0000000000 1.0000000000 2.0000000000 1.0000000000 10.0000000000 10.0000000000 10.0000000000 0.0000000014
0.4160000000 10.0000000000 1.0000000000 2.0000000000 1.0000000000 10.0000000000 10.0000000000 10.0000000000 0.0000000041
0.4180000000 10.0000000000 1.0000000000 2.0000000000 1.0000000000 10.0000000000 10.0000000000 10.0000000000 0.0000000016
0.4200000000 10.0000000000 1.0000000000 2.0000000000 1.0000000000 10.0000000000 10.0000000000 10.0000000000 0.0000000033
0.4220000000 10.0000000000 1.0000000000 2.0000000000 1.0000000000 10.0000000000 10.0000000000 10.0000000000 0.0000000010
0.4240000000 10.0000000000 1.0000000000 2.0000000000 1.0000000000 10.0000000000 10.0000000000 10.0000000000 0.0000000012
0.4260000000 10.0000000000 1.0000000000 2.0000000000 1.0000000000 10.0000000000 10.0000000000 10.0000000000 0.0000000006
0.4280000000 10.0000000000 1.0000000000 2.0000000000 1.0000000000 10.0000000000 10.0000000000 10.0000000000 0.0000000022
0.4300000000 10.0000000000 1.0000000000 2.0000000000 1.0000000000 10.0000000000 10.0000000000 10.0000000000 0.0000000047
0.4320000000 10.0000000000 1.0000000000 2.0000000000 1.0000000000 10.0000000000 10.0000000000 10.0000000000 0.0000000006
0.4340000000 10.0000000000 1.0000000000 2.0000000000 1.0000000000 10.0000000000 10.0000000000 10.0000000000 0.0000000012
0.4360000000 10.0000000000 1.0000000000 2.0000000000 1.0000000000 10.0000000000 10.0000000000 10.0000000000 0.0000000024
0.4380000000 10.0000000000 1.0000000000 2.0000000000 1.0000000000 10.0000000000 10.0000000000 10.0000000000 0.0000000053
0.4400000000 10.0000000000 1.0000000000 2.0000000000 1.0000000000 10.0000000000 10.0000000000 10.0000000000 0.0000000002
0.4420000000 10.0000000000 1.0000000000 2.0000000000 1.0000000000 10.0000000000 10.0000000000 10.0000000000 0.0000000037
0.4440000000 10.0000000000 1.0000000000 2.0000000000 1.0000000000 10.0000000000 10.0000000000 10.0000000000 0.0000000035
0.4460000000 10.0000000000 1.0000000000 2.0000000000 1.0000000000 10.0000000000 10.0000000000 10.0000000000 0.0000000008
0.4480000000 10.0000000000 1.0000000000 2.0000000000 1.0000000000 10.0000000000 10.0000000000 10.0000000000 0.0000000031
0.4500000000 10.0000000000 1.0000000000 2.0000000000 1.0000000000 10.0000000000 10.0000000000 10.0000000000 0.0000000028
0.4520000000 10.0000000000 1.0000000000 2.0000000000 1.0000000000 10.0000000000 10.0000000000 10.0000000000 0.0000000024
0.4540000000 10.0000000000 1.0000000000 2.0000000000 1.0000000000 10.0000000000 10.0000000000 10.0000000000 0.0000000004
0.4560000000 10.0000000000 1.0000000000 2.0000000000 1.0000000000 10.0000000000 10.0000000000 10.0000000000 0.0000000020
0.4580000000 10.0000000000 1.0000000000 2.0000000000 1.0000000000 10.0000000000 10.0000000000 10.0000000000 0.0000000024
0.4600000000 10.0000000000 1.0000000000 2.0000000000 1.0000000000 10.0000000000 10.0000000000 10.0000000000 0.0000000014
0.4620000000 10.0000000000 1.0000000000 2.0000000000 1.0000000000 10.0000000000 10.0000000000 10.0000000000 0.0000000055
0.4640000000 10.0000000000 1.0000000000 2.0000000000 1.0000000000 10.0000000000 10.0000000000 10.0000000000 0.0000000033
0.4660000000 10.0000000000 1.0000000000 2.0000000000 1.0000000000 10.0000000000 10.0000000000 10.0000000000 0.0000000008
0.4680000000 10.0000000000 1.0000000000 2.0000000000 1.0000000000 10.0000000000 10.0000000000 10.0000000000 0.0000000043
0.4700000000 10.0000000000 1.0000000000 2.0000000000 1.0000000000 10.0000000000 10.0000000000 10.0000000000 0.0000000020
0.4720000000 10.0000000000 1.0000000000 2.0000000000 1.0000000000 10.0000000000 10.0000000000 10.0000000000 0.0000000014
0.4740000000 10.0000000000 1.0000000000 2.0000000000 1.0000000000 10.0000000000 10.0000000000 10.0000000000 0.0000000053
0.4760000000 10.0000000000 1.0000000000 2.0000000000 1.0000000000 10.0000000000 10.0000000000 10.0000000000 0.0000000020
0.4780000000 10.0000000000 1.0000000000 2.0000000000 1.0000000000 10.0000000000 10.0000000000 10.0000000000 0.0000000090
0.4800000000 10.0000000000 1.0000000000 2.0000000000 1.0000000000 10.0000000000 10.0000000000 10.0000000000 0.0000000016
0.4820000000 10.0000000000 1.0000000000 2.0000000000 1.0000000000 10.0000000000 10.0000000000 10.0000000000 0.0000000126
0.4840000000 10.0000000000 1.0000000000 2.0000000000 1.0000000000 10.0000000000 10.0000000000 10.0000000000 0.0000000037
0.4860000000 10.0000000000 1.0000000000 2.0000000000 1.0000000000 10.0000000000 10.0000000000 10.0000000000 0.0000000191
0.4880000000 10.0000000000 1.0000000000 2.0000000000 1.0000000000 10.0000000000 10.0000000000 10.0000000000 0.0000000167
0.4900000000 10.0000000000 1.0000000000 2.0000000000 1.0000000000 10.0000000000 10.0000000000 10.0000000000 0.0000000309
0.4920000000 10.0000000000 1.0000000000 2.0000000000 1.0000000000 10.0000000000 10.0000000000 10.0000000000 0.0000000421
0.4940000000 10.0000000000 1.0000000000 2.0000000000 1.0000000000 10.0000000000 10.0000000000 10.0000000000 0.0000000421
0.4960000000 10.0000000000 1.0000000000 2.0000000000 1.0000000000 10.0000000000 10.0000000000 10.0000000000 0.0000000708
0.4980000000 10.0000000000 1.0000000000 2.0000000000 1.0000000000 10.0000000000 10.0000000000 10.0000000000 0.0000000804
0.5000000000 10.0000000000 1.0000000000 2.0000000000 1.0000000000 10.0000000000 10.0000000000 10.0000000000 0.0000001382
0.5020000000 10.0000000000 1.0000000000 2.0000000000 1.0000000000 10.0000000000 10.0000000000 10.0000000000 0.0000001351
0.5040000000 10.0000000000 1.0000000000 2.0000000000 1.0000000000 10.0000000000 10.0000000000 10.0000000000 0.0000002361
0.5060000000 10.0000000000 1.0000000000 2.0000000000 1.0000000000 10.0000000000 10.0000000000 10.0000000000 0.0000002495
0.5080000000 10.0000000000 1.0000000000 2.0000000000 1.0000000000 10.0000000000 10.0000000000 10.0000000000 0.0000003753
0.5100000000 10.0000000000 1.0000000000 2.0000000000 1.0000000000 10.0000000000 10.0000000000 10.0000000000 0.0000004948
0.5120000000 10.0000000000 1.0000000000 2.0000000000 1.0000000000 10.0000000000 10.0000000000 10.0000000000 0.0000005884
0.5140000000 10.0000000000 1.0000000000 2.0000000000 1.0000000000 10.0000000000 10.0000000000 10.0000000000 0.0000009314
0.5160000000 10.0000000000 1.0000000000 2.0000000000 1.0000000000 10.0000000000 10.0000000000 10.0000000000 0.0000008170
0.5180000000 10.0000000000 1.0000000000 2.0000000000 1.0000000000 10.0000000000 10.0000000000 10.0000000000 0.0000017390
0.5200000000 10.0000000000 1.0000000000 2.0000000000 1.0000000000 10.0000000000 10.0000000000 10.0000000000 0.0000009558
0.5220000000 10.0000000000 1.0000000000 2.0000000000 1.0000000000 10.0000000000 10.0000000000 10.0000000000 0.0000031335
0.5240000000 10.0000000000 1.0000000000 2.0000000000 1.0000000000 10.0000000000 10.0000000000 10.0000000000 0.0000006836
0.5260000000 10.0000000000 1.0000000000 2.0000000000 1.0000000000 10.0000000000 10.0000000000 10.0000000000 0.0000053330
0.5280000000 10.0000000000 1.0000000000 2.0000000000 1.0000000000 10.0000000000 10.0000000000 10.0000000000 0.0000006759
0.5300000000 10.0000000000 1.0000000000 2.0000000000 1.0000000000 10.0000000000 10.0000000000 10.0000000000 0.0000083765
0.5320000000 10.0000000000 1.0000000000 2.0000000000 1.0000000000 10.0000000000 10.0000000000 10.0000000000 0.0000042711
0.5340000000 9.9999999999 1.0000000000 2.0000000000 1.0000000000 9.9999999999 9.9999999999 10.0000000000 0.0000116335
0.5360000000 10.0000000000 1.0000000000 2.0000000000 1.0000000000 10.0000000000 10.0000000000 10.0000000000 0.0000117165
0.5380000000 10.0000000001 1.0000000000 2.0000000000 1.0000000000 10.0000000001 10.0000000001 10.0000000000 0.0000130259
0.5400000000 10.0000000001 1.0000000000 2.0000000000 1.0000000000 10.0000000001 10.0000000001 10.0000000001 0.0000244564
0.5420000000 9.9999999999 1.0000000000 2.0000000000 1.0000000000 9.9999999999 9.9999999999 10.0000000000 0.0000081217
0.5440000000 9.9999999998 1.0000000000 2.0000000000 1.0000000000 9.9999999998 9.9999999998 9.9999999999 0.0000418972
0.5460000000 10.0000000000 1.0000000000 2.0000000000 1.0000000000 10.0000000000 10.0000000000 10.0000000000 0.0000101431
0.5480000000 10.0000000003 1.0000000000 2.0000000000 1.0000000000 10.0000000003 10.0000000003 10.0000000002 0.0000580354
0.5500000000 10.0000000002 1.0000000000 2.0000000000 1.0000000000 10.0000000002 10.0000000002 10.0000000001 0.0000491642
0.5520000000 9.9999999996 1.0000000000 2.0000000000 1.0000000000 9.9999999996 9.9999999996 9.9999999998 0.0000573525
0.5540000000 9.9999999994 1.0000000000 2.0000000000 1.0000000000 9.9999999994 9.9999999994 9.9999999997 0.0001092663
0.5560000000 10.0000000003 1.0000000000 2.0000000000 1.0000000000 10.0000000003 10.0000000003 10.0000000001 0.0000140790
0.5580000000 10.0000000010 1.0000000000 2.0000000000 0.9999999999 10.0000000010 10.0000000010 10.0000000005 0.0001701664
0.5600000000 10.0000000003 1.0000000000 2.0000000000 1.0000000000 10.0000000003 10.0000000003 10.0000000002 0.0000970559
0.5620000000 9.9999999987 1.0000000000 2.0000000000 1.0000000001 9.9999999987 9.9999999987 9.9999999993 0.0001778697
0.5640000000 9.9999999985 1.0000000000 2.0000000000 1.0000000001 9.9999999985 9.9999999985 9.9999999993 0.0002708565
0.5660000000 10.0000000008 1.0000000000 2.0000000000 1.0000000000 10.0000000008 10.0000000008 10.0000000004 0.0000501933
0.5680000000 10.0000000028 1.0000000000 2.0000000000 0.9999999999 10.0000000028 10.0000000028 10.0000000014 0.0004247858
0.5700000000 10.0000000011 1.0000000000 2.0000000000 0.9999999999 10.0000000011 10.0000000011 10.0000000005 0.0002675671
0.5720000000 9.9999999969 1.0000000000 2.0000000000 1.0000000002 9.9999999969 9.9999999969 9.9999999984 0.0003779831
0.5740000000 9.9999999958 1.0000000000 2.0000000000 1.0000000002 9.9999999958 9.9999999958 9.9999999979 0.0006931091
0.5760000000 10.0000000008 1.0000000000 2.0000000000 1.0000000000 10.0000000008 10.0000000008 10.0000000004 0.0000708763
0.5780000000 10.0000000068 1.0000000000 2.0000000000 0.9999999997 10.0000000068 10.0000000068 10.0000000034 0.0008945302
0.5800000000 10.0000000051 1.0000000000 2.0000000000 0.9999999997 10.0000000051 10.0000000051 10.0000000026 0.0009061717
0.5820000000 9.9999999952 1.0000000000 2.0000000000 1.0000000002 9.9999999952 9.9999999952 9.9999999976 0.0003795924
0.5840000000 9.9999999881 1.0000000000 2.0000000000 1.0000000006 9.9999999881 9.9999999881 9.9999999941 0.0015960057
0.5860000000 9.9999999950 1.0000000000 2.0000000000 1.0000000003 9.9999999950 9.9999999950 9.9999999975 0.0010261128
0.5880000000 10.0000000116 1.0000000000 2.0000000000 0.9999999994 10.0000000116 10.0000000116 10.0000000058 0.0011185212
0.5900000000 10.0000000190 1.0000000000 2.0000000000 0.9999999990 10.0000000190 10.0000000190 10.0000000095 0.0025341506
0.5920000000 10.0000000039 1.0000000000 2.0000000000 0.9999999998 10.0000000039 10.0000000039 10.0000000019 0.0011060870
0.5940000000 9.9999999777 1.0000000000 2.0000000000 1.0000000011 9.9999999777 9.9999999777 9.9999999888 0.0021718870
0.5960000000 9.9999999699 1.0000000000 2.0000000000 1.0000000015 9.9999999699 9.9999999699 9.9999999849 0.0038789766
0.5980000000 9.9999999972 1.0000000000 2.0000000000 1.0000000001 9.9999999972 9.9999999972 9.9999999986 0.0013517813
0.6000000000 10.0000000388 1.0000000000 2.0000000000 0.9999999981 10.0000000388 10.0000000388 10.0000000194 0.0035171567
0.6020000000 10.0000000497 1.0000000000 2.0000000000 0.9999999975 10.0000000497 10.0000000497 10.0000000249 0.0059898701
0.6040000000 10.0000000056 1.0000000000 2.0000000000 0.9999999997 10.0000000056 10.0000000056 10.0000000028 0.0022688279
0.6060000000 9.9999999369 1.0000000000 2.0000000000 1.0000000032 9.9999999369 9.9999999369 9.9999999685 0.0048938114
0.6080000000 9.9999999122 1.0000000000 2.0000000000 1.0000000044 9.9999999122 9.9999999122 9.9999999561 0.0094265834
0.6100000000 9.9999999763 1.0000000000 2.0000000000 1.0000000012 9.9999999763 9.9999999763 9.9999999882 0.0049512668
0.6120000000 10.0000000953 1.0000000000 2.0000000000 0.9999999952 10.0000000953 10.0000000953 10.0000000476 0.0052558088
0.6140000000 10.0000001641 1.0000000000 2.0000000000 0.9999999918 10.0000001641 10.0000001641 10.0000000820 0.0146039753
0.6160000000 10.0000000901 1.0000000000 2.0000000000 0.9999999955 10.0000000901 10.0000000901 10.0000000450 0.0117443711
0.6180000000 9.9999998798 1.0000000000 2.0000000000 1.0000000060 9.9999998798 9.9999998798 9.9999999399 0.0018231209
0.6200000000 9.9999996848 1.0000000000 2.0000000000 1.0000000158 9.9999996848 9.9999996848 9.9999998424 0.0203087382
0.6220000000 9.9999996978 1.0000000000 2.0000000000 1.0000000151 9.9999996978 9.9999996978 9.9999998489 0.0278172050
0.6240000000 10.0000000409 1.0000000000 2.0000000000 0.9999999980 10.0000000409 10.0000000409 10.0000000205 0.0114779910
0.6260000000 10.0000005897 1.0000000000 2.0000000000 0.9999999705 10.0000005897 10.0000005897 10.0000002949 0.0113140779
0.6280000000 10.0000009590 1.0000000000 2.0000000000 0.9999999520 10.0000009590 10.0000009590 10.0000004795 0.0445970339
0.6300000000 10.0000007130 1.0000000000 2.0000000000 0.9999999644 10.0000007130 10.0000007130 10.0000003565 0.0488433219
0.6320000000 9.9999993551 1.0000000000 2.0000000000 1.0000000322 9.9999993551 9.9999993551 9.9999996775 0.0219033446
0.6340000000 9.9999970440 1.0000000000 2.0000000000 1.0000001478 9.9999970440 9.9999970440 9.9999985220 0.0072553809
0.6360000000 9.9999950409 1.0000000000 2.0000000000 1.0000002480 9.9999950409 9.9999950409 9.9999975205 0.0596051305
0.6380000000 9.9999947858 1.0000000000 2.0000000000 1.0000002607 9.9999947858 9.9999947858 9.9999973929 0.0962566982
0.6400000000 9.9999994262 1.0000000000 2.0000000000 1.0000000287 9.9999994262 9.9999994262 9.9999997131 0.0571521931
0.6420000000 10.0000145790 1.0000000000 2.0000000000 0.9999992710 10.0000145790 10.0000145790 10.0000072895 0.0263748569
0.6440000000 10.0000398361 1.0000000000 2.0000000000 0.9999980082 10.0000398361 10.0000398361 10.0000199181 0.0025734143
0.6460000000 10.0000644399 1.0000000000 2.0000000000 0.9999967780 10.0000644399 10.0000644399 10.0000322200 0.0347402926
0.6480000000 10.0000767877 1.0000000000 2.0000000000 0.9999961606 10.0000767877 10.0000767877 10.0000383939 0.1112234788
0.6500000000 10.0000572188 1.0000000000 2.0000000000 0.9999971391 10.0000572188 10.0000572188 10.0000286094 0.0828318461
0.6520000000 9.9999355058 1.0000000000 2.0000000000 1.0000032247 9.9999355058 9.9999355058 9.9999677529 0.0482121754
0.6540000000 9.9996301806 1.0000000000 2.0000000000 1.0000184917 9.9996301806 9.9996301806 9.9998150903 0.0227282974
0.6560000000 9.9991625229 1.0000000000 2.0000000000 1.0000418774 9.9991625229 9.9991625229 9.9995812614 0.0002383951
0.6580000000 9.9986887292 1.0000000000 2.0000000000 1.0000655721 9.9986887292 9.9986887292 9.9993443646 0.0235282271
0.6600000000 9.9983817188 1.0000000000 2.0000000000 1.0000809272 9.9983817188 9.9983817188 9.9991908594 0.1142249076
0.6620000000 9.9984037279 1.0000000000 2.0000000000 1.0000798263 9.9984037279 9.9984037279 9.9992018639 0.1123361103
0.6640000000 9.9995021505 1.0000000000 2.0000000000 1.0000248937 9.9995021505 9.9995021505 9.9997510753 0.0627115845
0.6660000000 10.0033256205 1.0000000000 2.0000000000 0.9998337743 10.0033256205 10.0033256205 10.0016628103 0.0391803531
0.6680000000 10.0112473586 1.0000000000 2.0000000000 0.9994382639 10.0112473586 10.0112473586 10.0056236793 0.0210391034
0.6700000000 10.0229176046 1.0000000000 2.0000000000 0.9988567399 10.0229176046 10.0229176046 10.0114588023 0.0050514086
0.6720000000 10.0358415479 1.0000000000 2.0000000000 0.9982143227 10.0358415479 10.0358415479 10.0179207739 0.0091985706
0.6740000000 10.0469471312 1.0000000000 2.0000000000 0.9976636121 10.0469471312 10.0469471312 10.0234735656 0.0266353428
0.6760000000 10.0537945190 1.0000000000 2.0000000000 0.9973246659 10.0537945190 10.0537945190 10.0268972595 0.1041583864
0.6780000000 10.0538746517 1.0000000000 2.0000000000 0.9973207020 10.0538746517 10.0538746517 10.0269373258 0.1145748501
0.6800000000 10.0328266051 1.0000000000 2.0000000000 0.9983640400 10.0328266051 10.0328266051 10.0164133025 0.0661715728
0.6820000000 9.9530554080 1.0000000000 2.0000000000 1.0023583005 9.9530554080 9.9530554080 9.9765277040 0.0461222152
0.6840000000 9.7638417867 1.0000000000 2.0000000000 1.0120935088 9.7638417867 9.7638417867 9.8819208934 0.0331926202
0.6860000000 9.4172694812 1.0000000000 2.0000000000 1.0309394629 9.4172694812 9.4172694812 9.7086347406 0.0234753093
0.6880000000 8.8881360734 1.0000000000 2.0000000000 1.0625476431 8.8881360734 8.8881360734 9.4440680367 0.0156366079
0.6900000000 8.1872592805 1.0000000000 2.0000000000 1.1107049781 8.1872592805 8.1872592805 9.0936296403 0.0091470727
0.6920000000 7.3602918737 1.0000000000 2.0000000000 1.1793208864 7.3602918737 7.3602918737 8.6801459369 0.0038058477
0.6940000000 6.4726090284 1.0000000000 2.0000000000 1.2724860220 6.4726090284 6.4726090284 8.2363045142 0.0004118839
0.6960000000 5.5885086328 1.0000000000 2.0000000000 1.3946930798 5.5885086328 5.5885086328 7.7942543164 0.0036109415
0.6980000000 4.7564705407 1.0000000000 2.0000000000 1.5511996148 4.7564705407 4.7564705407 7.3782352703 0.0061289966
0.7000000000 4.0074452821 1.0000000000 2.0000000000 1.7476776719 4.0074452821 4.0074452821 7.0037226411 0.0082244082
0.7020000000 3.3576209988 1.0000000000 2.0000000000 1.9891496097 3.3576209988 3.3576209988 6.6788104994 0.0100384136
0.7040000000 2.8116328542 1.0000000000 2.0000000000 2.2783260686 2.8116328542 2.8116328542 6.4058164271 0.0116509505
0.7060000000 2.3657884579 1.0000000000 2.0000000000 2.6134603068 2.3657884579 2.3657884579 6.1828942289 0.0131115846
0.7080000000 2.0110235885 1.0000000000 2.0000000000 2.9862960477 2.0110235885 2.0110235885 6.0055117942 0.0144531572
0.7100000000 1.7353798396 1.0000000000 2.0000000000 3.3812136028 1.7353798396 1.7353798396 5.8676899198 0.0156985610
0.7120000000 1.5259086410 1.0000000000 2.0000000000 3.7767361464 1.5259086410 1.5259086410 5.7629543205 0.0168644066
0.7140000000 1.3700032664 1.0000000000 2.0000000000 4.1496263349 1.3700032664 1.3700032664 5.6850016332 0.0179631437
0.7160000000 1.2562258977 1.0000000000 2.0000000000 4.4801758657 1.2562258977 1.2562258977 5.6281129489 0.0190043566
0.7180000000 1.1747304212 1.0000000000 2.0000000000 4.7562956656 1.1747304212 1.1747304212 5.5873652106 0.0199955898
0.7200000000 1.1173899001 1.0000000000 2.0000000000 4.9747137945 1.1173899001 1.1173899001 5.5586949501 0.0209428951
0.7220000000 1.0777290313 1.0000000000 2.0000000000 5.1393850911 1.0777290313 1.0777290313 5.5388645156 0.0218512039
0.7240000000 1.0507441858 1.0000000000 2.0000000000 5.2585321599 1.0507441858 1.0507441858 5.5253720929 0.0227245878
0.7260000000 1.0326729184 1.0000000000 2.0000000000 5.3418041287 1.0326729184 1.0326729184 5.5163364592 0.0235664427
0.7280000000 1.0207551135 1.0000000000 2.0000000000 5.3983345113 1.0207551135 1.0207551135 5.5103775567 0.0243796189
0.7300000000 1.0130114044 1.0000000000 2.0000000000 5.4357785888 1.0130114044 1.0130114044 5.5065057022 0.0251665107
0.7320000000 1.0080519469 1.0000000000 2.0000000000 5.4600618455 1.0080519469 1.0080519469 5.5040259734 0.0259291087
0.7340000000 1.0049199409 1.0000000000 2.0000000000 5.4755207321 1.0049199409 1.0049199409 5.5024599704 0.0266690153
0.7360000000 1.0029688812 1.0000000000 2.0000000000 5.4851995346 1.0029688812 1.0029688812 5.5014844406 0.0273874111
0.7380000000 1.0017696002 1.0000000000 2.0000000000 5.4911676289 1.0017696002 1.0017696002 5.5008848001 0.0280849470
0.7400000000 1.0010419814 1.0000000000 2.0000000000 5.4947955159 1.0010419814 1.0010419814 5.5005209907 0.0287615126
0.7420000000 1.0006061326 1.0000000000 2.0000000000 5.4969711727 1.0006061326 1.0006061326 5.5003030663 0.0294157836
0.7440000000 1.0003483121 1.0000000000 2.0000000000 5.4982590460 1.0003483121 1.0003483121 5.5001741560 0.0300443679
0.7460000000 1.0001976761 1.0000000000 2.0000000000 5.4990118146 1.0001976761 1.0001976761 5.5000988381 0.0306402090
0.7480000000 1.0001107369 1.0000000000 2.0000000000 5.4994463768 1.0001107369 1.0001107369 5.5000553684 0.0311896043
0.7500000000 1.0000611722 1.0000000000 2.0000000000 5.4996941576 1.0000611722 1.0000611722 5.5000305861 0.0316666411
0.7520000000 1.0000332665 1.0000000000 2.0000000000 5.4998336732 1.0000332665 1.0000332665 5.5000166332 0.0320228538
0.7540000000 1.0000177605 1.0000000000 2.0000000000 5.4999111989 1.0000177605 1.0000177605 5.5000088803 0.0321682775
0.7560000000 1.0000092692 1.0000000000 2.0000000000 5.4999536545 1.0000092692 1.0000092692 5.5000046346 0.0319380851
0.7580000000 1.0000046991 1.0000000000 2.0000000000 5.4999765045 1.0000046991 1.0000046991 5.5000023496 0.0310398075
0.7600000000 1.0000022943 1.0000000000 2.0000000000 5.4999885286 1.0000022943 1.0000022943 5.5000011471 0.0289958369
0.7620000000 1.0000010679 1.0000000000 2.0000000000 5.4999946604 1.0000010679 1.0000010679 5.5000005340 0.0251903588
0.7640000000 1.0000004699 1.0000000000 2.0000000000 5.4999976506 1.0000004699 1.0000004699 5.5000002349 0.0193431041
0.7660000000 1.0000001950 1.0000000000 2.0000000000 5.4999990250 1.0000001950 1.0000001950 5.5000000975 0.0124549846
0.7680000000 1.0000000769 1.0000000000 2.0000000000 5.4999996156 1.0000000769 1.0000000769 5.5000000384 0.0066126610
0.7700000000 1.0000000292 1.0000000000 2.0000000000 5.4999998542 1.0000000292 1.0000000292 5.5000000146 0.0029937760
0.7720000000 1.0000000108 1.0000000000 2.0000000000 5.4999999462 1.0000000108 1.0000000108 5.5000000054 0.0012205429
0.7740000000 1.0000000039 1.0000000000 2.0000000000 5.4999999806 1.0000000039 1.0000000039 5.5000000019 0.0004682146
0.7760000000 1.0000000014 1.0000000000 2.0000000000 5.4999999931 1.0000000014 1.0000000014 5.5000000007 0.0001733112
0.7780000000 1.0000000005 1.0000000000 2.0000000000 5.4999999976 1.0000000005 1.0000000005 5.5000000002 0.0000626375
0.7800000000 1.0000000002 1.0000000000 2.0000000000 5.4999999992 1.0000000002 1.0000000002 5.5000000001 0.0000222148
0.7820000000 1.0000000001 1.0000000000 2.0000000000 5.4999999997 1.0000000001 1.0000000001 5.5000000000 0.0000077468
0.7840000000 1.0000000000 1.0000000000 2.0000000000 5.4999999999 1.0000000000 1.0000000000 5.5000000000 0.0000026585
0.7860000000 1.0000000000 1.0000000000 2.0000000000 5.5000000000 1.0000000000 1.0000000000 5.5000000000 0.0000008983
0.7880000000 1.0000000000 1.0000000000 2.0000000000 5.5000000000 1.0000000000 1.0000000000 5.5000000000 0.0000002988
0.7900000000 1.0000000000 1.0000000000 2.0000000000 5.5000000000 1.0000000000 1.0000000000 5.5000000000 0.0000000979
0.7920000000 1.0000000000 1.0000000000 2.0000000000 5.5000000000 1.0000000000 1.0000000000 5.5000000000 0.0000000317
0.7940000000 1.0000000000 1.0000000000 2.0000000000 5.5000000000 1.0000000000 1.0000000000 5.5000000000 0.0000000100
0.7960000000 1.0000000000 1.0000000000 2.0000000000 5.5000000000 1.0000000000 1.0000000000 5.5000000000 0.0000000031
0.7980000000 1.0000000000 1.0000000000 2.0000000000 5.5000000000 1.0000000000 1.0000000000 5.5000000000 0.0000000009
0.8000000000 1.0000000000 1.0000000000 2.0000000000 5.5000000000 1.0000000000 1.0000000000 5.5000000000 0.0000000002
0.8020000000 1.0000000000 1.0000000000 2.0000000000 5.5000000000 1.0000000000 1.0000000000 5.5000000000 0.0000000002
0.8040000000 1.0000000000 1.0000000000 2.0000000000 5.5000000000 1.0000000000 1.0000000000 5.5000000000 0.0000000001
0.8060000000 1.0000000000 1.0000000000 2.0000000000 5.5000000000 1.0000000000 1.0000000000 5.5000000000 0.0000000001
0.8080000000 1.0000000000 1.0000000000 2.0000000000 5.5000000000 1.0000000000 1.0000000000 5.5000000000 0.0000000001
0.8100000000 1.0000000000 1.0000000000 2.0000000000 5.5000000000 1.0000000000 1.0000000000 5.5000000000 0.0000000000
0.8120000000 1.0000000000 1.0000000000 2.0000000000 5.5000000000 1.0000000000 1.0000000000 5.5000000000 0.0000000000
0.8140000000 1.0000000000 1.0000000000 2.0000000000 5.5000000000 1.0000000000 1.0000000000 5.5000000000 0.0000000001
0.8160000000 1.0000000000 1.0000000000 2.0000000000 5.5000000000 1.0000000000 1.0000000000 5.5000000000 0.0000000000
0.8180000000 1.0000000000 1.0000000000 2.0000000000 5.5000000000 1.0000000000 1.0000000000 5.5000000000 0.0000000000
0.8200000000 1.0000000000 1.0000000000 2.0000000000 5.5000000000 1.0000000000 1.0000000000 5.5000000000 0.0000000001
0.8220000000 1.0000000000 1.0000000000 2.0000000000 5.5000000000 1.0000000000 1.0000000000 5.5000000000 0.0000000001
0.8240000000 1.0000000000 1.0000000000 2.0000000000 5.5000000000 1.0000000000 1.0000000000 5.5000000000 0.0000000001
0.8260000000 1.0000000000 1.0000000000 2.0000000000 5.5000000000 1.0000000000 1.0000000000 5.5000000000 0.0000000001
0.8280000000 1.0000000000 1.0000000000 2.0000000000 5.5000000000 1.0000000000 1.0000000000 5.5000000000 0.0000000000
0.8300000000 1.0000000000 1.0000000000 2.0000000000 5.5000000000 1.0000000000 1.0000000000 5.5000000000 0.0000000001
0.8320000000 1.0000000000 1.0000000000 2.0000000000 5.5000000000 1.0000000000 1.0000000000 5.5000000000 0.0000000000
0.8340000000 1.0000000000 1.0000000000 2.0000000000 5.5000000000 1.0000000000 1.0000000000 5.5000000000 0.0000000001
0.8360000000 1.0000000000 1.0000000000 2.0000000000 5.5000000000 1.0000000000 1.0000000000 5.5000000000 0.0000000001
0.8380000000 1.0000000000 1.0000000000 2.0000000000 5.5000000000 1.0000000000 1.0000000000 5.5000000000 0.0000000001
0.8400000000 1.0000000000 1.0000000000 2.0000000000 5.5000000000 1.0000000000 1.0000000000 5.5000000000 0.0000000002
0.8420000000 1.0000000000 1.0000000000 2.0000000000 5.5000000000 1.0000000000 1.0000000000 5.5000000000 0.0000000000
0.8440000000 1.0000000000 1.0000000000 2.0000000000 5.5000000000 1.0000000000 1.0000000000 5.5000000000 0.0000000000
0.8460000000 1.0000000000 1.0000000000 2.0000000000 5.5000000000 1.0000000000 1.0000000000 5.5000000000 0.0000000001
0.8480000000 1.0000000000 1.0000000000 2.0000000000 5.5000000000 1.0000000000 1.0000000000 5.5000000000 0.0000000001
0.8500000000 1.0000000000 1.0000000000 2.0000000000 5.5000000000 1.0000000000 1.0000000000 5.5000000000 0.0000000001
0.8520000000 1.0000000000 1.0000000000 2.0000000000 5.5000000000 1.0000000000 1.0000000000 5.5000000000 0.0000000002
0.8540000000 1.0000000000 1.0000000000 2.0000000000 5.5000000000 1.0000000000 1.0000000000 5.5000000000 0.0000000001
0.8560000000 1.0000000000 1.0000000000 2.0000000000 5.5000000000 1.0000000000 1.0000000000 5.5000000000 0.0000000000
0.8580000000 1.0000000000 1.0000000000 2.0000000000 5.5000000000 1.0000000000 1.0000000000 5.5000000000 0.0000000001
0.8600000000 1.0000000000 1.0000000000 2.0000000000 5.5000000000 1.0000000000 1.0000000000 5.5000000000 0.0000000001
0.8620000000 1.0000000000 1.0000000000 2.0000000000 5.5000000000 1.0000000000 1.0000000000 5.5000000000 0.0000000001
0.8640000000 1.0000000000 1.0000000000 2.0000000000 5.5000000000 1.0000000000 1.0000000000 5.5000000000 0.0000000000
0.8660000000 1.0000000000 1.0000000000 2.0000000000 5.5000000000 1.0000000000 1.0000000000 5.5000000000 0.0000000000
0.8680000000 1.0000000000 1.0000000000 2.0000000000 5.5000000000 1.0000000000 1.0000000000 5.5000000000 0.0000000001
0.8700000000 1.0000000000 1.0000000000 2.0000000000 5.5000000000 1.0000000000 1.0000000000 5.5000000000 0.0000000000
0.8720000000 1.0000000000 1.0000000000 2.0000000000 5.5000000000 1.0000000000 1.0000000000 5.5000000000 0.0000000000
0.8740000000 1.0000000000 1.0000000000 2.0000000000 5.5000000000 1.0000000000 1.0000000000 5.5000000000 0.0000000001
0.8760000000 1.0000000000 1.0000000000 2.0000000000 5.5000000000 1.0000000000 1.0000000000 5.5000000000 0.0000000001
0.8780000000 1.0000000000 1.0000000000 2.0000000000 5.5000000000 1.0000000000 1.0000000000 5.5000000000 0.0000000001
0.8800000000 1.0000000000 1.0000000000 2.0000000000 5.5000000000 1.0000000000 1.0000000000 5.5000000000 0.0000000001
0.8820000000 1.0000000000 1.0000000000 2.0000000000 5.5000000000 1.0000000000 1.0000000000 5.5000000000 0.0000000000
0.8840000000 1.0000000000 1.0000000000 2.0000000000 5.5000000000 1.0000000000 1.0000000000 5.5000000000 0.0000000001
0.8860000000 1.0000000000 1.0000000000 2.0000000000 5.5000000000 1.0000000000 1.0000000000 5.5000000000 0.0000000000
0.8880000000 1.0000000000 1.0000000000 2.0000000000 5.5000000000 1.0000000000 1.0000000000 5.5000000000 0.0000000001
0.8900000000 1.0000000000 1.0000000000 2.0000000000 5.5000000000 1.0000000000 1.0000000000 5.5000000000 0.0000000001
0.8920000000 1.0000000000 1.0000000000 2.0000000000 5.5000000000 1.0000000000 1.0000000000 5.5000000000 0.0000000001
0.8940000000 1.0000000000 1.0000000000 2.0000000000 5.5000000000 1.0000000000 1.0000000000 5.5000000000 0.0000000001
0.8960000000 1.0000000000 1.0000000000 2.0000000000 5.5000000000 1.0000000000 1.0000000000 5.5000000000 0.0000000001
0.8980000000 1.0000000000 1.0000000000 2.0000000000 5.5000000000 1.0000000000 1.0000000000 5.5000000000 0.0000000000
0.9000000000 1.0000000000 1.0000000000 2.0000000000 5.5000000000 1.0000000000 1.0000000000 5.5000000000 0.0000000001
0.9020000000 1.0000000000 1.0000000000 2.0000000000 5.5000000000 1.0000000000 1.0000000000 5.5000000000 0.0000000000
0.9040000000 1.0000000000 1.0000000000 2.0000000000 5.5000000000 1.0000000000 1.0000000000 5.5000000000 0.0000000003
0.9060000000 1.0000000000 1.0000000000 2.0000000000 5.5000000000 1.0000000000 1.0000000000 5.5000000000 0.0000000002
0.9080000000 1.0000000000 1.0000000000 2.0000000000 5.5000000000 1.0000000000 1.0000000000 5.5000000000 0.0000000001
0.9100000000 1.0000000000 1.0000000000 2.0000000000 5.5000000000 1.0000000000 1.0000000000 5.5000000000 0.0000000000
0.9120000000 1.0000000000 1.0000000000 2.0000000000 5.5000000000 1.0000000000 1.0000000000 5.5000000000 0.0000000001
0.9140000000 1.0000000000 1.0000000000 2.0000000000 5.5000000000 1.0000000000 1.0000000000 5.5000000000 0.0000000000
0.9160000000 1.0000000000 1.0000000000 2.0000000000 5.5000000000 1.0000000000 1.0000000000 5.5000000000 0.0000000001
0.9180000000 1.0000000000 1.0000000000 2.0000000000 5.5000000000 1.0000000000 1.0000000000 5.5000000000 0.0000000000
0.9200000000 1.0000000000 1.0000000000 2.0000000000 5.5000000000 1.0000000000 1.0000000000 5.5000000000 0.0000000000
0.9220000000 1.0000000000 1.0000000000 2.0000000000 5.5000000000 1.0000000000 1.0000000000 5.5000000000 0.0000000001
0.9240000000 1.0000000000 1.0000000000 2.0000000000 5.5000000000 1.0000000000 1.0000000000 5.5000000000 0.0000000000
0.9260000000 1.0000000000 1.0000000000 2.0000000000 5.5000000000 1.0000000000 1.0000000000 5.5000000000 0.0000000001
0.9280000000 1.0000000000 1.0000000000 2.0000000000 5.5000000000 1.0000000000 1.0000000000 5.5000000000 0.0000000001
0.9300000000 1.0000000000 1.0000000000 2.0000000000 5.5000000000 1.0000000000 1.0000000000 5.5000000000 0.0000000001
0.9320000000 1.0000000000 1.0000000000 2.0000000000 5.5000000000 1.0000000000 1.0000000000 5.5000000000 0.0000000001
0.9340000000 1.0000000000 1.0000000000 2.0000000000 5.5000000000 1.0000000000 1.0000000000 5.5000000000 0.0000000000
0.9360000000 1.0000000000 1.0000000000 2.0000000000 5.5000000000 1.0000000000 1.0000000000 5.5000000000 0.0000000000
0.9380000000 1.0000000000 1.0000000000 2.0000000000 5.5000000000 1.0000000000 1.0000000000 5.5000000000 0.0000000001
0.9400000000 1.0000000000 1.0000000000 2.0000000000 5.5000000000 1.0000000000 1.0000000000 5.5000000000 0.0000000002
0.9420000000 1.0000000000 1.0000000000 2.0000000000 5.5000000000 1.0000000000 1.0000000000 5.5000000000 0.0000000000
0.9440000000 1.0000000000 1.0000000000 2.0000000000 5.5000000000 1.0000000000 1.0000000000 5.5000000000 0.0000000000
0.9460000000 1.0000000000 1.0000000000 2.0000000000 5.5000000000 1.0000000000 1.0000000000 5.5000000000 0.0000000001
0.9480000000 1.0000000000 1.0000000000 2.0000000000 5.5000000000 1.0000000000 1.0000000000 5.5000000000 0.0000000001
0.9500000000 1.0000000000 1.0000000000 2.0000000000 5.5000000000 1.0000000000 1.0000000000 5.5000000000 0.0000000001
0.9520000000 1.0000000000 1.0000000000 2.0000000000 5.5000000000 1.0000000000 1.0000000000 5.5000000000 0.0000000000
0.9540000000 1.0000000000 1.0000000000 2.0000000000 5.5000000000 1.0000000000 1.0000000000 5.5000000000 0.0000000001
0.9560000000 1.0000000000 1.0000000000 2.0000000000 5.5000000000 1.0000000000 1.0000000000 5.5000000000 0.0000000000
0.9580000000 1.0000000000 1.0000000000 2.0000000000 5.5000000000 1.0000000000 1.0000000000 5.5000000000 0.0000000001
0.9600000000 1.0000000000 1.0000000000 2.0000000000 5.5000000000 1.0000000000 1.0000000000 5.5000000000 0.0000000001
0.9620000000 1.0000000000 1.0000000000 2.0000000000 5.5000000000 1.0000000000 1.0000000000 5.5000000000 0.0000000000
0.9640000000 1.0000000000 1.0000000000 2.0000000000 5.5000000000 1.0000000000 1.0000000000 5.5000000000 0.0000000000
0.9660000000 1.0000000000 1.0000000000 2.0000000000 5.5000000000 1.0000000000 1.0000000000 5.5000000000 0.0000000000
0.9680000000 1.0000000000 1.0000000000 2.0000000000 5.5000000000 1.0000000000 1.0000000000 5.5000000000 0.0000000000
0.9700000000 1.0000000000 1.0000000000 2.0000000000 5.5000000000 1.0000000000 1.0000000000 5.5000000000 0.0000000000
0.9720000000 1.0000000000 1.0000000000 2.0000000000 5.5000000000 1.0000000000 1.0000000000 5.5000000000 0.0000000000
0.9740000000 1.0000000000 1.0000000000 2.0000000000 5.5000000000 1.0000000000 1.0000000000 5.5000000000 0.0000000000
0.9760000000 1.0000000000 1.0000000000 2.0000000000 5.5000000000 1.0000000000 1.0000000000 5.5000000000 0.0000000000
0.9780000000 1.0000000000 1.0000000000 2.0000000000 5.5000000000 1.0000000000 1.0000000000 5.5000000000 0.0000000000
0.9800000000 1.0000000000 1.0000000000 2.0000000000 5.5000000000 1.0000000000 1.0000000000 5.5000000000 0.0000000000
0.9820000000 1.0000000000 1.0000000000 2.0000000000 5.5000000000 1.0000000000 1.0000000000 5.5000000000 0.0000000000
0.9840000000 1.0000000000 1.0000000000 2.0000000000 5.5000000000 1.0000000000 1.0000000000 5.5000000000 0.0000000001
0.9860000000 1.0000000000 1.0000000000 2.0000000000 5.5000000000 1.0000000000 1.0000000000 5.5000000000 0.0000000001
0.9880000000 1.0000000000 1.0000000000 2.0000000000 5.5000000000 1.0000000000 1.0000000000 5.5000000000 0.0000000000
0.9900000000 1.0000000000 1.0000000000 2.0000000000 5.5000000000 1.0000000000 1.0000000000 5.5000000000 0.0000000001
0.9920000000 1.0000000000 1.0000000000 2.0000000000 5.5000000000 1.0000000000 1.0000000000 5.5000000000 0.0000000000
0.9940000000 1.0000000000 1.0000000000 2.0000000000 5.5000000000 1.0000000000 1.0000000000 5.5000000000 0.0000000001
0.9960000000 1.0000000000 1.0000000000 2.0000000000 5.5000000000 1.0000000000 1.0000000000 5.5000000000 0.0000000001
0.9980000000 1.0000000000 1.0000000000 2.0000000000 5.5000000000 1.0000000000 1.0000000000 5.5000000000 0.0000000000
1.0000000000 1.0000000000 1.0000000000 2.0000000000 5.5000000000 1.0000000000 1.0000000000 5.5000000000 0.0000000000
