TITLE = "1D Euler Filtered MacCormack Result"
VARIABLES = "x", "rho", "u", "p", "E", "rho_conserved", "rhou", "rhoE", "nu"
ZONE T="t=0.20000000", I=201, F=POINT
0.0000000000 10.0000000000 1.0000000000 2.0000000000 1.0000000000 10.0000000000 10.0000000000 10.0000000000 0.0000000000
0.0050000000 10.0000000000 1.0000000000 2.0000000000 1.0000000000 10.0000000000 10.0000000000 10.0000000000 0.0000000000
0.0100000000 10.0000000000 1.0000000000 2.0000000000 1.0000000000 10.0000000000 10.0000000000 10.0000000000 0.0000000000
0.0150000000 10.0000000000 1.0000000000 2.0000000000 1.0000000000 10.0000000000 10.0000000000 10.0000000000 0.0000000000
0.0200000000 10.0000000000 1.0000000000 2.0000000000 1.0000000000 10.0000000000 10.0000000000 10.0000000000 0.0000000000
0.0250000000 10.0000000000 1.0000000000 2.0000000000 1.0000000000 10.0000000000 10.0000000000 10.0000000000 0.0000000000
0.0300000000 10.0000000000 1.0000000000 2.0000000000 1.0000000000 10.0000000000 10.0000000000 10.0000000000 0.0000000000
0.0350000000 10.0000000000 1.0000000000 2.0000000000 1.0000000000 10.0000000000 10.0000000000 10.0000000000 0.0000000000
0.0400000000 10.0000000000 1.0000000000 2.0000000000 1.0000000000 10.0000000000 10.0000000000 10.0000000000 0.0000000000
0.0450000000 10.0000000000 1.0000000000 2.0000000000 1.0000000000 10.0000000000 10.0000000000 10.0000000000 0.0000000000
0.0500000000 10.0000000000 1.0000000000 2.0000000000 1.0000000000 10.0000000000 10.0000000000 10.0000000000 0.0000000000
0.0550000000 10.0000000000 1.0000000000 2.0000000000 1.0000000000 10.0000000000 10.0000000000 10.0000000000 0.0000000000
0.0600000000 10.0000000000 1.0000000000 2.0000000000 1.0000000000 10.0000000000 10.0000000000 10.0000000000 0.0000000000
0.0650000000 10.0000000000 1.0000000000 2.0000000000 1.0000000000 10.0000000000 10.0000000000 10.0000000000 0.0000000000
0.0700000000 10.0000000000 1.0000000000 2.0000000000 1.0000000000 10.0000000000 10.0000000000 10.0000000000 0.0000000000
0.0750000000 10.0000000000 1.0000000000 2.0000000000 1.0000000000 10.0000000000 10.0000000000 10.0000000000 0.0000000000
0.0800000000 10.0000000000 1.0000000000 2.0000000000 1.0000000000 10.0000000000 10.0000000000 10.0000000000 0.0000000000
0.0850000000 10.0000000000 1.0000000000 2.0000000000 1.0000000000 10.0000000000 10.0000000000 10.0000000000 0.0000000000
0.0900000000 10.0000000000 1.0000000000 2.0000000000 1.0000000000 10.0000000000 10.0000000000 10.0000000000 0.0000000000
0.0950000000 10.0000000000 1.0000000000 2.0000000000 1.0000000000 10.0000000000 10.0000000000 10.0000000000 0.0000000000
0.1000000000 10.0000000000 1.0000000000 2.0000000000 1.0000000000 10.0000000000 10.0000000000 10.0000000000 0.0000000000
0.1050000000 10.0000000000 1.0000000000 2.0000000000 1.0000000000 10.0000000000 10.0000000000 10.0000000000 0.0000000000
0.1100000000 10.0000000000 1.0000000000 2.0000000000 1.0000000000 10.0000000000 10.0000000000 10.0000000000 0.0000000000
0.1150000000 10.0000000000 1.0000000000 2.0000000000 1.0000000000 10.0000000000 10.0000000000 10.0000000000 0.0000000000
0.1200000000 10.0000000000 1.0000000000 2.0000000000 1.0000000000 10.0000000000 10.0000000000 10.0000000000 0.0000000000
0.1250000000 10.0000000000 1.0000000000 2.0000000000 1.0000000000 10.0000000000 10.0000000000 10.0000000000 0.0000000000
0.1300000000 10.0000000000 1.0000000000 2.0000000000 1.0000000000 10.0000000000 10.0000000000 10.0000000000 0.0000000000
0.1350000000 10.0000000000 1.0000000000 2.0000000000 1.0000000000 10.0000000000 10.0000000000 10.0000000000 0.0000000000
0.1400000000 10.0000000000 1.0000000000 2.0000000000 1.0000000000 10.0000000000 10.0000000000 10.0000000000 0.0000000000
0.1450000000 10.0000000000 1.0000000000 2.0000000000 1.0000000000 10.0000000000 10.0000000000 10.0000000000 0.0000000000
0.1500000000 10.0000000000 1.0000000000 2.0000000000 1.0000000000 10.0000000000 10.0000000000 10.0000000000 0.0000000000
0.1550000000 10.0000000000 1.0000000000 2.0000000000 1.0000000000 10.0000000000 10.0000000000 10.0000000000 0.0000000000
0.1600000000 10.0000000000 1.0000000000 2.0000000000 1.0000000000 10.0000000000 10.0000000000 10.0000000000 0.0000000000
0.1650000000 10.0000000000 1.0000000000 2.0000000000 1.0000000000 10.0000000000 10.0000000000 10.0000000000 0.0000000000
0.1700000000 10.0000000000 1.0000000000 2.0000000000 1.0000000000 10.0000000000 10.0000000000 10.0000000000 0.0000000000
0.1750000000 10.0000000000 1.0000000000 2.0000000000 1.0000000000 10.0000000000 10.0000000000 10.0000000000 0.0000000000
0.1800000000 10.0000000000 1.0000000000 2.0000000000 1.0000000000 10.0000000000 10.0000000000 10.0000000000 0.0000000000
0.1850000000 10.0000000000 1.0000000000 2.0000000000 1.0000000000 10.0000000000 10.0000000000 10.0000000000 0.0000000000
0.1900000000 10.0000000000 1.0000000000 2.0000000000 1.0000000000 10.0000000000 10.0000000000 10.0000000000 0.0000000000
0.1950000000 10.0000000000 1.0000000000 2.0000000000 1.0000000000 10.0000000000 10.0000000000 10.0000000000 0.0000000000
0.2000000000 10.0000000000 1.0000000000 2.0000000000 1.0000000000 10.0000000000 10.0000000000 10.0000000000 0.0000000000
0.2050000000 10.0000000000 1.0000000000 2.0000000000 1.0000000000 10.0000000000 10.0000000000 10.0000000000 0.0000000000
0.2100000000 10.0000000000 1.0000000000 2.0000000000 1.0000000000 10.0000000000 10.0000000000 10.0000000000 0.0000000000
0.2150000000 10.0000000000 1.0000000000 2.0000000000 1.0000000000 10.0000000000 10.0000000000 10.0000000000 0.0000000000
0.2200000000 10.0000000000 1.0000000000 2.0000000000 1.0000000000 10.0000000000 10.0000000000 10.0000000000 0.0000000000
0.2250000000 10.0000000000 1.0000000000 2.0000000000 1.0000000000 10.0000000000 10.0000000000 10.0000000000 0.0000000000
0.2300000000 10.0000000000 1.0000000000 2.0000000000 1.0000000000 10.0000000000 10.0000000000 10.0000000000 0.0000000000
0.2350000000 10.0000000000 1.0000000000 2.0000000000 1.0000000000 10.0000000000 10.0000000000 10.0000000000 0.0000000000
0.2400000000 10.0000000000 1.0000000000 2.0000000000 1.0000000000 10.0000000000 10.0000000000 10.0000000000 0.0000000000
0.2450000000 10.0000000000 1.0000000000 2.0000000000 1.0000000000 10.0000000000 10.0000000000 10.0000000000 0.0000000000
0.2500000000 10.0000000000 1.0000000000 2.0000000000 1.0000000000 10.0000000000 10.0000000000 10.0000000000 0.0000000000
0.2550000000 10.0000000000 1.0000000000 2.0000000000 1.0000000000 10.0000000000 10.0000000000 10.0000000000 0.0000000000
0.2600000000 10.0000000000 1.0000000000 2.0000000000 1.0000000000 10.0000000000 10.0000000000 10.0000000000 0.0000000000
0.2650000000 10.0000000000 1.0000000000 2.0000000000 1.0000000000 10.0000000000 10.0000000000 10.0000000000 0.0000000000
0.2700000000 10.0000000000 1.0000000000 2.0000000000 1.0000000000 10.0000000000 10.0000000000 10.0000000000 0.0000000000
0.2750000000 10.0000000000 1.0000000000 2.0000000000 1.0000000000 10.0000000000 10.0000000000 10.0000000000 0.0000000000
0.2800000000 10.0000000000 1.0000000000 2.0000000000 1.0000000000 10.0000000000 10.0000000000 10.0000000000 0.0000000000
0.2850000000 10.0000000000 1.0000000000 2.0000000000 1.0000000000 10.0000000000 10.0000000000 10.0000000000 0.0000000000
0.2900000000 10.0000000000 1.0000000000 2.0000000000 1.0000000000 10.0000000000 10.0000000000 10.0000000000 0.0000000001
0.2950000000 10.0000000000 1.0000000000 2.0000000000 1.0000000000 10.0000000000 10.0000000000 10.0000000000 0.0000000000
0.3000000000 10.0000000000 1.0000000000 2.0000000000 1.0000000000 10.0000000000 10.0000000000 10.0000000000 0.0000000000
0.3050000000 10.0000000000 1.0000000000 2.0000000000 1.0000000000 10.0000000000 10.0000000000 10.0000000000 0.0000000000
0.3100000000 9.9999999999 1.0000000000 2.0000000000 1.0000000000 9.9999999999 9.9999999999 10.0000000000 0.0000000001
0.3150000000 10.0000000001 1.0000000000 2.0000000000 1.0000000000 10.0000000001 10.0000000001 10.0000000001 0.0000000000
0.3200000000 9.9999999998 1.0000000000 2.0000000000 1.0000000000 9.9999999998 9.9999999998 9.9999999999 0.0000000000
0.3250000000 10.0000000001 1.0000000000 2.0000000000 1.0000000000 10.0000000001 10.0000000001 10.0000000001 0.0000000000
0.3300000000 10.0000000001 1.0000000000 2.0000000000 1.0000000000 10.0000000001 10.0000000001 10.0000000001 0.0000000001
0.3350000000 9.9999999991 1.0000000000 2.0000000000 1.0000000000 9.9999999991 9.9999999991 9.9999999995 0.0000000000
0.3400000000 10.0000000021 1.0000000000 2.0000000000 0.9999999999 10.0000000021 10.0000000021 10.0000000010 0.0000000000
0.3450000000 9.9999999972 1.0000000000 2.0000000000 1.0000000001 9.9999999972 9.9999999972 9.9999999986 0.0000000000
0.3500000000 10.0000000010 1.0000000000 2.0000000000 0.9999999999 10.0000000010 10.0000000010 10.0000000005 0.0000000000
0.3550000000 10.0000000056 1.0000000000 2.0000000000 0.9999999997 10.0000000056 10.0000000056 10.0000000028 0.0000000001
0.3600000000 9.9999999837 1.0000000000 2.0000000000 1.0000000008 9.9999999837 9.9999999837 9.9999999919 0.0000000000
0.3650000000 10.0000000206 1.0000000000 2.0000000000 0.9999999990 10.0000000206 10.0000000206 10.0000000103 0.0000000000
0.3700000000 10.0000000013 1.0000000000 2.0000000000 0.9999999999 10.0000000013 10.0000000013 10.0000000006 0.0000000001
0.3750000000 9.9999999405 1.0000000000 2.0000000000 1.0000000030 9.9999999405 9.9999999405 9.9999999703 0.0000000001
0.3800000000 10.0000001127 1.0000000000 2.0000000000 0.9999999944 10.0000001127 10.0000001127 10.0000000563 0.0000000001
0.3850000000 9.9999999499 1.0000000000 2.0000000000 1.0000000025 9.9999999499 9.9999999499 9.9999999750 0.0000000002
0.3900000000 9.9999997909 1.0000000000 2.0000000000 1.0000000105 9.9999997909 9.9999997909 9.9999998954 0.0000000000
0.3950000000 10.0000004794 1.0000000000 2.0000000000 0.9999999760 10.0000004794 10.0000004794 10.0000002397 0.0000000000
0.4000000000 9.9999997788 1.0000000000 2.0000000000 1.0000000111 9.9999997788 9.9999997788 9.9999998894 0.0000000000
0.4050000000 9.9999991200 1.0000000000 2.0000000000 1.0000000440 9.9999991200 9.9999991200 9.9999995600 0.0000000000
0.4100000000 10.0000017822 1.0000000000 2.0000000000 0.9999999109 10.0000017822 10.0000017822 10.0000008911 0.0000000000
0.4150000000 9.9999998135 1.0000000000 2.0000000000 1.0000000093 9.9999998135 9.9999998135 9.9999999068 0.0000000000
0.4200000000 9.9999959292 1.0000000000 2.0000000000 1.0000002035 9.9999959292 9.9999959292 9.9999979646 0.0000000000
0.4250000000 10.0000051024 1.0000000000 2.0000000000 0.9999997449 10.0000051024 10.0000051024 10.0000025512 0.0000000001
0.4300000000 10.0000041171 1.0000000000 2.0000000000 0.9999997941 10.0000041171 10.0000041171 10.0000020586 0.0000000001
0.4350000000 9.9999841838 1.0000000000 2.0000000000 1.0000007908 9.9999841838 9.9999841838 9.9999920919 0.0000000000
0.4400000000 10.0000048851 1.0000000000 2.0000000000 0.9999997557 10.0000048851 10.0000048851 10.0000024425 0.0000000001
0.4450000000 10.0000314368 1.0000000000 2.0000000000 0.9999984282 10.0000314368 10.0000314368 10.0000157184 0.0000000001
0.4500000000 9.9999657847 1.0000000000 2.0000000000 1.0000017108 9.9999657847 9.9999657847 9.9999828924 0.0000000000
0.4550000000 9.9999544462 1.0000000000 2.0000000000 1.0000022777 9.9999544462 9.9999544462 9.9999772231 0.0000000000
0.4600000000 10.0001004805 1.0000000000 2.0000000000 0.9999949760 10.0001004805 10.0001004805 10.0000502402 0.0000000000
0.4650000000 10.0000440567 1.0000000000 2.0000000000 0.9999977972 10.0000440567 10.0000440567 10.0000220284 0.0000000001
0.4700000000 9.9997708289 1.0000000000 2.0000000000 1.0000114588 9.9997708289 9.9997708289 9.9998854144 0.0000000002
0.4750000000 9.9999956928 1.0000000000 2.0000000000 1.0000002154 9.9999956928 9.9999956928 9.9999978464 0.0000000000
0.4800000000 10.0004654208 1.0000000000 2.0000000000 0.9999767300 10.0004654208 10.0004654208 10.0002327104 0.0000000001
0.4850000000 9.9998986022 1.0000000000 2.0000000000 1.0000050699 9.9998986022 9.9998986022 9.9999493011 0.0000000001
0.4900000000 9.9991011998 1.0000000000 2.0000000000 1.0000449441 9.9991011998 9.9991011998 9.9995505999 0.0000000001
0.4950000000 10.0002870950 1.0000000000 2.0000000000 0.9999856457 10.0002870950 10.0002870950 10.0001435475 0.0000000000
0.5000000000 10.0017088777 1.0000000000 2.0000000000 0.9999145707 10.0017088777 10.0017088777 10.0008544388 0.0000000000
0.5050000000 9.9995122186 1.0000000000 2.0000000000 1.0000243903 9.9995122186 9.9995122186 9.9997561093 0.0000000000
0.5100000000 9.9967774034 1.0000000000 2.0000000000 1.0001611818 9.9967774034 9.9967774034 9.9983887017 0.0000000001
0.5150000000 10.0003800281 1.0000000000 2.0000000000 0.9999809993 10.0003800281 10.0003800281 10.0001900141 0.0000000001
0.5200000000 10.0059058505 1.0000000000 2.0000000000 0.9997048818 10.0059058505 10.0059058505 10.0029529253 0.0000000001
0.5250000000 10.0010005453 1.0000000000 2.0000000000 0.9999499777 10.0010005453 10.0010005453 10.0005002727 0.0000000000
0.5300000000 9.9899738866 1.0000000000 2.0000000000 1.0005018088 9.9899738866 9.9899738866 9.9949869433 0.0000000000
0.5350000000 9.9942039620 1.0000000000 2.0000000000 1.0002899700 9.9942039620 9.9942039620 9.9971019810 0.0000000001
0.5400000000 10.0144255309 1.0000000000 2.0000000000 0.9992797624 10.0144255309 10.0144255309 10.0072127655 0.0000000000
0.5450000000 10.0173091152 1.0000000000 2.0000000000 0.9991360397 10.0173091152 10.0173091152 10.0086545576 0.0000000000
0.5500000000 9.9861093247 1.0000000000 2.0000000000 1.0006954999 9.9861093247 9.9861093247 9.9930546623 0.0000000001
0.5550000000 9.9627872424 1.0000000000 2.0000000000 1.0018675877 9.9627872424 9.9627872424 9.9813936212 0.0000000001
0.5600000000 9.9965724987 1.0000000000 2.0000000000 1.0001714338 9.9965724987 9.9965724987 9.9982862494 0.0000000000
0.5650000000 10.0567035167 1.0000000000 2.0000000000 0.9971808100 10.0567035167 10.0567035167 10.0283517583 0.0000000000
0.5700000000 10.0510806194 1.0000000000 2.0000000000 0.9974589489 10.0510806194 10.0510806194 10.0255403097 0.0000000000
0.5750000000 9.9560591760 1.0000000000 2.0000000000 1.0022067378 9.9560591760 9.9560591760 9.9780295880 0.0000000001
0.5800000000 9.8817213976 1.0000000000 2.0000000000 1.0059847165 9.8817213976 9.8817213976 9.9408606988 0.0000000000
0.5850000000 9.9518595027 1.0000000000 2.0000000000 1.0024186685 9.9518595027 9.9518595027 9.9759297514 0.0000000001
0.5900000000 10.1269669706 1.0000000000 2.0000000000 0.9937312440 10.1269669706 10.1269669706 10.0634834853 0.0000000001
0.5950000000 10.2068798158 1.0000000000 2.0000000000 0.9898656681 10.2068798158 10.2068798158 10.1034399079 0.0000000001
0.6000000000 10.0484248831 1.0000000000 2.0000000000 0.9975904242 10.0484248831 10.0484248831 10.0242124416 0.0000000000
0.6050000000 9.7607617450 1.0000000000 2.0000000000 1.0122551017 9.7607617450 9.7607617450 9.8803808725 0.0000000001
0.6100000000 9.6382655367 1.0000000000 2.0000000000 1.0187655373 9.6382655367 9.6382655367 9.8191327683 0.0000000001
0.6150000000 9.8722859892 1.0000000000 2.0000000000 1.0064683099 9.8722859892 9.8722859892 9.9361429946 0.0000000000
0.6200000000 10.3294409373 1.0000000000 2.0000000000 0.9840533026 10.3294409373 10.3294409373 10.1647204687 0.0000000000
0.6250000000 10.6272988910 1.0000000000 2.0000000000 0.9704864379 10.6272988910 10.6272988910 10.3136494455 0.0000000000
0.6300000000 10.4502904507 1.0000000000 2.0000000000 0.9784556012 10.4502904507 10.4502904507 10.2251452253 0.0000000000
0.6350000000 9.8282376460 1.0000000000 2.0000000000 1.0087382072 9.8282376460 9.8282376460 9.9141188230 0.0000000001
0.6400000000 9.1447310245 1.0000000000 2.0000000000 1.0467629378 9.1447310245 9.1447310245 9.5723655122 0.0000000000
0.6450000000 8.8792423406 1.0000000000 2.0000000000 1.0631111088 8.8792423406 8.8792423406 9.4396211703 0.0000000000
0.6500000000 9.2887090306 1.0000000000 2.0000000000 1.0382879347 9.2887090306 9.2887090306 9.6443545153 0.0000000000
0.6550000000 10.2491991065 1.0000000000 2.0000000000 0.9878429961 10.2491991065 10.2491991065 10.1245995533 0.0000000000
0.6600000000 11.3347917686 1.0000000000 2.0000000000 0.9411197049 11.3347917686 11.3347917686 10.6673958843 0.0000000000
0.6650000000 12.0478520695 1.0000000000 2.0000000000 0.9150117358 12.0478520695 12.0478520695 11.0239260347 0.0000000000
0.6700000000 12.0462359414 1.0000000000 2.0000000000 0.9150674139 12.0462359414 12.0462359414 11.0231179707 0.0000000000
0.6750000000 11.2545016879 1.0000000000 2.0000000000 0.9442666711 11.2545016879 11.2545016879 10.6272508440 0.0000000001
0.6800000000 9.8381209629 1.0000000000 2.0000000000 1.0082271319 9.8381209629 9.8381209629 9.9190604815 0.0000000000
0.6850000000 8.0924370867 1.0000000000 2.0000000000 1.1178608430 8.0924370867 8.0924370867 9.0462185434 0.0000000000
0.6900000000 6.3192692825 1.0000000000 2.0000000000 1.2912307225 6.3192692825 6.3192692825 8.1596346412 0.0000000000
0.6950000000 4.7426577905 1.0000000000 2.0000000000 1.5542611803 4.7426577905 4.7426577905 7.3713288953 0.0000000000
0.7000000000 3.4792084794 1.0000000000 2.0000000000 1.9371084773 3.4792084794 3.4792084794 6.7396042397 0.0000000000
0.7050000000 2.5510497240 1.0000000000 2.0000000000 2.4599774763 2.5510497240 2.5510497240 6.2755248620 0.0000000000
0.7100000000 1.9190385077 1.0000000000 2.0000000000 3.1054714274 1.9190385077 1.9190385077 5.9595192539 0.0000000001
0.7150000000 1.5170190593 1.0000000000 2.0000000000 3.7959374961 1.5170190593 1.5170190593 5.7585095297 0.0000000001
0.7200000000 1.2767484493 1.0000000000 2.0000000000 4.4161982164 1.2767484493 1.2767484493 5.6383742247 0.0000000000
0.7250000000 1.1412209884 1.0000000000 2.0000000000 4.8812723837 1.1412209884 1.1412209884 5.5706104942 0.0000000000
0.7300000000 1.0688149073 1.0000000000 2.0000000000 5.1780784640 1.0688149073 1.0688149073 5.5344074537 0.0000000000
0.7350000000 1.0320690809 1.0000000000 2.0000000000 5.3446369460 1.0320690809 1.0320690809 5.5160345404 0.0000000000
0.7400000000 1.0143117152 1.0000000000 2.0000000000 5.4294510998 1.0143117152 1.0143117152 5.5071558576 0.0000000000
0.7450000000 1.0061237451 1.0000000000 2.0000000000 5.4695676345 1.0061237451 1.0061237451 5.5030618726 0.0000000001
0.7500000000 1.0025149445 1.0000000000 2.0000000000 5.4874568228 1.0025149445 1.0025149445 5.5012574723 0.0000000000
0.7550000000 1.0009923035 1.0000000000 2.0000000000 5.4950434012 1.0009923035 1.0009923035 5.5004961517 0.0000000001
0.7600000000 1.0003764811 1.0000000000 2.0000000000 5.4981183028 1.0003764811 1.0003764811 5.5001882406 0.0000000001
0.7650000000 1.0001374567 1.0000000000 2.0000000000 5.4993128108 1.0001374567 1.0001374567 5.5000687284 0.0000000000
0.7700000000 1.0000483306 1.0000000000 2.0000000000 5.4997583588 1.0000483306 1.0000483306 5.5000241653 0.0000000000
0.7750000000 1.0000163754 1.0000000000 2.0000000000 5.4999181244 1.0000163754 1.0000163754 5.5000081877 0.0000000001
0.7800000000 1.0000053497 1.0000000000 2.0000000000 5.4999732517 1.0000053497 1.0000053497 5.5000026748 0.0000000000
0.7850000000 1.0000016860 1.0000000000 2.0000000000 5.4999915699 1.0000016860 1.0000016860 5.5000008430 0.0000000000
0.7900000000 1.0000005129 1.0000000000 2.0000000000 5.4999974357 1.0000005129 1.0000005129 5.5000002564 0.0000000001
0.7950000000 1.0000001506 1.0000000000 2.0000000000 5.4999992468 1.0000001506 1.0000001506 5.5000000753 0.0000000000
0.8000000000 1.0000000427 1.0000000000 2.0000000000 5.4999997863 1.0000000427 1.0000000427 5.5000000214 0.0000000001
0.8050000000 1.0000000117 1.0000000000 2.0000000000 5.4999999414 1.0000000117 1.0000000117 5.5000000059 0.0000000002
0.8100000000 1.0000000031 1.0000000000 2.0000000000 5.4999999845 1.0000000031 1.0000000031 5.5000000016 0.0000000000
0.8150000000 1.0000000008 1.0000000000 2.0000000000 5.4999999960 1.0000000008 1.0000000008 5.5000000004 0.0000000001
0.8200000000 1.0000000002 1.0000000000 2.0000000000 5.4999999990 1.0000000002 1.0000000002 5.5000000001 0.0000000000
0.8250000000 1.0000000000 1.0000000000 2.0000000000 5.4999999998 1.0000000000 1.0000000000 5.5000000000 0.0000000000
0.8300000000 1.0000000000 1.0000000000 2.0000000000 5.4999999999 1.0000000000 1.0000000000 5.5000000000 0.0000000000
0.8350000000 1.0000000000 1.0000000000 2.0000000000 5.5000000000 1.0000000000 1.0000000000 5.5000000000 0.0000000000
0.8400000000 1.0000000000 1.0000000000 2.0000000000 5.5000000000 1.0000000000 1.0000000000 5.5000000000 0.0000000001
0.8450000000 1.0000000000 1.0000000000 2.0000000000 5.5000000000 1.0000000000 1.0000000000 5.5000000000 0.0000000001
0.8500000000 1.0000000000 1.0000000000 2.0000000000 5.5000000000 1.0000000000 1.0000000000 5.5000000000 0.0000000000
0.8550000000 1.0000000000 1.0000000000 2.0000000000 5.5000000000 1.0000000000 1.0000000000 5.5000000000 0.0000000001
0.8600000000 1.0000000000 1.0000000000 2.0000000000 5.5000000000 1.0000000000 1.0000000000 5.5000000000 0.0000000001
0.8650000000 1.0000000000 1.0000000000 2.0000000000 5.5000000000 1.0000000000 1.0000000000 5.5000000000 0.0000000000
0.8700000000 1.0000000000 1.0000000000 2.0000000000 5.5000000000 1.0000000000 1.0000000000 5.5000000000 0.0000000000
0.8750000000 1.0000000000 1.0000000000 2.0000000000 5.5000000000 1.0000000000 1.0000000000 5.5000000000 0.0000000000
0.8800000000 1.0000000000 1.0000000000 2.0000000000 5.5000000000 1.0000000000 1.0000000000 5.5000000000 0.0000000001
0.8850000000 1.0000000000 1.0000000000 2.0000000000 5.5000000000 1.0000000000 1.0000000000 5.5000000000 0.0000000001
0.8900000000 1.0000000000 1.0000000000 2.0000000000 5.5000000000 1.0000000000 1.0000000000 5.5000000000 0.0000000001
0.8950000000 1.0000000000 1.0000000000 2.0000000000 5.5000000000 1.0000000000 1.0000000000 5.5000000000 0.0000000000
0.9000000000 1.0000000000 1.0000000000 2.0000000000 5.5000000000 1.0000000000 1.0000000000 5.5000000000 0.0000000000
0.9050000000 1.0000000000 1.0000000000 2.0000000000 5.5000000000 1.0000000000 1.0000000000 5.5000000000 0.0000000001
0.9100000000 1.0000000000 1.0000000000 2.0000000000 5.5000000000 1.0000000000 1.0000000000 5.5000000000 0.0000000001
0.9150000000 1.0000000000 1.0000000000 2.0000000000 5.5000000000 1.0000000000 1.0000000000 5.5000000000 0.0000000001
0.9200000000 1.0000000000 1.0000000000 2.0000000000 5.5000000000 1.0000000000 1.0000000000 5.5000000000 0.0000000000
0.9250000000 1.0000000000 1.0000000000 2.0000000000 5.5000000000 1.0000000000 1.0000000000 5.5000000000 0.0000000000
0.9300000000 1.0000000000 1.0000000000 2.0000000000 5.5000000000 1.0000000000 1.0000000000 5.5000000000 0.0000000000
0.9350000000 1.0000000000 1.0000000000 2.0000000000 5.5000000000 1.0000000000 1.0000000000 5.5000000000 0.0000000000
0.9400000000 1.0000000000 1.0000000000 2.0000000000 5.5000000000 1.0000000000 1.0000000000 5.5000000000 0.0000000001
0.9450000000 1.0000000000 1.0000000000 2.0000000000 5.5000000000 1.0000000000 1.0000000000 5.5000000000 0.0000000000
0.9500000000 1.0000000000 1.0000000000 2.0000000000 5.5000000000 1.0000000000 1.0000000000 5.5000000000 0.0000000000
0.9550000000 1.0000000000 1.0000000000 2.0000000000 5.5000000000 1.0000000000 1.0000000000 5.5000000000 0.0000000000
0.9600000000 1.0000000000 1.0000000000 2.0000000000 5.5000000000 1.0000000000 1.0000000000 5.5000000000 0.0000000000
0.9650000000 1.0000000000 1.0000000000 2.0000000000 5.5000000000 1.0000000000 1.0000000000 5.5000000000 0.0000000000
0.9700000000 1.0000000000 1.0000000000 2.0000000000 5.5000000000 1.0000000000 1.0000000000 5.5000000000 0.0000000000
0.9750000000 1.0000000000 1.0000000000 2.0000000000 5.5000000000 1.0000000000 1.0000000000 5.5000000000 0.0000000001
0.9800000000 1.0000000000 1.0000000000 2.0000000000 5.5000000000 1.0000000000 1.0000000000 5.5000000000 0.0000000001
0.9850000000 1.0000000000 1.0000000000 2.0000000000 5.5000000000 1.0000000000 1.0000000000 5.5000000000 0.0000000000
0.9900000000 1.0000000000 1.0000000000 2.0000000000 5.5000000000 1.0000000000 1.0000000000 5.5000000000 0.0000000000
0.9950000000 1.0000000000 1.0000000000 2.0000000000 5.5000000000 1.0000000000 1.0000000000 5.5000000000 0.0000000000
1.0000000000 1.0000000000 1.0000000000 2.0000000000 5.5000000000 1.0000000000 1.0000000000 5.5000000000 0.0000000000
