TITLE = "1D Euler Filtered MacCormack Result"
VARIABLES = "x", "rho", "u", "p", "E", "rho_conserved", "rhou", "rhoE", "nu"
ZONE T="t=0.20000000", I=501, F=POINT
0.0000000000 0.4000000000 0.5000000000 1.0000000000 6.3750000000 0.4000000000 0.2000000000 2.5500000000 0.0000000000
0.0020000000 0.4000000000 0.5000000000 1.0000000000 6.3750000000 0.4000000000 0.2000000000 2.5500000000 0.0000000000
0.0040000000 0.4000000000 0.5000000000 1.0000000000 6.3750000000 0.4000000000 0.2000000000 2.5500000000 0.0000000000
0.0060000000 0.4000000000 0.5000000000 1.0000000000 6.3750000000 0.4000000000 0.2000000000 2.5500000000 0.0000000000
0.0080000000 0.4000000000 0.5000000000 1.0000000000 6.3750000000 0.4000000000 0.2000000000 2.5500000000 0.0000000000
0.0100000000 0.4000000000 0.5000000000 1.0000000000 6.3750000000 0.4000000000 0.2000000000 2.5500000000 0.0000000000
0.0120000000 0.4000000000 0.5000000000 1.0000000000 6.3750000000 0.4000000000 0.2000000000 2.5500000000 0.0000000000
0.0140000000 0.4000000000 0.5000000000 1.0000000000 6.3750000000 0.4000000000 0.2000000000 2.5500000000 0.0000000000
0.0160000000 0.4000000000 0.5000000000 1.0000000000 6.3750000000 0.4000000000 0.2000000000 2.5500000000 0.0000000000
0.0180000000 0.4000000000 0.5000000000 1.0000000000 6.3750000000 0.4000000000 0.2000000000 2.5500000000 0.0000000000
0.0200000000 0.4000000000 0.5000000000 1.0000000000 6.3750000000 0.4000000000 0.2000000000 2.5500000000 0.0000000000
0.0220000000 0.4000000000 0.5000000000 1.0000000000 6.3750000000 0.4000000000 0.2000000000 2.5500000000 0.0000000000
0.0240000000 0.4000000000 0.5000000000 1.0000000000 6.3750000000 0.4000000000 0.2000000000 2.5500000000 0.0000000000
0.0260000000 0.4000000000 0.5000000000 1.0000000000 6.3750000000 0.4000000000 0.2000000000 2.5500000000 0.0000000000
0.0280000000 0.4000000000 0.5000000000 1.0000000000 6.3750000000 0.4000000000 0.2000000000 2.5500000000 0.0000000000
0.0300000000 0.4000000000 0.5000000000 1.0000000000 6.3750000000 0.4000000000 0.2000000000 2.5500000000 0.0000000000
0.0320000000 0.4000000000 0.5000000000 1.0000000000 6.3750000000 0.4000000000 0.2000000000 2.5500000000 0.0000000000
0.0340000000 0.4000000000 0.5000000000 1.0000000000 6.3750000000 0.4000000000 0.2000000000 2.5500000000 0.0000000000
0.0360000000 0.4000000000 0.5000000000 1.0000000000 6.3750000000 0.4000000000 0.2000000000 2.5500000000 0.0000000000
0.0380000000 0.4000000000 0.5000000000 1.0000000000 6.3750000000 0.4000000000 0.2000000000 2.5500000000 0.0000000000
0.0400000000 0.4000000000 0.5000000000 1.0000000000 6.3750000000 0.4000000000 0.2000000000 2.5500000000 0.0000000000
0.0420000000 0.4000000000 0.5000000000 1.0000000000 6.3750000000 0.4000000000 0.2000000000 2.5500000000 0.0000000000
0.0440000000 0.4000000000 0.5000000000 1.0000000000 6.3750000000 0.4000000000 0.2000000000 2.5500000000 0.0000000000
0.0460000000 0.4000000000 0.5000000000 1.0000000000 6.3750000000 0.4000000000 0.2000000000 2.5500000000 0.0000000000
0.0480000000 0.4000000000 0.5000000000 1.0000000000 6.3750000000 0.4000000000 0.2000000000 2.5500000000 0.0000000000
0.0500000000 0.4000000000 0.5000000000 1.0000000000 6.3750000000 0.4000000000 0.2000000000 2.5500000000 0.0000000000
0.0520000000 0.4000000000 0.5000000000 1.0000000000 6.3750000000 0.4000000000 0.2000000000 2.5500000000 0.0000000000
0.0540000000 0.4000000000 0.5000000000 1.0000000000 6.3750000000 0.4000000000 0.2000000000 2.5500000000 0.0000000000
0.0560000000 0.4000000000 0.5000000000 1.0000000000 6.3750000000 0.4000000000 0.2000000000 2.5500000000 0.0000000000
0.0580000000 0.4000000000 0.5000000000 1.0000000000 6.3750000000 0.4000000000 0.2000000000 2.5500000000 0.0000000000
0.0600000000 0.4000000000 0.5000000000 1.0000000000 6.3750000000 0.4000000000 0.2000000000 2.5500000000 0.0000000000
0.0620000000 0.4000000000 0.5000000000 1.0000000000 6.3750000000 0.4000000000 0.2000000000 2.5500000000 0.0000000000
0.0640000000 0.4000000000 0.5000000000 1.0000000000 6.3750000000 0.4000000000 0.2000000000 2.5500000000 0.0000000000
0.0660000000 0.4000000000 0.5000000000 1.0000000000 6.3750000000 0.4000000000 0.2000000000 2.5500000000 0.0000000000
0.0680000000 0.4000000000 0.5000000000 1.0000000000 6.3750000000 0.4000000000 0.2000000000 2.5500000000 0.0000000000
0.0700000000 0.4000000000 0.5000000000 1.0000000000 6.3750000000 0.4000000000 0.2000000000 2.5500000000 0.0000000000
0.0720000000 0.4000000000 0.5000000000 1.0000000000 6.3750000000 0.4000000000 0.2000000000 2.5500000000 0.0000000000
0.0740000000 0.4000000000 0.5000000000 1.0000000000 6.3750000000 0.4000000000 0.2000000000 2.5500000000 0.0000000000
0.0760000000 0.4000000000 0.5000000000 1.0000000000 6.3750000000 0.4000000000 0.2000000000 2.5500000000 0.0000000000
0.0780000000 0.4000000000 0.5000000000 1.0000000000 6.3750000000 0.4000000000 0.2000000000 2.5500000000 0.0000000000
0.0800000000 0.4000000000 0.5000000000 1.0000000000 6.3750000000 0.4000000000 0.2000000000 2.5500000000 0.0000000000
0.0820000000 0.4000000000 0.5000000000 1.0000000000 6.3750000000 0.4000000000 0.2000000000 2.5500000000 0.0000000001
0.0840000000 0.4000000000 0.5000000000 1.0000000000 6.3750000000 0.4000000000 0.2000000000 2.5500000000 0.0000000005
0.0860000000 0.4000000000 0.5000000000 1.0000000000 6.3750000000 0.4000000000 0.2000000000 2.5500000000 0.0000000017
0.0880000000 0.4000000000 0.5000000000 1.0000000000 6.3750000000 0.4000000000 0.2000000000 2.5500000000 0.0000000056
0.0900000000 0.4000000000 0.5000000000 1.0000000000 6.3750000000 0.4000000000 0.2000000000 2.5500000000 0.0000000197
0.0920000000 0.4000000000 0.5000000000 1.0000000000 6.3750000000 0.4000000000 0.2000000000 2.5500000000 0.0000000679
0.0940000000 0.4000000000 0.5000000000 1.0000000000 6.3750000000 0.4000000000 0.2000000000 2.5500000000 0.0000002346
0.0960000000 0.4000000000 0.5000000000 1.0000000000 6.3750000000 0.4000000000 0.2000000000 2.5500000000 0.0000008115
0.0980000000 0.4000000000 0.5000000000 1.0000000000 6.3750000000 0.4000000000 0.2000000000 2.5500000000 0.0000028053
0.1000000000 0.4000000000 0.4999999999 1.0000000000 6.3750000000 0.4000000000 0.2000000000 2.5500000001 0.0000096937
0.1020000000 0.4000000000 0.4999999998 1.0000000001 6.3750000002 0.4000000000 0.1999999999 2.5500000003 0.0000334509
0.1040000000 0.4000000001 0.4999999994 1.0000000005 6.3750000005 0.4000000001 0.1999999998 2.5500000011 0.0001149438
0.1060000000 0.4000000005 0.4999999978 1.0000000016 6.3750000018 0.4000000005 0.1999999994 2.5500000037 0.0003895989
0.1080000000 0.4000000016 0.4999999926 1.0000000055 6.3750000062 0.4000000016 0.1999999978 2.5500000125 0.0012672901
0.1100000000 0.4000000053 0.4999999753 1.0000000185 6.3750000207 0.4000000053 0.1999999928 2.5500000419 0.0037119330
0.1120000000 0.4000000169 0.4999999211 1.0000000591 6.3750000660 0.4000000169 0.1999999769 2.5500001340 0.0088517443
0.1140000000 0.4000000493 0.4999997694 1.0000001725 6.3750001928 0.4000000493 0.1999999324 2.5500003914 0.0159346905
0.1160000000 0.4000001282 0.4999994004 1.0000004487 6.3750005015 0.4000001282 0.1999998243 2.5500010179 0.0223178256
0.1180000000 0.4000002987 0.4999986029 1.0000010455 6.3750011684 0.4000002987 0.1999995905 2.5500023717 0.0267481282
0.1200000000 0.4000006401 0.4999970064 1.0000022402 6.3750025036 0.4000006401 0.1999991226 2.5500050818 0.0295026835
0.1220000000 0.4000012943 0.4999939464 1.0000045301 6.3750050627 0.4000012943 0.1999982257 2.5500102763 0.0311270495
0.1240000000 0.4000025186 0.4999882203 1.0000088152 6.3750098516 0.4000025186 0.1999965474 2.5500199968 0.0320562007
0.1260000000 0.4000047798 0.4999776448 1.0000167292 6.3750186962 0.4000047798 0.1999934477 2.5500379496 0.0325781375
0.1280000000 0.4000089258 0.4999582537 1.0000312405 6.3750349141 0.4000089258 0.1999877640 2.5500708678 0.0328677121
0.1300000000 0.4000164976 0.4999228401 1.0000577425 6.3750645339 0.4000164976 0.1999773836 2.5501309871 0.0330261032
0.1320000000 0.4000302954 0.4998583090 1.0001060364 6.3751185127 0.4000302954 0.1999584670 2.5502405416 0.0331099260
0.1340000000 0.4000554057 0.4997408724 1.0001939286 6.3752167621 0.4000554057 0.1999240375 2.5504399280 0.0331494999
0.1360000000 0.4001010659 0.4995273368 1.0003537597 6.3753954644 0.4001010659 0.1998614199 2.5508025207 0.0331592135
0.1380000000 0.4001840381 0.4991393377 1.0006442298 6.3757203509 0.4001840381 0.1997475958 2.5514615160 0.0331425855
0.1400000000 0.4003346981 0.4984349151 1.0011717619 6.3763107857 0.4003346981 0.1995407913 2.5526584534 0.0330935191
0.1420000000 0.4006079567 0.4971576083 1.0021288977 6.3773833549 0.4006079567 0.1991652936 2.5548305147 0.0329941416
0.1440000000 0.4011026349 0.4948464109 1.0038626664 6.3793304751 0.4011026349 0.1984841993 2.5587662628 0.0328085623
0.1460000000 0.4019951410 0.4906801372 1.0069942282 6.3828611095 0.4019951410 0.1972510310 2.5658791520 0.0324707587
0.1480000000 0.4035957781 0.4832201081 1.0126214794 6.3892488057 0.4035957781 0.1950255955 2.5786738431 0.0318637266
0.1500000000 0.4064359459 0.4700213959 1.0226406245 6.4007539809 0.4064359459 0.1910335906 2.6014964987 0.0307868955
0.1520000000 0.4113822938 0.4471568909 1.0401898605 6.4212837754 0.4113822938 0.1839524275 2.6416024489 0.0289122249
0.1540000000 0.4197259059 0.4089620713 1.0700610041 6.4571951502 0.4197259059 0.1716519759 2.7102520840 0.0257397718
0.1560000000 0.4330752723 0.3489094333 1.1184757461 6.5174586486 0.4330752723 0.1511040479 2.8225501792 0.0205684644
0.1580000000 0.4526989657 0.2631977838 1.1907949321 6.6107225367 0.4526989657 0.1191493645 2.9926672547 0.0123524549
0.1600000000 0.4779091302 0.1579064194 1.2851975775 6.7354899449 0.4779091302 0.0754649196 3.2189521413 0.0010422814
0.1620000000 0.5034501390 0.0563960165 1.3823873995 6.8661598147 0.5034501390 0.0283925824 3.4567691129 0.0217287710
0.1640000000 0.5210925961 -0.0111947315 1.4505616479 6.9592943729 0.5210925961 -0.0058334917 3.6264367720 0.0374892390
0.1660000000 0.5301052381 -0.0450384544 1.4857507960 7.0078814026 0.5301052381 -0.0238751206 3.7149146393 0.0455953234
0.1680000000 0.5339943732 -0.0595126878 1.5010186746 7.0290859138 0.5339943732 -0.0317794404 3.7534923265 0.0506258602
0.1700000000 0.5354988311 -0.0650923612 1.5069396036 7.0373327606 0.5354988311 -0.0348568833 3.7684834674 0.0538229902
0.1720000000 0.5360408256 -0.0670998939 1.5090747435 7.0403100151 0.5360408256 -0.0359682825 3.7738935928 0.0558650867
0.1740000000 0.5362272490 -0.0677899712 1.5098092878 7.0413343178 0.5362272490 -0.0363508298 3.7757553304 0.0570809219
0.1760000000 0.5362895903 -0.0680205563 1.5100548147 7.0416762810 0.5362895903 -0.0364787163 3.7763776880 0.0575005433
0.1780000000 0.5363102181 -0.0680967038 1.5101359195 7.0417887812 0.5363102181 -0.0365209581 3.7765832772 0.0566182128
0.1800000000 0.5363171636 -0.0681222098 1.5101631028 7.0418260678 0.5363171636 -0.0365351103 3.7766521832 0.0526392489
0.1820000000 0.5363197002 -0.0681314169 1.5101729318 7.0418392177 0.5363197002 -0.0365402211 3.7766770981 0.0411171201
0.1840000000 0.5363208664 -0.0681355831 1.5101773941 7.0418449944 0.5363208664 -0.0365425349 3.7766884087 0.0161837808
0.1860000000 0.5363217383 -0.0681387017 1.5101807420 7.0418493694 0.5363217383 -0.0365442669 3.7766968944 0.0122478242
0.1880000000 0.5363228461 -0.0681427580 1.5101850897 7.0418553714 0.5363228461 -0.0365465179 3.7767079145 0.0135560312
0.1900000000 0.5363242535 -0.0681479852 1.5101906853 7.0418633380 0.5363242535 -0.0365494173 3.7767220979 0.0033399238
0.1920000000 0.5363257200 -0.0681534880 1.5101965756 7.0418719214 0.5363257200 -0.0365524685 3.7767370282 0.0074086034
0.1940000000 0.5363269647 -0.0681582133 1.5102016391 7.0418795082 0.5363269647 -0.0365550877 3.7767498624 0.0118230993
0.1960000000 0.5363279417 -0.0681619644 1.5102056662 7.0418857113 0.5363279417 -0.0365571661 3.7767600696 0.0075212800
0.1980000000 0.5363287853 -0.0681652190 1.5102091656 7.0418911736 0.5363287853 -0.0365589691 3.7767689391 0.0000460351
0.2000000000 0.5363296385 -0.0681684958 1.5102126896 7.0418966238 0.5363296385 -0.0365607847 3.7767778709 0.0034364426
0.2020000000 0.5363305599 -0.0681720051 1.5102164620 7.0419023539 0.5363305599 -0.0365627297 3.7767874323 0.0004621571
0.2040000000 0.5363314902 -0.0681755261 1.5102202478 7.0419080299 0.5363314902 -0.0365646815 3.7767970276 0.0047180856
0.2060000000 0.5363323362 -0.0681787126 1.5102236784 7.0419131340 0.5363323362 -0.0365664482 3.7768057226 0.0068523186
0.2080000000 0.5363330762 -0.0681814844 1.5102266691 7.0419175505 0.5363330762 -0.0365679853 3.7768133025 0.0045014368
0.2100000000 0.5363337583 -0.0681840207 1.5102294098 7.0419215464 0.5363337583 -0.0365693921 3.7768202486 0.0005869621
0.2120000000 0.5363344397 -0.0681865359 1.5102321263 7.0419254362 0.5363344397 -0.0365707875 3.7768271334 0.0011057697
0.2140000000 0.5363351407 -0.0681891089 1.5102348980 7.0419293302 0.5363351407 -0.0365722153 3.7768341585 0.0006582259
0.2160000000 0.5363358326 -0.0681916375 1.5102376115 7.0419330701 0.5363358326 -0.0365736187 3.7768410362 0.0035176005
0.2180000000 0.5363364760 -0.0681939790 1.5102401120 7.0419364403 0.5363364760 -0.0365749184 3.7768473747 0.0044389614
0.2200000000 0.5363370646 -0.0681961099 1.5102423748 7.0419394083 0.5363370646 -0.0365761014 3.7768531110 0.0028943472
0.2220000000 0.5363376221 -0.0681981171 1.5102444947 7.0419421079 0.5363376221 -0.0365772160 3.7768584853 0.0007564687
0.2240000000 0.5363381752 -0.0682000958 1.5102465761 7.0419446856 0.5363381752 -0.0365783149 3.7768637626 0.0001096888
0.2260000000 0.5363387307 -0.0682020687 1.5102486467 7.0419471805 0.5363387307 -0.0365794110 3.7768690125 0.0013180418
0.2280000000 0.5363392744 -0.0682039813 1.5102506508 7.0419495161 0.5363392744 -0.0365804739 3.7768740939 0.0028512173
0.2300000000 0.5363397905 -0.0682057743 1.5102525270 7.0419516104 0.5363397905 -0.0365814707 3.7768788513 0.0031155970
0.2320000000 0.5363402786 -0.0682074472 1.5102542757 7.0419534691 0.5363402786 -0.0365824012 3.7768832853 0.0020697856
0.2340000000 0.5363407507 -0.0682090458 1.5102559463 7.0419551681 0.5363407507 -0.0365832908 3.7768875213 0.0009384180
0.2360000000 0.5363412175 -0.0682106118 1.5102575833 7.0419567790 0.5363412175 -0.0365841626 3.7768916724 0.0008265239
0.2380000000 0.5363416784 -0.0682121471 1.5102591891 7.0419583191 0.5363416784 -0.0365850175 3.7768957440 0.0016623679
0.2400000000 0.5363421239 -0.0682136223 1.5102607321 7.0419597649 0.5363421239 -0.0365858390 3.7768996565 0.0024177819
0.2420000000 0.5363425458 -0.0682150151 1.5102621888 7.0419611119 0.5363425458 -0.0365866148 3.7769033502 0.0023065911
0.2440000000 0.5363429438 -0.0682163342 1.5102635684 7.0419624092 0.5363429438 -0.0365873495 3.7769068485 0.0015399524
0.2460000000 0.5363433218 -0.0682176066 1.5102648996 7.0419637391 0.5363433218 -0.0365880577 3.7769102239 0.0009482344
0.2480000000 0.5363436813 -0.0682188502 1.5102662017 7.0419651742 0.5363436813 -0.0365887493 3.7769135254 0.0010769845
0.2500000000 0.5363440180 -0.0682200606 1.5102674697 7.0419667482 0.5363440180 -0.0365894214 3.7769167404 0.0016771534
0.2520000000 0.5363443255 -0.0682212206 1.5102686854 7.0419684576 0.5363443255 -0.0365900645 3.7769198229 0.0020557915
0.2540000000 0.5363446023 -0.0682223219 1.5102698400 7.0419702816 0.5363446023 -0.0365906741 3.7769227504 0.0018429174
0.2560000000 0.5363448539 -0.0682233733 1.5102709428 7.0419721920 0.5363448539 -0.0365912552 3.7769255465 0.0013081160
0.2580000000 0.5363450893 -0.0682243904 1.5102720106 7.0419741490 0.5363450893 -0.0365918168 3.7769282536 0.0009944368
0.2600000000 0.5363453158 -0.0682253815 1.5102730520 7.0419760972 0.5363453158 -0.0365923638 3.7769308940 0.0011492024
0.2620000000 0.5363455366 -0.0682263425 1.5102740628 7.0419779767 0.5363455366 -0.0365928943 3.7769334566 0.0015219887
0.2640000000 0.5363457515 -0.0682272647 1.5102750336 7.0419797435 0.5363457515 -0.0365934036 3.7769359179 0.0016876189
0.2660000000 0.5363459610 -0.0682281456 1.5102759619 7.0419813812 0.5363459610 -0.0365938903 3.7769382713 0.0014967367
0.2680000000 0.5363461669 -0.0682289914 1.5102768541 7.0419828958 0.5363461669 -0.0365943580 3.7769405332 0.0011726489
0.2700000000 0.5363463714 -0.0682298102 1.5102777190 7.0419842991 0.5363463714 -0.0365948111 3.7769427260 0.0010271847
0.2720000000 0.5363465755 -0.0682306057 1.5102785604 7.0419855963 0.5363465755 -0.0365952517 3.7769448590 0.0011420010
0.2740000000 0.5363467785 -0.0682313752 1.5102793756 7.0419867840 0.5363467785 -0.0365956783 3.7769469258 0.0013289524
0.2760000000 0.5363469795 -0.0682321155 1.5102801611 7.0419878576 0.5363469795 -0.0365960891 3.7769489169 0.0013657583
0.2780000000 0.5363471784 -0.0682328267 1.5102809168 7.0419888179 0.5363471784 -0.0365964841 3.7769508329 0.0012229656
0.2800000000 0.5363473763 -0.0682335125 1.5102816470 7.0419896711 0.5363473763 -0.0365968654 3.7769526839 0.0010547339
0.2820000000 0.5363475740 -0.0682341768 1.5102823557 7.0419904238 0.5363475740 -0.0365972352 3.7769544803 0.0010100598
0.2840000000 0.5363477720 -0.0682348207 1.5102830440 7.0419910784 0.5363477720 -0.0365975941 3.7769562251 0.0010856017
0.2860000000 0.5363479696 -0.0682354430 1.5102837107 7.0419916343 0.5363479696 -0.0365979413 3.7769579150 0.0011584440
0.2880000000 0.5363481666 -0.0682360428 1.5102843548 7.0419920918 0.5363481666 -0.0365982765 3.7769595477 0.0011335404
0.2900000000 0.5363483631 -0.0682366212 1.5102849774 7.0419924545 0.5363483631 -0.0365986001 3.7769611259 0.0010344730
0.2920000000 0.5363485594 -0.0682371804 1.5102855809 7.0419927287 0.5363485594 -0.0365989134 3.7769626557 0.0009563283
0.2940000000 0.5363487558 -0.0682377220 1.5102861672 7.0419929206 0.5363487558 -0.0365992173 3.7769641415 0.0009554233
0.2960000000 0.5363489519 -0.0682382464 1.5102867364 7.0419930364 0.5363489519 -0.0365995120 3.7769655841 0.0009993223
0.2980000000 0.5363491469 -0.0682387531 1.5102872880 7.0419930832 0.5363491469 -0.0365997970 3.7769669823 0.0010169423
0.3000000000 0.5363493399 -0.0682392420 1.5102878222 7.0419930730 0.5363493399 -0.0366000724 3.7769683362 0.0009791144
0.3020000000 0.5363495300 -0.0682397142 1.5102883399 7.0419930235 0.5363495300 -0.0366003387 3.7769696482 0.0009209934
0.3040000000 0.5363497157 -0.0682401710 1.5102888424 7.0419929596 0.5363497157 -0.0366005963 3.7769709215 0.0008939897
0.3060000000 0.5363498948 -0.0682406130 1.5102893304 7.0419929125 0.5363498948 -0.0366008456 3.7769721580 0.0009093492
0.3080000000 0.5363500646 -0.0682410401 1.5102898039 7.0419929204 0.5363500646 -0.0366010862 3.7769733578 0.0009328025
0.3100000000 0.5363502217 -0.0682414522 1.5102902629 7.0419930262 0.5363502217 -0.0366013180 3.7769745209 0.0009271237
0.3120000000 0.5363503630 -0.0682418496 1.5102907078 7.0419932730 0.5363503630 -0.0366015408 3.7769756479 0.0008910183
0.3140000000 0.5363504860 -0.0682422333 1.5102911391 7.0419936948 0.5363504860 -0.0366017550 3.7769767406 0.0008554919
0.3160000000 0.5363505899 -0.0682426038 1.5102915574 7.0419943055 0.5363505899 -0.0366019608 3.7769778002 0.0008483796
0.3180000000 0.5363506761 -0.0682429616 1.5102919631 7.0419950902 0.5363506761 -0.0366021586 3.7769788275 0.0008672971
0.3200000000 0.5363507477 -0.0682433065 1.5102923563 7.0419960059 0.5363507477 -0.0366023485 3.7769798233 0.0008853967
0.3220000000 0.5363508097 -0.0682436384 1.5102927375 7.0419969919 0.5363508097 -0.0366025307 3.7769807886 0.0008779256
0.3240000000 0.5363508667 -0.0682439577 1.5102931071 7.0419979882 0.5363508667 -0.0366027059 3.7769817246 0.0008413930
0.3260000000 0.5363509224 -0.0682442650 1.5102934656 7.0419989500 0.5363509224 -0.0366028745 3.7769826322 0.0007915688
0.3280000000 0.5363509784 -0.0682445613 1.5102938130 7.0419998536 0.5363509784 -0.0366030372 3.7769835117 0.0007488565
0.3300000000 0.5363510355 -0.0682448471 1.5102941492 7.0420006912 0.5363510355 -0.0366031944 3.7769843627 0.0007266310
0.3320000000 0.5363510936 -0.0682451232 1.5102944745 7.0420014634 0.5363510936 -0.0366033464 3.7769851861 0.0007284521
0.3340000000 0.5363511528 -0.0682453894 1.5102947896 7.0420021740 0.5363511528 -0.0366034933 3.7769859838 0.0007490533
0.3360000000 0.5363512131 -0.0682456458 1.5102950960 7.0420028278 0.5363512131 -0.0366036349 3.7769867593 0.0007740845
0.3380000000 0.5363512747 -0.0682458921 1.5102953950 7.0420034302 0.5363512747 -0.0366037712 3.7769875160 0.0007809437
0.3400000000 0.5363513375 -0.0682461283 1.5102956876 7.0420039861 0.5363513375 -0.0366039022 3.7769882564 0.0007458240
0.3420000000 0.5363514013 -0.0682463550 1.5102959742 7.0420045002 0.5363514013 -0.0366040281 3.7769889813 0.0006562607
0.3440000000 0.5363514655 -0.0682465734 1.5102962543 7.0420049767 0.5363514655 -0.0366041497 3.7769896897 0.0005207424
0.3460000000 0.5363515297 -0.0682467852 1.5102965268 7.0420054194 0.5363515297 -0.0366042676 3.7769903789 0.0003667317
0.3480000000 0.5363515929 -0.0682469923 1.5102967904 7.0420058324 0.5363515929 -0.0366043830 3.7769910456 0.0002275301
0.3500000000 0.5363516544 -0.0682471966 1.5102970438 7.0420062204 0.5363516544 -0.0366044968 3.7769916865 0.0001277863
0.3520000000 0.5363517133 -0.0682473992 1.5102972859 7.0420065893 0.5363517133 -0.0366046095 3.7769922994 0.0000770845
0.3540000000 0.5363517690 -0.0682476009 1.5102975164 7.0420069466 0.5363517690 -0.0366047215 3.7769928831 0.0000723942
0.3560000000 0.5363518208 -0.0682478017 1.5102977354 7.0420073015 0.5363518208 -0.0366048327 3.7769934381 0.0001036719
0.3580000000 0.5363518680 -0.0682480014 1.5102979435 7.0420076650 0.5363518680 -0.0366049430 3.7769939658 0.0001579995
0.3600000000 0.5363519101 -0.0682481991 1.5102981416 7.0420080501 0.5363519101 -0.0366050520 3.7769944686 0.0002220446
0.3620000000 0.5363519462 -0.0682483942 1.5102983308 7.0420084719 0.5363519462 -0.0366051591 3.7769949487 0.0002843771
0.3640000000 0.5363519752 -0.0682485859 1.5102985120 7.0420089482 0.5363519752 -0.0366052639 3.7769954088 0.0003376565
0.3660000000 0.5363519959 -0.0682487736 1.5102986861 7.0420095004 0.5363519959 -0.0366053660 3.7769958509 0.0003793001
0.3680000000 0.5363520066 -0.0682489568 1.5102988538 7.0420101546 0.5363520066 -0.0366054650 3.7769962770 0.0004100874
0.3700000000 0.5363520050 -0.0682491352 1.5102990159 7.0420109429 0.5363520050 -0.0366055605 3.7769966886 0.0004319936
0.3720000000 0.5363519883 -0.0682493085 1.5102991726 7.0420119047 0.5363519883 -0.0366056523 3.7769970867 0.0004469155
0.3740000000 0.5363519530 -0.0682494765 1.5102993244 7.0420130873 0.5363519530 -0.0366057400 3.7769974723 0.0004565403
0.3760000000 0.5363518950 -0.0682496393 1.5102994715 7.0420145452 0.5363518950 -0.0366058234 3.7769978458 0.0004623743
0.3780000000 0.5363518099 -0.0682497968 1.5102996140 7.0420163368 0.5363518099 -0.0366059020 3.7769982077 0.0004652991
0.3800000000 0.5363516936 -0.0682499489 1.5102997521 7.0420185178 0.5363516936 -0.0366059757 3.7769985582 0.0004651668
0.3820000000 0.5363515426 -0.0682500957 1.5102998859 7.0420211332 0.5363515426 -0.0366060441 3.7769988977 0.0004611318
0.3840000000 0.5363513550 -0.0682502374 1.5103000155 7.0420242091 0.5363513550 -0.0366061073 3.7769992265 0.0004524772
0.3860000000 0.5363511306 -0.0682503741 1.5103001411 7.0420277495 0.5363511306 -0.0366061653 3.7769995449 0.0004390661
0.3880000000 0.5363508704 -0.0682505058 1.5103002629 7.0420317408 0.5363508704 -0.0366062182 3.7769998537 0.0004211308
0.3900000000 0.5363505760 -0.0682506330 1.5103003812 7.0420361647 0.5363505760 -0.0366062663 3.7770001533 0.0003990597
0.3920000000 0.5363502481 -0.0682507559 1.5103004962 7.0420410138 0.5363502481 -0.0366063098 3.7770004447 0.0003737471
0.3940000000 0.5363498856 -0.0682508747 1.5103006083 7.0420463023 0.5363498856 -0.0366063488 3.7770007285 0.0003470592
0.3960000000 0.5363494859 -0.0682509898 1.5103007179 7.0420520673 0.5363494859 -0.0366063833 3.7770010056 0.0003215101
0.3980000000 0.5363490449 -0.0682511014 1.5103008251 7.0420583631 0.5363490449 -0.0366064131 3.7770012768 0.0002991182
0.4000000000 0.5363485577 -0.0682512099 1.5103009304 7.0420652550 0.5363485577 -0.0366064380 3.7770015429 0.0002805739
0.4020000000 0.5363480189 -0.0682513154 1.5103010339 7.0420728163 0.5363480189 -0.0366064578 3.7770018043 0.0002657038
0.4040000000 0.5363474224 -0.0682514182 1.5103011359 7.0420811288 0.5363474224 -0.0366064722 3.7770020615 0.0002547225
0.4060000000 0.5363467611 -0.0682515182 1.5103012363 7.0420902837 0.5363467611 -0.0366064807 3.7770023147 0.0002486909
0.4080000000 0.5363460273 -0.0682516157 1.5103013353 7.0421003833 0.5363460273 -0.0366064829 3.7770025641 0.0002483862
0.4100000000 0.5363452123 -0.0682517106 1.5103014330 7.0421115421 0.5363452123 -0.0366064782 3.7770028098 0.0002526742
0.4120000000 0.5363443062 -0.0682518029 1.5103015292 7.0421238893 0.5363443062 -0.0366064659 3.7770030516 0.0002584037
0.4140000000 0.5363432980 -0.0682518925 1.5103016240 7.0421375701 0.5363432980 -0.0366064451 3.7770032895 0.0002624704
0.4160000000 0.5363421752 -0.0682519793 1.5103017173 7.0421527484 0.5363421752 -0.0366064151 3.7770035234 0.0002643135
0.4180000000 0.5363409237 -0.0682520635 1.5103018091 7.0421696091 0.5363409237 -0.0366063748 3.7770037530 0.0002663471
0.4200000000 0.5363395275 -0.0682521450 1.5103018992 7.0421883604 0.5363395275 -0.0366063232 3.7770039781 0.0002714639
0.4220000000 0.5363379690 -0.0682522237 1.5103019877 7.0422092356 0.5363379690 -0.0366062590 3.7770041985 0.0002796445
0.4240000000 0.5363362283 -0.0682522996 1.5103020746 7.0422324941 0.5363362283 -0.0366061809 3.7770044144 0.0002871346
0.4260000000 0.5363342839 -0.0682523726 1.5103021599 7.0422584177 0.5363342839 -0.0366060874 3.7770046258 0.0002893972
0.4280000000 0.5363321135 -0.0682524428 1.5103022436 7.0422873014 0.5363321135 -0.0366059769 3.7770048326 0.0002855051
0.4300000000 0.5363296954 -0.0682525100 1.5103023256 7.0423194288 0.5363296954 -0.0366058479 3.7770050344 0.0002801915
0.4320000000 0.5363270128 -0.0682525746 1.5103024057 7.0423550206 0.5363270128 -0.0366056994 3.7770052310 0.0002810094
0.4340000000 0.5363240616 -0.0682526363 1.5103024840 7.0423941275 0.5363240616 -0.0366055311 3.7770054221 0.0002919963
0.4360000000 0.5363208671 -0.0682526952 1.5103025605 7.0424364215 0.5363208671 -0.0366053447 3.7770056079 0.0003089712
0.4380000000 0.5363175140 -0.0682527511 1.5103026352 7.0424807886 0.5363175140 -0.0366051458 3.7770057889 0.0003207979
0.4400000000 0.5363142063 -0.0682528039 1.5103027083 7.0425245525 0.5363142063 -0.0366049483 3.7770059659 0.0003162790
0.4420000000 0.5363113787 -0.0682528536 1.5103027798 7.0425620084 0.5363113787 -0.0366047820 3.7770061400 0.0002917330
0.4440000000 0.5363099020 -0.0682529005 1.5103028498 7.0425817217 0.5363099020 -0.0366047064 3.7770063131 0.0002545133
0.4460000000 0.5363114596 -0.0682529451 1.5103029180 7.0425615964 0.5363114596 -0.0366048366 3.7770064890 0.0002201421
0.4480000000 0.5363192281 -0.0682529875 1.5103029846 7.0424599329 0.5363192281 -0.0366053896 3.7770066750 0.0002025258
0.4500000000 0.5363391020 -0.0682530280 1.5103030497 7.0421993685 0.5363391020 -0.0366067678 3.7770068857 0.0002047804
0.4520000000 0.5363818722 -0.0682530667 1.5103031140 7.0416383240 0.5363818722 -0.0366097077 3.7770071474 0.0002171612
0.4540000000 0.5364670626 -0.0682531033 1.5103031780 7.0405207895 0.5364670626 -0.0366155419 3.7770075072 0.0002212659
0.4560000000 0.5366296129 -0.0682531379 1.5103032422 7.0383891544 0.5366296129 -0.0366266550 3.7770080475 0.0002025839
0.4580000000 0.5369313371 -0.0682531707 1.5103033068 7.0344356015 0.5369313371 -0.0366472662 3.7770089129 0.0001582727
0.4600000000 0.5374802687 -0.0682532019 1.5103033715 7.0272539753 0.5374802687 -0.0366847493 3.7770103545 0.0000980710
0.4620000000 0.5384627047 -0.0682532321 1.5103034359 7.0144371594 0.5384627047 -0.0367518200 3.7770128051 0.0000465697
0.4640000000 0.5401949290 -0.0682532620 1.5103034996 6.9919519734 0.5401949290 -0.0368700660 3.7770170001 0.0000264409
0.4660000000 0.5432036352 -0.0682532915 1.5103035622 6.9532380138 0.5432036352 -0.0370754361 3.7770241657 0.0000522090
0.4680000000 0.5483413739 -0.0682533206 1.5103036238 6.8881110706 0.5483413739 -0.0374261196 3.7770362880 0.0001277208
0.4700000000 0.5569307385 -0.0682533485 1.5103036852 6.7819141384 0.5569307385 -0.0380123878 3.7770564494 0.0002316781
0.4720000000 0.5709012633 -0.0682533744 1.5103037476 6.6160111920 0.5709012633 -0.0389659377 3.7770891474 0.0003453437
0.4740000000 0.5928285327 -0.0682533971 1.5103038125 6.3713876382 0.5928285327 -0.0404625613 3.7771403848 0.0004379882
0.4760000000 0.6257207780 -0.0682534159 1.5103038815 6.0365858159 0.6257207780 -0.0427075805 3.7772171729 0.0004720409
0.4780000000 0.6723558602 -0.0682534304 1.5103039563 5.6180457545 0.6723558602 -0.0458905939 3.7773259859 0.0004375733
0.4800000000 0.7341346154 -0.0682534409 1.5103040379 5.1454733372 0.7341346154 -0.0501072136 3.7774700895 0.0002991639
0.4820000000 0.8098110918 -0.0682534486 1.5103041261 4.6648491475 0.8098110918 -0.0552723997 3.7776465813 0.0000699250
0.4840000000 0.8949377403 -0.0682534556 1.5103042192 4.2213496276 0.8949377403 -0.0610825933 3.7778450970 0.0001911121
0.4860000000 0.9828153031 -0.0682534642 1.5103043133 3.8441098865 0.9828153031 -0.0670805491 3.7780500231 0.0004329048
0.4880000000 1.0666504806 -0.0682534765 1.5103044036 3.5421589295 1.0666504806 -0.0728026036 3.7782455245 0.0005466991
0.4900000000 1.1416146298 -0.0682534938 1.5103044861 3.3097161205 1.1416146298 -0.0779191871 3.7784203437 0.0005086007
0.4920000000 1.2056100116 -0.0682535158 1.5103045587 3.1341557825 1.2056100116 -0.0822871219 3.7785695895 0.0004034500
0.4940000000 1.2586162940 -0.0682535415 1.5103046211 3.0022598879 1.2586162940 -0.0859050194 3.7786932136 0.0002517498
0.4960000000 1.3016424579 -0.0682535696 1.5103046748 2.9030964282 1.3016424579 -0.0888417441 3.7787935702 0.0000843320
0.4980000000 1.3360140049 -0.0682535986 1.5103047232 2.8284686691 1.3360140049 -0.0911877636 3.7788737544 0.0000016606
0.5000000000 1.3630603119 -0.0682536277 1.5103047692 2.7723915351 1.3630603119 -0.0930338110 3.7789368705 0.0000132747
0.5020000000 1.3840215515 -0.0682536567 1.5103048153 2.7304385607 1.3840215515 -0.0944645318 3.7789858130 0.0000505073
0.5040000000 1.4000279191 -0.0682536853 1.5103048636 2.6992484710 1.4000279191 -0.0955570649 3.7790232199 0.0001186709
0.5060000000 1.4120684582 -0.0682537128 1.5103049157 2.6762522571 1.4120684582 -0.0963789150 3.7790513985 0.0001578489
0.5080000000 1.4210045157 -0.0682537388 1.5103049710 2.6594372590 1.4210045157 -0.0969888711 3.7790723542 0.0001952917
0.5100000000 1.4275691477 -0.0682537630 1.5103050285 2.6472187334 1.4275691477 -0.0974369663 3.7790877910 0.0002881033
0.5120000000 1.4323455942 -0.0682537846 1.5103050874 2.6383989180 1.4323455942 -0.0977630077 3.7790990660 0.0003872558
0.5140000000 1.4357642834 -0.0682538027 1.5103051478 2.6321222959 1.4357642834 -0.0979963721 3.7791071820 0.0004092164
0.5160000000 1.4381961251 -0.0682538171 1.5103052091 2.6276756942 1.4381961251 -0.0981623752 3.7791130013 0.0003738880
0.5180000000 1.4399062633 -0.0682538281 1.5103052705 2.6245577477 1.4399062633 -0.0982791145 3.7791171393 0.0003637122
0.5200000000 1.4410951232 -0.0682538358 1.5103053318 2.6223945954 1.4410951232 -0.0983602700 3.7791200624 0.0003961963
0.5220000000 1.4419208501 -0.0682538401 1.5103053937 2.6208943026 1.4419208501 -0.0984166352 3.7791221408 0.0004308096
0.5240000000 1.4424965310 -0.0682538406 1.5103054566 2.6198493779 1.4424965310 -0.0984559284 3.7791236392 0.0004335520
0.5260000000 1.4428985306 -0.0682538374 1.5103055208 2.6191202329 1.4428985306 -0.0984833616 3.7791247356 0.0003795233
0.5280000000 1.4431772181 -0.0682538307 1.5103055856 2.6186150243 1.4431772181 -0.0985023735 3.7791255462 0.0002721350
0.5300000000 1.4433697243 -0.0682538217 1.5103056508 2.6182661954 1.4433697243 -0.0985154997 3.7791261566 0.0001936866
0.5320000000 1.4435047583 -0.0682538109 1.5103057171 2.6180215993 1.4435047583 -0.0985247008 3.7791266359 0.0002281814
0.5340000000 1.4435993547 -0.0682537982 1.5103057874 2.6178503187 1.4435993547 -0.0985311391 3.7791270306 0.0002998705
0.5360000000 1.4436662433 -0.0682537828 1.5103058642 2.6177292670 1.4436662433 -0.0985356823 3.7791273769 0.0002403570
0.5380000000 1.4437140230 -0.0682537653 1.5103059471 2.6176428529 1.4437140230 -0.0985389180 3.7791276939 0.0000597415
0.5400000000 1.4437496291 -0.0682537471 1.5103060330 2.6175785008 1.4437496291 -0.0985413220 3.7791279898 0.0000101619
0.5420000000 1.4437760928 -0.0682537290 1.5103061196 2.6175307133 1.4437760928 -0.0985431021 3.7791282661 0.0001668836
0.5440000000 1.4437964910 -0.0682537094 1.5103062079 2.6174939169 1.4437964910 -0.0985444661 3.7791285324 0.0004242534
0.5460000000 1.4438125639 -0.0682536859 1.5103063001 2.6174649623 1.4438125639 -0.0985455293 3.7791287981 0.0005239212
0.5480000000 1.4438253777 -0.0682536577 1.5103063964 2.6174419179 1.4438253777 -0.0985463631 3.7791290659 0.0004693031
0.5500000000 1.4438359054 -0.0682536251 1.5103064954 2.6174230192 1.4438359054 -0.0985470345 3.7791293348 0.0004037013
0.5520000000 1.4438446606 -0.0682535886 1.5103065965 2.6174073343 1.4438446606 -0.0985475795 3.7791296042 0.0003215710
0.5540000000 1.4438521218 -0.0682535492 1.5103066988 2.6173939952 1.4438521218 -0.0985480318 3.7791298735 0.0001359799
0.5560000000 1.4438585182 -0.0682535083 1.5103067997 2.6173825821 1.4438585182 -0.0985484094 3.7791301367 0.0000410333
0.5580000000 1.4438640917 -0.0682534679 1.5103068966 2.6173726527 1.4438640917 -0.0985487315 3.7791303878 0.0000438843
0.5600000000 1.4438689805 -0.0682534272 1.5103069915 2.6173639600 1.4438689805 -0.0985490063 3.7791306325 0.0004007479
0.5620000000 1.4438732938 -0.0682533828 1.5103070918 2.6173563186 1.4438732938 -0.0985492366 3.7791308889 0.0006830704
0.5640000000 1.4438771298 -0.0682533319 1.5103072037 2.6173495616 1.4438771298 -0.0985494250 3.7791311725 0.0005825752
0.5660000000 1.4438805522 -0.0682532754 1.5103073266 2.6173435722 1.4438805522 -0.0985495770 3.7791314823 0.0002562703
0.5680000000 1.4438836210 -0.0682532163 1.5103074558 2.6173382339 1.4438836210 -0.0985497011 3.7791318066 0.0001065282
0.5700000000 1.4438863726 -0.0682531561 1.5103075893 2.6173334776 1.4438863726 -0.0985498020 3.7791321408 0.0001572125
0.5720000000 1.4438888514 -0.0682530944 1.5103077285 2.6173292249 1.4438888514 -0.0985498821 3.7791324884 0.0000232726
0.5740000000 1.4438910866 -0.0682530323 1.5103078706 2.6173254186 1.4438910866 -0.0985499450 3.7791328427 0.0004275941
0.5760000000 1.4438930993 -0.0682529742 1.5103080060 2.6173220041 1.4438930993 -0.0985499984 3.7791331804 0.0007922681
0.5780000000 1.4438949090 -0.0682529236 1.5103081262 2.6173189313 1.4438949090 -0.0985500489 3.7791334800 0.0005980641
0.5800000000 1.4438965349 -0.0682528789 1.5103082324 2.6173161673 1.4438965349 -0.0985500954 3.7791337448 0.0000276012
0.5820000000 1.4438980055 -0.0682528346 1.5103083332 2.6173136755 1.4438980055 -0.0985501317 3.7791339958 0.0001529855
0.5840000000 1.4438993354 -0.0682527888 1.5103084315 2.6173114342 1.4438993354 -0.0985501563 3.7791342403 0.0002759716
0.5860000000 1.4439005356 -0.0682527454 1.5103085205 2.6173094116 1.4439005356 -0.0985501757 3.7791344613 0.0006287921
0.5880000000 1.4439016148 -0.0682527081 1.5103085949 2.6173075834 1.4439016148 -0.0985501954 3.7791346461 0.0002353088
0.5900000000 1.4439025883 -0.0682526731 1.5103086629 2.6173059357 1.4439025883 -0.0985502114 3.7791348149 0.0005122798
0.5920000000 1.4439034789 -0.0682526336 1.5103087392 2.6173044522 1.4439034789 -0.0985502152 3.7791350038 0.0005946404
0.5940000000 1.4439042964 -0.0682525884 1.5103088271 2.6173031207 1.4439042964 -0.0985502056 3.7791352210 0.0001653339
0.5960000000 1.4439050427 -0.0682525445 1.5103089143 2.6173019171 1.4439050427 -0.0985501932 3.7791354364 0.0007445761
0.5980000000 1.4439057167 -0.0682525076 1.5103089906 2.6173008261 1.4439057167 -0.0985501859 3.7791356251 0.0002292904
0.6000000000 1.4439063300 -0.0682524731 1.5103090648 2.6172998415 1.4439063300 -0.0985501780 3.7791358087 0.0008041264
0.6020000000 1.4439069015 -0.0682524313 1.5103091552 2.6172989602 1.4439069015 -0.0985501566 3.7791360319 0.0009044815
0.6040000000 1.4439074370 -0.0682523807 1.5103092649 2.6172981768 1.4439074370 -0.0985501202 3.7791363024 0.0002249911
0.6060000000 1.4439079300 -0.0682523319 1.5103093744 2.6172974703 1.4439079300 -0.0985500833 3.7791365724 0.0011335997
0.6080000000 1.4439083724 -0.0682522937 1.5103094663 2.6172968256 1.4439083724 -0.0985500583 3.7791367996 0.0003995257
0.6100000000 1.4439087745 -0.0682522596 1.5103095505 2.6172962408 1.4439087745 -0.0985500366 3.7791370075 0.0012718097
0.6120000000 1.4439091580 -0.0682522140 1.5103096525 2.6172957197 1.4439091580 -0.0985499968 3.7791372590 0.0016972415
0.6140000000 1.4439095285 -0.0682521516 1.5103097786 2.6172952628 1.4439095285 -0.0985499320 3.7791375688 0.0000887819
0.6160000000 1.4439098688 -0.0682520877 1.5103098995 2.6172948516 1.4439098688 -0.0985498629 3.7791378656 0.0016139179
0.6180000000 1.4439101613 -0.0682520392 1.5103099854 2.6172944671 1.4439101613 -0.0985498129 3.7791380763 0.0009737621
0.6200000000 1.4439104173 -0.0682520006 1.5103100486 2.6172941103 1.4439104173 -0.0985497747 3.7791382311 0.0015972516
0.6220000000 1.4439106718 -0.0682519476 1.5103101360 2.6172937973 1.4439106718 -0.0985497155 3.7791384450 0.0026693347
0.6240000000 1.4439109421 -0.0682518681 1.5103102717 2.6172935373 1.4439109421 -0.0985496191 3.7791387771 0.0002134918
0.6260000000 1.4439112023 -0.0682517852 1.5103104156 2.6172933095 1.4439112023 -0.0985495172 3.7791391293 0.0033485336
0.6280000000 1.4439114109 -0.0682517346 1.5103105052 2.6172930833 1.4439114109 -0.0985494584 3.7791393487 0.0036371178
0.6300000000 1.4439115653 -0.0682517187 1.5103105368 2.6172928573 1.4439115653 -0.0985494460 3.7791394265 0.0018458526
0.6320000000 1.4439117284 -0.0682516878 1.5103105985 2.6172926668 1.4439117284 -0.0985494126 3.7791395781 0.0066320228
0.6340000000 1.4439119609 -0.0682515923 1.5103107768 2.6172925479 1.4439119609 -0.0985492904 3.7791400151 0.0032994912
0.6360000000 1.4439122317 -0.0682514587 1.5103110241 2.6172924765 1.4439122317 -0.0985491160 3.7791406207 0.0068325481
0.6380000000 1.4439124157 -0.0682513929 1.5103111538 2.6172923632 1.4439124157 -0.0985490336 3.7791409388 0.0193285534
0.6400000000 1.4439123577 -0.0682515257 1.5103109383 2.6172921043 1.4439123577 -0.0985492213 3.7791404131 0.0293044081
0.6420000000 1.4439117796 -0.0682520898 1.5103099716 2.6172915160 1.4439117796 -0.0985499964 3.7791380505 0.0341923460
0.6440000000 1.4439101187 -0.0682535557 1.5103074312 2.6172902256 1.4439101187 -0.0985519997 3.7791318402 0.0368224682
0.6460000000 1.4439062294 -0.0682568809 1.5103016408 2.6172874705 1.4439062294 -0.0985565355 3.7791176828 0.0381808390
0.6480000000 1.4438977646 -0.0682640283 1.5102891632 2.6172816846 1.4438977646 -0.0985662778 3.7790871736 0.0388689989
0.6500000000 1.4438799102 -0.0682790302 1.5102629467 2.6172696517 1.4438799102 -0.0985867199 3.7790230697 0.0392088296
0.6520000000 1.4438427876 -0.0683101698 1.5102085209 2.6172447732 1.4438427876 -0.0986291460 3.7788899892 0.0393672689
0.6540000000 1.4437661203 -0.0683744539 1.5100961888 2.6171935119 1.4437661203 -0.0987167201 3.7786153228 0.0394313768
0.6560000000 1.4436083001 -0.0685067758 1.5098650221 2.6170881052 1.4436083001 -0.0988969502 3.7780501107 0.0394429816
0.6580000000 1.4432840414 -0.0687786583 1.5093901612 2.6168716796 1.4432840414 -0.0992671399 3.7768891334 0.0394133738
0.6600000000 1.4426189623 -0.0693364246 1.5084163800 2.6164280192 1.4426189623 -0.1000260409 3.7745086740 0.0393289441
0.6620000000 1.4412582324 -0.0704782448 1.5064246075 2.6155208905 1.4412582324 -0.1015773505 3.7696410155 0.0391469773
0.6640000000 1.4384867438 -0.0728068480 1.5023698232 2.6136752154 1.4384867438 -0.1047316857 3.7597371499 0.0387794213
0.6660000000 1.4328904230 -0.0775212749 1.4941900993 2.6099558628 1.4328904230 -0.1110794924 3.7397807602 0.0380648964
0.6680000000 1.4217754315 -0.0869339087 1.4779752880 2.6025986067 1.4217754315 -0.1236004955 3.7003107570 0.0367027287
0.6700000000 1.4003799094 -0.1052395967 1.4468801141 2.5885512394 1.4003799094 -0.1473754169 3.6249551501 0.0341439124
0.6720000000 1.3614965879 -0.1391537144 1.3907776578 2.5634482081 1.3614965879 -0.1894573074 3.4901259886 0.0294581215
0.6740000000 1.2975982523 -0.1967542729 1.2997892883 2.5235774516 1.2975982523 -0.2553080006 3.2745896907 0.0152366801
0.6760000000 1.2164860281 -0.2729432722 1.1871521689 2.4769650113 1.2164860281 -0.3320316771 3.0131933284 0.0040205911
0.6780000000 1.1445799971 -0.3444990334 1.0892596982 2.4385087907 1.1445799971 -0.3943067027 2.7910683845 0.0144541482
0.6800000000 1.0911253343 -0.4002736553 1.0178609948 2.4122453295 1.0911253343 -0.4367487259 2.6320619915 0.0209363523
0.6820000000 1.0552060816 -0.4389287583 0.9707389464 2.3962092302 1.0552060816 -0.4631602951 2.5284945525 0.0251333788
0.6840000000 1.0325876890 -0.4637222743 0.9414860454 2.3869528129 1.0325876890 -0.4788339115 2.4647380888 0.0277740718
0.6860000000 1.0189242637 -0.4788569897 0.9239911661 2.3817271950 1.0189242637 -0.4879190056 2.4267996284 0.0293795469
0.6880000000 1.0108807784 -0.4878187450 0.9137588506 2.3787922132 1.0108807784 -0.4931265927 2.4046753242 0.0303303670
0.6900000000 1.0062189276 -0.4930297582 0.9078519952 2.3771417302 1.0062189276 -0.4960958745 2.3919250024 0.0308835702
0.6920000000 1.0035417699 -0.4960277563 0.9044678896 2.3762112131 1.0035417699 -0.4977845725 2.3846272063 0.0312014811
0.6940000000 1.0020125913 -0.4977419605 0.9025375679 2.3756854723 1.0020125913 -0.4987437116 2.3804667562 0.0313819938
0.6960000000 1.0011418572 -0.4987186180 0.9014392893 2.3753880008 1.0011418572 -0.4992880834 2.3781003546 0.0314821776
0.6980000000 1.0006469659 -0.4992738945 0.9008153536 2.3752195449 1.0006469659 -0.4995969077 2.3767562309 0.0315340456
0.7000000000 1.0003660148 -0.4995891851 0.9004612353 2.3751241113 1.0003660148 -0.4997720421 2.3759934419 0.0315540726
0.7020000000 1.0002066518 -0.4997680453 0.9002603994 2.3750700430 1.0002066518 -0.4998713232 2.3755608554 0.0315482771
0.7040000000 1.0001163275 -0.4998694263 0.9001465784 2.3750394186 1.0001163275 -0.4999275749 2.3753157009 0.0315140921
0.7060000000 1.0000651829 -0.4999268335 0.9000821322 2.3750220847 1.0000651829 -0.4999594202 2.3751768955 0.0314395152
0.7080000000 1.0000362657 -0.4999592922 0.9000456953 2.3750122863 1.0000362657 -0.4999774236 2.3750984177 0.0312992954
0.7100000000 1.0000199556 -0.4999776000 0.9000251443 2.3750067604 1.0000199556 -0.4999875773 2.3750541552 0.0310471565
0.7120000000 1.0000107950 -0.4999878827 0.9000136017 2.3750036569 1.0000107950 -0.4999932801 2.3750292950 0.0306023215
0.7140000000 1.0000056876 -0.4999936157 0.9000071664 2.3750019267 1.0000056876 -0.4999964594 2.3750154349 0.0298283634
0.7160000000 1.0000028771 -0.4999967704 0.9000036252 2.3750009746 1.0000028771 -0.4999982090 2.3750078078 0.0285043997
0.7180000000 1.0000013664 -0.4999984662 0.9000017217 2.3750004629 1.0000013664 -0.4999991494 2.3750037081 0.0262973757
0.7200000000 1.0000005883 -0.4999993396 0.9000007413 2.3750001993 1.0000005883 -0.4999996338 2.3750015966 0.0227671661
0.7220000000 1.0000002181 -0.4999997552 0.9000002748 2.3750000739 1.0000002181 -0.4999998642 2.3750005919 0.0174733869
0.7240000000 1.0000000660 -0.4999999259 0.9000000832 2.3750000224 1.0000000660 -0.4999999589 2.3750001792 0.0105094828
0.7260000000 1.0000000164 -0.4999999815 0.9000000207 2.3750000056 1.0000000164 -0.4999999898 2.3750000446 0.0042668683
0.7280000000 1.0000000037 -0.4999999959 0.9000000046 2.3750000012 1.0000000037 -0.4999999977 2.3750000099 0.0011975849
0.7300000000 1.0000000008 -0.4999999991 0.9000000010 2.3750000003 1.0000000008 -0.4999999995 2.3750000021 0.0002760006
0.7320000000 1.0000000002 -0.4999999998 0.9000000002 2.3750000001 1.0000000002 -0.4999999999 2.3750000004 0.0000593728
0.7340000000 1.0000000000 -0.5000000000 0.9000000000 2.3750000000 1.0000000000 -0.5000000000 2.3750000001 0.0000125352
0.7360000000 1.0000000000 -0.5000000000 0.9000000000 2.3750000000 1.0000000000 -0.5000000000 2.3750000000 0.0000026334
0.7380000000 1.0000000000 -0.5000000000 0.9000000000 2.3750000000 1.0000000000 -0.5000000000 2.3750000000 0.0000005524
0.7400000000 1.0000000000 -0.5000000000 0.9000000000 2.3750000000 1.0000000000 -0.5000000000 2.3750000000 0.0000001155
0.7420000000 1.0000000000 -0.5000000000 0.9000000000 2.3750000000 1.0000000000 -0.5000000000 2.3750000000 0.0000000241
0.7440000000 1.0000000000 -0.5000000000 0.9000000000 2.3750000000 1.0000000000 -0.5000000000 2.3750000000 0.0000000052
0.7460000000 1.0000000000 -0.5000000000 0.9000000000 2.3750000000 1.0000000000 -0.5000000000 2.3750000000 0.0000000011
0.7480000000 1.0000000000 -0.5000000000 0.9000000000 2.3750000000 1.0000000000 -0.5000000000 2.3750000000 0.0000000002
0.7500000000 1.0000000000 -0.5000000000 0.9000000000 2.3750000000 1.0000000000 -0.5000000000 2.3750000000 0.0000000000
0.7520000000 1.0000000000 -0.5000000000 0.9000000000 2.3750000000 1.0000000000 -0.5000000000 2.3750000000 0.0000000000
0.7540000000 1.0000000000 -0.5000000000 0.9000000000 2.3750000000 1.0000000000 -0.5000000000 2.3750000000 0.0000000000
0.7560000000 1.0000000000 -0.5000000000 0.9000000000 2.3750000000 1.0000000000 -0.5000000000 2.3750000000 0.0000000000
0.7580000000 1.0000000000 -0.5000000000 0.9000000000 2.3750000000 1.0000000000 -0.5000000000 2.3750000000 0.0000000000
0.7600000000 1.0000000000 -0.5000000000 0.9000000000 2.3750000000 1.0000000000 -0.5000000000 2.3750000000 0.0000000000
0.7620000000 1.0000000000 -0.5000000000 0.9000000000 2.3750000000 1.0000000000 -0.5000000000 2.3750000000 0.0000000000
0.7640000000 1.0000000000 -0.5000000000 0.9000000000 2.3750000000 1.0000000000 -0.5000000000 2.3750000000 0.0000000000
0.7660000000 1.0000000000 -0.5000000000 0.9000000000 2.3750000000 1.0000000000 -0.5000000000 2.3750000000 0.0000000000
0.7680000000 1.0000000000 -0.5000000000 0.9000000000 2.3750000000 1.0000000000 -0.5000000000 2.3750000000 0.0000000000
0.7700000000 1.0000000000 -0.5000000000 0.9000000000 2.3750000000 1.0000000000 -0.5000000000 2.3750000000 0.0000000000
0.7720000000 1.0000000000 -0.5000000000 0.9000000000 2.3750000000 1.0000000000 -0.5000000000 2.3750000000 0.0000000000
0.7740000000 1.0000000000 -0.5000000000 0.9000000000 2.3750000000 1.0000000000 -0.5000000000 2.3750000000 0.0000000000
0.7760000000 1.0000000000 -0.5000000000 0.9000000000 2.3750000000 1.0000000000 -0.5000000000 2.3750000000 0.0000000000
0.7780000000 1.0000000000 -0.5000000000 0.9000000000 2.3750000000 1.0000000000 -0.5000000000 2.3750000000 0.0000000000
0.7800000000 1.0000000000 -0.5000000000 0.9000000000 2.3750000000 1.0000000000 -0.5000000000 2.3750000000 0.0000000000
0.7820000000 1.0000000000 -0.5000000000 0.9000000000 2.3750000000 1.0000000000 -0.5000000000 2.3750000000 0.0000000000
0.7840000000 1.0000000000 -0.5000000000 0.9000000000 2.3750000000 1.0000000000 -0.5000000000 2.3750000000 0.0000000000
0.7860000000 1.0000000000 -0.5000000000 0.9000000000 2.3750000000 1.0000000000 -0.5000000000 2.3750000000 0.0000000000
0.7880000000 1.0000000000 -0.5000000000 0.9000000000 2.3750000000 1.0000000000 -0.5000000000 2.3750000000 0.0000000000
0.7900000000 1.0000000000 -0.5000000000 0.9000000000 2.3750000000 1.0000000000 -0.5000000000 2.3750000000 0.0000000000
0.7920000000 1.0000000000 -0.5000000000 0.9000000000 2.3750000000 1.0000000000 -0.5000000000 2.3750000000 0.0000000000
0.7940000000 1.0000000000 -0.5000000000 0.9000000000 2.3750000000 1.0000000000 -0.5000000000 2.3750000000 0.0000000000
0.7960000000 1.0000000000 -0.5000000000 0.9000000000 2.3750000000 1.0000000000 -0.5000000000 2.3750000000 0.0000000000
0.7980000000 1.0000000000 -0.5000000000 0.9000000000 2.3750000000 1.0000000000 -0.5000000000 2.3750000000 0.0000000000
0.8000000000 1.0000000000 -0.5000000000 0.9000000000 2.3750000000 1.0000000000 -0.5000000000 2.3750000000 0.0000000000
0.8020000000 1.0000000000 -0.5000000000 0.9000000000 2.3750000000 1.0000000000 -0.5000000000 2.3750000000 0.0000000000
0.8040000000 1.0000000000 -0.5000000000 0.9000000000 2.3750000000 1.0000000000 -0.5000000000 2.3750000000 0.0000000000
0.8060000000 1.0000000000 -0.5000000000 0.9000000000 2.3750000000 1.0000000000 -0.5000000000 2.3750000000 0.0000000000
0.8080000000 1.0000000000 -0.5000000000 0.9000000000 2.3750000000 1.0000000000 -0.5000000000 2.3750000000 0.0000000000
0.8100000000 1.0000000000 -0.5000000000 0.9000000000 2.3750000000 1.0000000000 -0.5000000000 2.3750000000 0.0000000000
0.8120000000 1.0000000000 -0.5000000000 0.9000000000 2.3750000000 1.0000000000 -0.5000000000 2.3750000000 0.0000000000
0.8140000000 1.0000000000 -0.5000000000 0.9000000000 2.3750000000 1.0000000000 -0.5000000000 2.3750000000 0.0000000000
0.8160000000 1.0000000000 -0.5000000000 0.9000000000 2.3750000000 1.0000000000 -0.5000000000 2.3750000000 0.0000000000
0.8180000000 1.0000000000 -0.5000000000 0.9000000000 2.3750000000 1.0000000000 -0.5000000000 2.3750000000 0.0000000000
0.8200000000 1.0000000000 -0.5000000000 0.9000000000 2.3750000000 1.0000000000 -0.5000000000 2.3750000000 0.0000000000
0.8220000000 1.0000000000 -0.5000000000 0.9000000000 2.3750000000 1.0000000000 -0.5000000000 2.3750000000 0.0000000000
0.8240000000 1.0000000000 -0.5000000000 0.9000000000 2.3750000000 1.0000000000 -0.5000000000 2.3750000000 0.0000000000
0.8260000000 1.0000000000 -0.5000000000 0.9000000000 2.3750000000 1.0000000000 -0.5000000000 2.3750000000 0.0000000000
0.8280000000 1.0000000000 -0.5000000000 0.9000000000 2.3750000000 1.0000000000 -0.5000000000 2.3750000000 0.0000000000
0.8300000000 1.0000000000 -0.5000000000 0.9000000000 2.3750000000 1.0000000000 -0.5000000000 2.3750000000 0.0000000000
0.8320000000 1.0000000000 -0.5000000000 0.9000000000 2.3750000000 1.0000000000 -0.5000000000 2.3750000000 0.0000000000
0.8340000000 1.0000000000 -0.5000000000 0.9000000000 2.3750000000 1.0000000000 -0.5000000000 2.3750000000 0.0000000000
0.8360000000 1.0000000000 -0.5000000000 0.9000000000 2.3750000000 1.0000000000 -0.5000000000 2.3750000000 0.0000000000
0.8380000000 1.0000000000 -0.5000000000 0.9000000000 2.3750000000 1.0000000000 -0.5000000000 2.3750000000 0.0000000000
0.8400000000 1.0000000000 -0.5000000000 0.9000000000 2.3750000000 1.0000000000 -0.5000000000 2.3750000000 0.0000000000
0.8420000000 1.0000000000 -0.5000000000 0.9000000000 2.3750000000 1.0000000000 -0.5000000000 2.3750000000 0.0000000000
0.8440000000 1.0000000000 -0.5000000000 0.9000000000 2.3750000000 1.0000000000 -0.5000000000 2.3750000000 0.0000000000
0.8460000000 1.0000000000 -0.5000000000 0.9000000000 2.3750000000 1.0000000000 -0.5000000000 2.3750000000 0.0000000000
0.8480000000 1.0000000000 -0.5000000000 0.9000000000 2.3750000000 1.0000000000 -0.5000000000 2.3750000000 0.0000000000
0.8500000000 1.0000000000 -0.5000000000 0.9000000000 2.3750000000 1.0000000000 -0.5000000000 2.3750000000 0.0000000000
0.8520000000 1.0000000000 -0.5000000000 0.9000000000 2.3750000000 1.0000000000 -0.5000000000 2.3750000000 0.0000000000
0.8540000000 1.0000000000 -0.5000000000 0.9000000000 2.3750000000 1.0000000000 -0.5000000000 2.3750000000 0.0000000000
0.8560000000 1.0000000000 -0.5000000000 0.9000000000 2.3750000000 1.0000000000 -0.5000000000 2.3750000000 0.0000000000
0.8580000000 1.0000000000 -0.5000000000 0.9000000000 2.3750000000 1.0000000000 -0.5000000000 2.3750000000 0.0000000000
0.8600000000 1.0000000000 -0.5000000000 0.9000000000 2.3750000000 1.0000000000 -0.5000000000 2.3750000000 0.0000000000
0.8620000000 1.0000000000 -0.5000000000 0.9000000000 2.3750000000 1.0000000000 -0.5000000000 2.3750000000 0.0000000000
0.8640000000 1.0000000000 -0.5000000000 0.9000000000 2.3750000000 1.0000000000 -0.5000000000 2.3750000000 0.0000000000
0.8660000000 1.0000000000 -0.5000000000 0.9000000000 2.3750000000 1.0000000000 -0.5000000000 2.3750000000 0.0000000000
0.8680000000 1.0000000000 -0.5000000000 0.9000000000 2.3750000000 1.0000000000 -0.5000000000 2.3750000000 0.0000000000
0.8700000000 1.0000000000 -0.5000000000 0.9000000000 2.3750000000 1.0000000000 -0.5000000000 2.3750000000 0.0000000000
0.8720000000 1.0000000000 -0.5000000000 0.9000000000 2.3750000000 1.0000000000 -0.5000000000 2.3750000000 0.0000000000
0.8740000000 1.0000000000 -0.5000000000 0.9000000000 2.3750000000 1.0000000000 -0.5000000000 2.3750000000 0.0000000000
0.8760000000 1.0000000000 -0.5000000000 0.9000000000 2.3750000000 1.0000000000 -0.5000000000 2.3750000000 0.0000000000
0.8780000000 1.0000000000 -0.5000000000 0.9000000000 2.3750000000 1.0000000000 -0.5000000000 2.3750000000 0.0000000000
0.8800000000 1.0000000000 -0.5000000000 0.9000000000 2.3750000000 1.0000000000 -0.5000000000 2.3750000000 0.0000000000
0.8820000000 1.0000000000 -0.5000000000 0.9000000000 2.3750000000 1.0000000000 -0.5000000000 2.3750000000 0.0000000000
0.8840000000 1.0000000000 -0.5000000000 0.9000000000 2.3750000000 1.0000000000 -0.5000000000 2.3750000000 0.0000000000
0.8860000000 1.0000000000 -0.5000000000 0.9000000000 2.3750000000 1.0000000000 -0.5000000000 2.3750000000 0.0000000000
0.8880000000 1.0000000000 -0.5000000000 0.9000000000 2.3750000000 1.0000000000 -0.5000000000 2.3750000000 0.0000000000
0.8900000000 1.0000000000 -0.5000000000 0.9000000000 2.3750000000 1.0000000000 -0.5000000000 2.3750000000 0.0000000000
0.8920000000 1.0000000000 -0.5000000000 0.9000000000 2.3750000000 1.0000000000 -0.5000000000 2.3750000000 0.0000000000
0.8940000000 1.0000000000 -0.5000000000 0.9000000000 2.3750000000 1.0000000000 -0.5000000000 2.3750000000 0.0000000000
0.8960000000 1.0000000000 -0.5000000000 0.9000000000 2.3750000000 1.0000000000 -0.5000000000 2.3750000000 0.0000000000
0.8980000000 1.0000000000 -0.5000000000 0.9000000000 2.3750000000 1.0000000000 -0.5000000000 2.3750000000 0.0000000000
0.9000000000 1.0000000000 -0.5000000000 0.9000000000 2.3750000000 1.0000000000 -0.5000000000 2.3750000000 0.0000000000
0.9020000000 1.0000000000 -0.5000000000 0.9000000000 2.3750000000 1.0000000000 -0.5000000000 2.3750000000 0.0000000000
0.9040000000 1.0000000000 -0.5000000000 0.9000000000 2.3750000000 1.0000000000 -0.5000000000 2.3750000000 0.0000000000
0.9060000000 1.0000000000 -0.5000000000 0.9000000000 2.3750000000 1.0000000000 -0.5000000000 2.3750000000 0.0000000000
0.9080000000 1.0000000000 -0.5000000000 0.9000000000 2.3750000000 1.0000000000 -0.5000000000 2.3750000000 0.0000000000
0.9100000000 1.0000000000 -0.5000000000 0.9000000000 2.3750000000 1.0000000000 -0.5000000000 2.3750000000 0.0000000000
0.9120000000 1.0000000000 -0.5000000000 0.9000000000 2.3750000000 1.0000000000 -0.5000000000 2.3750000000 0.0000000000
0.9140000000 1.0000000000 -0.5000000000 0.9000000000 2.3750000000 1.0000000000 -0.5000000000 2.3750000000 0.0000000000
0.9160000000 1.0000000000 -0.5000000000 0.9000000000 2.3750000000 1.0000000000 -0.5000000000 2.3750000000 0.0000000000
0.9180000000 1.0000000000 -0.5000000000 0.9000000000 2.3750000000 1.0000000000 -0.5000000000 2.3750000000 0.0000000000
0.9200000000 1.0000000000 -0.5000000000 0.9000000000 2.3750000000 1.0000000000 -0.5000000000 2.3750000000 0.0000000000
0.9220000000 1.0000000000 -0.5000000000 0.9000000000 2.3750000000 1.0000000000 -0.5000000000 2.3750000000 0.0000000000
0.9240000000 1.0000000000 -0.5000000000 0.9000000000 2.3750000000 1.0000000000 -0.5000000000 2.3750000000 0.0000000000
0.9260000000 1.0000000000 -0.5000000000 0.9000000000 2.3750000000 1.0000000000 -0.5000000000 2.3750000000 0.0000000000
0.9280000000 1.0000000000 -0.5000000000 0.9000000000 2.3750000000 1.0000000000 -0.5000000000 2.3750000000 0.0000000000
0.9300000000 1.0000000000 -0.5000000000 0.9000000000 2.3750000000 1.0000000000 -0.5000000000 2.3750000000 0.0000000000
0.9320000000 1.0000000000 -0.5000000000 0.9000000000 2.3750000000 1.0000000000 -0.5000000000 2.3750000000 0.0000000000
0.9340000000 1.0000000000 -0.5000000000 0.9000000000 2.3750000000 1.0000000000 -0.5000000000 2.3750000000 0.0000000000
0.9360000000 1.0000000000 -0.5000000000 0.9000000000 2.3750000000 1.0000000000 -0.5000000000 2.3750000000 0.0000000000
0.9380000000 1.0000000000 -0.5000000000 0.9000000000 2.3750000000 1.0000000000 -0.5000000000 2.3750000000 0.0000000000
0.9400000000 1.0000000000 -0.5000000000 0.9000000000 2.3750000000 1.0000000000 -0.5000000000 2.3750000000 0.0000000000
0.9420000000 1.0000000000 -0.5000000000 0.9000000000 2.3750000000 1.0000000000 -0.5000000000 2.3750000000 0.0000000000
0.9440000000 1.0000000000 -0.5000000000 0.9000000000 2.3750000000 1.0000000000 -0.5000000000 2.3750000000 0.0000000000
0.9460000000 1.0000000000 -0.5000000000 0.9000000000 2.3750000000 1.0000000000 -0.5000000000 2.3750000000 0.0000000000
0.9480000000 1.0000000000 -0.5000000000 0.9000000000 2.3750000000 1.0000000000 -0.5000000000 2.3750000000 0.0000000000
0.9500000000 1.0000000000 -0.5000000000 0.9000000000 2.3750000000 1.0000000000 -0.5000000000 2.3750000000 0.0000000000
0.9520000000 1.0000000000 -0.5000000000 0.9000000000 2.3750000000 1.0000000000 -0.5000000000 2.3750000000 0.0000000000
0.9540000000 1.0000000000 -0.5000000000 0.9000000000 2.3750000000 1.0000000000 -0.5000000000 2.3750000000 0.0000000000
0.9560000000 1.0000000000 -0.5000000000 0.9000000000 2.3750000000 1.0000000000 -0.5000000000 2.3750000000 0.0000000000
0.9580000000 1.0000000000 -0.5000000000 0.9000000000 2.3750000000 1.0000000000 -0.5000000000 2.3750000000 0.0000000000
0.9600000000 1.0000000000 -0.5000000000 0.9000000000 2.3750000000 1.0000000000 -0.5000000000 2.3750000000 0.0000000000
0.9620000000 1.0000000000 -0.5000000000 0.9000000000 2.3750000000 1.0000000000 -0.5000000000 2.3750000000 0.0000000000
0.9640000000 1.0000000000 -0.5000000000 0.9000000000 2.3750000000 1.0000000000 -0.5000000000 2.3750000000 0.0000000000
0.9660000000 1.0000000000 -0.5000000000 0.9000000000 2.3750000000 1.0000000000 -0.5000000000 2.3750000000 0.0000000000
0.9680000000 1.0000000000 -0.5000000000 0.9000000000 2.3750000000 1.0000000000 -0.5000000000 2.3750000000 0.0000000000
0.9700000000 1.0000000000 -0.5000000000 0.9000000000 2.3750000000 1.0000000000 -0.5000000000 2.3750000000 0.0000000000
0.9720000000 1.0000000000 -0.5000000000 0.9000000000 2.3750000000 1.0000000000 -0.5000000000 2.3750000000 0.0000000000
0.9740000000 1.0000000000 -0.5000000000 0.9000000000 2.3750000000 1.0000000000 -0.5000000000 2.3750000000 0.0000000000
0.9760000000 1.0000000000 -0.5000000000 0.9000000000 2.3750000000 1.0000000000 -0.5000000000 2.3750000000 0.0000000000
0.9780000000 1.0000000000 -0.5000000000 0.9000000000 2.3750000000 1.0000000000 -0.5000000000 2.3750000000 0.0000000000
0.9800000000 1.0000000000 -0.5000000000 0.9000000000 2.3750000000 1.0000000000 -0.5000000000 2.3750000000 0.0000000000
0.9820000000 1.0000000000 -0.5000000000 0.9000000000 2.3750000000 1.0000000000 -0.5000000000 2.3750000000 0.0000000000
0.9840000000 1.0000000000 -0.5000000000 0.9000000000 2.3750000000 1.0000000000 -0.5000000000 2.3750000000 0.0000000000
0.9860000000 1.0000000000 -0.5000000000 0.9000000000 2.3750000000 1.0000000000 -0.5000000000 2.3750000000 0.0000000000
0.9880000000 1.0000000000 -0.5000000000 0.9000000000 2.3750000000 1.0000000000 -0.5000000000 2.3750000000 0.0000000000
0.9900000000 1.0000000000 -0.5000000000 0.9000000000 2.3750000000 1.0000000000 -0.5000000000 2.3750000000 0.0000000000
0.9920000000 1.0000000000 -0.5000000000 0.9000000000 2.3750000000 1.0000000000 -0.5000000000 2.3750000000 0.0000000000
0.9940000000 1.0000000000 -0.5000000000 0.9000000000 2.3750000000 1.0000000000 -0.5000000000 2.3750000000 0.0000000000
0.9960000000 1.0000000000 -0.5000000000 0.9000000000 2.3750000000 1.0000000000 -0.5000000000 2.3750000000 0.0000000000
0.9980000000 1.0000000000 -0.5000000000 0.9000000000 2.3750000000 1.0000000000 -0.5000000000 2.3750000000 0.0000000000
1.0000000000 1.0000000000 -0.5000000000 0.9000000000 2.3750000000 1.0000000000 -0.5000000000 2.3750000000 0.0000000000
