TITLE = "1D Euler Filtered MacCormack Result"
VARIABLES = "x", "rho", "u", "p", "E", "rho_conserved", "rhou", "rhoE", "nu"
ZONE T="t=0.16000000", I=501, F=POINT
0.0000000000 0.4449999999 0.6980000005 3.5279999992 20.0638267182 0.4449999999 0.3106100002 8.9284028882 0.0000000000
0.0020000000 0.4449999999 0.6980000005 3.5279999992 20.0638267182 0.4449999999 0.3106100002 8.9284028882 0.0000000000
0.0040000000 0.4449999998 0.6980000012 3.5279999982 20.0638267171 0.4449999998 0.3106100004 8.9284028859 0.0000000000
0.0060000000 0.4449999997 0.6980000023 3.5279999966 20.0638267152 0.4449999997 0.3106100008 8.9284028821 0.0000000000
0.0080000000 0.4449999994 0.6980000045 3.5279999933 20.0638267115 0.4449999994 0.3106100016 8.9284028745 0.0000000000
0.0100000000 0.4449999988 0.6980000087 3.5279999870 20.0638267044 0.4449999988 0.3106100031 8.9284028600 0.0000000000
0.0120000000 0.4449999978 0.6980000167 3.5279999752 20.0638266910 0.4449999978 0.3106100059 8.9284028327 0.0000000000
0.0140000000 0.4449999958 0.6980000316 3.5279999531 20.0638266659 0.4449999958 0.3106100111 8.9284027816 0.0000000000
0.0160000000 0.4449999921 0.6980000592 3.5279999123 20.0638266196 0.4449999921 0.3106100208 8.9284026872 0.0000000000
0.0180000000 0.4449999854 0.6980001096 3.5279998376 20.0638265349 0.4449999854 0.3106100385 8.9284025144 0.0000000000
0.0200000000 0.4449999732 0.6980002007 3.5279997024 20.0638263816 0.4449999732 0.3106100706 8.9284022019 0.0000000000
0.0220000000 0.4449999514 0.6980003637 3.5279994608 20.0638261074 0.4449999514 0.3106101279 8.9284016430 0.0000000000
0.0240000000 0.4449999129 0.6980006518 3.5279990336 20.0638256229 0.4449999129 0.3106102293 8.9284006553 0.0000000000
0.0260000000 0.4449998457 0.6980011551 3.5279982875 20.0638247766 0.4449998457 0.3106104063 8.9283989300 0.0000000000
0.0280000000 0.4449997297 0.6980020236 3.5279970000 20.0638233161 0.4449997297 0.3106107118 8.9283959526 0.0000000000
0.0300000000 0.4449995320 0.6980035040 3.5279948052 20.0638208265 0.4449995320 0.3106112326 8.9283908773 0.0000000000
0.0320000000 0.4449991991 0.6980059960 3.5279911107 20.0638166357 0.4449991991 0.3106121092 8.9283823340 0.0000000000
0.0340000000 0.4449986460 0.6980101372 3.5279849711 20.0638096715 0.4449986460 0.3106135659 8.9283681367 0.0000000000
0.0360000000 0.4449977388 0.6980169292 3.5279749018 20.0637982497 0.4449977388 0.3106159551 8.9283448520 0.0000000000
0.0380000000 0.4449962708 0.6980279194 3.5279586084 20.0637797679 0.4449962708 0.3106198210 8.9283071747 0.0000000000
0.0400000000 0.4449939281 0.6980454584 3.5279326063 20.0637502735 0.4449939281 0.3106259905 8.9282470467 0.0000000000
0.0420000000 0.4449902422 0.6980730536 3.5278916961 20.0637038691 0.4449902422 0.3106356972 8.9281524451 0.0000000000
0.0440000000 0.4449845273 0.6981158401 3.5278282651 20.0636319205 0.4449845273 0.3106507471 8.9280057665 0.0000000000
0.0460000000 0.4449757988 0.6981811894 3.5277313869 20.0635220356 0.4449757988 0.3106737325 8.9277817453 0.0000000000
0.0480000000 0.4449626732 0.6982794612 3.5275857062 20.0633568012 0.4449626732 0.3107082957 8.9274448761 0.0000000000
0.0500000000 0.4449432493 0.6984248923 3.5273701246 20.0631122948 0.4449432493 0.3107594410 8.9269463761 0.0000000000
0.0520000000 0.4449149770 0.6986365822 3.5270563435 20.0627564371 0.4449149770 0.3108338789 8.9262208182 0.0000000000
0.0540000000 0.4448745230 0.6989394997 3.5266073796 20.0622473170 0.4448745230 0.3109403765 8.9251827047 0.0000000000
0.0560000000 0.4448176512 0.6993653875 3.5259762394 20.0615317052 0.4448176512 0.3110900690 8.9237234118 0.0000000000
0.0580000000 0.4447391398 0.6999533920 3.5251050093 20.0605440485 0.4447391398 0.3112966694 8.9217091032 0.0000000000
0.0600000000 0.4446327636 0.7007502130 3.5239246734 20.0592063044 0.4446327636 0.3115765038 8.9189803343 0.0000000000
0.0620000000 0.4444913705 0.7018095575 3.5223559805 20.0574289851 0.4444913705 0.3119482920 8.9153540978 0.0000000000
0.0640000000 0.4443070758 0.7031907194 3.5203116292 20.0551137173 0.4443070758 0.3124326122 8.9106289296 0.0000000000
0.0660000000 0.4440715860 0.7049562004 3.5176998949 20.0521574563 0.4440715860 0.3130510180 8.9045933653 0.0000000000
0.0680000000 0.4437766439 0.7071684334 3.5144296016 20.0484582371 0.4437766439 0.3138248340 8.8970375120 0.0000000000
0.0700000000 0.4434145599 0.7098858510 3.5104160626 20.0439220208 0.4434145599 0.3147737222 8.8877668623 0.0000000000
0.0720000000 0.4429787753 0.7131587171 3.5055873507 20.0384698911 0.4429787753 0.3159141751 8.8766168508 0.0000000000
0.0740000000 0.4424643814 0.7170252557 3.4998900778 20.0320446447 0.4424643814 0.3172581362 8.8634662427 0.0000000000
0.0760000000 0.4418685218 0.7215086338 3.4932938380 20.0246158011 0.4418685218 0.3188119535 8.8482473835 0.0000000000
0.0780000000 0.4411906134 0.7266152523 3.4857936313 20.0161822441 0.4411906134 0.3205758289 8.8309517217 0.0000000000
0.0800000000 0.4404323562 0.7323345921 3.4774099054 20.0067720929 0.4404323562 0.3225438499 8.8116297728 0.0000000000
0.0820000000 0.4395975332 0.7386406031 3.4681862581 19.9964398727 0.4395975332 0.3247045870 8.7903856412 0.0000000000
0.0840000000 0.4386916388 0.7454943692 3.4581852329 19.9852615058 0.4386916388 0.3270421465 8.7673671216 0.0000000000
0.0860000000 0.4377213977 0.7528476030 3.4474829068 19.9733279529 0.4377213977 0.3295375050 8.7427530273 0.0000000000
0.0880000000 0.4366942459 0.7606464488 3.4361630745 19.9607384462 0.4366942459 0.3321699274 8.7167396240 0.0000000000
0.0900000000 0.4356178402 0.7688351101 3.4243117666 19.9475941648 0.4356178402 0.3349182901 8.6895278867 0.0000000000
0.0920000000 0.4344996434 0.7773589338 3.4120126469 19.9339929772 0.4344996434 0.3377621796 8.6613128411 0.0000000000
0.0940000000 0.4333466161 0.7861667397 3.3993435905 19.9200255822 0.4333466161 0.3406826963 8.6322756786 0.0000000000
0.0960000000 0.4321650174 0.7952123400 3.3863745081 19.9057731055 0.4321650174 0.3436629548 8.6025787814 0.0000000000
0.0980000000 0.4309603086 0.8044553122 3.3731662985 19.8913060002 0.4309603086 0.3466883096 8.5723633724 0.0000000000
0.1000000000 0.4297371365 0.8138611664 3.3597707056 19.8766839805 0.4297371365 0.3497463672 8.5417492572 0.0000000000
0.1020000000 0.4284993759 0.8234010742 3.3462308148 19.8619566738 0.4284993759 0.3528268464 8.5108360392 0.0000000000
0.1040000000 0.4272502066 0.8330513272 3.3325819371 19.8471647015 0.4272502066 0.3559213517 8.4797052200 0.0000000000
0.1060000000 0.4259922078 0.8427926606 3.3188526745 19.8323409476 0.4259922078 0.3590231062 8.4484227056 0.0000000000
0.1080000000 0.4247274548 0.8526095454 3.3050660137 19.8175118453 0.4247274548 0.3621266822 8.4170413673 0.0000000000
0.1100000000 0.4234576113 0.8624895179 3.2912403527 19.8026985712 0.4234576113 0.3652277511 8.3856034351 0.0000000000
0.1120000000 0.4221840096 0.8724225831 3.2773904040 19.7879180926 0.4221840096 0.3683228642 8.3541426023 0.0000000000
0.1140000000 0.4209077192 0.8824007076 3.2635279590 19.7731840453 0.4209077192 0.3714092693 8.3226857984 0.0000000000
0.1160000000 0.4196296030 0.8924174037 3.2496625106 19.7585074483 0.4196296030 0.3744847608 8.2912546355 0.0000000000
0.1180000000 0.4183503614 0.9024673964 3.2358017510 19.7438972720 0.4183503614 0.3775475615 8.2598665600 0.0000000000
0.1200000000 0.4170705683 0.9125463608 3.2219519612 19.7293608816 0.4170705683 0.3805962293 8.2285357551 0.0000000000
0.1220000000 0.4157906973 0.9226507192 3.2081183130 19.7149043806 0.4157906973 0.3836295859 8.1972738391 0.0000000000
0.1240000000 0.4145111432 0.9327774843 3.1943051012 19.7005328747 0.4145111432 0.3866466614 8.1660904030 0.0000000000
0.1260000000 0.4132322380 0.9429241383 3.1805159226 19.6862506739 0.4132322380 0.3896466519 8.1349934232 0.0000000000
0.1280000000 0.4119542632 0.9530885402 3.1667538129 19.6720614488 0.4119542632 0.3926288873 8.1039895788 0.0000000000
0.1300000000 0.4106774593 0.9632688545 3.1530213530 19.6579683499 0.4106774593 0.3955928058 8.0730844970 0.0000000000
0.1320000000 0.4094020335 0.9734634951 3.1393207513 19.6439741023 0.4094020335 0.3985379344 8.0422829435 0.0000000000
0.1340000000 0.4081281652 0.9836710819 3.1256539085 19.6300810783 0.4081281652 0.4014638738 8.0115889728 0.0000000000
0.1360000000 0.4068560107 0.9938904062 3.1120224691 19.6162913561 0.4068560107 0.4043702858 7.9810060466 0.0000000000
0.1380000000 0.4055857072 1.0041204028 3.0984278623 19.6026067662 0.4055857072 0.4072568837 7.9505371288 0.0000000000
0.1400000000 0.4043173753 1.0143601282 3.0848713350 19.5890289296 0.4043173753 0.4101234247 7.9201847623 0.0000000000
0.1420000000 0.4030511218 1.0246087419 3.0713539792 19.5755592880 0.4030511218 0.4129697029 7.8899511318 0.0000000000
0.1440000000 0.4017870416 1.0348654919 3.0578767540 19.5621991295 0.4017870416 0.4157955444 7.8598381152 0.0000000000
0.1460000000 0.4005252192 1.0451297019 3.0444405043 19.5489496098 0.4005252192 0.4186008029 7.8298473268 0.0000000000
0.1480000000 0.3992657303 1.0554007610 3.0310459761 19.5358117695 0.3992657303 0.4213853556 7.7999801526 0.0000000000
0.1500000000 0.3980086430 1.0656781151 3.0176938297 19.5227865491 0.3980086430 0.4241491004 7.7702377812 0.0000000000
0.1520000000 0.3967540186 1.0759612595 3.0043846508 19.5098748017 0.3967540186 0.4268919535 7.7406212291 0.0000000000
0.1540000000 0.3955019125 1.0862497322 2.9911189598 19.4970773035 0.3955019125 0.4296138466 7.7111313625 0.0000000000
0.1560000000 0.3942523753 1.0965431087 2.9778972202 19.4843947635 0.3942523753 0.4323147252 7.6817689167 0.0000000000
0.1580000000 0.3930054527 1.1068409970 2.9647198452 19.4718278307 0.3930054527 0.4349945471 7.6525345120 0.0000000000
0.1600000000 0.3917611868 1.1171430336 2.9515872045 19.4593771018 0.3917611868 0.4376532807 7.6234286681 0.0000000000
0.1620000000 0.3905196161 1.1274488800 2.9384996293 19.4470431269 0.3905196161 0.4402909038 7.5944518164 0.0000000000
0.1640000000 0.3892807762 1.1377582188 2.9254574171 19.4348264146 0.3892807762 0.4429074025 7.5656043113 0.0000000000
0.1660000000 0.3880446999 1.1480707516 2.9124608359 19.4227274372 0.3880446999 0.4455027703 7.5368864400 0.0000000000
0.1680000000 0.3868114180 1.1583861957 2.8995101285 19.4107466342 0.3868114180 0.4480770070 7.5082984310 0.0000000000
0.1700000000 0.3855809593 1.1687042816 2.8866055153 19.3988844169 0.3855809593 0.4506301180 7.4798404623 0.0000000000
0.1720000000 0.3843533507 1.1790247514 2.8737471979 19.3871411708 0.3843533507 0.4531621137 7.4515126690 0.0000000000
0.1740000000 0.3831286179 1.1893473560 2.8609353622 19.3755172595 0.3831286179 0.4556730087 7.4233151495 0.0000000000
0.1760000000 0.3819067856 1.1996718531 2.8481701808 19.3640130270 0.3819067856 0.4581628212 7.3952479724 0.0000000000
0.1780000000 0.3806878775 1.2099980053 2.8354518162 19.3526288006 0.3806878775 0.4606315724 7.3673111823 0.0000000000
0.1800000000 0.3794719166 1.2203255782 2.8227804229 19.3413648933 0.3794719166 0.4630792861 7.3395048060 0.0000000000
0.1820000000 0.3782589257 1.2306543381 2.8101561506 19.3302216063 0.3782589257 0.4655059878 7.3118288583 0.0000000000
0.1840000000 0.3770489274 1.2409840497 2.7975791466 19.3191992310 0.3770489274 0.4679117048 7.2842833476 0.0000000000
0.1860000000 0.3758419444 1.2513144742 2.7850495583 19.3082980519 0.3758419444 0.4702964650 7.2568682826 0.0000000000
0.1880000000 0.3746380000 1.2616453666 2.7725675367 19.2975183484 0.3746380000 0.4726602968 7.2295836785 0.0000000000
0.1900000000 0.3734371181 1.2719764727 2.7601332394 19.2868603976 0.3734371181 0.4750032282 7.2024295638 0.0000000000
0.1920000000 0.3722393238 1.2823075265 2.7477468338 19.2763244770 0.3722393238 0.4773252866 7.1754059883 0.0000000000
0.1940000000 0.3710446436 1.2926382465 2.7354085015 19.2659108666 0.3710446436 0.4796264975 7.1485130312 0.0000000000
0.1960000000 0.3698531060 1.3029683314 2.7231184427 19.2556198531 0.3698531060 0.4819068844 7.1217508113 0.0000000000
0.1980000000 0.3686647420 1.3132974554 2.7108768812 19.2454517324 0.3686647420 0.4841664676 7.0951194979 0.0000000000
0.2000000000 0.3674795856 1.3236252629 2.6986840709 19.2354068144 0.3674795856 0.4864052630 7.0686193244 0.0000000000
0.2020000000 0.3662976745 1.3339513609 2.6865403033 19.2254854272 0.3662976745 0.4886232814 7.0422506038 0.0000000000
0.2040000000 0.3651190515 1.3442753115 2.6744459159 19.2156879235 0.3651190515 0.4908205266 7.0160137479 0.0000000000
0.2060000000 0.3639437647 1.3545966210 2.6624013038 19.2060146865 0.3639437647 0.4929969939 6.9899092905 0.0000000000
0.2080000000 0.3627718699 1.3649147274 2.6504069329 19.1964661391 0.3627718699 0.4951526679 6.9639379167 0.0000000000
0.2100000000 0.3616034314 1.3752289847 2.6384633572 19.1870427544 0.3616034314 0.4972875198 6.9381004984 0.0000000000
0.2120000000 0.3604385248 1.3855386421 2.6265712399 19.1777450680 0.3604385248 0.4994015042 6.9123981407 0.0000000000
0.2140000000 0.3592772393 1.3958428184 2.6147313814 19.1685736960 0.3592772393 0.5014945544 6.8868322395 0.0000000000
0.2160000000 0.3581196819 1.4061404684 2.6029447548 19.1595293560 0.3581196819 0.5035665773 6.8614045584 0.0000000000
0.2180000000 0.3569659814 1.4164303383 2.5912125528 19.1506128954 0.3569659814 0.5056174458 6.8361173269 0.0000000000
0.2200000000 0.3558162952 1.4267109074 2.5795362496 19.1418253294 0.3558162952 0.5076469894 6.8109733726 0.0000000000
0.2220000000 0.3546708175 1.4369803091 2.5679176847 19.1331678912 0.3546708175 0.5096549810 6.7859762978 0.0000000000
0.2240000000 0.3535297908 1.4472362238 2.5563591757 19.1246421000 0.3535297908 0.5116411194 6.7611307201 0.0000000000
0.2260000000 0.3523935215 1.4574757304 2.5448636756 19.1162498557 0.3523935215 0.5136050051 6.7364426041 0.0000000000
0.2280000000 0.3512624023 1.4676950989 2.5334349914 19.1079935698 0.3512624023 0.5155461064 6.7119197254 0.0000000000
0.2300000000 0.3501369437 1.4778894960 2.5220780955 19.0998763519 0.3501369437 0.5174637112 6.6875723305 0.0000000000
0.2320000000 0.3490178186 1.4880525586 2.5107995743 19.0919022771 0.3490178186 0.5193568580 6.6634140864 0.0000000000
0.2340000000 0.3479059297 1.4981757712 2.4996082851 19.0840767765 0.3479059297 0.5212242345 6.6394634725 0.0000000000
0.2360000000 0.3468025072 1.5082475364 2.4885163341 19.0764072167 0.3468025072 0.5230640270 6.6157458503 0.0000000000
0.2380000000 0.3457092589 1.5182517696 2.4775405535 19.0689037712 0.3457092589 0.5248736941 6.5922965913 0.0000000000
0.2400000000 0.3446285994 1.5281657401 2.4667047699 19.0615807532 0.3446285994 0.5266496186 6.5691658769 0.0000000000
0.2420000000 0.3435640069 1.5379567022 2.4560433376 19.0544586836 0.3435640069 0.5283865671 6.5464261751 0.0000000000
0.2440000000 0.3425205885 1.5475765720 2.4456067183 19.0475675425 0.3425205885 0.5300768382 6.5241840439 0.0000000000
0.2460000000 0.3415059809 1.5569534178 2.4354703895 19.0409519437 0.3415059809 0.5317089042 6.5025989715 0.0000000000
0.2480000000 0.3405318011 1.5659777673 2.4257491707 19.0346794392 0.3405318011 0.5332652296 6.4819136735 0.0000000000
0.2500000000 0.3396159798 1.5744805617 2.4166202855 19.0288538929 0.3396159798 0.5347187586 6.4625028594 0.0000000000
0.2520000000 0.3387864796 1.5821980458 2.4083601193 19.0236369053 0.3387864796 0.5360273060 6.4449509762 0.0000000000
0.2540000000 0.3380870448 1.5887175527 2.4014011363 19.0192814447 0.3380870448 0.5371248224 6.4301726574 0.0000000000
0.2560000000 0.3375855090 1.5933994686 2.3964143591 19.0161820972 0.3375855090 0.5379085707 6.4195875130 0.0000000000
0.2580000000 0.3373840430 1.5952819761 2.3944118242 19.0149420688 0.3373840430 0.5382226829 6.4153380332 0.0000000000
0.2600000000 0.3376267696 1.5930135486 2.3968248777 19.0164381998 0.3376267696 0.5378440183 6.4204585985 0.0000000000
0.2620000000 0.3384906154 1.5849494043 2.4054196819 19.0218105324 0.3384906154 0.5364904993 6.4387043532 0.0000000000
0.2640000000 0.3401303802 1.5696850970 2.4217603213 19.0321909620 0.3401303802 0.5338975888 6.4734263474 0.0000000000
0.2660000000 0.3425465029 1.5473037041 2.4458929594 19.0478839658 0.3425465029 0.5300234727 6.5247860397 0.0000000000
0.2680000000 0.3454019577 1.5210307745 2.4744892135 19.0669814686 0.3454019577 0.5253670072 6.5857727266 0.0000000000
0.2700000000 0.3479514597 1.4977428989 2.5000821511 19.0844826998 0.3479514597 0.5211418280 6.6404736138 0.0000000000
0.2720000000 0.3492979586 1.4855092548 2.5136195116 19.0938799117 0.3492979586 0.5188853501 6.6694532740 0.0000000000
0.2740000000 0.3489177884 1.4889571529 2.5097961017 19.0912148744 0.3489177884 0.5195236368 6.6612644717 0.0000000000
0.2760000000 0.3470197110 1.5062339854 2.4907223330 19.0780365309 0.3470197110 0.5226928824 6.6204547241 0.0000000000
0.2780000000 0.3444093529 1.5301455351 2.4645370193 19.0602639340 0.3444093529 0.5269964336 6.5645331682 0.0000000000
0.2800000000 0.3420404672 1.5519925064 2.4408246743 19.0445150617 0.3420404672 0.5308442419 6.5139948284 0.0000000000
0.2820000000 0.3406528243 1.5648536349 2.4269585299 19.0354682019 0.3406528243 0.5330718103 6.4844860047 0.0000000000
0.2840000000 0.3406433478 1.5649407000 2.4268640931 19.0354068673 0.3406433478 0.5330866391 6.4842847218 0.0000000000
0.2860000000 0.3420292286 1.5520939865 2.4407131968 19.0444439383 0.3420292286 0.5308615090 6.5137564699 0.0000000000
0.2880000000 0.3443663472 1.5305411633 2.4641056834 19.0599721244 0.3443663472 0.5270668697 6.5636129785 0.0000000000
0.2900000000 0.3467346067 1.5088470047 2.4878530187 19.0760419220 0.3467346067 0.5231694727 6.6143238925 0.0000000000
0.2920000000 0.3480569252 1.4967979926 2.5011294994 19.0851477795 0.3480569252 0.5209709069 6.6427178524 0.0000000000
0.2940000000 0.3477189933 1.4998714244 2.4977355400 19.0828105067 0.3477189933 0.5215337817 6.6354556581 0.0000000000
0.2960000000 0.3459804506 1.5157402289 2.4802848992 19.0708805072 0.3459804506 0.5244164874 6.5981518312 0.0000000000
0.2980000000 0.3437847277 1.5358998442 2.4582742084 19.0560460479 0.3437847277 0.5280189097 6.5511776015 0.0000000000
0.3000000000 0.3421895582 1.5506252013 2.4423061989 19.0454448945 0.3421895582 0.5306077525 6.5171523737 0.0000000000
0.3020000000 0.3418792449 1.5534964301 2.4392024868 19.0434009970 0.3418792449 0.5311081864 6.5105435529 0.0000000000
0.3040000000 0.3429275127 1.5438041069 2.4496903983 19.0503259735 0.3429275127 0.5294129025 6.5328809022 0.0000000000
0.3060000000 0.3447595533 1.5269393404 2.4680375015 19.0625747184 0.3447595533 0.5264269249 6.5720047446 0.0000000000
0.3080000000 0.3463690826 1.5121996987 2.4841737421 19.0734799325 0.3463690826 0.5237792224 6.6064637464 0.0000000000
0.3100000000 0.3468620667 1.5076983723 2.4891194719 19.0768458937 0.3468620667 0.5229633734 6.6170341930 0.0000000000
0.3120000000 0.3460357235 1.5152461808 2.4808299192 19.0712066457 0.3460357235 0.5243293084 6.5993187889 0.0000000000
0.3140000000 0.3444916430 1.5294045603 2.4653494335 19.0607527990 0.3444916430 0.5268670898 6.5662700487 0.0000000000
0.3160000000 0.3431932963 1.5413616764 2.4523434724 19.0520541934 0.3431932963 0.5289849945 6.5385372801 0.0000000000
0.3180000000 0.3428641743 1.5443992875 2.4490485250 19.0498638507 0.3428641743 0.5295191865 6.5315158396 0.0000000000
0.3200000000 0.3436058642 1.5375570447 2.4564746225 19.0548049390 0.3436058642 0.5283136171 6.5473427181 0.0000000000
0.3220000000 0.3448708091 1.5259262838 2.4691459055 19.0632897455 0.3448708091 0.5262474321 6.5743721579 0.0000000000
0.3240000000 0.3458074263 1.5173441559 2.4785335723 19.0696191080 0.3458074263 0.5247088774 6.5944159051 0.0000000000
0.3260000000 0.3458332682 1.5171070996 2.4787927956 19.0697944159 0.3458332682 0.5246661064 6.5949693265 0.0000000000
0.3280000000 0.3450319957 1.5244483911 2.4707602311 19.0643708022 0.3450319957 0.5259834708 6.5778179056 0.0000000000
0.3300000000 0.3440404373 1.5335603581 2.4608237432 19.0576951581 0.3440404373 0.5276067762 6.5566177763 0.0000000000
0.3320000000 0.3435478163 1.5380975740 2.4558891332 19.0543954604 0.3435478163 0.5284100628 6.5460959509 0.0000000000
0.3340000000 0.3438202543 1.5355872295 2.4586179514 19.0562182235 0.3438202543 0.5279659917 6.5519137956 0.0000000000
0.3360000000 0.3445606890 1.5287777411 2.4660351459 19.0611844084 0.3445606890 0.5267567118 6.5677348326 0.0000000000
0.3380000000 0.3451684811 1.5232006297 2.4721251965 19.0652767517 0.3451684811 0.5257608478 6.5807326185 0.0000000000
0.3400000000 0.3452121253 1.5228002443 2.4725626909 19.0655715605 0.3452121253 0.5256891088 6.5816664789 0.0000000000
0.3420000000 0.3447449851 1.5270858825 2.4678812290 19.0624215214 0.3447449851 0.5264551999 6.5716742242 0.0000000000
0.3440000000 0.3442064270 1.5320355421 2.4624847386 19.0587985789 0.3442064270 0.5273364800 6.5601609615 0.0000000000
0.3460000000 0.3440250817 1.5337039655 2.4606679693 19.0575815625 0.3440250817 0.5276326320 6.5562860533 0.0000000000
0.3480000000 0.3442796525 1.5313619913 2.4632183889 19.0592902892 0.3442796525 0.5272167741 6.5617258369 0.0000000000
0.3500000000 0.3446804845 1.5276791579 2.4672341926 19.0619836552 0.3446804845 0.5265611922 6.5702937609 0.0000000000
0.3520000000 0.3448580652 1.5260490670 2.4690135053 19.0631787350 0.3448580652 0.5262703287 6.5740909353 0.0000000000
0.3540000000 0.3446921044 1.5275723175 2.4673507109 19.0620622686 0.3446921044 0.5265421168 6.5705423580 0.0000000000
0.3560000000 0.3443861376 1.5303833461 2.4642850853 19.0600049382 0.3443861376 0.5270428096 6.5640014825 0.0000000000
0.3580000000 0.3442423916 1.5317049686 2.4628449333 19.0590394815 0.3442423916 0.5272777816 6.5609293322 0.0000000000
0.3600000000 0.3443725217 1.5305083349 2.4641488055 19.0599141881 0.3443725217 0.5270650148 6.5637107128 0.0000000000
0.3620000000 0.3446150136 1.5282802526 2.4665784059 19.0615444846 0.3446150136 0.5266683200 6.5688944114 0.0000000000
0.3640000000 0.3447176564 1.5273376607 2.4676068858 19.0622352202 0.3447176564 0.5265002590 6.5710890514 0.0000000000
0.3660000000 0.3445907598 1.5285028109 2.4663355774 19.0613823621 0.3445907598 0.5267079449 6.5683762308 0.0000000000
0.3680000000 0.3443786795 1.5304514965 2.4642107923 19.0599573232 0.3443786795 0.5270548654 6.5638429344 0.0000000000
0.3700000000 0.3442946731 1.5312237203 2.4633692243 19.0593934519 0.3442946731 0.5271921703 6.5620476388 0.0000000000
0.3720000000 0.3444043157 1.5302156722 2.4644678079 19.0601305080 0.3444043157 0.5270128815 6.5643912050 0.0000000000
0.3740000000 0.3445766313 1.5286323690 2.4661942898 19.0612889873 0.3445766313 0.5267309921 6.5680747466 0.0000000000
0.3760000000 0.3446363751 1.5280835669 2.4667929586 19.0616911809 0.3446363751 0.5266331813 6.5693521516 0.0000000000
0.3780000000 0.3445445273 1.5289270839 2.4658728203 19.0610742003 0.3445445273 0.5267834594 6.5673887999 0.0000000000
0.3800000000 0.3444185356 1.5300847304 2.4646105692 19.0602278039 0.3444185356 0.5269895422 6.5646957487 0.0000000000
0.3820000000 0.3443891951 1.5303543064 2.4643167036 19.0600311980 0.3443891951 0.5270374879 6.5640688036 0.0000000000
0.3840000000 0.3444636500 1.5296699411 2.4650627598 19.0605320679 0.3444636500 0.5269156912 6.5656604466 0.0000000000
0.3860000000 0.3445384945 1.5289822130 2.4658127028 19.0610355641 0.3445384945 0.5267932297 6.5672604961 0.0000000000
0.3880000000 0.3445298642 1.5290613896 2.4657263404 19.0609781468 0.3445298642 0.5268073129 6.5670762119 0.0000000000
0.3900000000 0.3444632518 1.5296733285 2.4650590561 19.0605310499 0.3444632518 0.5269162489 6.5656525065 0.0000000000
0.3920000000 0.3444280780 1.5299964714 2.4647067509 19.0602952589 0.3444280780 0.5269737440 6.5649008617 0.0000000000
0.3940000000 0.3444654435 1.5296529757 2.4650812305 19.0605470171 0.3444654435 0.5269125908 6.5656997825 0.0000000000
0.3960000000 0.3445258294 1.5290980439 2.4656863445 19.0609535053 0.3445258294 0.5268137718 6.5669908153 0.0000000000
0.3980000000 0.3445376225 1.5289895925 2.4658046103 19.0610334100 0.3445376225 0.5267944390 6.5672431330 0.0000000000
0.4000000000 0.3444936320 1.5293936411 2.4653639822 19.0607383813 0.3444936320 0.5268663702 6.5663029936 0.0000000000
0.4020000000 0.3444515874 1.5297798810 2.4649428458 19.0604564412 0.3444515874 0.5269351084 6.5654044783 0.0000000000
0.4040000000 0.3444583548 1.5297175794 2.4650107619 19.0605025751 0.3444583548 0.5269240007 6.5655493581 0.0000000000
0.4060000000 0.3444973273 1.5293593643 2.4654013402 19.0607651523 0.3444973273 0.5268602135 6.5663826511 0.0000000000
0.4080000000 0.3445184856 1.5291648582 2.4656134395 19.0609080208 0.3445184856 0.5268255612 6.5668351661 0.0000000000
0.4100000000 0.3445034239 1.5293031256 2.4654626522 19.0608074584 0.3445034239 0.5268501629 6.5665134310 0.0000000000
0.4120000000 0.3444814895 1.5295045505 2.4652430094 19.0606607182 0.3444814895 0.5268860058 6.5660447952 0.0000000000
0.4140000000 0.3444848618 1.5294734404 2.4652769238 19.0606841167 0.3444848618 0.5268804468 6.5661171342 0.0000000000
0.4160000000 0.3445077681 1.5292628531 2.4655065488 19.0608388069 0.3445077681 0.5268429323 6.5666070349 0.0000000000
0.4180000000 0.3445202069 1.5291484494 2.4656313000 19.0609231443 0.3445202069 0.5268225402 6.5668731852 0.0000000000
0.4200000000 0.3445101555 1.5292406696 2.4655307261 19.0608563454 0.3445101555 0.5268389408 6.5666585826 0.0000000000
0.4220000000 0.3444958798 1.5293717131 2.4653878223 19.0607611147 0.3444958798 0.5268622538 6.5663536697 0.0000000000
0.4240000000 0.3444974790 1.5293569010 2.4654039667 19.0607725687 0.3444974790 0.5268595968 6.5663880970 0.0000000000
0.4260000000 0.3445112615 1.5292301355 2.4655421931 19.0608660076 0.3445112615 0.5268370031 6.5666829934 0.0000000000
0.4280000000 0.3445195877 1.5291535045 2.4656257526 19.0609227755 0.3445195877 0.5268233349 6.5668612559 0.0000000000
0.4300000000 0.3445166565 1.5291803175 2.4655965051 19.0609037696 0.3445166565 0.5268280901 6.5667988357 0.0000000000
0.4320000000 0.3445131460 1.5292124345 2.4655614738 19.0608809850 0.3445131460 0.5268337867 6.5667240732 0.0000000000
0.4340000000 0.3445177983 1.5291695321 2.4656082513 19.0609132142 0.3445177983 0.5268261204 6.5668238544 0.0000000000
0.4360000000 0.3445256315 1.5290974399 2.4656868625 19.0609666176 0.3445256315 0.5268132611 6.5669915608 0.0000000000
0.4380000000 0.3445277545 1.5290778135 2.4657082586 19.0609816096 0.3445277545 0.5268097456 6.5670371934 0.0000000000
0.4400000000 0.3445248848 1.5291040009 2.4656796926 19.0609634007 0.3445248848 0.5268143797 6.5669762192 0.0000000000
0.4420000000 0.3445246969 1.5291055754 2.4656779681 19.0609630507 0.3445246969 0.5268146349 6.5669725180 0.0000000000
0.4440000000 0.3445296997 1.5290595303 2.4657281754 19.0609971610 0.3445296997 0.5268064208 6.5670796276 0.0000000000
0.4460000000 0.3445347323 1.5290131284 2.4657787726 19.0610320026 0.3445347323 0.5267981289 6.5671875591 0.0000000000
0.4480000000 0.3445358708 1.5290024429 2.4657904187 19.0610410507 0.3445358708 0.5267961880 6.5672123760 0.0000000000
0.4500000000 0.3445356551 1.5290043501 2.4657883313 19.0610400178 0.3445356551 0.5267965155 6.5672079101 0.0000000000
0.4520000000 0.3445378236 1.5289843586 2.4658101265 19.0610549905 0.3445378236 0.5267929432 6.5672544013 0.0000000000
0.4540000000 0.3445415444 1.5289498614 2.4658477418 19.0610819610 0.3445415444 0.5267867465 6.5673346159 0.0000000000
0.4560000000 0.3445438084 1.5289288459 2.4658706542 19.0610985102 0.3445438084 0.5267829673 6.5673834726 0.0000000000
0.4580000000 0.3445445521 1.5289221104 2.4658779927 19.0611028386 0.3445445521 0.5267817837 6.5673991399 0.0000000000
0.4600000000 0.3445461260 1.5289074617 2.4658939611 19.0611145773 0.3445461260 0.5267791429 6.5674331840 0.0000000000
0.4620000000 0.3445491659 1.5288789924 2.4659250028 19.0611384212 0.3445491659 0.5267739816 6.5674993440 0.0000000000
0.4640000000 0.3445519367 1.5288535524 2.4659527405 19.0611568990 0.3445519367 0.5267694524 6.5675585256 0.0000000000
0.4660000000 0.3445533625 1.5288407772 2.4659666654 19.0611643613 0.3445533625 0.5267672306 6.5675882747 0.0000000000
0.4680000000 0.3445544004 1.5288306324 2.4659777215 19.0611751772 0.3445544004 0.5267653219 6.5676117838 0.0000000000
0.4700000000 0.3445561214 1.5288140611 2.4659957869 19.0611915492 0.3445561214 0.5267622432 6.5676502294 0.0000000000
0.4720000000 0.3445580565 1.5287969312 2.4660144619 19.0612003742 0.3445580565 0.5267592993 6.5676901549 0.0000000000
0.4740000000 0.3445592361 1.5287865416 2.4660257855 19.0612053934 0.3445592361 0.5267575229 6.5677143696 0.0000000000
0.4760000000 0.3445599502 1.5287784189 2.4660346367 19.0612201158 0.3445599502 0.5267558159 6.5677330535 0.0000000000
0.4780000000 0.3445613242 1.5287650153 2.4660492477 19.0612342868 0.3445613242 0.5267532980 6.5677641261 0.0000000000
0.4800000000 0.3445633984 1.5287479022 2.4660679047 19.0612357812 0.3445633984 0.5267505724 6.5678041782 0.0000000000
0.4820000000 0.3445650265 1.5287331769 2.4660839575 19.0612451943 0.3445650265 0.5267479876 6.5678384561 0.0000000000
0.4840000000 0.3445659434 1.5287213839 2.4660968122 19.0612728194 0.3445659434 0.5267453259 6.5678654523 0.0000000000
0.4860000000 0.3445672171 1.5287093842 2.4661098926 19.0612832401 0.3445672171 0.5267431383 6.5678933207 0.0000000000
0.4880000000 0.3445689682 1.5286976875 2.4661226426 19.0612669383 0.3445689682 0.5267417848 6.5679210807 0.0000000000
0.4900000000 0.3445698176 1.5286892589 2.4661318280 19.0612765889 0.3445698176 0.5267401791 6.5679405969 0.0000000000
0.4920000000 0.3445696877 1.5286837059 2.4661378768 19.0613187330 0.3445696877 0.5267380671 6.5679526423 0.0000000000
0.4940000000 0.3445704110 1.5286780024 2.4661440895 19.0613175293 0.3445704110 0.5267372075 6.5679660149 0.0000000000
0.4960000000 0.3445721189 1.5286713455 2.4661513417 19.0612712813 0.3445721189 0.5267375246 6.5679826344 0.0000000000
0.4980000000 0.3445725389 1.5286652046 2.4661580308 19.0612886154 0.3445725389 0.5267360507 6.5679966134 0.0000000000
0.5000000000 0.3445716706 1.5286598883 2.4661638202 19.0613675850 0.3445716706 0.5267328915 6.5680072721 0.0000000000
0.5020000000 0.3445725593 1.5286544906 2.4661696984 19.0613558339 0.3445725593 0.5267323901 6.5680201626 0.0000000000
0.5040000000 0.3445751041 1.5286493353 2.4661753122 19.0612565348 0.3445751041 0.5267345039 6.5680344551 0.0000000000
0.5060000000 0.3445750753 1.5286457220 2.4661792442 19.0612810341 0.3445750753 0.5267332148 6.5680423481 0.0000000000
0.5080000000 0.3445724212 1.5286437849 2.4661813480 19.0614311608 0.3445724212 0.5267284901 6.5680434862 0.0000000000
0.5100000000 0.3445728836 1.5286425574 2.4661826778 19.0614149200 0.3445728836 0.5267287740 6.5680467047 0.0000000000
0.5120000000 0.3445769507 1.5286416029 2.4661837102 19.0612097549 0.3445769507 0.5267346623 6.5680535346 0.0000000000
0.5140000000 0.3445769142 1.5286410880 2.4661842631 19.0612148780 0.3445769142 0.5267344290 6.5680546030 0.0000000000
0.5160000000 0.3445713739 1.5286408003 2.4661845683 19.0615043442 0.3445713739 0.5267258608 6.5680487414 0.0000000000
0.5180000000 0.3445706807 1.5286403156 2.4661850884 19.0615433750 0.3445706807 0.5267246341 6.5680489765 0.0000000000
0.5200000000 0.3445782393 1.5286397598 2.4661856860 19.0611543615 0.3445782393 0.5267359970 6.5680590090 0.0000000000
0.5220000000 0.3445805894 1.5286396043 2.4661858472 19.0610332619 0.3445805894 0.5267395358 6.5680620757 0.0000000000
0.5240000000 0.3445706579 1.5286400731 2.4661853273 19.0615459246 0.3445706579 0.5267245156 6.5680494193 0.0000000000
0.5260000000 0.3445650969 1.5286412280 2.4661840591 19.0618272705 0.3445650969 0.5267164128 6.5680403597 0.0000000000
0.5280000000 0.3445769973 1.5286431684 2.4661819340 19.0611968407 0.3445769973 0.5267352730 6.5680499733 0.0000000000
0.5300000000 0.3445871609 1.5286457394 2.4661791207 19.0606526165 0.3445871609 0.5267516953 6.5680561692 0.0000000000
0.5320000000 0.3445732509 1.5286484247 2.4661761825 19.0613576909 0.3445732509 0.5267313572 6.5680339859 0.0000000000
0.5340000000 0.3445547832 1.5286508285 2.4661735512 19.0623013148 0.3445547832 0.5267039548 6.5680070965 0.0000000000
0.5360000000 0.3445671506 1.5286530228 2.4661711483 19.0616449748 0.3445671506 0.5267236163 6.5680166948 0.0000000000
0.5380000000 0.3445954959 1.5286553182 2.4661686347 19.0601584073 0.3445954959 0.5267677374 6.5680447384 0.0000000000
0.5400000000 0.3445882173 1.5286579424 2.4661657623 19.0605195028 0.3445882173 0.5267575152 6.5680304355 0.0000000000
0.5420000000 0.3445469883 1.5286609897 2.4661624287 19.0626409685 0.3445469883 0.5266955401 6.5679755346 0.0000000000
0.5440000000 0.3445400900 1.5286644630 2.4661586306 19.0629769913 0.3445400900 0.5266861917 6.5679598088 0.0000000000
0.5460000000 0.3445913747 1.5286682953 2.4661544408 19.0602892483 0.3445913747 0.5267659093 6.5680112743 0.0000000000
0.5480000000 0.3446213187 1.5286724152 2.4661499366 19.0587082536 0.3446213187 0.5268131036 6.5680371714 0.0000000000
0.5500000000 0.3445657379 1.5286767954 2.4661451488 19.0615660395 0.3445657379 0.5267296479 6.5679625671 0.0000000000
0.5520000000 0.3444998208 1.5286814364 2.4661400772 19.0649600289 0.3444998208 0.5266304809 6.5678753131 0.0000000000
0.5540000000 0.3445405687 1.5286863878 2.4661346675 19.0628117672 0.3445405687 0.5266944775 6.5679120079 0.0000000000
0.5560000000 0.3446461120 1.5286917596 2.4661287981 19.0572974898 0.3446461120 0.5268576715 6.5680234857 0.0000000000
0.5580000000 0.3446456851 1.5286975667 2.4661224533 19.0572825021 0.3446456851 0.5268590202 6.5680101843 0.0000000000
0.5600000000 0.3445065982 1.5287035471 2.4661159209 19.0644664583 0.3445065982 0.5266484586 6.5678344856 0.0000000000
0.5620000000 0.3444298712 1.5287092756 2.4661096653 19.0684164126 0.3444298712 0.5265331390 6.5677322099 0.0000000000
0.5640000000 0.3445658389 1.5287144797 2.4661039810 19.0613197063 0.3445658389 0.5267427872 6.5678796153 0.0000000000
0.5660000000 0.3447432494 1.5287191440 2.4660988829 19.0520819207 0.3447432494 0.5270156051 6.5680766296 0.0000000000
0.5680000000 0.3446733300 1.5287233493 2.4660942842 19.0556828085 0.3446733300 0.5269101674 6.5679856484 0.0000000000
0.5700000000 0.3444010028 1.5287272009 2.4660900730 19.0698020100 0.3444010028 0.5264951809 6.5676589346 0.0000000000
0.5720000000 0.3443169025 1.5287309192 2.4660860089 19.0741506223 0.3443169025 0.5263678949 6.5675524602 0.0000000000
0.5740000000 0.3446096595 1.5287347652 2.4660818044 19.0589145834 0.3446096595 0.5268167668 6.5678860642 0.0000000000
0.5760000000 0.3449123852 1.5287387754 2.4660774172 19.0431867084 0.3449123852 0.5272809374 6.5682309503 0.0000000000
0.5780000000 0.3447472686 1.5287427423 2.4660730767 19.0517223659 0.3447472686 0.5270298848 6.5680292473 0.0000000000
0.5800000000 0.3442460357 1.5287465031 2.4660689653 19.0777367415 0.3442460357 0.5262649233 6.5674352438 0.0000000000
0.5820000000 0.3440922690 1.5287500110 2.4660651336 19.0857174643 0.3440922690 0.5260310601 6.5672478283 0.0000000000
0.5840000000 0.3446103391 1.5287530979 2.4660617588 19.0587619021 0.3446103391 0.5268241235 6.5678464025 0.0000000000
0.5860000000 0.3451951742 1.5287555620 2.4660590581 19.0284362231 0.3451951742 0.5277190425 6.5685243560 0.0000000000
0.5880000000 0.3449970885 1.5287576230 2.4660567949 19.0386775191 0.3449970885 0.5274169289 6.5682883126 0.0000000000
0.5900000000 0.3441081600 1.5287598296 2.4660543755 19.0848268975 0.3441081600 0.5260587321 6.5672446676 0.0000000000
0.5920000000 0.3436367132 1.5287622893 2.4660516848 19.1093910244 0.3436367132 0.5253388483 6.5666883222 0.0000000000
0.5940000000 0.3443534832 1.5287645283 2.4660492337 19.0720328998 0.3443534832 0.5264353902 6.5675209599 0.0000000000
0.5960000000 0.3455414718 1.5287663990 2.4660471788 19.0104678727 0.3455414718 0.5282521915 6.5689050474 0.0000000000
0.5980000000 0.3456743282 1.5287685070 2.4660448620 19.0035969832 0.3456743282 0.5284560266 6.5690556204 0.0000000000
0.6000000000 0.3443242630 1.5287712982 2.4660418051 19.0735086418 0.3443242630 0.5263930506 6.5674718065 0.0000000000
0.6020000000 0.3429553254 1.5287743917 2.4660384313 19.1449579795 0.3429553254 0.5243013189 6.5658652933 0.0000000000
0.6040000000 0.3433666883 1.5287773535 2.4660352049 19.1234028075 0.3433666883 0.5249312170 6.5663394907 0.0000000000
0.6060000000 0.3454222973 1.5287803127 2.4660319685 19.0165347107 0.3454222973 0.5280748076 6.5687351061 0.0000000000
0.6080000000 0.3468578336 1.5287831643 2.4660288317 18.9426493675 0.3468578336 0.5302704164 6.5704063218 0.0000000000
0.6100000000 0.3457332147 1.5287850306 2.4660267687 19.0004536851 0.3457332147 0.5285517632 6.5690879335 0.0000000000
0.6120000000 0.3428929593 1.5287854787 2.4660262615 19.1481557823 0.3428929593 0.5242097769 6.5657678010 0.0000000000
0.6140000000 0.3414341490 1.5287853639 2.4660263722 19.2249758358 0.3414341490 0.5219795296 6.5640632632 0.0000000000
0.6160000000 0.3433894710 1.5287854205 2.4660263019 19.1221590797 0.3433894710 0.5249688169 6.5663480915 0.0000000000
0.6180000000 0.3471507847 1.5287851024 2.4660266464 18.9276375472 0.3471507847 0.5307189479 6.5707442265 0.0000000000
0.6200000000 0.3487239815 1.5287840179 2.4660278371 18.8475281306 0.3487239815 0.5331236495 6.5725850503 0.0000000000
0.6220000000 0.3458873426 1.5287834137 2.4660284993 18.9925178187 0.3458873426 0.5287868324 6.5692715176 0.0000000000
0.6240000000 0.3409600520 1.5287842315 2.4660276049 19.2500901207 0.3409600520 0.5212543511 6.5635117284 0.0000000000
0.6260000000 0.3389591370 1.5287848963 2.4660268745 19.3568229327 0.3389591370 0.5181956091 6.5611719965 0.0000000000
0.6280000000 0.3425915845 1.5287833959 2.4660284829 19.1639852705 0.3425915845 0.5237483260 6.5654200794 0.0000000000
0.6300000000 0.3490424359 1.5287805013 2.4660316277 18.8314202424 0.3490424359 0.5336092701 6.5729647930 0.0000000000
0.6320000000 0.3521087731 1.5287786620 2.4660336342 18.6776149791 0.3521087731 0.5382963790 6.5765520945 0.0000000000
0.6340000000 0.3480601587 1.5287779791 2.4660343587 18.8812831361 0.3480601587 0.5321067059 6.5718224039 0.0000000000
0.6360000000 0.3397139692 1.5287765924 2.4660358304 19.3164625529 0.3397139692 0.5193467642 6.5620721643 0.0000000000
0.6380000000 0.3345347100 1.5287747545 2.4660377642 19.5974393366 0.3345347100 0.5114282192 6.5560236856 0.0000000000
0.6400000000 0.3380404911 1.5287743580 2.4660381491 19.4063178480 0.3380404911 0.5167876347 6.5601212151 0.0000000000
0.6420000000 0.3483495015 1.5287750190 2.4660374027 18.8665880950 0.3483495015 0.5325480158 6.5721665583 0.0000000000
0.6440000000 0.3570256302 1.5287741864 2.4660383184 18.4365114331 0.3570256302 0.5458115674 6.5823071134 0.0000000000
0.6460000000 0.3559543000 1.5287721490 2.4660405996 18.4884963553 0.3559543000 0.5441730201 6.5810597777 0.0000000000
0.6480000000 0.3445764836 1.5287723093 2.4660404476 19.0603944114 0.3445764836 0.5267789866 6.5677636831 0.0000000000
0.6500000000 0.3311997354 1.5287742211 2.4660384146 19.7830105789 0.3311997354 0.5063296176 6.5521278698 0.0000000000
0.6520000000 0.3268775358 1.5287733329 2.4660393811 20.0291494799 0.3268775358 0.4997216599 6.5470790265 0.0000000000
0.6540000000 0.3365104723 1.5287684989 2.4660445712 19.4892785034 0.3365104723 0.5144466096 6.5583463135 0.0000000000
0.6560000000 0.3542717534 1.5287643542 2.4660491552 18.5708025142 0.3542717534 0.5415980282 6.5791107678 0.0000000000
0.6580000000 0.3672255981 1.5287642507 2.4660493369 17.9569413089 0.3672255981 0.5614013663 6.5942485117 0.0000000000
0.6600000000 0.3647043775 1.5287636997 2.4660499859 18.0730038778 0.3647043775 0.5575468135 6.5913036294 0.0000000000
0.6620000000 0.3465564767 1.5287590493 2.4660550982 18.9582578629 0.3465564767 0.5298013499 6.5701070495 0.0000000000
0.6640000000 0.3241078707 1.5287551892 2.4660590955 20.1904469332 0.3241078707 0.4954815892 6.5438827640 0.0000000000
0.6660000000 0.3129120364 1.5287557226 2.4660583385 20.8710356823 0.3129120364 0.4783660663 6.5307982769 0.0000000000
0.6680000000 0.3221783475 1.5287561462 2.4660576864 20.3043594552 0.3221783475 0.4925321289 6.5416249755 0.0000000000
0.6700000000 0.3480680953 1.5287510373 2.4660630403 18.8810440683 0.3480680953 0.5321094618 6.5718890465 0.0000000000
0.6720000000 0.3754040087 1.5287439441 2.4660710042 17.5913091942 0.3754040087 0.5738966049 6.6038479902 0.0000000000
0.6740000000 0.3867712464 1.5287441751 2.4660709018 17.1086420695 0.3867712464 0.5912742901 6.6171308179 0.0000000000
0.6760000000 0.3732944958 1.5287479193 2.4660668136 17.6840934696 0.3732944958 0.5706731837 6.6013747552 0.0000000000
0.6780000000 0.3404605998 1.5287444356 2.4660708878 19.2768724846 0.3404605998 0.5204772474 6.5630155675 0.0000000000
0.6800000000 0.3055424586 1.5287377998 2.4660779143 21.3463856250 0.3055424586 0.4670943059 6.5222271466 0.0000000000
0.6820000000 0.2882219504 1.5287380984 2.4660775520 22.5589584988 0.2882219504 0.4406158764 6.5019870185 0.0000000000
0.6840000000 0.2997942855 1.5287444004 2.4660711131 21.7332238480 0.2997942855 0.4583088352 6.5154963155 0.0000000000
0.6860000000 0.3368595758 1.5287467990 2.4660683613 19.4704352685 0.3368595758 0.5149729982 6.5588025645 0.0000000000
0.6880000000 0.3826884057 1.5287394848 2.4660762700 17.2787324534 0.3826884057 0.5850308761 6.6123705750 0.0000000000
0.6900000000 0.4152803126 1.5287349315 2.4660814378 16.0143998384 0.4152803126 0.6348535202 6.6504649708 0.0000000000
0.6920000000 0.4178634453 1.5287414973 2.4660733687 15.9225878634 0.4178634453 0.6388051890 6.6534674223 0.0000000000
0.6940000000 0.3867270957 1.5287410658 2.4660737401 17.1104754677 0.3867270957 0.5912055925 6.6170844840 0.0000000000
0.6960000000 0.3329409273 1.5287287629 2.4660872094 19.6859589673 0.3329409273 0.5089763719 6.5542614331 0.0000000000
0.6980000000 0.2776156740 1.5287233089 2.4660921874 23.3762870407 0.2776156740 0.4243975518 6.4896236833 0.0000000000
0.7000000000 0.2431848104 1.5287302026 2.4660852031 26.5204738616 0.2431848104 0.3717639645 6.4493764080 0.0000000000
0.7020000000 0.2445756496 1.5287377283 2.4660778838 26.3762403981 0.2445756496 0.3738920230 6.4509861305 0.0000000000
0.7040000000 0.2837476225 1.5287347267 2.4660800847 22.8962748270 0.2837476225 0.4337748441 6.4967635456 0.0000000000
0.7060000000 0.3493218944 1.5287211840 2.4660940761 18.8176461689 0.3493218944 0.5340157800 6.5734158080 0.0000000000
0.7080000000 0.4208897032 1.5287170982 2.4660992541 15.8166204698 0.4208897032 0.6434212858 6.6570526958 0.0000000000
0.7100000000 0.4759753536 1.5287309980 2.4660828441 14.1212956804 0.4759753536 0.7276382774 6.7213887054 0.0000000000
0.7120000000 0.4970306980 1.5287278416 2.4660878907 13.5726069124 0.4970306980 0.7598246662 6.7460022878 0.0000000000
0.7140000000 0.4762237308 1.5287151142 2.4661054706 14.1146345802 0.4762237308 0.7280104150 6.7217239389 0.0000000000
0.7160000000 0.4169361012 1.5287264395 2.4660921640 15.9554933456 0.4169361012 0.6373812415 6.6524211879 0.0000000000
0.7180000000 0.3320661402 1.5287414210 2.4660761581 19.7346770527 0.3320661402 0.5076432630 6.5532180369 0.0000000000
0.7200000000 0.2401001305 1.5287350142 2.4660837330 26.8461746062 0.2401001305 0.3670494764 6.4457700257 0.0000000000
0.7220000000 0.1604283884 1.5287213510 2.4660949734 39.5983353231 0.1604283884 0.2452503027 6.3526971206 0.0000000000
0.7240000000 0.1092168437 1.5287162864 2.4660976157 57.6180583422 0.1092168437 0.1669615677 6.2928624731 0.0000000000
0.7260000000 0.0966973431 1.5287206310 2.4660947448 64.9265726066 0.0966973431 0.1478232234 6.2782270677 0.0000000000
0.7280000000 0.1261940908 1.5287298050 2.4660874406 50.0235573030 0.1261940908 0.1929166678 6.3126773314 0.0000000000
0.7300000000 0.1946983542 1.5287416678 2.4660767647 32.8338774986 0.1946983542 0.2976434868 6.3927019120 0.0000000000
0.7320000000 0.2945056918 1.5287464813 2.4660750701 22.1025516536 0.2945056918 0.4502245401 6.5093272659 0.0000000000
0.7340000000 0.4153015856 1.5287236679 2.4661020218 16.0137460779 0.4153015856 0.6348813632 6.6505341376 0.0000000000
0.7360000000 0.5461849823 1.5287191166 2.4661046803 12.4563548895 0.5461849823 0.8349634236 6.8034739744 0.0000000000
0.7380000000 0.6772672890 1.5287431910 2.4660672864 10.2715339022 0.6772672890 1.0353677566 6.9565739201 0.0000000000
0.7400000000 0.8007321387 1.5287219654 2.4660972286 8.8680028790 0.8007321387 1.2240968088 7.1008949112 0.0000000000
0.7420000000 0.9111947725 1.5287203358 2.4660942998 7.9345938099 0.9111947725 1.3929619786 7.2299604012 0.0000000000
0.7440000000 1.0057134553 1.5287330788 2.4660679913 7.2986580783 1.0057134553 1.5374674269 7.3403586349 0.0000000000
0.7460000000 1.0834423497 1.5287182437 2.4660975131 6.8589113652 1.0834423497 1.6562780860 7.4312350460 0.0000000000
0.7480000000 1.1450194529 1.5287353781 2.4660681937 6.5528528219 1.1450194529 1.7504317462 7.5031439529 0.0000000000
0.7500000000 1.1921494359 1.5287380288 2.4660648737 6.3399875820 1.1921494359 1.8224841787 7.5582126196 0.0000000000
0.7520000000 1.2270326914 1.5287288059 2.4660848697 6.1929948107 1.2270326914 1.8758002212 7.5990070903 0.0000000000
0.7540000000 1.2519862876 1.5287461075 2.4660541444 6.0928157847 1.2519862876 1.9139691639 7.6281218156 0.0000000000
0.7560000000 1.2692823623 1.5287326077 2.4660874401 6.0257592081 1.2692823623 1.9403933355 7.6483898821 0.0000000000
0.7580000000 1.2808397609 1.5287403959 2.4660663127 5.9819014859 1.2808397609 1.9580714831 7.6618572689 0.0000000000
0.7600000000 1.2883119843 1.5287350456 2.4660610271 5.9539654062 1.2883119843 1.9694876801 7.6705649870 0.0000000000
0.7620000000 1.2929832171 1.5287266344 2.4660674203 5.9366762464 1.2929832171 1.9766178818 7.6760227517 0.0000000000
0.7640000000 1.2958101662 1.5287434478 2.4660451288 5.9262566595 1.2958101662 1.9809613012 7.6793036268 0.0000000000
0.7660000000 1.2975262419 1.5287440646 2.4660742397 5.9200212391 1.2975262419 1.9835855410 7.6813829104 0.0000000000
0.7680000000 1.2985821876 1.5287553739 2.4660624866 5.9161522126 1.2985821876 1.9852144978 7.6826098825 0.0000000000
0.7700000000 1.2993118739 1.5287469850 2.4660530299 5.9134549635 1.2993118739 1.9863191099 7.6834222500 0.0000000000
0.7720000000 1.2999101051 1.5287329091 2.4660479868 5.9112400875 1.2999101051 1.9872153566 7.6840807236 0.0000000000
0.7740000000 1.3004777347 1.5287463443 2.4660343594 5.9091643346 1.3004777347 1.9881005828 7.6847366476 0.0000000000
0.7760000000 1.3010905059 1.5287498613 2.4660952110 5.9070539521 1.3010905059 1.9890419305 7.6856118152 0.0000000000
0.7780000000 1.3017040594 1.5287682448 2.4660997795 5.9048573479 1.3017040594 1.9900038302 7.6863767801 0.0000000000
0.7800000000 1.3023089335 1.5287574383 2.4660689439 5.9025818020 1.3023089335 1.9909144691 7.6869850116 0.0000000000
0.7820000000 1.3028885300 1.5287270856 2.4660295534 5.9003538596 1.3028885300 1.9917609853 7.6875033666 0.0000000000
0.7840000000 1.3034188836 1.5287374226 2.4659940730 5.8983762470 1.3034188836 1.9925852247 7.6880549829 0.0000000000
0.7860000000 1.3039214524 1.5287539908 2.4660884347 5.8967594717 1.3039214524 1.9933751241 7.6889111748 0.0000000000
0.7880000000 1.3043111767 1.5287905316 2.4661380879 5.8954977290 1.3043111767 1.9940185771 7.6895635799 0.0000000000
0.7900000000 1.3045669969 1.5287731245 2.4661132628 5.8944966186 1.3045669969 1.9943869641 7.6897657522 0.0000000000
0.7920000000 1.3046947490 1.5287179951 2.4660288305 5.8937878051 1.3046947490 1.9945103408 7.6895940009 0.0000000000
0.7940000000 1.3047386420 1.5287147206 2.4659829686 5.8935359590 1.3047386420 1.9945731685 7.6895241034 0.0000000000
0.7960000000 1.3047658163 1.5287649754 2.4661194981 5.8937759750 1.3047658163 1.9946802810 7.6899974208 0.0000000000
0.7980000000 1.3047137303 1.5288315478 2.4662251772 5.8942688827 1.3047137303 1.9946875117 7.6903335411 0.0000000000
0.8000000000 1.3045446564 1.5287869276 2.4661427923 5.8946552426 1.3045446564 1.9943708171 7.6898409978 0.0000000000
0.8020000000 1.3042940153 1.5286612116 2.4659077705 5.8949207687 1.3042940153 1.9938236697 7.6887098795 0.0000000000
0.8040000000 1.3040979382 1.5286417583 2.4658311800 5.8954548586 1.3040979382 1.9934985652 7.6882505259 0.0000000000
0.8060000000 1.3040816006 1.5287898620 2.4661997028 5.8964469679 1.3040816006 1.9936667303 7.6894479998 0.0000000000
0.8080000000 1.3040912729 1.5289728763 2.4665704671 5.8974024805 1.3040912729 1.9939201845 7.6907511074 0.0000000000
0.8100000000 1.3039181776 1.5288833457 2.4663636585 5.8974967929 1.3039181776 1.9935387859 7.6898532707 0.0000000000
0.8120000000 1.3035823827 1.5285190254 2.4656235388 5.8967385586 1.3035823827 1.9925504732 7.6868845006 0.0000000000
0.8140000000 1.3034118058 1.5283520089 2.4652210332 5.8963300856 1.3034118058 1.9920720517 7.6853462442 0.0000000000
0.8160000000 1.3037335093 1.5287085256 2.4660291114 5.8972578190 1.3037335093 1.9930285308 7.6884526318 0.0000000000
0.8180000000 1.3042485254 1.5293026358 2.4672720017 5.8986813232 1.3042485254 1.9945907077 7.6933464177 0.0000000000
0.8200000000 1.3043114077 1.5292947069 2.4672616260 5.8984213053 1.3043114077 1.9946765319 7.6933781960 0.0000000000
0.8220000000 1.3037188183 1.5284430872 2.4654909139 5.8958733199 1.3037188183 1.9926600155 7.6865609975 0.0000000000
0.8240000000 1.3032072185 1.5277314874 2.4639295213 5.8936466382 1.3032072185 1.9909507023 7.6806428421 0.0000000000
0.8260000000 1.3037257789 1.5282701473 2.4651108229 5.8948549090 1.3037257789 1.9924451882 7.6852743080 0.0000000000
0.8280000000 1.3049425956 1.5297244404 2.4681706523 5.8985326984 1.3049425956 1.9962025818 7.6972465695 0.0000000000
0.8300000000 1.3053337314 1.5301585266 2.4690916285 5.8995438267 1.3053337314 1.9973675391 7.7008735566 0.0000000000
0.8320000000 1.3040470394 1.5285088730 2.4656260010 5.8950428878 1.3040470394 1.9932474704 7.6874132247 0.0000000000
0.8340000000 1.3025134358 1.5266035554 2.4615532421 5.8898808018 1.3025134358 1.9884216421 7.6716488795 0.0000000000
0.8360000000 1.3031225767 1.5273639038 2.4632016401 5.8919957304 1.3031225767 1.9903423859 7.6779926584 0.0000000000
0.8380000000 1.3057307632 1.5306585028 2.4701778566 5.9009508309 1.3057307632 1.9986278951 7.7050530323 0.0000000000
0.8400000000 1.3069072514 1.5321842705 2.4733984779 5.9051906661 1.3069072514 2.0024227336 7.7175365025 0.0000000000
0.8420000000 1.3040578736 1.5286736561 2.4659703468 5.8959156454 1.3040578736 1.9934789175 7.6886152196 0.0000000000
0.8440000000 1.2999525073 1.5236135549 2.4552151636 5.8824392532 1.2999525073 1.9806252608 7.6468916562 0.0000000000
0.8460000000 1.3006448938 1.5245152456 2.4571587072 5.8850356429 1.3006448938 1.9828529697 7.6543415591 0.0000000000
0.8480000000 1.3070749982 1.5325849028 2.4742746634 5.9068732247 1.3070749982 2.0032034090 7.7207263094 0.0000000000
0.8500000000 1.3114118322 1.5380100362 2.4858277315 5.9215762783 1.3114118322 2.0169645595 7.7656251965 0.0000000000
0.8520000000 1.3057434220 1.5309726425 2.4708584933 5.9026890296 1.3057434220 1.9990574572 7.7073973723 0.0000000000
0.8540000000 1.2946903828 1.5171626688 2.4416085117 5.8655484385 1.2946903828 1.9642559166 7.5940691535 0.0000000000
0.8560000000 1.2934629421 1.5156008132 2.4383578279 5.8613711675 1.2934629421 1.9603734868 7.5814663950 0.0000000000
0.8580000000 1.3079969110 1.5338016001 2.4768297487 5.9102866674 1.3079969110 2.0062077549 7.7306367041 0.0000000000
0.8600000000 1.3218849448 1.5509210061 2.5135518261 5.9564045390 1.3218849448 2.0501391285 7.8736814852 0.0000000000
0.8620000000 1.3127578801 1.5396816217 2.4894039474 5.9261000819 1.3127578801 2.0212291817 7.7795345808 0.0000000000
0.8640000000 1.2855202695 1.5055514262 2.4172819975 5.8343224840 1.2855202695 1.9354168751 7.5001398120 0.0000000000
0.8660000000 1.2759499325 1.4933230788 2.3919743509 5.8016609262 1.2759499325 1.9054054817 7.4026288675 0.0000000000
0.8680000000 1.3059795956 1.5314191096 2.4716510525 5.9040343218 1.3059795956 2.0000021096 7.7105483562 0.0000000000
0.8700000000 1.3442477789 1.5781732312 2.5729961449 6.0305123168 1.3442477789 2.1214558607 8.1065027876 0.0000000000
0.8720000000 1.3324019815 1.5641513525 2.5421342387 5.9931182191 1.3324019815 2.0840783614 7.9852425907 0.0000000000
0.8740000000 1.2672470030 1.4828007056 2.3700477792 5.7749326796 1.2672470030 1.8790747503 7.3182661308 0.0000000000
0.8760000000 1.2298662632 1.4335776723 2.2715214434 5.6449880218 1.2298662632 1.7631088148 6.9425803240 0.0000000000
0.8780000000 1.2877642038 1.5100961056 2.4261536785 5.8502066142 1.2877642038 1.9446477091 7.5336866624 0.0000000000
0.8800000000 1.3883100125 1.6315211092 2.6928493350 6.1800804500 1.3883100125 2.2650570915 8.5798675667 0.0000000000
0.8820000000 1.3871121623 1.6314328550 2.6923192378 6.1831685847 1.3871121623 2.2629803551 8.5767483452 0.0000000000
0.8840000000 1.2357447998 1.4464869107 2.2950051913 5.6891216273 1.2357447998 1.7874886779 7.0303024662 0.0000000000
0.8860000000 1.1089672949 1.2653190645 1.9610153247 5.2213303199 1.1089672949 1.4031974601 5.7902845606 0.0000000000
0.8880000000 1.1944037315 1.3949097976 2.1939903060 5.5651159327 1.1944037315 1.6660854673 6.6469952360 0.0000000000
0.8900000000 1.4359299072 1.6939620949 2.8368326029 6.3737702915 1.4359299072 2.4324108337 9.1522873830 0.0000000000
0.8920000000 1.5209683451 1.7888657139 3.0760146585 6.6560338768 1.5209683451 2.7208081245 10.1236168302 0.0000000000
0.8940000000 1.2018753576 1.4389894903 2.2670929252 5.7510858877 1.2018753576 1.7294860083 6.9120884078 0.0000000000
0.8960000000 0.7531337288 0.6705174015 1.1316057833 3.9811210020 0.7531337288 0.5049892709 2.9983165052 0.0000000000
0.8980000000 0.5437210596 0.1203793422 0.6506060534 2.9986970090 0.5437210596 0.0654527835 1.6304547150 0.0000000000
0.9000000000 0.5042241286 0.0108031956 0.5778577289 2.8651420351 0.5042241286 0.0054472319 1.4446737461 0.0000000000
0.9020000000 0.5003332239 0.0008433992 0.5715333551 2.8557639138 0.5003332239 0.0004219806 1.4288335656 0.0000000000
0.9040000000 0.5000256981 0.0000649932 0.5710410897 2.8550587112 0.5000256981 0.0000324983 1.4276027252 0.0000000000
0.9060000000 0.5000019782 0.0000050026 0.5710031628 2.8550045183 0.5000019782 0.0000025013 1.4275079069 0.0000000000
0.9080000000 0.5000001522 0.0000003850 0.5710002434 2.8550003477 0.5000001522 0.0000001925 1.4275006085 0.0000000000
0.9100000000 0.5000000117 0.0000000296 0.5710000187 2.8550000268 0.5000000117 0.0000000148 1.4275000468 0.0000000000
0.9120000000 0.5000000009 0.0000000023 0.5710000014 2.8550000021 0.5000000009 0.0000000011 1.4275000036 0.0000000000
0.9140000000 0.5000000001 0.0000000002 0.5710000001 2.8550000002 0.5000000001 0.0000000001 1.4275000003 0.0000000000
0.9160000000 0.5000000000 0.0000000000 0.5710000000 2.8550000000 0.5000000000 0.0000000000 1.4275000000 0.0000000000
0.9180000000 0.5000000000 0.0000000000 0.5710000000 2.8550000000 0.5000000000 0.0000000000 1.4275000000 0.0000000000
0.9200000000 0.5000000000 0.0000000000 0.5710000000 2.8550000000 0.5000000000 0.0000000000 1.4275000000 0.0000000000
0.9220000000 0.5000000000 0.0000000000 0.5710000000 2.8550000000 0.5000000000 0.0000000000 1.4275000000 0.0000000000
0.9240000000 0.5000000000 0.0000000000 0.5710000000 2.8550000000 0.5000000000 0.0000000000 1.4275000000 0.0000000000
0.9260000000 0.5000000000 0.0000000000 0.5710000000 2.8550000000 0.5000000000 0.0000000000 1.4275000000 0.0000000000
0.9280000000 0.5000000000 0.0000000000 0.5710000000 2.8550000000 0.5000000000 0.0000000000 1.4275000000 0.0000000000
0.9300000000 0.5000000000 0.0000000000 0.5710000000 2.8550000000 0.5000000000 0.0000000000 1.4275000000 0.0000000000
0.9320000000 0.5000000000 0.0000000000 0.5710000000 2.8550000000 0.5000000000 0.0000000000 1.4275000000 0.0000000000
0.9340000000 0.5000000000 0.0000000000 0.5710000000 2.8550000000 0.5000000000 0.0000000000 1.4275000000 0.0000000000
0.9360000000 0.5000000000 0.0000000000 0.5710000000 2.8550000000 0.5000000000 0.0000000000 1.4275000000 0.0000000000
0.9380000000 0.5000000000 0.0000000000 0.5710000000 2.8550000000 0.5000000000 0.0000000000 1.4275000000 0.0000000000
0.9400000000 0.5000000000 0.0000000000 0.5710000000 2.8550000000 0.5000000000 0.0000000000 1.4275000000 0.0000000000
0.9420000000 0.5000000000 0.0000000000 0.5710000000 2.8550000000 0.5000000000 0.0000000000 1.4275000000 0.0000000000
0.9440000000 0.5000000000 0.0000000000 0.5710000000 2.8550000000 0.5000000000 0.0000000000 1.4275000000 0.0000000000
0.9460000000 0.5000000000 0.0000000000 0.5710000000 2.8550000000 0.5000000000 0.0000000000 1.4275000000 0.0000000000
0.9480000000 0.5000000000 0.0000000000 0.5710000000 2.8550000000 0.5000000000 0.0000000000 1.4275000000 0.0000000000
0.9500000000 0.5000000000 0.0000000000 0.5710000000 2.8550000000 0.5000000000 0.0000000000 1.4275000000 0.0000000000
0.9520000000 0.5000000000 0.0000000000 0.5710000000 2.8550000000 0.5000000000 0.0000000000 1.4275000000 0.0000000000
0.9540000000 0.5000000000 0.0000000000 0.5710000000 2.8550000000 0.5000000000 0.0000000000 1.4275000000 0.0000000000
0.9560000000 0.5000000000 0.0000000000 0.5710000000 2.8550000000 0.5000000000 0.0000000000 1.4275000000 0.0000000000
0.9580000000 0.5000000000 0.0000000000 0.5710000000 2.8550000000 0.5000000000 0.0000000000 1.4275000000 0.0000000000
0.9600000000 0.5000000000 0.0000000000 0.5710000000 2.8550000000 0.5000000000 0.0000000000 1.4275000000 0.0000000000
0.9620000000 0.5000000000 0.0000000000 0.5710000000 2.8550000000 0.5000000000 0.0000000000 1.4275000000 0.0000000000
0.9640000000 0.5000000000 0.0000000000 0.5710000000 2.8550000000 0.5000000000 0.0000000000 1.4275000000 0.0000000000
0.9660000000 0.5000000000 0.0000000000 0.5710000000 2.8550000000 0.5000000000 0.0000000000 1.4275000000 0.0000000000
0.9680000000 0.5000000000 0.0000000000 0.5710000000 2.8550000000 0.5000000000 0.0000000000 1.4275000000 0.0000000000
0.9700000000 0.5000000000 0.0000000000 0.5710000000 2.8550000000 0.5000000000 0.0000000000 1.4275000000 0.0000000000
0.9720000000 0.5000000000 0.0000000000 0.5710000000 2.8550000000 0.5000000000 0.0000000000 1.4275000000 0.0000000000
0.9740000000 0.5000000000 0.0000000000 0.5710000000 2.8550000000 0.5000000000 0.0000000000 1.4275000000 0.0000000000
0.9760000000 0.5000000000 0.0000000000 0.5710000000 2.8550000000 0.5000000000 0.0000000000 1.4275000000 0.0000000000
0.9780000000 0.5000000000 0.0000000000 0.5710000000 2.8550000000 0.5000000000 0.0000000000 1.4275000000 0.0000000000
0.9800000000 0.5000000000 0.0000000000 0.5710000000 2.8550000000 0.5000000000 0.0000000000 1.4275000000 0.0000000000
0.9820000000 0.5000000000 0.0000000000 0.5710000000 2.8550000000 0.5000000000 0.0000000000 1.4275000000 0.0000000000
0.9840000000 0.5000000000 0.0000000000 0.5710000000 2.8550000000 0.5000000000 0.0000000000 1.4275000000 0.0000000000
0.9860000000 0.5000000000 0.0000000000 0.5710000000 2.8550000000 0.5000000000 0.0000000000 1.4275000000 0.0000000000
0.9880000000 0.5000000000 0.0000000000 0.5710000000 2.8550000000 0.5000000000 0.0000000000 1.4275000000 0.0000000000
0.9900000000 0.5000000000 0.0000000000 0.5710000000 2.8550000000 0.5000000000 0.0000000000 1.4275000000 0.0000000000
0.9920000000 0.5000000000 0.0000000000 0.5710000000 2.8550000000 0.5000000000 0.0000000000 1.4275000000 0.0000000000
0.9940000000 0.5000000000 0.0000000000 0.5710000000 2.8550000000 0.5000000000 0.0000000000 1.4275000000 0.0000000000
0.9960000000 0.5000000000 0.0000000000 0.5710000000 2.8550000000 0.5000000000 0.0000000000 1.4275000000 0.0000000000
0.9980000000 0.5000000000 0.0000000000 0.5710000000 2.8550000000 0.5000000000 0.0000000000 1.4275000000 0.0000000000
1.0000000000 0.5000000000 0.0000000000 0.5710000000 2.8550000000 0.5000000000 0.0000000000 1.4275000000 0.0000000000
