TITLE = "1D Euler Filtered MacCormack Result"
VARIABLES = "x", "rho", "u", "p", "E", "rho_conserved", "rhou", "rhoE", "nu"
ZONE T="t=0.20000000", I=501, F=POINT
0.0000000000 1.0000000000 -0.2000000000 0.5000000000 1.2700000000 1.0000000000 -0.2000000000 1.2700000000 0.0000000000
0.0020000000 1.0000000000 -0.2000000000 0.5000000000 1.2700000000 1.0000000000 -0.2000000000 1.2700000000 0.0000000000
0.0040000000 1.0000000000 -0.2000000000 0.5000000000 1.2700000000 1.0000000000 -0.2000000000 1.2700000000 0.0000000000
0.0060000000 1.0000000000 -0.2000000000 0.5000000000 1.2700000000 1.0000000000 -0.2000000000 1.2700000000 0.0000000000
0.0080000000 1.0000000000 -0.2000000000 0.5000000000 1.2700000000 1.0000000000 -0.2000000000 1.2700000000 0.0000000000
0.0100000000 1.0000000000 -0.2000000000 0.5000000000 1.2700000000 1.0000000000 -0.2000000000 1.2700000000 0.0000000000
0.0120000000 1.0000000000 -0.2000000000 0.5000000000 1.2700000000 1.0000000000 -0.2000000000 1.2700000000 0.0000000000
0.0140000000 1.0000000000 -0.2000000000 0.5000000000 1.2700000000 1.0000000000 -0.2000000000 1.2700000000 0.0000000000
0.0160000000 1.0000000000 -0.2000000000 0.5000000000 1.2700000000 1.0000000000 -0.2000000000 1.2700000000 0.0000000000
0.0180000000 1.0000000000 -0.2000000000 0.5000000000 1.2700000000 1.0000000000 -0.2000000000 1.2700000000 0.0000000000
0.0200000000 1.0000000000 -0.2000000000 0.5000000000 1.2700000000 1.0000000000 -0.2000000000 1.2700000000 0.0000000000
0.0220000000 1.0000000000 -0.2000000000 0.5000000000 1.2700000000 1.0000000000 -0.2000000000 1.2700000000 0.0000000000
0.0240000000 1.0000000000 -0.2000000000 0.5000000000 1.2700000000 1.0000000000 -0.2000000000 1.2700000000 0.0000000000
0.0260000000 1.0000000000 -0.2000000000 0.5000000000 1.2700000000 1.0000000000 -0.2000000000 1.2700000000 0.0000000000
0.0280000000 1.0000000000 -0.2000000000 0.5000000000 1.2700000000 1.0000000000 -0.2000000000 1.2700000000 0.0000000000
0.0300000000 1.0000000000 -0.2000000000 0.5000000000 1.2700000000 1.0000000000 -0.2000000000 1.2700000000 0.0000000000
0.0320000000 1.0000000000 -0.2000000000 0.5000000000 1.2700000000 1.0000000000 -0.2000000000 1.2700000000 0.0000000000
0.0340000000 1.0000000000 -0.2000000000 0.5000000000 1.2700000000 1.0000000000 -0.2000000000 1.2700000000 0.0000000000
0.0360000000 1.0000000000 -0.2000000000 0.5000000000 1.2700000000 1.0000000000 -0.2000000000 1.2700000000 0.0000000000
0.0380000000 1.0000000000 -0.2000000000 0.5000000000 1.2700000000 1.0000000000 -0.2000000000 1.2700000000 0.0000000000
0.0400000000 1.0000000000 -0.2000000000 0.5000000000 1.2700000000 1.0000000000 -0.2000000000 1.2700000000 0.0000000000
0.0420000000 1.0000000000 -0.2000000000 0.5000000000 1.2700000000 1.0000000000 -0.2000000000 1.2700000000 0.0000000000
0.0440000000 1.0000000000 -0.2000000000 0.5000000000 1.2700000000 1.0000000000 -0.2000000000 1.2700000000 0.0000000000
0.0460000000 1.0000000000 -0.2000000000 0.5000000000 1.2700000000 1.0000000000 -0.2000000000 1.2700000000 0.0000000000
0.0480000000 1.0000000000 -0.2000000000 0.5000000000 1.2700000000 1.0000000000 -0.2000000000 1.2700000000 0.0000000000
0.0500000000 1.0000000000 -0.2000000000 0.5000000000 1.2700000000 1.0000000000 -0.2000000000 1.2700000000 0.0000000000
0.0520000000 1.0000000000 -0.2000000000 0.5000000000 1.2700000000 1.0000000000 -0.2000000000 1.2700000000 0.0000000000
0.0540000000 1.0000000000 -0.2000000000 0.5000000000 1.2700000000 1.0000000000 -0.2000000000 1.2700000000 0.0000000000
0.0560000000 1.0000000000 -0.2000000000 0.5000000000 1.2700000000 1.0000000000 -0.2000000000 1.2700000000 0.0000000000
0.0580000000 1.0000000000 -0.2000000000 0.5000000000 1.2700000000 1.0000000000 -0.2000000000 1.2700000000 0.0000000000
0.0600000000 1.0000000000 -0.2000000000 0.5000000000 1.2700000000 1.0000000000 -0.2000000000 1.2700000000 0.0000000000
0.0620000000 1.0000000000 -0.2000000000 0.5000000000 1.2700000000 1.0000000000 -0.2000000000 1.2700000000 0.0000000000
0.0640000000 1.0000000000 -0.2000000000 0.5000000000 1.2700000000 1.0000000000 -0.2000000000 1.2700000000 0.0000000000
0.0660000000 1.0000000000 -0.2000000000 0.5000000000 1.2700000000 1.0000000000 -0.2000000000 1.2700000000 0.0000000000
0.0680000000 1.0000000000 -0.2000000000 0.5000000000 1.2700000000 1.0000000000 -0.2000000000 1.2700000000 0.0000000000
0.0700000000 1.0000000000 -0.2000000000 0.5000000000 1.2700000000 1.0000000000 -0.2000000000 1.2700000000 0.0000000000
0.0720000000 1.0000000000 -0.2000000000 0.5000000000 1.2700000000 1.0000000000 -0.2000000000 1.2700000000 0.0000000000
0.0740000000 1.0000000000 -0.2000000000 0.5000000000 1.2700000000 1.0000000000 -0.2000000000 1.2700000000 0.0000000000
0.0760000000 1.0000000000 -0.2000000000 0.5000000000 1.2700000000 1.0000000000 -0.2000000000 1.2700000000 0.0000000000
0.0780000000 1.0000000000 -0.2000000000 0.5000000000 1.2700000000 1.0000000000 -0.2000000000 1.2700000000 0.0000000000
0.0800000000 1.0000000000 -0.2000000000 0.5000000000 1.2700000000 1.0000000000 -0.2000000000 1.2700000000 0.0000000000
0.0820000000 1.0000000000 -0.2000000000 0.5000000000 1.2700000000 1.0000000000 -0.2000000000 1.2700000000 0.0000000000
0.0840000000 1.0000000000 -0.2000000000 0.5000000000 1.2700000000 1.0000000000 -0.2000000000 1.2700000000 0.0000000000
0.0860000000 1.0000000000 -0.2000000000 0.5000000000 1.2700000000 1.0000000000 -0.2000000000 1.2700000000 0.0000000000
0.0880000000 1.0000000000 -0.2000000000 0.5000000000 1.2700000000 1.0000000000 -0.2000000000 1.2700000000 0.0000000000
0.0900000000 1.0000000000 -0.2000000000 0.5000000000 1.2700000000 1.0000000000 -0.2000000000 1.2700000000 0.0000000000
0.0920000000 1.0000000000 -0.2000000000 0.5000000000 1.2700000000 1.0000000000 -0.2000000000 1.2700000000 0.0000000000
0.0940000000 1.0000000000 -0.2000000000 0.5000000000 1.2700000000 1.0000000000 -0.2000000000 1.2700000000 0.0000000000
0.0960000000 1.0000000000 -0.2000000000 0.5000000000 1.2700000000 1.0000000000 -0.2000000000 1.2700000000 0.0000000000
0.0980000000 1.0000000000 -0.2000000000 0.5000000000 1.2700000000 1.0000000000 -0.2000000000 1.2700000000 0.0000000000
0.1000000000 1.0000000000 -0.2000000000 0.5000000000 1.2700000000 1.0000000000 -0.2000000000 1.2700000000 0.0000000000
0.1020000000 1.0000000000 -0.2000000000 0.5000000000 1.2700000000 1.0000000000 -0.2000000000 1.2700000000 0.0000000000
0.1040000000 1.0000000000 -0.2000000000 0.5000000000 1.2700000000 1.0000000000 -0.2000000000 1.2700000000 0.0000000000
0.1060000000 1.0000000000 -0.2000000000 0.5000000000 1.2700000000 1.0000000000 -0.2000000000 1.2700000000 0.0000000000
0.1080000000 1.0000000000 -0.2000000000 0.5000000000 1.2700000000 1.0000000000 -0.2000000000 1.2700000000 0.0000000000
0.1100000000 1.0000000000 -0.2000000000 0.5000000000 1.2700000000 1.0000000000 -0.2000000000 1.2700000000 0.0000000000
0.1120000000 1.0000000000 -0.2000000000 0.5000000000 1.2700000000 1.0000000000 -0.2000000000 1.2700000000 0.0000000000
0.1140000000 1.0000000000 -0.2000000000 0.5000000000 1.2700000000 1.0000000000 -0.2000000000 1.2700000000 0.0000000000
0.1160000000 1.0000000000 -0.2000000000 0.5000000000 1.2700000000 1.0000000000 -0.2000000000 1.2700000000 0.0000000000
0.1180000000 1.0000000000 -0.2000000000 0.5000000000 1.2700000000 1.0000000000 -0.2000000000 1.2700000000 0.0000000000
0.1200000000 1.0000000000 -0.2000000000 0.5000000000 1.2700000000 1.0000000000 -0.2000000000 1.2700000000 0.0000000000
0.1220000000 1.0000000000 -0.2000000000 0.5000000000 1.2700000000 1.0000000000 -0.2000000000 1.2700000000 0.0000000000
0.1240000000 1.0000000000 -0.2000000000 0.5000000000 1.2700000000 1.0000000000 -0.2000000000 1.2700000000 0.0000000000
0.1260000000 1.0000000000 -0.2000000000 0.5000000000 1.2700000000 1.0000000000 -0.2000000000 1.2700000000 0.0000000000
0.1280000000 1.0000000000 -0.2000000000 0.5000000000 1.2700000000 1.0000000000 -0.2000000000 1.2700000000 0.0000000000
0.1300000000 1.0000000000 -0.2000000000 0.5000000000 1.2700000000 1.0000000000 -0.2000000000 1.2700000000 0.0000000000
0.1320000000 1.0000000000 -0.2000000000 0.5000000000 1.2700000000 1.0000000000 -0.2000000000 1.2700000000 0.0000000000
0.1340000000 1.0000000000 -0.2000000000 0.5000000000 1.2700000000 1.0000000000 -0.2000000000 1.2700000000 0.0000000000
0.1360000000 1.0000000000 -0.2000000000 0.5000000000 1.2700000000 1.0000000000 -0.2000000000 1.2700000000 0.0000000000
0.1380000000 1.0000000000 -0.2000000000 0.5000000000 1.2700000000 1.0000000000 -0.2000000000 1.2700000000 0.0000000000
0.1400000000 1.0000000000 -0.2000000000 0.5000000000 1.2700000000 1.0000000000 -0.2000000000 1.2700000000 0.0000000000
0.1420000000 1.0000000000 -0.2000000000 0.5000000000 1.2700000000 1.0000000000 -0.2000000000 1.2700000000 0.0000000000
0.1440000000 1.0000000000 -0.2000000000 0.5000000000 1.2700000000 1.0000000000 -0.2000000000 1.2700000000 0.0000000000
0.1460000000 1.0000000000 -0.2000000000 0.5000000000 1.2700000000 1.0000000000 -0.2000000000 1.2700000000 0.0000000000
0.1480000000 1.0000000000 -0.2000000000 0.5000000000 1.2700000000 1.0000000000 -0.2000000000 1.2700000000 0.0000000000
0.1500000000 1.0000000000 -0.2000000000 0.5000000000 1.2700000000 1.0000000000 -0.2000000000 1.2700000000 0.0000000000
0.1520000000 1.0000000000 -0.2000000000 0.5000000000 1.2700000000 1.0000000000 -0.2000000000 1.2700000000 0.0000000000
0.1540000000 1.0000000000 -0.2000000000 0.5000000000 1.2700000000 1.0000000000 -0.2000000000 1.2700000000 0.0000000000
0.1560000000 1.0000000000 -0.2000000000 0.5000000000 1.2700000000 1.0000000000 -0.2000000000 1.2700000000 0.0000000000
0.1580000000 1.0000000000 -0.2000000000 0.5000000000 1.2700000000 1.0000000000 -0.2000000000 1.2700000000 0.0000000000
0.1600000000 1.0000000000 -0.2000000000 0.5000000000 1.2700000000 1.0000000000 -0.2000000000 1.2700000000 0.0000000000
0.1620000000 1.0000000000 -0.2000000000 0.5000000000 1.2700000000 1.0000000000 -0.2000000000 1.2700000000 0.0000000000
0.1640000000 1.0000000000 -0.2000000000 0.5000000000 1.2700000000 1.0000000000 -0.2000000000 1.2700000000 0.0000000000
0.1660000000 1.0000000000 -0.2000000000 0.5000000000 1.2700000000 1.0000000000 -0.2000000000 1.2700000000 0.0000000000
0.1680000000 1.0000000000 -0.2000000000 0.5000000000 1.2700000000 1.0000000000 -0.2000000000 1.2700000000 0.0000000000
0.1700000000 1.0000000000 -0.2000000000 0.5000000000 1.2700000000 1.0000000000 -0.2000000000 1.2700000000 0.0000000000
0.1720000000 1.0000000000 -0.2000000000 0.5000000000 1.2700000000 1.0000000000 -0.2000000000 1.2700000000 0.0000000000
0.1740000000 1.0000000000 -0.2000000000 0.5000000000 1.2700000000 1.0000000000 -0.2000000000 1.2700000000 0.0000000000
0.1760000000 1.0000000000 -0.2000000000 0.5000000000 1.2700000000 1.0000000000 -0.2000000000 1.2700000000 0.0000000000
0.1780000000 1.0000000000 -0.2000000000 0.5000000000 1.2700000000 1.0000000000 -0.2000000000 1.2700000000 0.0000000000
0.1800000000 1.0000000000 -0.2000000000 0.5000000000 1.2700000000 1.0000000000 -0.2000000000 1.2700000000 0.0000000000
0.1820000000 1.0000000000 -0.2000000000 0.5000000000 1.2700000000 1.0000000000 -0.2000000000 1.2700000000 0.0000000000
0.1840000000 1.0000000000 -0.2000000000 0.5000000000 1.2700000000 1.0000000000 -0.2000000000 1.2700000000 0.0000000000
0.1860000000 1.0000000000 -0.2000000000 0.5000000000 1.2700000000 1.0000000000 -0.2000000000 1.2700000000 0.0000000000
0.1880000000 1.0000000000 -0.2000000000 0.5000000000 1.2700000000 1.0000000000 -0.2000000000 1.2700000000 0.0000000000
0.1900000000 1.0000000000 -0.2000000000 0.5000000000 1.2700000000 1.0000000000 -0.2000000000 1.2700000000 0.0000000000
0.1920000000 1.0000000000 -0.2000000000 0.5000000000 1.2700000000 1.0000000000 -0.2000000000 1.2700000000 0.0000000000
0.1940000000 1.0000000000 -0.2000000000 0.5000000000 1.2700000000 1.0000000000 -0.2000000000 1.2700000000 0.0000000000
0.1960000000 1.0000000000 -0.2000000000 0.5000000000 1.2700000000 1.0000000000 -0.2000000000 1.2700000000 0.0000000000
0.1980000000 1.0000000000 -0.2000000000 0.5000000000 1.2700000000 1.0000000000 -0.2000000000 1.2700000000 0.0000000000
0.2000000000 1.0000000000 -0.2000000000 0.5000000000 1.2700000000 1.0000000000 -0.2000000000 1.2700000000 0.0000000000
0.2020000000 1.0000000000 -0.2000000000 0.5000000000 1.2700000000 1.0000000000 -0.2000000000 1.2700000000 0.0000000000
0.2040000000 1.0000000000 -0.2000000000 0.5000000000 1.2700000000 1.0000000000 -0.2000000000 1.2700000000 0.0000000000
0.2060000000 1.0000000000 -0.2000000000 0.5000000000 1.2700000000 1.0000000000 -0.2000000000 1.2700000000 0.0000000001
0.2080000000 1.0000000000 -0.2000000000 0.5000000000 1.2700000000 1.0000000000 -0.2000000000 1.2700000000 0.0000000004
0.2100000000 1.0000000000 -0.2000000000 0.5000000000 1.2700000000 1.0000000000 -0.2000000000 1.2700000000 0.0000000011
0.2120000000 1.0000000000 -0.2000000000 0.5000000000 1.2700000000 1.0000000000 -0.2000000000 1.2700000000 0.0000000030
0.2140000000 1.0000000000 -0.2000000000 0.5000000000 1.2700000000 1.0000000000 -0.2000000000 1.2700000000 0.0000000084
0.2160000000 1.0000000000 -0.2000000000 0.5000000000 1.2700000000 1.0000000000 -0.2000000000 1.2700000000 0.0000000229
0.2180000000 1.0000000000 -0.2000000000 0.5000000000 1.2700000000 1.0000000000 -0.2000000000 1.2700000000 0.0000000618
0.2200000000 1.0000000000 -0.2000000000 0.5000000000 1.2700000000 1.0000000000 -0.2000000000 1.2700000000 0.0000001638
0.2220000000 1.0000000000 -0.2000000000 0.5000000000 1.2700000000 1.0000000000 -0.2000000000 1.2700000000 0.0000004270
0.2240000000 1.0000000000 -0.2000000000 0.5000000000 1.2700000000 1.0000000000 -0.2000000000 1.2699999999 0.0000010943
0.2260000000 0.9999999999 -0.1999999999 0.4999999999 1.2699999999 0.9999999999 -0.1999999999 1.2699999998 0.0000027564
0.2280000000 0.9999999998 -0.1999999998 0.4999999998 1.2699999998 0.9999999998 -0.1999999998 1.2699999995 0.0000068225
0.2300000000 0.9999999994 -0.1999999995 0.4999999996 1.2699999996 0.9999999994 -0.1999999994 1.2699999988 0.0000165858
0.2320000000 0.9999999985 -0.1999999988 0.4999999990 1.2699999990 0.9999999985 -0.1999999985 1.2699999971 0.0000395725
0.2340000000 0.9999999964 -0.1999999970 0.4999999975 1.2699999976 0.9999999964 -0.1999999962 1.2699999930 0.0000925350
0.2360000000 0.9999999913 -0.1999999927 0.4999999939 1.2699999942 0.9999999913 -0.1999999910 1.2699999832 0.0002114849
0.2380000000 0.9999999796 -0.1999999829 0.4999999857 1.2699999864 0.9999999796 -0.1999999788 1.2699999604 0.0004698155
0.2400000000 0.9999999529 -0.1999999606 0.4999999670 1.2699999686 0.9999999529 -0.1999999512 1.2699999087 0.0010037653
0.2420000000 0.9999998936 -0.1999999110 0.4999999256 1.2699999290 0.9999998936 -0.1999998897 1.2699997940 0.0020239395
0.2440000000 0.9999997654 -0.1999998038 0.4999998358 1.2699998435 0.9999997654 -0.1999997568 1.2699995456 0.0037434693
0.2460000000 0.9999994965 -0.1999995787 0.4999996475 1.2699996640 0.9999994965 -0.1999994780 1.2699990245 0.0061516757
0.2480000000 0.9999989514 -0.1999991226 0.4999992660 1.2699993002 0.9999989514 -0.1999989129 1.2699979684 0.0088100101
0.2500000000 0.9999978861 -0.1999982314 0.4999985202 1.2699985893 0.9999978861 -0.1999978086 1.2699959046 0.0110788839
0.2520000000 0.9999958743 -0.1999965482 0.4999971120 1.2699972468 0.9999958743 -0.1999957230 1.2699920071 0.0126005137
0.2540000000 0.9999921883 -0.1999934643 0.4999945319 1.2699947871 0.9999921883 -0.1999919020 1.2699848663 0.0134070886
0.2560000000 0.9999856100 -0.1999879604 0.4999899270 1.2699903971 0.9999856100 -0.1999850826 1.2699721219 0.0136977371
0.2580000000 0.9999741392 -0.1999783631 0.4999818976 1.2699827425 0.9999741392 -0.1999731915 1.2699498997 0.0136608902
0.2600000000 0.9999545629 -0.1999619841 0.4999681945 1.2699696790 0.9999545629 -0.1999528984 1.2699119753 0.0134249126
0.2620000000 0.9999218384 -0.1999346039 0.4999452881 1.2699478421 0.9999218384 -0.1999189766 1.2698485810 0.0130665252
0.2640000000 0.9998682482 -0.1998897643 0.4999077772 1.2699120829 0.9998682482 -0.1998634284 1.2697447697 0.0126289590
0.2660000000 0.9997822965 -0.1998178442 0.4998476166 1.2698547327 0.9997822965 -0.1997743431 1.2695782809 0.0121358661
0.2680000000 0.9996473510 -0.1997049204 0.4997531691 1.2697646994 0.9996473510 -0.1996344946 1.2693169181 0.0115999823
0.2700000000 0.9994400956 -0.1995314670 0.4996081246 1.2696264384 0.9994400956 -0.1994197485 1.2689155690 0.0110281889
0.2720000000 0.9991289478 -0.1992710193 0.4993904002 1.2694189059 0.9991289478 -0.1990974438 1.2683131758 0.0104244565
0.2740000000 0.9986727090 -0.1988890197 0.4990712073 1.2691146721 0.9986727090 -0.1986250361 1.2674301876 0.0097916152
0.2760000000 0.9980198247 -0.1983421557 0.4986145555 1.2686794521 0.9980198247 -0.1979494034 1.2661672444 0.0091324766
0.2780000000 0.9971087035 -0.1975785531 0.4979775096 1.2680723553 0.9971087035 -0.1970072949 1.2644059821 0.0084505782
0.2800000000 0.9958695167 -0.1965391697 0.4971114980 1.2672471354 0.9958695167 -0.1957273679 1.2620127923 0.0077506679
0.2820000000 0.9942277338 -0.1951605985 0.4959648502 1.2661546105 0.9942277338 -0.1940340796 1.2588460290 0.0070389690
0.2840000000 0.9921093289 -0.1933792367 0.4944865107 1.2647461999 0.9921093289 -0.1918533447 1.2547665035 0.0063232250
0.2860000000 0.9894471645 -0.1911364342 0.4926305733 1.2629782390 0.9894471645 -0.1891194028 1.2496502375 0.0056125215
0.2880000000 0.9861876467 -0.1883839124 0.4903609797 1.2608164509 0.9861876467 -0.1857818872 1.2434016086 0.0049168931
0.2900000000 0.9822964931 -0.1850885396 0.4876555564 1.2582397903 0.9822964931 -0.1818118234 1.2359645334 0.0042467522
0.2920000000 0.9777625015 -0.1812355776 0.4845085970 1.2552429120 0.9777625015 -0.1772053517 1.2273294497 0.0036121990
0.2940000000 0.9725985717 -0.1768297843 0.4809314681 1.2518367674 0.9725985717 -0.1719843956 1.2175346520 0.0030222978
0.2960000000 0.9668398231 -0.1718942122 0.4769511450 1.2480472377 0.9668398231 -0.1661941697 1.2066617704 0.0024844075
0.2980000000 0.9605392838 -0.1664670263 0.4726070363 1.2439121366 0.9605392838 -0.1598981182 1.1948264728 0.0020036563
0.3000000000 0.9537620842 -0.1605970380 0.4679467794 1.2394772260 0.9537620842 -0.1531713657 1.1821663824 0.0015826292
0.3020000000 0.9465792624 -0.1543388121 0.4630218066 1.2347919966 0.9465792624 -0.1460939189 1.1688284973 0.0012213109
0.3040000000 0.9390621638 -0.1477481295 0.4578833767 1.2299058779 0.9390621638 -0.1387446782 1.1549580750 0.0009172897
0.3060000000 0.9312780883 -0.1408783586 0.4525795306 1.2248653167 0.9312780883 -0.1311969285 1.1406902305 0.0006661839
0.3080000000 0.9232874502 -0.1337779875 0.4471531414 1.2197118928 0.9232874502 -0.1235155370 1.1261446834 0.0004622194
0.3100000000 0.9151423805 -0.1264893043 0.4416409940 1.2144814175 0.9151423805 -0.1157557230 1.1114234155 0.0002988619
0.3120000000 0.9068864875 -0.1190480304 0.4360736825 1.2092038149 0.9068864875 -0.1079630502 1.0966106004 0.0001694078
0.3140000000 0.8985554119 -0.1114836318 0.4304760573 1.2039035345 0.8985554119 -0.1001742207 1.0817740363 0.0000674577
0.3160000000 0.8901778278 -0.1038200341 0.4248679756 1.1986002581 0.8901778278 -0.0924182924 1.0669673742 0.0000127214
0.3180000000 0.8817765923 -0.0960765061 0.4192651482 1.1933097171 0.8817765923 -0.0847180142 1.0522325759 0.0000759009
0.3200000000 0.8733698589 -0.0882685039 0.4136799315 1.1880444167 0.8733698589 -0.0770910508 1.0376021846 0.0001260018
0.3220000000 0.8649720729 -0.0804084680 0.4081220433 1.1828143221 0.8649720729 -0.0695510792 1.0231013560 0.0001662740
0.3240000000 0.8565948323 -0.0725065332 0.4025991799 1.1776274568 0.8565948323 -0.0621087217 1.0087495939 0.0001992762
0.3260000000 0.8482475973 -0.0645711131 0.3971175154 1.1724903738 0.8482475973 -0.0547722915 0.9945621424 0.0002270013
0.3280000000 0.8399382500 -0.0566093727 0.3916820954 1.1674085334 0.8399382500 -0.0475483774 0.9805510805 0.0002510001
0.3300000000 0.8316735415 -0.0486276095 0.3862971470 1.1623865922 0.8316735415 -0.0404422962 0.9667261737 0.0002725096
0.3320000000 0.8234594470 -0.0406315666 0.3809663244 1.1574286373 0.8234594470 -0.0334584473 0.9530955457 0.0002925554
0.3340000000 0.8153014649 -0.0326267016 0.3756929109 1.1525383710 0.8153014649 -0.0266005976 0.9396662222 0.0003120483
0.3360000000 0.8072048777 -0.0246184343 0.3704799941 1.1477192733 0.8072048777 -0.0198721203 0.9264445956 0.0003318688
0.3380000000 0.7991750045 -0.0166123943 0.3653306295 1.1429747470 0.7991750045 -0.0132762103 0.9134368485 0.0003529539
0.3400000000 0.7912174621 -0.0086146906 0.3602480071 1.1383082658 0.7912174621 -0.0068160937 0.9006493771 0.0003763937
0.3420000000 0.7833384633 -0.0006322317 0.3552356377 1.1337235338 0.7833384633 -0.0004952514 0.8880892507 0.0004035548
0.3440000000 0.7755451818 0.0073268732 0.3502975755 1.1292246745 0.7755451818 0.0056823212 0.8757647555 0.0004362515
0.3460000000 0.7678462222 0.0152527845 0.3454387037 1.1248164709 0.7678462222 0.0117117930 0.8636860779 0.0004769962
0.3480000000 0.7602522551 0.0231332094 0.3406651145 1.1205046790 0.7602522551 0.0175870746 0.8518662090 0.0005293845
0.3500000000 0.7527768919 0.0309523933 0.3359846330 1.1162964627 0.7527768919 0.0233002464 0.8403221816 0.0005986994
0.3520000000 0.7454379261 0.0386896867 0.3314075531 1.1122009946 0.7454379261 0.0288407598 0.8290768028 0.0006928846
0.3540000000 0.7382590974 0.0463174892 0.3269476871 1.1082303189 0.7382590974 0.0341943078 0.8181611149 0.0008241385
0.3560000000 0.7312726323 0.0537982882 0.3226238668 1.1044005701 0.7312726323 0.0393412158 0.8076179120 0.0010115817
0.3580000000 0.7245228551 0.0610804214 0.3184620823 1.1007337194 0.7245228551 0.0442541613 0.7975067370 0.0012858073
0.3600000000 0.7180712395 0.0680921409 0.3144984614 1.0972599836 0.7180712395 0.0488950080 0.7879108365 0.0016968498
0.3620000000 0.7120030976 0.0747337019 0.3107832206 1.0940210342 0.7120030976 0.0532106273 0.7789463651 0.0023286310
0.3640000000 0.7064355271 0.0808679200 0.3073853453 1.0910737693 0.7064355271 0.0571279717 0.7707732733 0.0033266430
0.3660000000 0.7015243532 0.0863117838 0.3043966810 1.0884936216 0.7015243532 0.0605498183 0.7636047838 0.0049560797
0.3680000000 0.6974635785 0.0908367265 0.3019315784 1.0863742048 0.6974635785 0.0633553084 0.7577064405 0.0077435820
0.3700000000 0.6944628460 0.0941944515 0.3001134923 1.0848162416 0.6944628460 0.0654145468 0.7533645745 0.0129154209
0.3720000000 0.6926784652 0.0961966706 0.2990338471 1.0838933349 0.6926784652 0.0666333622 0.7507895716 0.0243472842
0.3740000000 0.6920725132 0.0968772718 0.2986675863 1.0835809441 0.6920725132 0.0670460970 0.7499165873 0.0544402805
0.3760000000 0.6922793059 0.0966446964 0.2987927058 1.0836880010 0.6922793059 0.0669051233 0.7502147772 0.0371312463
0.3780000000 0.6930328783 0.0957982730 0.2992484439 1.0840772809 0.6930328783 0.0663913529 0.7513011983 0.0147791105
0.3800000000 0.6942902664 0.0943878313 0.3000091985 1.0847274843 0.6942902664 0.0655325525 0.7531157340 0.0072687647
0.3820000000 0.6958860407 0.0926011941 0.3009752943 1.0855539503 0.6958860407 0.0644398783 0.7554218405 0.0008369065
0.3840000000 0.6974788617 0.0908217107 0.3019402524 1.0863802170 0.6974788617 0.0633462234 0.7577272371 0.0073407388
0.3860000000 0.6986367571 0.0895304557 0.3026421681 1.0869818183 0.6986367571 0.0625492672 0.7594054526 0.0200289025
0.3880000000 0.6991217347 0.0889899875 0.3029363769 1.0872343874 0.6991217347 0.0622148344 0.7601091910 0.0511364385
0.3900000000 0.6990961685 0.0890181793 0.3029210293 1.0872216287 0.6990961685 0.0622322681 0.7600724749 0.0541963939
0.3920000000 0.6988389578 0.0893044457 0.3027651927 1.0870883670 0.6988389578 0.0624094257 0.7596997014 0.0098851963
0.3940000000 0.6984890506 0.0896941550 0.3025531594 1.0869069235 0.6984890506 0.0626503852 0.7591925851 0.0034741521
0.3960000000 0.6981994570 0.0900167793 0.3023777285 1.0867569088 0.6981994570 0.0628496664 0.7587730835 0.0195574932
0.3980000000 0.6980776060 0.0901523633 0.3023040332 1.0866941891 0.6980776060 0.0629333459 0.7585968780 0.0539354807
0.4000000000 0.6980905602 0.0901375602 0.3023120864 1.0867016046 0.6980905602 0.0629241799 0.7586161320 0.0492050902
0.4020000000 0.6981610049 0.0900586185 0.3023550054 1.0867389394 0.6981610049 0.0628754156 0.7587187500 0.0059008208
0.4040000000 0.6982430391 0.0899667427 0.3024049625 1.0867823357 0.6982430391 0.0628186518 0.7588382009 0.0112836414
0.4060000000 0.6982917678 0.0899119936 0.3024347387 1.0868084592 0.6982917678 0.0627848049 0.7589094002 0.0373922890
0.4080000000 0.6982968162 0.0899059296 0.3024380436 1.0868119180 0.6982968162 0.0627810244 0.7589173021 0.0510863756
0.4100000000 0.6982802665 0.0899239283 0.3024282646 1.0868041877 0.6982802665 0.0627921046 0.7588939178 0.0093541820
0.4120000000 0.6982587644 0.0899474270 0.3024154956 1.0867939261 0.6982587644 0.0628065793 0.7588633840 0.0112764443
0.4140000000 0.6982461360 0.0899610021 0.3024081227 1.0867883319 0.6982461360 0.0628149221 0.7588457534 0.0412198111
0.4160000000 0.6982454934 0.0899611798 0.3024080343 1.0867890277 0.6982454934 0.0628149884 0.7588455409 0.0433868508
0.4180000000 0.6982504810 0.0899550498 0.3024113756 1.0867927054 0.6982504810 0.0628111568 0.7588535293 0.0034508047
0.4200000000 0.6982557159 0.0899486100 0.3024148854 1.0867965751 0.6982557159 0.0628071311 0.7588619206 0.0186672832
0.4220000000 0.6982571722 0.0899463433 0.3024161264 1.0867985563 0.6982571722 0.0628056794 0.7588648867 0.0371389871
0.4240000000 0.6982553248 0.0899477205 0.3024153864 1.0867988954 0.6982553248 0.0628064748 0.7588631157 0.0139855458
0.4260000000 0.6982524301 0.0899502241 0.3024140341 1.0867987675 0.6982524301 0.0628079626 0.7588598804 0.0088183340
0.4280000000 0.6982505233 0.0899515753 0.3024133085 1.0867992479 0.6982505233 0.0628087345 0.7588581436 0.0270242666
0.4300000000 0.6982501386 0.0899511765 0.3024135346 1.0868006181 0.6982501386 0.0628084214 0.7588586823 0.0149403260
0.4320000000 0.6982503895 0.0899500155 0.3024141753 1.0868024185 0.6982503895 0.0628076333 0.7588602120 0.0048084073
0.4340000000 0.6982501798 0.0899493054 0.3024145710 1.0868040965 0.6982501798 0.0628071187 0.7588611558 0.0182341724
0.4360000000 0.6982490924 0.0899495071 0.3024144711 1.0868054432 0.6982490924 0.0628071617 0.7588609143 0.0104716104
0.4380000000 0.6982475737 0.0899501190 0.3024141484 1.0868066979 0.6982475737 0.0628074523 0.7588601399 0.0046595405
0.4400000000 0.6982462484 0.0899504317 0.3024139885 1.0868082087 0.6982462484 0.0628075515 0.7588597545 0.0122058195
0.4420000000 0.6982453059 0.0899502269 0.3024141102 1.0868100875 0.6982453059 0.0628073237 0.7588600421 0.0047325834
0.4440000000 0.6982444175 0.0899498628 0.3024143187 1.0868121788 0.6982444175 0.0628069896 0.7588605367 0.0054119979
0.4460000000 0.6982431871 0.0899497664 0.3024143819 1.0868143044 0.6982431871 0.0628068115 0.7588606837 0.0079558067
0.4480000000 0.6982415818 0.0899499661 0.3024142843 1.0868164623 0.6982415818 0.0628068066 0.7588604458 0.0007858022
0.4500000000 0.6982398563 0.0899501642 0.3024141878 1.0868188106 0.6982398563 0.0628067898 0.7588602101 0.0056856333
0.4520000000 0.6982381924 0.0899501407 0.3024142122 1.0868214759 0.6982381924 0.0628066236 0.7588602628 0.0039644802
0.4540000000 0.6982364909 0.0899499904 0.3024143057 1.0868244358 0.6982364909 0.0628063657 0.7588604802 0.0019752469
0.4560000000 0.6982345290 0.0899499351 0.3024143479 1.0868276241 0.6982345290 0.0628061506 0.7588605743 0.0041739341
0.4580000000 0.6982322384 0.0899500266 0.3024143104 1.0868310505 0.6982322384 0.0628060084 0.7588604771 0.0005719632
0.4600000000 0.6982297194 0.0899501228 0.3024142707 1.0868348232 0.6982297194 0.0628058490 0.7588603736 0.0029054076
0.4620000000 0.6982270399 0.0899501123 0.3024142892 1.0868390439 0.6982270399 0.0628056006 0.7588604085 0.0016998142
0.4640000000 0.6982241161 0.0899500523 0.3024143349 1.0868437361 0.6982241161 0.0628052958 0.7588605070 0.0014701097
0.4660000000 0.6982208000 0.0899500530 0.3024143478 1.0868489251 0.6982208000 0.0628049980 0.7588605259 0.0019084943
0.4680000000 0.6982170402 0.0899501155 0.3024143274 1.0868546884 0.6982170402 0.0628047034 0.7588604636 0.0004320734
0.4700000000 0.6982128447 0.0899501559 0.3024143193 1.0868611694 0.6982128447 0.0628043543 0.7588604289 0.0015971698
0.4720000000 0.6982081632 0.0899501429 0.3024143406 1.0868685049 0.6982081632 0.0628039240 0.7588604624 0.0001983076
0.4740000000 0.6982028558 0.0899501296 0.3024143623 1.0868768126 0.6982028558 0.0628034374 0.7588604945 0.0011153295
0.4760000000 0.6981967383 0.0899501562 0.3024143627 1.0868863040 0.6981967383 0.0628029057 0.7588604723 0.0004369305
0.4780000000 0.6981898417 0.0899501938 0.3024143574 1.0868969844 0.6981898417 0.0628023116 0.7588604335 0.0007460822
0.4800000000 0.6981811419 0.0899502047 0.3024143668 1.0869105123 0.6981811419 0.0628015366 0.7588604226 0.0005089405
0.4820000000 0.6981746657 0.0899502012 0.3024143843 1.0869206191 0.6981746657 0.0628009517 0.7588604399 0.0004003667
0.4840000000 0.6981510148 0.0899502140 0.3024143933 1.0869573363 0.6981510148 0.0627988332 0.7588603674 0.0004266604
0.4860000000 0.6981846652 0.0899502406 0.3024143951 1.0869051524 0.6981846652 0.0628018786 0.7588605099 0.0002113455
0.4880000000 0.6980172116 0.0899502592 0.3024144017 1.0871649546 0.6980172116 0.0627868291 0.7588598501 0.0003091955
0.4900000000 0.6984130418 0.0899502689 0.3024144136 1.0865511329 0.6984130418 0.0628224409 0.7588614818 0.0001110322
0.4920000000 0.6974556421 0.0899502842 0.3024144228 1.0880371263 0.6974556421 0.0627363332 0.7588576326 0.0001977330
0.4940000000 0.6990390011 0.0899503068 0.3024144287 1.0855818529 0.6990390011 0.0628787726 0.7588640541 0.0000729286
0.4960000000 0.6971462970 0.0899503272 0.3024144362 1.0885181784 0.6971462970 0.0627085375 0.7588564173 0.0001183866
0.4980000000 0.6977256491 0.0899503444 0.3024144458 1.0876177293 0.6977256491 0.0627606625 0.7588587861 0.0000479529
0.5000000000 0.6996181488 0.0899503647 0.3024144542 1.0846866479 0.6996181488 0.0629309076 0.7588664647 0.0000614991
0.5020000000 0.6964128584 0.0899503878 0.3024144617 1.0896604054 0.6964128584 0.0626426067 0.7588535177 0.0000572435
0.5040000000 0.6961501388 0.0899504098 0.3024144704 1.0900701380 0.6961501388 0.0626189902 0.7588524779 0.0000510510
0.5060000000 0.7008848806 0.0899504308 0.3024144799 1.0827336680 0.7008848806 0.0630448969 0.7588716576 0.0000210020
0.5080000000 0.7028214039 0.0899504535 0.3024144889 1.0797615321 0.7028214039 0.0632191040 0.7588795159 0.0000071620
0.5100000000 0.6891844666 0.0899504776 0.3024144979 1.1010468282 0.6891844666 0.0619924719 0.7588243710 0.0000148968
0.5120000000 0.6513556807 0.0899505018 0.3024145072 1.1647574131 0.6513556807 0.0585897703 0.7586713576 0.0000247275
0.5140000000 0.5930399978 0.0899505263 0.3024145160 1.2788942821 0.5930399978 0.0533442599 0.7584354622 0.0000481660
0.5160000000 0.5270234344 0.0899505510 0.3024145240 1.4385857640 0.5270234344 0.0474060483 0.7581684101 0.0000381334
0.5180000000 0.4667019516 0.0899505755 0.3024145312 1.6240009132 0.4667019516 0.0419801091 0.7579243956 0.0000310151
0.5200000000 0.4199712804 0.0899506000 0.3024145379 1.8042551887 0.4199712804 0.0377766687 0.7577353618 0.0000144786
0.5220000000 0.3883046994 0.0899506246 0.3024145443 1.9510638704 0.3883046994 0.0349282502 0.7576072697 0.0000004305
0.5240000000 0.3691255699 0.0899506494 0.3024145506 2.0522276374 0.3691255699 0.0332030847 0.7575296961 0.0000052842
0.5260000000 0.3585780321 0.0899506746 0.3024145571 2.1124747605 0.3585780321 0.0322543359 0.7574870424 0.0000083564
0.5280000000 0.3532513472 0.0899507002 0.3024145637 2.1442678597 0.3532513472 0.0317752060 0.7574655103 0.0000061813
0.5300000000 0.3507624771 0.0899507260 0.3024145704 2.1594540709 0.3507624771 0.0315513395 0.7574554591 0.0000027937
0.5320000000 0.3496830385 0.0899507520 0.3024145772 2.1661076647 0.3496830385 0.0314542523 0.7574511099 0.0000011311
0.5340000000 0.3492502256 0.0899507782 0.3024145840 2.1687870796 0.3492502256 0.0314153296 0.7574493768 0.0000027852
0.5360000000 0.3490931903 0.0899508047 0.3024145909 2.1697609134 0.3490931903 0.0314012134 0.7574487594 0.0000083435
0.5380000000 0.3490455629 0.0899508318 0.3024145978 2.1700564781 0.3490455629 0.0313969387 0.7574485850 0.0000152467
0.5400000000 0.3490379122 0.0899508598 0.3024146051 2.1701040101 0.3490379122 0.0313962603 0.7574485730 0.0000198260
0.5420000000 0.3490431993 0.0899508889 0.3024146127 2.1700712568 0.3490431993 0.0313967460 0.7574486143 0.0000188350
0.5440000000 0.3490516494 0.0899509190 0.3024146206 2.1700188799 0.3490516494 0.0313975166 0.7574486693 0.0000111767
0.5460000000 0.3490600685 0.0899509497 0.3024146288 2.1699667001 0.3490600685 0.0313982847 0.7574487249 0.0000009951
0.5480000000 0.3490675975 0.0899509804 0.3024146371 2.1699200450 0.3490675975 0.0313989726 0.7574487769 0.0000121533
0.5500000000 0.3490741346 0.0899510106 0.3024146451 2.1698795453 0.3490741346 0.0313995712 0.7574488245 0.0000148000
0.5520000000 0.3490797846 0.0899510400 0.3024146529 2.1698445486 0.3490797846 0.0314000897 0.7574488677 0.0000040745
0.5540000000 0.3490846838 0.0899510691 0.3024146605 2.1698142100 0.3490846838 0.0314005405 0.7574489075 0.0000167599
0.5560000000 0.3490889541 0.0899510989 0.3024146684 2.1697877761 0.3490889541 0.0314009350 0.7574489453 0.0000364887
0.5580000000 0.3490926976 0.0899511302 0.3024146769 2.1697646150 0.3490926976 0.0314012827 0.7574489826 0.0000440879
0.5600000000 0.3490960002 0.0899511636 0.3024146862 2.1697441959 0.3490960002 0.0314015914 0.7574490203 0.0000362630
0.5620000000 0.3490989316 0.0899511987 0.3024146962 2.1697260853 0.3490989316 0.0314018674 0.7574490583 0.0000151817
0.5640000000 0.3491015470 0.0899512347 0.3024147066 2.1697099386 0.3491015470 0.0314021152 0.7574490961 0.0000168500
0.5660000000 0.3491038900 0.0899512700 0.3024147169 2.1696954801 0.3491038900 0.0314023383 0.7574491323 0.0000508194
0.5680000000 0.3491059956 0.0899513028 0.3024147263 2.1696824890 0.3491059956 0.0314025391 0.7574491654 0.0000591646
0.5700000000 0.3491078919 0.0899513323 0.3024147345 2.1696707868 0.3491078919 0.0314027200 0.7574491946 0.0000097802
0.5720000000 0.3491096046 0.0899513602 0.3024147423 2.1696602211 0.3491096046 0.0314028838 0.7574492219 0.0000878920
0.5740000000 0.3491111575 0.0899513911 0.3024147514 2.1696506557 0.3491111575 0.0314030343 0.7574492517 0.0001623046
0.5760000000 0.3491125726 0.0899514291 0.3024147633 2.1696419659 0.3491125726 0.0314031748 0.7574492884 0.0001407990
0.5780000000 0.3491138683 0.0899514744 0.3024147781 2.1696340389 0.3491138683 0.0314033072 0.7574493321 0.0000375150
0.5800000000 0.3491150582 0.0899515225 0.3024147940 2.1696267759 0.3491150582 0.0314034310 0.7574493782 0.0000560132
0.5820000000 0.3491161531 0.0899515686 0.3024148091 2.1696200970 0.3491161531 0.0314035456 0.7574494220 0.0000914626
0.5840000000 0.3491171618 0.0899516108 0.3024148227 2.1696139410 0.3491171618 0.0314036511 0.7574494613 0.0001346563
0.5860000000 0.3491180921 0.0899516474 0.3024148341 2.1696082552 0.3491180921 0.0314037475 0.7574494946 0.0002421414
0.5880000000 0.3491189501 0.0899516732 0.3024148412 2.1696029865 0.3491189501 0.0314038337 0.7574495168 0.0002754428
0.5900000000 0.3491197422 0.0899516847 0.3024148429 2.1695980863 0.3491197422 0.0314039090 0.7574495245 0.0000232866
0.5920000000 0.3491204783 0.0899516928 0.3024148433 2.1695935240 0.3491204783 0.0314039780 0.7574495287 0.0006233508
0.5940000000 0.3491211723 0.0899517251 0.3024148530 2.1695892917 0.3491211723 0.0314040517 0.7574495569 0.0009912048
0.5960000000 0.3491218359 0.0899518058 0.3024148814 2.1695853856 0.3491218359 0.0314041396 0.7574496330 0.0005877695
0.5980000000 0.3491224689 0.0899519241 0.3024149242 2.1695817763 0.3491224689 0.0314042378 0.7574497463 0.0004714889
0.6000000000 0.3491230584 0.0899520297 0.3024149621 2.1695784012 0.3491230584 0.0314043277 0.7574498469 0.0014160715
0.6020000000 0.3491235908 0.0899520711 0.3024149754 2.1695751971 0.3491235908 0.0314043901 0.7574498834 0.0013303931
0.6040000000 0.3491240672 0.0899520421 0.3024149616 2.1695721413 0.3491240672 0.0314044228 0.7574498499 0.0002711068
0.6060000000 0.3491245046 0.0899519883 0.3024149383 2.1695692562 0.3491245046 0.0314044433 0.7574497917 0.0006849700
0.6080000000 0.3491249221 0.0899519606 0.3024149251 2.1695665696 0.3491249221 0.0314044712 0.7574497595 0.0008910321
0.6100000000 0.3491253271 0.0899519748 0.3024149280 2.1695640797 0.3491253271 0.0314045126 0.7574497690 0.0008491407
0.6120000000 0.3491257208 0.0899520278 0.3024149460 2.1695617709 0.3491257208 0.0314045665 0.7574498172 0.0014440922
0.6140000000 0.3491261136 0.0899521463 0.3024149892 2.1695596551 0.3491261136 0.0314046432 0.7574499305 0.0021490226
0.6160000000 0.3491265229 0.0899523799 0.3024150768 2.1695577645 0.3491265229 0.0314047616 0.7574501585 0.0012219901
0.6180000000 0.3491269443 0.0899527083 0.3024152010 2.1695560689 0.3491269443 0.0314049142 0.7574504809 0.0022440796
0.6200000000 0.3491273248 0.0899529576 0.3024152947 2.1695544030 0.3491273248 0.0314050354 0.7574507247 0.0069964204
0.6220000000 0.3491275825 0.0899528657 0.3024152573 2.1695525283 0.3491275825 0.0314050265 0.7574506294 0.0070929864
0.6240000000 0.3491276789 0.0899523084 0.3024150410 2.1695503314 0.3491276789 0.0314048407 0.7574500714 0.0013422013
0.6260000000 0.3491276983 0.0899515510 0.3024147476 2.1695480422 0.3491276983 0.0314045780 0.7574493143 0.0080704982
0.6280000000 0.3491278314 0.0899511927 0.3024146076 2.1695461817 0.3491278314 0.0314044648 0.7574489536 0.0152191876
0.6300000000 0.3491282527 0.0899517829 0.3024148323 2.1695452305 0.3491282527 0.0314047088 0.7574495355 0.0087494192
0.6320000000 0.3491289536 0.0899532938 0.3024154110 2.1695451629 0.3491289536 0.0314052993 0.7574510325 0.0021970587
0.6340000000 0.3491296476 0.0899548193 0.3024159953 2.1695451796 0.3491296476 0.0314058944 0.7574525440 0.0193105440
0.6360000000 0.3491299476 0.0899551357 0.3024161147 2.1695442025 0.3491299476 0.0314060318 0.7574528537 0.0230323630
0.6380000000 0.3491296150 0.0899534891 0.3024154795 2.1695415689 0.3491296150 0.0314054270 0.7574512126 0.0065181629
0.6400000000 0.3491288751 0.0899505876 0.3024143618 2.1695378935 0.3491288751 0.0314043475 0.7574483242 0.0099462311
0.6420000000 0.3491283982 0.0899485401 0.3024135724 2.1695350143 0.3491283982 0.0314035897 0.7574462844 0.0306723791
0.6440000000 0.3491288637 0.0899494861 0.3024139339 2.1695348009 0.3491288637 0.0314039619 0.7574472198 0.0199412659
0.6460000000 0.3491305014 0.0899541497 0.3024157247 2.1695378865 0.3491305014 0.0314057374 0.7574518500 0.0011908381
0.6480000000 0.3491324852 0.0899599249 0.3024179430 2.1695419852 0.3491324852 0.0314079321 0.7574575851 0.0235971338
0.6500000000 0.3491334358 0.0899624591 0.3024189153 2.1695432799 0.3491334358 0.0314089024 0.7574600993 0.0409683807
0.6520000000 0.3491320823 0.0899577461 0.3024171013 2.1695382613 0.3491320823 0.0314071352 0.7574554109 0.0159187911
0.6540000000 0.3491283937 0.0899456876 0.3024124634 2.1695268449 0.3491283937 0.0314025934 0.7574434225 0.0033409304
0.6560000000 0.3491246510 0.0899334771 0.3024077671 2.1695153326 0.3491246510 0.0313979938 0.7574312832 0.0436266913
0.6580000000 0.3491238025 0.0899304127 0.3024065873 2.1695118715 0.3491238025 0.0313968476 0.7574282341 0.0480669005
0.6600000000 0.3491286660 0.0899453831 0.3024123412 2.1695242537 0.3491286660 0.0314025116 0.7574431085 0.0139987200
0.6620000000 0.3491388444 0.0899771332 0.3024245466 2.1695513760 0.3491388444 0.0314145123 0.7574746603 0.0043369576
0.6640000000 0.3491487250 0.0900079556 0.3024363956 2.1695777100 0.3491487250 0.0314261629 0.7575052913 0.0456098236
0.6660000000 0.3491515521 0.0900165406 0.3024396948 2.1695845717 0.3491515521 0.0314294149 0.7575138206 0.0517605859
0.6680000000 0.3491402410 0.0899805449 0.3024258532 2.1695523768 0.3491402410 0.0314158291 0.7574780397 0.0159796877
0.6700000000 0.3491144751 0.0898989667 0.3023944876 2.1694802538 0.3491144751 0.0313850306 0.7573969600 0.0015595822
0.6720000000 0.3490869311 0.0898117853 0.3023609711 2.1694032495 0.3490869311 0.0313521205 0.7573103226 0.0267458152
0.6740000000 0.3490736046 0.0897694601 0.3023446997 2.1693655833 0.3490736046 0.0313361490 0.7572682638 0.0532908529
0.6760000000 0.3490914752 0.0898255609 0.3023662633 2.1694142004 0.3490914752 0.0313573376 0.7573240035 0.0230156878
0.6780000000 0.3491501652 0.0900104254 0.3024373332 2.1695757134 0.3491501652 0.0314271549 0.7575077187 0.0048966611
0.6800000000 0.3492292946 0.0902597271 0.3025331991 2.1697937810 0.3492292946 0.0315213408 0.7577555515 0.0104041980
0.6820000000 0.3492904330 0.0904522611 0.3026072537 2.1699621349 0.3492904330 0.0315941094 0.7579470136 0.0538509040
0.6840000000 0.3492968457 0.0904722430 0.3026149394 2.1699791875 0.3492968457 0.0316016691 0.7579668854 0.0448303401
0.6860000000 0.3492062596 0.0901863925 0.3025049914 2.1697280819 0.3492062596 0.0314936528 0.7576826279 0.0151024148
0.6880000000 0.3490180692 0.0895925907 0.3022767053 2.1692072268 0.3490180692 0.0312694330 0.7570925180 0.0011785896
0.6900000000 0.3488014694 0.0889088178 0.3020140163 2.1686079510 0.3488014694 0.0310115263 0.7564136398 0.0127257287
0.6920000000 0.3486483415 0.0884251109 0.3018283093 2.1681841673 0.3486483415 0.0308292682 0.7559338140 0.0542764209
0.6940000000 0.3486405779 0.0884003778 0.3018188187 2.1681621208 0.3486405779 0.0308199588 0.7559092947 0.0425217156
0.6960000000 0.3488800757 0.0891563874 0.3021091028 2.1688236428 0.3488800757 0.0311048872 0.7566593566 0.0156140516
0.6980000000 0.3493797261 0.0907324062 0.3027150103 2.1702050257 0.3493797261 0.0317000632 0.7582256374 0.0035038104
0.7000000000 0.3499972453 0.0926774530 0.3034642441 2.1719133591 0.3499972453 0.0324368533 0.7601636927 0.0069299055
0.7020000000 0.3505189191 0.0943180955 0.3040974822 2.1733571436 0.3505189191 0.0330602769 0.7618027968 0.0271945864
0.7040000000 0.3507606408 0.0950773836 0.3043909460 2.1740259978 0.3507606408 0.0333494040 0.7625627521 0.0544626170
0.7060000000 0.3505065680 0.0942788919 0.3040823759 2.1733221278 0.3505065680 0.0330453708 0.7617636802 0.0257428699
0.7080000000 0.3495465609 0.0912584985 0.3029174853 2.1706671722 0.3495465609 0.0318990943 0.7587492450 0.0106166184
0.7100000000 0.3479831423 0.0863244923 0.3010228060 2.1663508782 0.3479831423 0.0300394681 0.7538535859 0.0024072917
0.7120000000 0.3461753991 0.0805954140 0.2988356678 2.1613710374 0.3461753991 0.0279001496 0.7482134815 0.0032869268
0.7140000000 0.3445034399 0.0752736091 0.2968163458 2.1567763244 0.3445034399 0.0259320173 0.7430168628 0.0080895192
0.7160000000 0.3432118269 0.0711475529 0.2952588529 2.1532352297 0.3432118269 0.0244186816 0.7390157970 0.0136288640
0.7180000000 0.3423924292 0.0685234157 0.2942719580 2.1509930623 0.3423924292 0.0234618987 0.7364837398 0.0243008148
0.7200000000 0.3420255012 0.0673466533 0.2938303171 2.1499900761 0.3420255012 0.0230342728 0.7353514333 0.0544419319
0.7220000000 0.3420913103 0.0675575499 0.2939094416 2.1501693790 0.3420913103 0.0231108508 0.7355542602 0.0323122945
0.7240000000 0.3426531545 0.0693581968 0.2945856505 2.1517044081 0.3426531545 0.0237658049 0.7372883029 0.0139896381
0.7260000000 0.3436955429 0.0726926672 0.2958413793 2.1545566873 0.3436955429 0.0249841457 0.7405115303 0.0077052753
0.7280000000 0.3451322544 0.0772750002 0.2975745358 2.1584966220 0.3451322544 0.0266700950 0.7449668053 0.0046976701
0.7300000000 0.3468696785 0.0827957492 0.2996741959 2.1632747273 0.3468696785 0.0287193349 0.7503744092 0.0030557975
0.7320000000 0.3488303806 0.0889991495 0.3020486393 2.1686847154 0.3488303806 0.0310456072 0.7565031146 0.0020902478
0.7340000000 0.3509562560 0.0956934424 0.3046290665 2.1745717525 0.3509562560 0.0335842123 0.7631795607 0.0014944658
0.7360000000 0.3532055358 0.1027409112 0.3073660369 2.1808244181 0.3532055358 0.0362886586 0.7702792571 0.0011135107
0.7380000000 0.3555487125 0.1100443567 0.3102246404 2.1873638647 0.3555487125 0.0391261293 0.7777144060 0.0008627064
0.7400000000 0.3579650156 0.1175354101 0.3131803244 2.1941344642 0.3579650156 0.0420735649 0.7854233777 0.0006933092
0.7420000000 0.3604397603 0.1251657546 0.3162157541 2.2010967747 0.3604397603 0.0451147146 0.7933627939 0.0005761876
0.7440000000 0.3629624694 0.1329009155 0.3193185889 2.2082225573 0.3629624694 0.0482380445 0.8015019125 0.0004934117
0.7460000000 0.3655255783 0.1407159860 0.3224799470 2.2154913353 0.3655255783 0.0514352922 0.8098187515 0.0004336715
0.7480000000 0.3681235503 0.1485927145 0.3256933569 2.2228880429 0.3681235503 0.0547004776 0.8182974384 0.0003896763
0.7500000000 0.3707522744 0.1565175214 0.3289540416 2.2304014201 0.3707522744 0.0580292270 0.8269263994 0.0003566322
0.7520000000 0.3734086514 0.1644801429 0.3322584282 2.2380229101 0.3734086514 0.0614183083 0.8356971167 0.0003313277
0.7540000000 0.3760903087 0.1724726958 0.3356038082 2.2457458977 0.3760903087 0.0648653094 0.8446032679 0.0003115735
0.7560000000 0.3787954009 0.1804890254 0.3389881001 2.2535651758 0.3787954009 0.0683684127 0.8536401243 0.0002958512
0.7580000000 0.3815224693 0.1885242459 0.3424096819 2.2614765680 0.3815224693 0.0719262358 0.8628041245 0.0002830899
0.7600000000 0.3842703406 0.1965744124 0.3458672710 2.2694766587 0.3842703406 0.0755377164 0.8720925687 0.0002725219
0.7620000000 0.3870380543 0.2046362833 0.3493598365 2.2775625959 0.3870380543 0.0792020289 0.8815033957 0.0002635873
0.7640000000 0.3898248083 0.2127071459 0.3528865347 2.2857319463 0.3898248083 0.0829185224 0.8910350179 0.0002558707
0.7660000000 0.3926299189 0.2207846862 0.3564466606 2.2939825856 0.3926299189 0.0866866734 0.9006861966 0.0002490573
0.7680000000 0.3954527897 0.2288668906 0.3600396109 2.3023126147 0.3954527897 0.0905060504 0.9104559463 0.0002429039
0.7700000000 0.3982928878 0.2369519693 0.3636648542 2.3107202940 0.3982928878 0.0943762841 0.9203434587 0.0002372173
0.7720000000 0.4011497241 0.2450382965 0.3673219081 2.3192039899 0.4011497241 0.0982970450 0.9303480406 0.0002318395
0.7740000000 0.4040228377 0.2531243609 0.3710103191 2.3277621311 0.4040228377 0.1022680226 0.9404690617 0.0002266364
0.7760000000 0.4069117822 0.2612087251 0.3747296453 2.3363931690 0.4069117822 0.1062889079 0.9507059084 0.0002214893
0.7780000000 0.4098161134 0.2692899901 0.3784794414 2.3450955434 0.4098161134 0.1103593771 0.9610579412 0.0002162879
0.7800000000 0.4127353777 0.2773667624 0.3822592431 2.3538676485 0.4127353777 0.1144790755 0.9715244530 0.0002109243
0.7820000000 0.4156691010 0.2854376234 0.3860685529 2.3627077994 0.4156691010 0.1186476003 0.9821046269 0.0002052875
0.7840000000 0.4186167768 0.2935010982 0.3899068241 2.3716141964 0.4186167768 0.1228644837 0.9927974907 0.0001992573
0.7860000000 0.4215778536 0.3015556231 0.3937734432 2.3805848859 0.4215778536 0.1271291723 1.0036018665 0.0001926982
0.7880000000 0.4245517205 0.3095995095 0.3976677110 2.3896177160 0.4245517205 0.1314410044 1.0145163127 0.0001854512
0.7900000000 0.4275376903 0.3176309022 0.4015888184 2.3987102838 0.4275376903 0.1357991823 1.0255390544 0.0001773240
0.7920000000 0.4305349791 0.3256477308 0.4055358191 2.4078598718 0.4305349791 0.1402027390 1.0366678997 0.0001680784
0.7940000000 0.4335426819 0.3336476494 0.4095075945 2.4170633688 0.4335426819 0.1446504967 1.0479001353 0.0001574131
0.7960000000 0.4365597406 0.3416279618 0.4135028097 2.4263171707 0.4365597406 0.1491410144 1.0592323947 0.0001449407
0.7980000000 0.4395849045 0.3495855269 0.4175198582 2.4356170537 0.4395849045 0.1536725205 1.0706604900 0.0001301575
0.8000000000 0.4426166789 0.3575166367 0.4215567893 2.4449580108 0.4426166789 0.1582428264 1.0821791947 0.0001124045
0.8020000000 0.4456532582 0.3654168590 0.4256112148 2.4543340392 0.4456532582 0.1628492138 1.0937819612 0.0000908176
0.8040000000 0.4486924398 0.3732808342 0.4296801879 2.4637378651 0.4486924398 0.1674882882 1.1054605536 0.0000642653
0.8060000000 0.4517315124 0.3811020139 0.4337600454 2.4731605870 0.4517315124 0.1721557891 1.1172045724 0.0000312763
0.8080000000 0.4547671136 0.3888723274 0.4378462072 2.4825912195 0.4547671136 0.1768463459 1.1290008431 0.0000100293
0.8100000000 0.4577950516 0.3965817668 0.4419329229 2.4920161149 0.4577950516 0.1815531704 1.1408326459 0.0000619913
0.8120000000 0.4608100898 0.4042178936 0.4460129664 2.5014182780 0.4608100898 0.1862676838 1.1526787813 0.0001275374
0.8140000000 0.4638056916 0.4117652613 0.4500772732 2.5107765551 0.4638056916 0.1909790718 1.1645124566 0.0002102421
0.8160000000 0.4667737306 0.4192047606 0.4541145242 2.5200646939 0.4667737306 0.1956737700 1.1762999984 0.0003142921
0.8180000000 0.4697041867 0.4265129485 0.4581107062 2.5292503612 0.4697041867 0.2003349176 1.1879994837 0.0004444049
0.8200000000 0.4725848659 0.4336614483 0.4620487008 2.5382942319 0.4725848659 0.2049418374 1.1995594391 0.0006056689
0.8220000000 0.4754011978 0.4406165513 0.4659079781 2.5471493241 0.4754011978 0.2094696363 1.2109178397 0.0008032846
0.8240000000 0.4781361843 0.4473391849 0.4696644986 2.5557608133 0.4781361843 0.2138890509 1.2220017233 0.0010422188
0.8260000000 0.4807705840 0.4537854400 0.4732909451 2.5640665999 0.4807705840 0.2181666910 1.2327277966 0.0013267946
0.8280000000 0.4832834154 0.4599078351 0.4767574056 2.5719988985 0.4832834154 0.2222658293 1.2430044121 0.0016602630
0.8300000000 0.4856528355 0.4656574299 0.4800325910 2.5794870314 0.4856528355 0.2261478512 1.2527351910 0.0020444070
0.8320000000 0.4878573963 0.4709867747 0.4830855989 2.5864614424 0.4878573963 0.2297743816 1.2618243448 0.0024792357
0.8340000000 0.4898776034 0.4758535043 0.4858881208 2.5928586903 0.4898776034 0.2331099743 1.2701834012 0.0029628163
0.8360000000 0.4916976131 0.4802241837 0.4884168616 2.5986268961 0.4916976131 0.2361250849 1.2777386422 0.0034912752
0.8380000000 0.4933068245 0.4840778562 0.4906558303 2.6037308712 0.4933068245 0.2387989101 1.2844382080 0.0040589785
0.8400000000 0.4947010963 0.4874086825 0.4925981103 2.6081560532 0.4947010963 0.2411216096 1.2902576587 0.0046588765
0.8420000000 0.4958833461 0.4902271446 0.4942467618 2.6119104730 0.4958833461 0.2430954768 1.2952029051 0.0052829720
0.8440000000 0.4968633951 0.4925595208 0.4956146506 2.6150243026 0.4968633951 0.2447347958 1.2993098533 0.0059228564
0.8460000000 0.4976570611 0.4944456684 0.4967232050 2.6175469963 0.4976570611 0.2460643782 1.3026407455 0.0065702426
0.8480000000 0.4982846582 0.4959354792 0.4976003176 2.6195425174 0.4982846582 0.2471170408 1.3052778480 0.0072174309
0.8500000000 0.4987691641 0.4970846124 0.4982777638 2.6210834909 0.4987691641 0.2479304766 1.3073156219 0.0078576495
0.8520000000 0.4991343560 0.4979501884 0.4987885652 2.6222452426 0.4991343560 0.2485440466 1.3088526905 0.0084852350
0.8540000000 0.4994031786 0.4985870385 0.4991646743 2.6231005710 0.4994031786 0.2489959518 1.3099847629 0.0090956348
0.8560000000 0.4995965183 0.4990449053 0.4994352293 2.6237158124 0.4995965183 0.2493210972 1.3107992850 0.0096852252
0.8580000000 0.4997324514 0.4993667413 0.4996254781 2.6241484182 0.4997324514 0.2495497658 1.3113721219 0.0102509372
0.8600000000 0.4998259371 0.4995880402 0.4997563316 2.6244459566 0.4998259371 0.2497070603 1.3117661595 0.0107896533
0.8620000000 0.4998888671 0.4997369907 0.4998444221 2.6246462555 0.4998888671 0.2498129582 1.3120314433 0.0112972816
0.8640000000 0.4999303565 0.4998351853 0.4999025023 2.6247783160 0.4999303565 0.2498827823 1.3122063592 0.0117673060
0.8660000000 0.4999571623 0.4998986244 0.4999400284 2.6248636407 0.4999571623 0.2499278977 1.3123193771 0.0121884291
0.8680000000 0.4999741422 0.4999388082 0.4999637995 2.6249176900 0.4999741422 0.2499564768 1.3123909704 0.0125406569
0.8700000000 0.4999846907 0.4999637711 0.4999785671 2.6249512674 0.4999846907 0.2499742314 1.3124354474 0.0127888509
0.8720000000 0.4999911176 0.4999789803 0.4999875647 2.6249717255 0.4999911176 0.2499850491 1.3124625467 0.0128727731
0.8740000000 0.4999949566 0.4999880651 0.4999929393 2.6249839458 0.4999949566 0.2499915109 1.3124787341 0.0126944062
0.8760000000 0.4999972026 0.4999933802 0.4999960837 2.6249910954 0.4999972026 0.2499952915 1.3124882047 0.0121108558
0.8780000000 0.4999984875 0.4999964207 0.4999978825 2.6249951853 0.4999984875 0.2499974541 1.3124936223 0.0109600254
0.8800000000 0.4999992042 0.4999981169 0.4999988859 2.6249974669 0.4999992042 0.2499986606 1.3124966446 0.0091638147
0.8820000000 0.4999995930 0.4999990370 0.4999994303 2.6249987046 0.4999995930 0.2499993150 1.3124982840 0.0068932266
0.8840000000 0.4999997976 0.4999995211 0.4999997167 2.6249993557 0.4999997976 0.2499996593 1.3124991466 0.0045981359
0.8860000000 0.4999999019 0.4999997680 0.4999998627 2.6249996879 0.4999999019 0.2499998350 1.3124995865 0.0027368894
0.8880000000 0.4999999536 0.4999998902 0.4999999351 2.6249998523 0.4999999536 0.2499999219 1.3124998044 0.0014860862
0.8900000000 0.4999999785 0.4999999492 0.4999999699 2.6249999316 0.4999999785 0.2499999638 1.3124999094 0.0007551210
0.8920000000 0.4999999902 0.4999999769 0.4999999863 2.6249999689 0.4999999902 0.2499999836 1.3124999589 0.0003663969
0.8940000000 0.4999999957 0.4999999897 0.4999999939 2.6249999862 0.4999999957 0.2499999927 1.3124999817 0.0001719871
0.8960000000 0.4999999981 0.4999999955 0.4999999973 2.6249999939 0.4999999981 0.2499999968 1.3124999920 0.0000786799
0.8980000000 0.4999999992 0.4999999981 0.4999999989 2.6249999974 0.4999999992 0.2499999986 1.3124999965 0.0000352184
0.9000000000 0.4999999997 0.4999999992 0.4999999995 2.6249999989 0.4999999997 0.2499999994 1.3124999985 0.0000154562
0.9020000000 0.4999999999 0.4999999997 0.4999999998 2.6249999995 0.4999999999 0.2499999998 1.3124999994 0.0000066577
0.9040000000 0.4999999999 0.4999999999 0.4999999999 2.6249999998 0.4999999999 0.2499999999 1.3124999998 0.0000028165
0.9060000000 0.5000000000 0.4999999999 0.5000000000 2.6249999999 0.5000000000 0.2500000000 1.3124999999 0.0000011705
0.9080000000 0.5000000000 0.5000000000 0.5000000000 2.6250000000 0.5000000000 0.2500000000 1.3125000000 0.0000004780
0.9100000000 0.5000000000 0.5000000000 0.5000000000 2.6250000000 0.5000000000 0.2500000000 1.3125000000 0.0000001919
0.9120000000 0.5000000000 0.5000000000 0.5000000000 2.6250000000 0.5000000000 0.2500000000 1.3125000000 0.0000000757
0.9140000000 0.5000000000 0.5000000000 0.5000000000 2.6250000000 0.5000000000 0.2500000000 1.3125000000 0.0000000293
0.9160000000 0.5000000000 0.5000000000 0.5000000000 2.6250000000 0.5000000000 0.2500000000 1.3125000000 0.0000000112
0.9180000000 0.5000000000 0.5000000000 0.5000000000 2.6250000000 0.5000000000 0.2500000000 1.3125000000 0.0000000042
0.9200000000 0.5000000000 0.5000000000 0.5000000000 2.6250000000 0.5000000000 0.2500000000 1.3125000000 0.0000000016
0.9220000000 0.5000000000 0.5000000000 0.5000000000 2.6250000000 0.5000000000 0.2500000000 1.3125000000 0.0000000005
0.9240000000 0.5000000000 0.5000000000 0.5000000000 2.6250000000 0.5000000000 0.2500000000 1.3125000000 0.0000000002
0.9260000000 0.5000000000 0.5000000000 0.5000000000 2.6250000000 0.5000000000 0.2500000000 1.3125000000 0.0000000001
0.9280000000 0.5000000000 0.5000000000 0.5000000000 2.6250000000 0.5000000000 0.2500000000 1.3125000000 0.0000000000
0.9300000000 0.5000000000 0.5000000000 0.5000000000 2.6250000000 0.5000000000 0.2500000000 1.3125000000 0.0000000000
0.9320000000 0.5000000000 0.5000000000 0.5000000000 2.6250000000 0.5000000000 0.2500000000 1.3125000000 0.0000000000
0.9340000000 0.5000000000 0.5000000000 0.5000000000 2.6250000000 0.5000000000 0.2500000000 1.3125000000 0.0000000000
0.9360000000 0.5000000000 0.5000000000 0.5000000000 2.6250000000 0.5000000000 0.2500000000 1.3125000000 0.0000000000
0.9380000000 0.5000000000 0.5000000000 0.5000000000 2.6250000000 0.5000000000 0.2500000000 1.3125000000 0.0000000000
0.9400000000 0.5000000000 0.5000000000 0.5000000000 2.6250000000 0.5000000000 0.2500000000 1.3125000000 0.0000000000
0.9420000000 0.5000000000 0.5000000000 0.5000000000 2.6250000000 0.5000000000 0.2500000000 1.3125000000 0.0000000000
0.9440000000 0.5000000000 0.5000000000 0.5000000000 2.6250000000 0.5000000000 0.2500000000 1.3125000000 0.0000000000
0.9460000000 0.5000000000 0.5000000000 0.5000000000 2.6250000000 0.5000000000 0.2500000000 1.3125000000 0.0000000000
0.9480000000 0.5000000000 0.5000000000 0.5000000000 2.6250000000 0.5000000000 0.2500000000 1.3125000000 0.0000000000
0.9500000000 0.5000000000 0.5000000000 0.5000000000 2.6250000000 0.5000000000 0.2500000000 1.3125000000 0.0000000000
0.9520000000 0.5000000000 0.5000000000 0.5000000000 2.6250000000 0.5000000000 0.2500000000 1.3125000000 0.0000000000
0.9540000000 0.5000000000 0.5000000000 0.5000000000 2.6250000000 0.5000000000 0.2500000000 1.3125000000 0.0000000000
0.9560000000 0.5000000000 0.5000000000 0.5000000000 2.6250000000 0.5000000000 0.2500000000 1.3125000000 0.0000000000
0.9580000000 0.5000000000 0.5000000000 0.5000000000 2.6250000000 0.5000000000 0.2500000000 1.3125000000 0.0000000000
0.9600000000 0.5000000000 0.5000000000 0.5000000000 2.6250000000 0.5000000000 0.2500000000 1.3125000000 0.0000000000
0.9620000000 0.5000000000 0.5000000000 0.5000000000 2.6250000000 0.5000000000 0.2500000000 1.3125000000 0.0000000000
0.9640000000 0.5000000000 0.5000000000 0.5000000000 2.6250000000 0.5000000000 0.2500000000 1.3125000000 0.0000000000
0.9660000000 0.5000000000 0.5000000000 0.5000000000 2.6250000000 0.5000000000 0.2500000000 1.3125000000 0.0000000000
0.9680000000 0.5000000000 0.5000000000 0.5000000000 2.6250000000 0.5000000000 0.2500000000 1.3125000000 0.0000000000
0.9700000000 0.5000000000 0.5000000000 0.5000000000 2.6250000000 0.5000000000 0.2500000000 1.3125000000 0.0000000000
0.9720000000 0.5000000000 0.5000000000 0.5000000000 2.6250000000 0.5000000000 0.2500000000 1.3125000000 0.0000000000
0.9740000000 0.5000000000 0.5000000000 0.5000000000 2.6250000000 0.5000000000 0.2500000000 1.3125000000 0.0000000000
0.9760000000 0.5000000000 0.5000000000 0.5000000000 2.6250000000 0.5000000000 0.2500000000 1.3125000000 0.0000000000
0.9780000000 0.5000000000 0.5000000000 0.5000000000 2.6250000000 0.5000000000 0.2500000000 1.3125000000 0.0000000000
0.9800000000 0.5000000000 0.5000000000 0.5000000000 2.6250000000 0.5000000000 0.2500000000 1.3125000000 0.0000000000
0.9820000000 0.5000000000 0.5000000000 0.5000000000 2.6250000000 0.5000000000 0.2500000000 1.3125000000 0.0000000000
0.9840000000 0.5000000000 0.5000000000 0.5000000000 2.6250000000 0.5000000000 0.2500000000 1.3125000000 0.0000000000
0.9860000000 0.5000000000 0.5000000000 0.5000000000 2.6250000000 0.5000000000 0.2500000000 1.3125000000 0.0000000000
0.9880000000 0.5000000000 0.5000000000 0.5000000000 2.6250000000 0.5000000000 0.2500000000 1.3125000000 0.0000000000
0.9900000000 0.5000000000 0.5000000000 0.5000000000 2.6250000000 0.5000000000 0.2500000000 1.3125000000 0.0000000000
0.9920000000 0.5000000000 0.5000000000 0.5000000000 2.6250000000 0.5000000000 0.2500000000 1.3125000000 0.0000000000
0.9940000000 0.5000000000 0.5000000000 0.5000000000 2.6250000000 0.5000000000 0.2500000000 1.3125000000 0.0000000000
0.9960000000 0.5000000000 0.5000000000 0.5000000000 2.6250000000 0.5000000000 0.2500000000 1.3125000000 0.0000000000
0.9980000000 0.5000000000 0.5000000000 0.5000000000 2.6250000000 0.5000000000 0.2500000000 1.3125000000 0.0000000000
1.0000000000 0.5000000000 0.5000000000 0.5000000000 2.6250000000 0.5000000000 0.2500000000 1.3125000000 0.0000000000
