TITLE = "1D Euler Filtered MacCormack Result"
VARIABLES = "x", "rho", "u", "p", "E", "rho_conserved", "rhou", "rhoE", "nu"
ZONE T="t=0.20000000", I=501, F=POINT
0.0000000000 1.0000000000 -0.2000000000 0.5000000000 1.2700000000 1.0000000000 -0.2000000000 1.2700000000 0.0000000000
0.0020000000 1.0000000000 -0.2000000000 0.5000000000 1.2700000000 1.0000000000 -0.2000000000 1.2700000000 0.0000000000
0.0040000000 1.0000000000 -0.2000000000 0.5000000000 1.2700000000 1.0000000000 -0.2000000000 1.2700000000 0.0000000000
0.0060000000 1.0000000000 -0.2000000000 0.5000000000 1.2700000000 1.0000000000 -0.2000000000 1.2700000000 0.0000000000
0.0080000000 1.0000000000 -0.2000000000 0.5000000000 1.2700000000 1.0000000000 -0.2000000000 1.2700000000 0.0000000000
0.0100000000 1.0000000000 -0.2000000000 0.5000000000 1.2700000000 1.0000000000 -0.2000000000 1.2700000000 0.0000000000
0.0120000000 1.0000000000 -0.2000000000 0.5000000000 1.2700000000 1.0000000000 -0.2000000000 1.2700000000 0.0000000000
0.0140000000 1.0000000000 -0.2000000000 0.5000000000 1.2700000000 1.0000000000 -0.2000000000 1.2700000000 0.0000000000
0.0160000000 1.0000000000 -0.2000000000 0.5000000000 1.2700000000 1.0000000000 -0.2000000000 1.2700000000 0.0000000000
0.0180000000 1.0000000000 -0.2000000000 0.5000000000 1.2700000000 1.0000000000 -0.2000000000 1.2700000000 0.0000000000
0.0200000000 1.0000000000 -0.2000000000 0.5000000000 1.2700000000 1.0000000000 -0.2000000000 1.2700000000 0.0000000000
0.0220000000 1.0000000000 -0.2000000000 0.5000000000 1.2700000000 1.0000000000 -0.2000000000 1.2700000000 0.0000000000
0.0240000000 1.0000000000 -0.2000000000 0.5000000000 1.2700000000 1.0000000000 -0.2000000000 1.2700000000 0.0000000000
0.0260000000 1.0000000000 -0.2000000000 0.5000000000 1.2700000000 1.0000000000 -0.2000000000 1.2700000000 0.0000000000
0.0280000000 1.0000000000 -0.2000000000 0.5000000000 1.2700000000 1.0000000000 -0.2000000000 1.2700000000 0.0000000000
0.0300000000 1.0000000000 -0.2000000000 0.5000000000 1.2700000000 1.0000000000 -0.2000000000 1.2700000000 0.0000000000
0.0320000000 1.0000000000 -0.2000000000 0.5000000000 1.2700000000 1.0000000000 -0.2000000000 1.2700000000 0.0000000000
0.0340000000 1.0000000000 -0.2000000000 0.5000000000 1.2700000000 1.0000000000 -0.2000000000 1.2700000000 0.0000000000
0.0360000000 1.0000000000 -0.2000000000 0.5000000000 1.2700000000 1.0000000000 -0.2000000000 1.2700000000 0.0000000000
0.0380000000 1.0000000000 -0.2000000000 0.5000000000 1.2700000000 1.0000000000 -0.2000000000 1.2700000000 0.0000000000
0.0400000000 1.0000000000 -0.2000000000 0.5000000000 1.2700000000 1.0000000000 -0.2000000000 1.2700000000 0.0000000000
0.0420000000 1.0000000000 -0.2000000000 0.5000000000 1.2700000000 1.0000000000 -0.2000000000 1.2700000000 0.0000000000
0.0440000000 1.0000000000 -0.2000000000 0.5000000000 1.2700000000 1.0000000000 -0.2000000000 1.2700000000 0.0000000000
0.0460000000 1.0000000000 -0.2000000000 0.5000000000 1.2700000000 1.0000000000 -0.2000000000 1.2700000000 0.0000000000
0.0480000000 1.0000000000 -0.2000000000 0.5000000000 1.2700000000 1.0000000000 -0.2000000000 1.2700000000 0.0000000000
0.0500000000 1.0000000000 -0.2000000000 0.5000000000 1.2700000000 1.0000000000 -0.2000000000 1.2700000000 0.0000000000
0.0520000000 1.0000000000 -0.2000000000 0.5000000000 1.2700000000 1.0000000000 -0.2000000000 1.2700000000 0.0000000000
0.0540000000 1.0000000000 -0.2000000000 0.5000000000 1.2700000000 1.0000000000 -0.2000000000 1.2700000000 0.0000000000
0.0560000000 1.0000000000 -0.2000000000 0.5000000000 1.2700000000 1.0000000000 -0.2000000000 1.2700000000 0.0000000000
0.0580000000 1.0000000000 -0.2000000000 0.5000000000 1.2700000000 1.0000000000 -0.2000000000 1.2700000000 0.0000000000
0.0600000000 1.0000000000 -0.2000000000 0.5000000000 1.2700000000 1.0000000000 -0.2000000000 1.2700000000 0.0000000000
0.0620000000 1.0000000000 -0.2000000000 0.5000000000 1.2700000000 1.0000000000 -0.2000000000 1.2700000000 0.0000000000
0.0640000000 1.0000000000 -0.2000000000 0.5000000000 1.2700000000 1.0000000000 -0.2000000000 1.2700000000 0.0000000000
0.0660000000 1.0000000000 -0.2000000000 0.5000000000 1.2700000000 1.0000000000 -0.2000000000 1.2700000000 0.0000000000
0.0680000000 1.0000000000 -0.2000000000 0.5000000000 1.2700000000 1.0000000000 -0.2000000000 1.2700000000 0.0000000000
0.0700000000 1.0000000000 -0.2000000000 0.5000000000 1.2700000000 1.0000000000 -0.2000000000 1.2700000000 0.0000000000
0.0720000000 1.0000000000 -0.2000000000 0.5000000000 1.2700000000 1.0000000000 -0.2000000000 1.2700000000 0.0000000000
0.0740000000 1.0000000000 -0.2000000000 0.5000000000 1.2700000000 1.0000000000 -0.2000000000 1.2700000000 0.0000000000
0.0760000000 1.0000000000 -0.2000000000 0.5000000000 1.2700000000 1.0000000000 -0.2000000000 1.2700000000 0.0000000000
0.0780000000 1.0000000000 -0.2000000000 0.5000000000 1.2700000000 1.0000000000 -0.2000000000 1.2700000000 0.0000000000
0.0800000000 1.0000000000 -0.2000000000 0.5000000000 1.2700000000 1.0000000000 -0.2000000000 1.2700000000 0.0000000000
0.0820000000 1.0000000000 -0.2000000000 0.5000000000 1.2700000000 1.0000000000 -0.2000000000 1.2700000000 0.0000000000
0.0840000000 1.0000000000 -0.2000000000 0.5000000000 1.2700000000 1.0000000000 -0.2000000000 1.2700000000 0.0000000000
0.0860000000 1.0000000000 -0.2000000000 0.5000000000 1.2700000000 1.0000000000 -0.2000000000 1.2700000000 0.0000000000
0.0880000000 1.0000000000 -0.2000000000 0.5000000000 1.2700000000 1.0000000000 -0.2000000000 1.2700000000 0.0000000000
0.0900000000 1.0000000000 -0.2000000000 0.5000000000 1.2700000000 1.0000000000 -0.2000000000 1.2700000000 0.0000000000
0.0920000000 1.0000000000 -0.2000000000 0.5000000000 1.2700000000 1.0000000000 -0.2000000000 1.2700000000 0.0000000000
0.0940000000 1.0000000000 -0.2000000000 0.5000000000 1.2700000000 1.0000000000 -0.2000000000 1.2700000000 0.0000000000
0.0960000000 1.0000000000 -0.2000000000 0.5000000000 1.2700000000 1.0000000000 -0.2000000000 1.2700000000 0.0000000000
0.0980000000 1.0000000000 -0.2000000000 0.5000000000 1.2700000000 1.0000000000 -0.2000000000 1.2700000000 0.0000000000
0.1000000000 1.0000000000 -0.2000000000 0.5000000000 1.2700000000 1.0000000000 -0.2000000000 1.2700000000 0.0000000000
0.1020000000 1.0000000000 -0.2000000000 0.5000000000 1.2700000000 1.0000000000 -0.2000000000 1.2700000000 0.0000000000
0.1040000000 1.0000000000 -0.2000000000 0.5000000000 1.2700000000 1.0000000000 -0.2000000000 1.2700000000 0.0000000000
0.1060000000 1.0000000000 -0.2000000000 0.5000000000 1.2700000000 1.0000000000 -0.2000000000 1.2700000000 0.0000000000
0.1080000000 1.0000000000 -0.2000000000 0.5000000000 1.2700000000 1.0000000000 -0.2000000000 1.2700000000 0.0000000000
0.1100000000 1.0000000000 -0.2000000000 0.5000000000 1.2700000000 1.0000000000 -0.2000000000 1.2700000000 0.0000000000
0.1120000000 1.0000000000 -0.2000000000 0.5000000000 1.2700000000 1.0000000000 -0.2000000000 1.2700000000 0.0000000000
0.1140000000 1.0000000000 -0.2000000000 0.5000000000 1.2700000000 1.0000000000 -0.2000000000 1.2700000000 0.0000000000
0.1160000000 1.0000000000 -0.2000000000 0.5000000000 1.2700000000 1.0000000000 -0.2000000000 1.2700000000 0.0000000000
0.1180000000 1.0000000000 -0.2000000000 0.5000000000 1.2700000000 1.0000000000 -0.2000000000 1.2700000000 0.0000000000
0.1200000000 1.0000000000 -0.2000000000 0.5000000000 1.2700000000 1.0000000000 -0.2000000000 1.2700000000 0.0000000000
0.1220000000 1.0000000000 -0.2000000000 0.5000000000 1.2700000000 1.0000000000 -0.2000000000 1.2700000000 0.0000000000
0.1240000000 1.0000000000 -0.2000000000 0.5000000000 1.2700000000 1.0000000000 -0.2000000000 1.2700000000 0.0000000000
0.1260000000 1.0000000000 -0.2000000000 0.5000000000 1.2700000000 1.0000000000 -0.2000000000 1.2700000000 0.0000000000
0.1280000000 1.0000000000 -0.2000000000 0.5000000000 1.2700000000 1.0000000000 -0.2000000000 1.2700000000 0.0000000000
0.1300000000 1.0000000000 -0.2000000000 0.5000000000 1.2700000000 1.0000000000 -0.2000000000 1.2700000000 0.0000000000
0.1320000000 1.0000000000 -0.2000000000 0.5000000000 1.2700000000 1.0000000000 -0.2000000000 1.2700000000 0.0000000000
0.1340000000 1.0000000000 -0.2000000000 0.5000000000 1.2700000000 1.0000000000 -0.2000000000 1.2700000000 0.0000000000
0.1360000000 1.0000000000 -0.2000000000 0.5000000000 1.2700000000 1.0000000000 -0.2000000000 1.2700000000 0.0000000000
0.1380000000 1.0000000000 -0.2000000000 0.5000000000 1.2700000000 1.0000000000 -0.2000000000 1.2700000000 0.0000000000
0.1400000000 1.0000000000 -0.2000000000 0.5000000000 1.2700000000 1.0000000000 -0.2000000000 1.2700000000 0.0000000000
0.1420000000 1.0000000000 -0.2000000000 0.5000000000 1.2700000000 1.0000000000 -0.2000000000 1.2700000000 0.0000000000
0.1440000000 1.0000000000 -0.2000000000 0.5000000000 1.2700000000 1.0000000000 -0.2000000000 1.2700000000 0.0000000000
0.1460000000 1.0000000000 -0.2000000000 0.5000000000 1.2700000000 1.0000000000 -0.2000000000 1.2700000000 0.0000000000
0.1480000000 1.0000000000 -0.2000000000 0.5000000000 1.2700000000 1.0000000000 -0.2000000000 1.2700000000 0.0000000000
0.1500000000 1.0000000000 -0.2000000000 0.5000000000 1.2700000000 1.0000000000 -0.2000000000 1.2700000000 0.0000000000
0.1520000000 1.0000000000 -0.2000000000 0.5000000000 1.2700000000 1.0000000000 -0.2000000000 1.2700000000 0.0000000000
0.1540000000 1.0000000000 -0.2000000000 0.5000000000 1.2700000000 1.0000000000 -0.2000000000 1.2700000000 0.0000000000
0.1560000000 1.0000000000 -0.2000000000 0.5000000000 1.2700000000 1.0000000000 -0.2000000000 1.2700000000 0.0000000000
0.1580000000 1.0000000000 -0.2000000000 0.5000000000 1.2700000000 1.0000000000 -0.2000000000 1.2700000000 0.0000000000
0.1600000000 1.0000000000 -0.2000000000 0.5000000000 1.2700000000 1.0000000000 -0.2000000000 1.2700000000 0.0000000000
0.1620000000 1.0000000000 -0.2000000000 0.5000000000 1.2700000000 1.0000000000 -0.2000000000 1.2700000000 0.0000000000
0.1640000000 1.0000000000 -0.2000000000 0.5000000000 1.2700000000 1.0000000000 -0.2000000000 1.2700000000 0.0000000000
0.1660000000 1.0000000000 -0.2000000000 0.5000000000 1.2700000000 1.0000000000 -0.2000000000 1.2700000000 0.0000000000
0.1680000000 1.0000000000 -0.2000000000 0.5000000000 1.2700000000 1.0000000000 -0.2000000000 1.2700000000 0.0000000000
0.1700000000 1.0000000000 -0.2000000000 0.5000000000 1.2700000000 1.0000000000 -0.2000000000 1.2700000000 0.0000000000
0.1720000000 1.0000000000 -0.2000000000 0.5000000000 1.2700000000 1.0000000000 -0.2000000000 1.2700000000 0.0000000000
0.1740000000 1.0000000000 -0.2000000000 0.5000000000 1.2700000000 1.0000000000 -0.2000000000 1.2700000000 0.0000000000
0.1760000000 1.0000000000 -0.2000000000 0.5000000000 1.2700000000 1.0000000000 -0.2000000000 1.2700000000 0.0000000000
0.1780000000 1.0000000000 -0.2000000000 0.5000000000 1.2700000000 1.0000000000 -0.2000000000 1.2700000000 0.0000000000
0.1800000000 1.0000000000 -0.2000000000 0.5000000000 1.2700000000 1.0000000000 -0.2000000000 1.2700000000 0.0000000000
0.1820000000 1.0000000000 -0.2000000000 0.5000000000 1.2700000000 1.0000000000 -0.2000000000 1.2700000000 0.0000000000
0.1840000000 1.0000000000 -0.2000000000 0.5000000000 1.2700000000 1.0000000000 -0.2000000000 1.2700000000 0.0000000000
0.1860000000 1.0000000000 -0.2000000000 0.5000000000 1.2700000000 1.0000000000 -0.2000000000 1.2700000000 0.0000000000
0.1880000000 1.0000000000 -0.2000000000 0.5000000000 1.2700000000 1.0000000000 -0.2000000000 1.2700000000 0.0000000000
0.1900000000 1.0000000000 -0.2000000000 0.5000000000 1.2700000000 1.0000000000 -0.2000000000 1.2700000000 0.0000000000
0.1920000000 1.0000000000 -0.2000000000 0.5000000000 1.2700000000 1.0000000000 -0.2000000000 1.2700000000 0.0000000000
0.1940000000 1.0000000000 -0.2000000000 0.5000000000 1.2700000000 1.0000000000 -0.2000000000 1.2700000000 0.0000000000
0.1960000000 1.0000000000 -0.2000000000 0.5000000000 1.2700000000 1.0000000000 -0.2000000000 1.2700000000 0.0000000000
0.1980000000 1.0000000000 -0.2000000000 0.5000000000 1.2700000000 1.0000000000 -0.2000000000 1.2700000000 0.0000000000
0.2000000000 1.0000000000 -0.2000000000 0.5000000000 1.2700000000 1.0000000000 -0.2000000000 1.2700000000 0.0000000000
0.2020000000 1.0000000000 -0.2000000000 0.5000000000 1.2700000000 1.0000000000 -0.2000000000 1.2700000000 0.0000000000
0.2040000000 1.0000000000 -0.2000000000 0.5000000000 1.2700000000 1.0000000000 -0.2000000000 1.2700000000 0.0000000000
0.2060000000 1.0000000000 -0.2000000000 0.5000000000 1.2700000000 1.0000000000 -0.2000000000 1.2700000000 0.0000000000
0.2080000000 1.0000000000 -0.2000000000 0.5000000000 1.2700000000 1.0000000000 -0.2000000000 1.2700000000 0.0000000000
0.2100000000 1.0000000000 -0.2000000000 0.5000000000 1.2700000000 1.0000000000 -0.2000000000 1.2700000000 0.0000000000
0.2120000000 1.0000000000 -0.2000000000 0.5000000000 1.2700000000 1.0000000000 -0.2000000000 1.2700000000 0.0000000000
0.2140000000 1.0000000000 -0.2000000000 0.5000000000 1.2700000000 1.0000000000 -0.2000000000 1.2700000000 0.0000000000
0.2160000000 1.0000000000 -0.2000000000 0.5000000000 1.2700000000 1.0000000000 -0.2000000000 1.2700000000 0.0000000000
0.2180000000 1.0000000000 -0.2000000000 0.5000000000 1.2700000000 1.0000000000 -0.2000000000 1.2700000000 0.0000000000
0.2200000000 1.0000000000 -0.2000000000 0.5000000000 1.2700000000 1.0000000000 -0.2000000000 1.2700000000 0.0000000000
0.2220000000 1.0000000000 -0.2000000000 0.5000000000 1.2700000000 1.0000000000 -0.2000000000 1.2700000000 0.0000000000
0.2240000000 1.0000000000 -0.2000000000 0.5000000000 1.2700000000 1.0000000000 -0.2000000000 1.2700000000 0.0000000000
0.2260000000 1.0000000000 -0.2000000000 0.5000000000 1.2700000000 1.0000000000 -0.2000000000 1.2700000000 0.0000000000
0.2280000000 1.0000000000 -0.2000000000 0.5000000000 1.2700000000 1.0000000000 -0.2000000000 1.2699999999 0.0000000000
0.2300000000 0.9999999999 -0.1999999999 0.4999999999 1.2699999999 0.9999999999 -0.1999999999 1.2699999998 0.0000000000
0.2320000000 0.9999999998 -0.1999999998 0.4999999998 1.2699999999 0.9999999998 -0.1999999998 1.2699999996 0.0000000000
0.2340000000 0.9999999995 -0.1999999995 0.4999999996 1.2699999996 0.9999999995 -0.1999999994 1.2699999989 0.0000000000
0.2360000000 0.9999999987 -0.1999999989 0.4999999991 1.2699999991 0.9999999987 -0.1999999986 1.2699999975 0.0000000000
0.2380000000 0.9999999969 -0.1999999974 0.4999999978 1.2699999979 0.9999999969 -0.1999999968 1.2699999939 0.0000000000
0.2400000000 0.9999999927 -0.1999999939 0.4999999949 1.2699999951 0.9999999927 -0.1999999924 1.2699999858 0.0000000000
0.2420000000 0.9999999832 -0.1999999859 0.4999999882 1.2699999888 0.9999999832 -0.1999999825 1.2699999674 0.0000000000
0.2440000000 0.9999999619 -0.1999999682 0.4999999734 1.2699999746 0.9999999619 -0.1999999605 1.2699999263 0.0000000000
0.2460000000 0.9999999156 -0.1999999294 0.4999999409 1.2699999437 0.9999999156 -0.1999999125 1.2699998364 0.0000000000
0.2480000000 0.9999998161 -0.1999998462 0.4999998713 1.2699998773 0.9999998161 -0.1999998094 1.2699996438 0.0000000000
0.2500000000 0.9999996070 -0.1999996712 0.4999997249 1.2699997377 0.9999996070 -0.1999995926 1.2699992386 0.0000000000
0.2520000000 0.9999991759 -0.1999993105 0.4999994231 1.2699994500 0.9999991759 -0.1999991457 1.2699984034 0.0000000000
0.2540000000 0.9999983052 -0.1999985820 0.4999988136 1.2699988690 0.9999983052 -0.1999982431 1.2699967166 0.0000000000
0.2560000000 0.9999965832 -0.1999971413 0.4999976083 1.2699977199 0.9999965832 -0.1999964580 1.2699933806 0.0000000000
0.2580000000 0.9999932499 -0.1999943525 0.4999952749 1.2699954955 0.9999932499 -0.1999930025 1.2699869229 0.0000000000
0.2600000000 0.9999869384 -0.1999890718 0.4999908569 1.2699912836 0.9999869384 -0.1999864597 1.2699746955 0.0000000000
0.2620000000 0.9999752565 -0.1999792980 0.4999826797 1.2699834881 0.9999752565 -0.1999743498 1.2699520643 0.0000000000
0.2640000000 0.9999541361 -0.1999616270 0.4999678957 1.2699693942 0.9999541361 -0.1999524560 1.2699111485 0.0000000000
0.2660000000 0.9999168665 -0.1999304439 0.4999418080 1.2699445245 0.9999168665 -0.1999138230 1.2698389496 0.0000000000
0.2680000000 0.9998527321 -0.1998767816 0.4998969168 1.2699017300 0.9998527321 -0.1998473462 1.2697147142 0.0000000000
0.2700000000 0.9997452089 -0.1997868104 0.4998216589 1.2698299885 0.9997452089 -0.1997359065 1.2695064472 0.0000000000
0.2720000000 0.9995697608 -0.1996399888 0.4996988678 1.2697129386 0.9995697608 -0.1995540959 1.2691666583 0.0000000000
0.2740000000 0.9992914217 -0.1994070291 0.4995040885 1.2695272747 0.9992914217 -0.1992657336 1.2686277151 0.0000000000
0.2760000000 0.9988625619 -0.1990480022 0.4992040279 1.2692412740 0.9988625619 -0.1988215974 1.2677975907 0.0000000000
0.2780000000 0.9982214647 -0.1985110954 0.4987555848 1.2688138768 0.9982214647 -0.1981580364 1.2665572465 0.0000000000
0.2800000000 0.9972925085 -0.1977326718 0.4981060217 1.2681948568 0.9972925085 -0.1971973122 1.2647612300 0.0000000000
0.2820000000 0.9959887392 -0.1966392703 0.4971948312 1.2673266053 0.9959887392 -0.1958504989 1.2622430277 0.0000000000
0.2840000000 0.9942172981 -0.1951519322 0.4959576235 1.2661478375 0.9942172981 -0.1940234268 1.2588260820 0.0000000000
0.2860000000 0.9918875353 -0.1931927235 0.4943319015 1.2645990908 0.9918875353 -0.1916254544 1.2543400754 0.0000000000
0.2880000000 0.9889207856 -0.1906926548 0.4922639878 1.2626293142 0.9889207856 -0.1885799300 1.2486403733 0.0000000000
0.2900000000 0.9852600330 -0.1875995961 0.4897158280 1.2602023389 0.9852600330 -0.1848343842 1.2416269980 0.0000000000
0.2920000000 0.9808773721 -0.1838845274 0.4866701791 1.2573018206 0.9808773721 -0.1803681720 1.2332589058 0.0000000000
0.2940000000 0.9757775261 -0.1795447281 0.4831329543 1.2539334901 0.9757775261 -0.1751957106 1.2235601189 0.0000000000
0.2960000000 0.9699966454 -0.1746032332 0.4791321959 1.2501242087 0.9699966454 -0.1693645504 1.2126162888 0.0000000000
0.2980000000 0.9635968283 -0.1691048331 0.4747140223 1.2459181497 0.9635968283 -0.1629488808 1.2005627773 0.0000000000
0.3000000000 0.9566578215 -0.1631096961 0.4699366193 1.2413711084 0.9566578215 -0.1560401665 1.1875673803 0.0000000000
0.3020000000 0.9492678203 -0.1566860912 0.4648636582 1.2365442449 0.9492678203 -0.1487370643 1.1738116600 0.0000000000
0.3040000000 0.9415151245 -0.1499036165 0.4595583910 1.2314984483 0.9415151245 -0.1411365222 1.1594744149 0.0000000000
0.3060000000 0.9334818128 -0.1428279034 0.4540792309 1.2262900972 0.9334818128 -0.1333272502 1.1447195030 0.0000000000
0.3080000000 0.9252398580 -0.1355172119 0.4484770955 1.2209684920 0.9252398580 -0.1253859259 1.1296887142 0.0000000000
0.3100000000 0.9168495012 -0.1280208375 0.4427943565 1.2155748207 0.9168495012 -0.1173758410 1.1144991680 0.0000000000
0.3120000000 0.9083593420 -0.1203789440 0.4370649954 1.2101422821 0.9083593420 -0.1093473384 1.0992440471 0.0000000000
0.3140000000 0.8998075044 -0.1126233289 0.4313154983 1.2046969224 0.8998075044 -0.1013393165 1.0839953313 0.0000000000
0.3160000000 0.8912233065 -0.1047786628 0.4255660864 1.1992588010 0.8912233065 -0.0933811863 1.0688073940 0.0000000000
0.3180000000 0.8826290256 -0.0968638596 0.4198319936 1.1938432050 0.8826290256 -0.0854948540 1.0537206648 0.0000000000
0.3200000000 0.8740415124 -0.0888933632 0.4141246225 1.1884617524 0.8740415124 -0.0776964896 1.0387649075 0.0000000000
0.3220000000 0.8654735425 -0.0808782443 0.4084525060 1.1831233095 0.8654735425 -0.0699979806 1.0239619219 0.0000000000
0.3240000000 0.8569348846 -0.0728270788 0.4028220620 1.1778347124 0.8569348846 -0.0624080644 1.0093276534 0.0000000000
0.3260000000 0.8484331110 -0.0647466224 0.3972381642 1.1726013123 0.8484331110 -0.0549331782 0.9948737793 0.0000000000
0.3280000000 0.8399741975 -0.0566423143 0.3917045629 1.1674273764 0.8399741975 -0.0475780825 0.9806088737 0.0000000000
0.3300000000 0.8315629638 -0.0485186504 0.3862241923 1.1623163815 0.8315629638 -0.0403463127 0.9665392551 0.0000000000
0.3320000000 0.8232033956 -0.0403794587 0.3807993944 1.1572712261 0.8232033956 -0.0332405075 0.9526696029 0.0000000000
0.3340000000 0.8148988855 -0.0322281096 0.3754320862 1.1522943888 0.8148988855 -0.0262626506 0.9390034132 0.0000000000
0.3360000000 0.8066524193 -0.0240676800 0.3701238864 1.1473880470 0.8066524193 -0.0194142523 0.9255433440 0.0000000000
0.3380000000 0.7984667274 -0.0159010928 0.3648762187 1.1425541724 0.7984667274 -0.0126964935 0.9122914909 0.0000000000
0.3400000000 0.7903444182 -0.0077312435 0.3596903999 1.1377946111 0.7903444182 -0.0061103452 0.8992496200 0.0000000000
0.3420000000 0.7822881064 0.0004388712 0.3545677227 1.1331111579 0.7822881064 0.0003433237 0.8864193821 0.0000000000
0.3440000000 0.7743005498 0.0086060107 0.3495095428 1.1285056311 0.7743005498 0.0066636388 0.8738025306 0.0000000000
0.3460000000 0.7663848089 0.0167665165 0.3445173771 1.1239799568 0.7663848089 0.0128496036 0.8614011644 0.0000000000
0.3480000000 0.7585444500 0.0249160855 0.3395930277 1.1195362721 0.7585444500 0.0188999583 0.8492180258 0.0000000000
0.3500000000 0.7507838191 0.0330494572 0.3347387458 1.1151770605 0.7507838191 0.0248129977 0.8372568925 0.0000000000
0.3520000000 0.7431084302 0.0411599667 0.3299574634 1.1109053414 0.7431084302 0.0305863182 0.8255231244 0.0000000000
0.3540000000 0.7355255378 0.0492388780 0.3252531332 1.1067249468 0.7355255378 0.0362164522 0.8140244618 0.0000000000
0.3560000000 0.7280450078 0.0572743677 0.3206312432 1.1026409379 0.7280450078 0.0416983175 0.8027722303 0.0000000000
0.3580000000 0.7206806793 0.0652499285 0.3160996201 1.0986602544 0.7206806793 0.0470243628 0.7917832185 0.0000000000
0.3600000000 0.7134525478 0.0731418023 0.3116697162 1.0947927508 0.7134525478 0.0521832052 0.7810826774 0.0000000000
0.3620000000 0.7063903435 0.0809147642 0.3073587142 1.0910528883 0.7063903435 0.0571574081 0.7707092246 0.0000000000
0.3640000000 0.6995395092 0.0885150610 0.3031930417 1.0874625536 0.6995395092 0.0619197823 0.7607230210 0.0000000000
0.3660000000 0.6929713229 0.0958584265 0.2992143190 1.0840558235 0.6929713229 0.0664271406 0.7512195981 0.0000000000
0.3680000000 0.6868001257 0.1028096495 0.2954894808 1.0808870769 0.6868001257 0.0706096802 0.7423533804 0.0000000000
0.3700000000 0.6812123086 0.1091481620 0.2921278299 1.0780447097 0.6812123086 0.0743530714 0.7343773254 0.0000000000
0.3720000000 0.6765130542 0.1145126241 0.2893086377 1.0756735516 0.6765130542 0.0774692851 0.7277071997 0.0000000000
0.3740000000 0.6731937650 0.1183215715 0.2873213333 1.0740082950 0.6731937650 0.0796533442 0.7230156878 0.0000000000
0.3760000000 0.6720026993 0.1196929195 0.2866088323 1.0734120109 0.6720026993 0.0804339650 0.7213357688 0.0000000000
0.3780000000 0.6739357863 0.1174660938 0.2877663398 1.0743834096 0.6739357863 0.0791646043 0.7240654279 0.0000000000
0.3800000000 0.6799376673 0.1105805605 0.2913702754 1.0774264807 0.6799376673 0.0751878883 0.7325828480 0.0000000000
0.3820000000 0.6900534497 0.0990907133 0.2974711217 1.0826199210 0.6900534497 0.0683778886 0.7470656112 0.0000000000
0.3840000000 0.7022490882 0.0854501198 0.3048606234 1.0889517486 0.7022490882 0.0600072687 0.7647153726 0.0000000000
0.3860000000 0.7122143680 0.0744870000 0.3109192497 1.0941564134 0.7122143680 0.0530507116 0.7792739184 0.0000000000
0.3880000000 0.7154868561 0.0709254344 0.3129108563 1.0958646310 0.7154868561 0.0507462161 0.7840767395 0.0000000000
0.3900000000 0.7106753937 0.0761721094 0.3099806872 1.0933450937 0.7106753937 0.0541336438 0.7770134549 0.0000000000
0.3920000000 0.7006015293 0.0872834726 0.3038587409 1.0880872412 0.7006015293 0.0611509344 0.7623155853 0.0000000000
0.3940000000 0.6903955847 0.0987201903 0.2976728134 1.0827795482 0.6903955847 0.0681559835 0.7475462192 0.0000000000
0.3960000000 0.6846948908 0.1051884067 0.2942247111 1.0798236202 0.6846948908 0.0720219647 0.7393497157 0.0000000000
0.3980000000 0.6858220031 0.1039064760 0.2949050184 1.0804039539 0.6858220031 0.0712613475 0.7409648038 0.0000000000
0.4000000000 0.6929085776 0.0958927687 0.2991918301 1.0840757255 0.6929085776 0.0664449219 0.7511653690 0.0000000000
0.4020000000 0.7018769059 0.0858843008 0.3046265834 1.0887308213 0.7018769059 0.0602802073 0.7641550202 0.0000000000
0.4040000000 0.7073405505 0.0798613602 0.3079410041 1.0915649627 0.7073405505 0.0564891785 0.7721081615 0.0000000000
0.4060000000 0.7062315382 0.0810810530 0.3072669668 1.0909861808 0.7062315382 0.0572619968 0.7704888486 0.0000000000
0.4080000000 0.7000801483 0.0878851265 0.3035338921 1.0877874054 0.7000801483 0.0615266324 0.7615383681 0.0000000000
0.4100000000 0.6936270093 0.0951035938 0.2996203449 1.0844267512 0.6936270093 0.0659664213 0.7521876842 0.0000000000
0.4120000000 0.6912409584 0.0977938714 0.2981736899 1.0831817847 0.6912409584 0.0675991294 0.7487396150 0.0000000000
0.4140000000 0.6940290650 0.0946535626 0.2998630068 1.0846325625 0.6940290650 0.0656923235 0.7527665232 0.0000000000
0.4160000000 0.6992948197 0.0887671068 0.3030546669 1.0873693430 0.6992948197 0.0620743780 0.7603917486 0.0000000000
0.4180000000 0.7027268663 0.0849616035 0.3051351610 1.0891489242 0.7027268663 0.0597048014 0.7653742104 0.0000000000
0.4200000000 0.7019437967 0.0858281185 0.3046601912 1.0887422957 0.7019437967 0.0602465154 0.7642359006 0.0000000000
0.4220000000 0.6983061942 0.0898710024 0.3024543502 1.0868526164 0.6983061942 0.0627574776 0.7589559141 0.0000000000
0.4240000000 0.6953210101 0.0932104752 0.3006439832 1.0852979967 0.6953210101 0.0648112018 0.7546304994 0.0000000000
0.4260000000 0.6953833114 0.0931403545 0.3006818271 1.0853306718 0.6953833114 0.0647682481 0.7547208365 0.0000000000
0.4280000000 0.6978693761 0.0903591115 0.3021894228 1.0866253116 0.6978693761 0.0630588568 0.7583225283 0.0000000000
0.4300000000 0.7000944740 0.0878818255 0.3035385349 1.0877815149 0.7000944740 0.0615255804 0.7615498275 0.0000000000
0.4320000000 0.7000762862 0.0879015002 0.3035277588 1.0877729223 0.7000762862 0.0615377558 0.7615240276 0.0000000000
0.4340000000 0.6983124016 0.0898642948 0.3024586341 1.0868577249 0.6983124016 0.0627533515 0.7589662281 0.0000000000
0.4360000000 0.6968816315 0.0914617392 0.3015912940 1.0861141911 0.6968816315 0.0637380060 0.7568930295 0.0000000000
0.4380000000 0.6971140168 0.0912011011 0.3017326313 1.0862365867 0.6971140168 0.0635775659 0.7572307502 0.0000000000
0.4400000000 0.6983913665 0.0897744531 0.3025076275 1.0869026041 0.6983913665 0.0626977030 0.7590833948 0.0000000000
0.4420000000 0.6991514179 0.0889270751 0.3029688884 1.0872990525 0.6991514179 0.0621734907 0.7601866742 0.0000000000
0.4440000000 0.6987228026 0.0894033211 0.3027095724 1.0870782487 0.6987228026 0.0624681391 0.7595663606 0.0000000000
0.4460000000 0.6978655091 0.0903583014 0.3021903154 1.0866344344 0.6978655091 0.0630579420 0.7583246928 0.0000000000
0.4480000000 0.6976284684 0.0906218420 0.3020471703 1.0865131422 0.6976284684 0.0632203768 0.7579824993 0.0000000000
0.4500000000 0.6981122806 0.0900806398 0.3023412174 1.0867671123 0.6981122806 0.0628864009 0.7586854672 0.0000000000
0.4520000000 0.6985712492 0.0895677006 0.3026201862 1.0870080409 0.6985712492 0.0625694205 0.7593525650 0.0000000000
0.4540000000 0.6984797148 0.0896683021 0.3025654525 1.0869630782 0.6984797148 0.0626314900 0.7592216609 0.0000000000
0.4560000000 0.6981006912 0.0900895342 0.3023364118 1.0867686781 0.6981006912 0.0628915661 0.7586739653 0.0000000000
0.4580000000 0.6979703440 0.0902334177 0.3022582073 1.0867037350 0.6979703440 0.0629802496 0.7584869798 0.0000000000
0.4600000000 0.6981713229 0.0900070688 0.3023812451 1.0868122565 0.6981713229 0.0628403543 0.7587811508 0.0000000000
0.4620000000 0.6983553312 0.0898027728 0.3024923475 1.0869063232 0.6983553312 0.0627142451 0.7590468253 0.0000000000
0.4640000000 0.6982841176 0.0898681132 0.3024567805 1.0868952915 0.6982841176 0.0627534761 0.7589617196 0.0000000000
0.4660000000 0.6981795415 0.0900313538 0.3023680968 1.0867546161 0.6981795415 0.0628580493 0.7587498395 0.0000000000
0.4680000000 0.6980011867 0.0900491173 0.3023583800 1.0869980675 0.6980011867 0.0628543907 0.7587259411 0.0000000000
0.4700000000 0.6986321021 0.0899494099 0.3024125376 1.0862049164 0.6986321021 0.0628415453 0.7588576240 0.0000000000
0.4720000000 0.6969699585 0.0899070773 0.3024359650 1.0888658913 0.6969699585 0.0626625319 0.7589068151 0.0000000000
0.4740000000 0.7017804721 0.0899557551 0.3024089045 1.0813376952 0.7017804721 0.0631291923 0.7588616783 0.0000000000
0.4760000000 0.6891359311 0.0899918780 0.3023887722 1.1010344883 0.6891359311 0.0620166366 0.7587624273 0.0000000000
0.4780000000 0.7184806673 0.0899711331 0.3024023464 1.0562759457 0.7184806673 0.0646425198 0.7589138463 0.0000000000
0.4800000000 0.6584342303 0.0899458263 0.3024155084 1.1522824684 0.6584342303 0.0592234109 0.7587022202 0.0000000000
0.4820000000 0.7639948664 0.0899536003 0.3024075992 0.9936061365 0.7639948664 0.0687240888 0.7591099875 0.0000000000
0.4840000000 0.6113729992 0.0899696017 0.3024003138 1.2406095361 0.6113729992 0.0550049852 0.7584751729 0.0000000000
0.4860000000 0.7779565295 0.0899654807 0.3024060153 0.9758428870 0.7779565295 0.0699892332 0.7591633457 0.0000000000
0.4880000000 0.6718542847 0.0899559086 0.3024121990 1.1293354218 0.6718542847 0.0604372626 0.7587488420 0.0000000000
0.4900000000 0.6454788804 0.0899590589 0.3024091464 1.1753051891 0.6454788804 0.0580666726 0.7586346776 0.0000000000
0.4920000000 0.7815554016 0.0899620211 0.3024032133 0.9713587294 0.7815554016 0.0703103035 0.7591706619 0.0000000000
0.4940000000 0.6871925601 0.0899576145 0.3024034672 1.1041871246 0.6871925601 0.0618182034 0.7587891770 0.0000000000
0.4960000000 0.6147530263 0.0899536489 0.3024072869 1.2338376076 0.6147530263 0.0552992779 0.7585054032 0.0000000000
0.4980000000 0.7390854474 0.0899604350 0.3024100687 1.0269662855 0.7390854474 0.0664884484 0.7590158366 0.0000000000
0.5000000000 0.7829898378 0.0899640824 0.3024099167 0.9696082035 0.7829898378 0.0704409623 0.7591933700 0.0000000000
0.5020000000 0.6630991050 0.0899627571 0.3024095753 1.1441838207 0.6630991050 0.0596542237 0.7587072675 0.0000000000
0.5040000000 0.5941431549 0.0899566568 0.3024075059 1.2764983003 0.5941431549 0.0534471319 0.7584227274 0.0000000000
0.5060000000 0.6774912020 0.0899495610 0.3024034368 1.1199397934 0.6774912020 0.0609400362 0.7587493568 0.0000000000
0.5080000000 0.7966929478 0.0899537838 0.3024051332 0.9529846206 0.7966929478 0.0716655452 0.7592361266 0.0000000000
0.5100000000 0.8221686687 0.0899624327 0.3024107274 0.9235985890 0.8221686687 0.0739642935 0.7593538223 0.0000000000
0.5120000000 0.7399688353 0.0899652122 0.3024127245 1.0257545081 0.7399688353 0.0665714533 0.7590263687 0.0000000000
0.5140000000 0.6124079888 0.0899616567 0.3024107042 1.2385614064 0.6124079888 0.0550932372 0.7585048999 0.0000000000
0.5160000000 0.4987143653 0.0899553059 0.3024077594 1.5199826570 0.4987143653 0.0448620033 0.7580371861 0.0000000000
0.5180000000 0.4225384755 0.0899499099 0.3024056207 1.7932649267 0.4225384755 0.0380072978 0.7577234282 0.0000000000
0.5200000000 0.3807049191 0.0899477794 0.3024048986 1.9898674137 0.3807049191 0.0342435621 0.7575523128 0.0000000000
0.5220000000 0.3610644109 0.0899495724 0.3024057752 2.0978946909 0.3610644109 0.0324775894 0.7574751107 0.0000000000
0.5240000000 0.3529924273 0.0899547980 0.3024079163 2.1457910020 0.3529924273 0.0317533625 0.7574479743 0.0000000000
0.5260000000 0.3500550919 0.0899615042 0.3024106032 2.1637823191 0.3500550919 0.0314914826 0.7574430187 0.0000000000
0.5280000000 0.3491134924 0.0899670107 0.3024128213 2.1696237554 0.3491134924 0.0314086973 0.7574449265 0.0000000000
0.5300000000 0.3488605916 0.0899688611 0.3024136258 2.1711995873 0.3488605916 0.0313865901 0.7574459725 0.0000000000
0.5320000000 0.3488182227 0.0899658198 0.3024125519 2.1714548480 0.3488182227 0.0313817174 0.7574430207 0.0000000000
0.5340000000 0.3488306944 0.0899585501 0.3024098500 2.1713573387 0.3488306944 0.0313803035 0.7574360883 0.0000000000
0.5360000000 0.3488533397 0.0899495297 0.3024064737 2.1711916439 0.3488533397 0.0313791939 0.7574274561 0.0000000000
0.5380000000 0.3488757484 0.0899422490 0.3024037643 2.1710323758 0.3488757484 0.0313786694 0.7574205449 0.0000000000
0.5400000000 0.3488967539 0.0899398916 0.3024029452 2.1708958292 0.3488967539 0.0313797362 0.7574185080 0.0000000000
0.5420000000 0.3489168993 0.0899439872 0.3024046047 2.1707829811 0.3489168993 0.0313829771 0.7574228668 0.0000000000
0.5440000000 0.3489363321 0.0899535847 0.3024083773 2.1706902050 0.3489363321 0.0313880739 0.7574326782 0.0000000000
0.5460000000 0.3489544248 0.0899653463 0.3024129804 2.1706119043 0.3489544248 0.0313938057 0.7574446284 0.0000000000
0.5480000000 0.3489700547 0.0899746324 0.3024166308 2.1705418524 0.3489700547 0.0313984524 0.7574541090 0.0000000000
0.5500000000 0.3489821609 0.0899772315 0.3024177094 2.1704746572 0.3489821609 0.0314004487 0.7574569361 0.0000000000
0.5520000000 0.3489903172 0.0899711157 0.3024154367 2.1704071947 0.3489903172 0.0313990482 0.7574510953 0.0000000000
0.5540000000 0.3489951014 0.0899575612 0.3024103031 2.1703395040 0.3489951014 0.0313947482 0.7574378553 0.0000000000
0.5560000000 0.3489980984 0.0899411240 0.3024040602 2.1702747022 0.3489980984 0.0313892813 0.7574217441 0.0000000000
0.5580000000 0.3490014692 0.0899282575 0.3023991885 2.1702177253 0.3490014692 0.0313850940 0.7574091746 0.0000000000
0.5600000000 0.3490071762 0.0899248503 0.3023979514 2.1701731363 0.3490071762 0.0313844181 0.7574059982 0.0000000000
0.5620000000 0.3490161588 0.0899336105 0.3024013903 2.1701428070 0.3490161588 0.0313882833 0.7574149065 0.0000000000
0.5640000000 0.3490278526 0.0899525414 0.3024087375 2.1701245637 0.3490278526 0.0313959423 0.7574339163 0.0000000000
0.5660000000 0.3490402999 0.0899752814 0.3024175482 2.1701124698 0.3490402999 0.0314049992 0.7574567073 0.0000000000
0.5680000000 0.3490507823 0.0899930959 0.3024244645 2.1700985601 0.3490507823 0.0314121605 0.7574746000 0.0000000000
0.5700000000 0.3490567349 0.0899977590 0.3024263239 2.1700753584 0.3490567349 0.0314143239 0.7574794192 0.0000000000
0.5720000000 0.3490567719 0.0899847815 0.3024214006 2.1700386999 0.3490567719 0.0314097974 0.7574667034 0.0000000000
0.5740000000 0.3490516287 0.0899563833 0.3024105482 2.1699903321 0.3490516287 0.0313994221 0.7574386597 0.0000000000
0.5760000000 0.3490444971 0.0899225459 0.3023976040 2.1699388315 0.3490444971 0.0313869698 0.7574052081 0.0000000000
0.5780000000 0.3490400515 0.0898979403 0.3023882079 2.1698969052 0.3490400515 0.0313779817 0.7573809276 0.0000000000
0.5800000000 0.3490422116 0.0898948649 0.3023870870 2.1698751970 0.3490422116 0.0313771024 0.7573780377 0.0000000000
0.5820000000 0.3490519989 0.0899164813 0.3023954568 2.1698763580 0.3490519989 0.0313855275 0.7573996802 0.0000000000
0.5840000000 0.3490671420 0.0899555668 0.3024105415 2.1698939515 0.3490671420 0.0314005326 0.7574386801 0.0000000000
0.5860000000 0.3490834837 0.0899989561 0.3024272805 2.1699163435 0.3490834837 0.0314171491 0.7574819566 0.0000000000
0.5880000000 0.3490964448 0.0900321593 0.3024401033 2.1699307474 0.3490964448 0.0314299067 0.7575151094 0.0000000000
0.5900000000 0.3491013995 0.0900405466 0.3024433846 2.1699242610 0.3491013995 0.0314332808 0.7575235964 0.0000000000
0.5920000000 0.3490944363 0.0900117451 0.3024323672 2.1698859697 0.3490944363 0.0314225994 0.7574951194 0.0000000000
0.5940000000 0.3490755738 0.0899457810 0.3024070623 2.1698158389 0.3490755738 0.0313978751 0.7574297090 0.0000000000
0.5960000000 0.3490526506 0.0898673516 0.3023769667 2.1697354674 0.3490526506 0.0313684373 0.7573519161 0.0000000000
0.5980000000 0.3490400149 0.0898217004 0.3023594719 2.1696844603 0.3490400149 0.0313513676 0.7573066963 0.0000000000
0.6000000000 0.3490490229 0.0898446381 0.3023683410 2.1696941547 0.3490490229 0.0313601831 0.7573296247 0.0000000000
0.6020000000 0.3490770605 0.0899278901 0.3024003954 2.1697572588 0.3490770605 0.0313917635 0.7574124859 0.0000000000
0.6040000000 0.3491073486 0.0900184933 0.3024352783 2.1698273174 0.3491073486 0.0314261175 0.7575026617 0.0000000000
0.6060000000 0.3491231156 0.0900635261 0.3024526424 2.1698579028 0.3491231156 0.0314432588 0.7575475514 0.0000000000
0.6080000000 0.3491228776 0.0900582978 0.3024506814 2.1698448659 0.3491228776 0.0314414121 0.7575424834 0.0000000000
0.6100000000 0.3491185835 0.0900404865 0.3024438816 2.1698212087 0.3491185835 0.0314348071 0.7575249067 0.0000000000
0.6120000000 0.3491162639 0.0900291021 0.3024395523 2.1698035709 0.3491162639 0.0314306238 0.7575137161 0.0000000000
0.6140000000 0.3491027965 0.0899827385 0.3024217740 2.1697556323 0.3491027965 0.0314132257 0.7574677590 0.0000000000
0.6160000000 0.3490614511 0.0898486017 0.3023702539 2.1696311037 0.3490614511 0.0313626833 0.7573345814 0.0000000000
0.6180000000 0.3490055654 0.0896687341 0.3023011648 2.1694668330 0.3490055654 0.0312948872 0.7571559986 0.0000000000
0.6200000000 0.3489880754 0.0896101564 0.3022786979 2.1694091624 0.3489880754 0.0312728760 0.7570979284 0.0000000000
0.6220000000 0.3490584364 0.0898289275 0.3023628254 2.1695948356 0.3490584364 0.0313555450 0.7573153809 0.0000000000
0.6240000000 0.3491965678 0.0902615400 0.3025292012 2.1699682948 0.3491965678 0.0315190200 0.7577454807 0.0000000000
0.6260000000 0.3492971783 0.0905758033 0.3026501258 2.1702383371 0.3492971783 0.0316378725 0.7580581274 0.0000000000
0.6280000000 0.3492475767 0.0904165576 0.3025889100 2.1700933717 0.3492475767 0.0315777636 0.7578998514 0.0000000000
0.6300000000 0.3490478533 0.0897838840 0.3023456783 2.1695336371 0.3490478533 0.0313388720 0.7572710586 0.0000000000
0.6320000000 0.3488529411 0.0891661105 0.3021083453 2.1689874681 0.3488529411 0.0311058599 0.7566576574 0.0000000000
0.6340000000 0.3488623913 0.0891934137 0.3021188763 2.1690067229 0.3488623913 0.0311162276 0.7566848721 0.0000000000
0.6360000000 0.3491278172 0.0900285932 0.3024398713 2.1697341406 0.3491278172 0.0314314862 0.7575145444 0.0000000000
0.6380000000 0.3494538372 0.0910541213 0.3028344342 2.1706292505 0.3494538372 0.0318192121 0.7585347206 0.0000000000
0.6400000000 0.3495197388 0.0912595035 0.3029135490 2.1708053663 0.3495197388 0.0318969978 0.7587393246 0.0000000000
0.6420000000 0.3491639492 0.0901359430 0.3024812601 2.1698160454 0.3491639492 0.0314722218 0.7576215394 0.0000000000
0.6440000000 0.3485933724 0.0883329509 0.3017886735 2.1682330480 0.3485933724 0.0307922812 0.7558316703 0.0000000000
0.6460000000 0.3482901498 0.0873725398 0.3014203660 2.1673892650 0.3482901498 0.0304309950 0.7548803317 0.0000000000
0.6480000000 0.3486366782 0.0884659750 0.3018398191 2.1683427194 0.3486366782 0.0308424837 0.7559638028 0.0000000000
0.6500000000 0.3495446532 0.0913289771 0.3029404132 2.1708494149 0.3495446532 0.0319235556 0.7588088059 0.0000000000
0.6520000000 0.3504049948 0.0940344566 0.3039837549 2.1732241917 0.3504049948 0.0329501433 0.7615086116 0.0000000000
0.6540000000 0.3504696013 0.0942357110 0.3040615861 2.1733985261 0.3504696013 0.0330267521 0.7617101150 0.0000000000
0.6560000000 0.3494532252 0.0910365853 0.3028279454 2.1705850270 0.3494532252 0.0318130283 0.7585179382 0.0000000000
0.6580000000 0.3478792146 0.0860645268 0.3009193237 2.1662308816 0.3478792146 0.0299400600 0.7535866978 0.0000000000
0.6600000000 0.3468077815 0.0826661176 0.2996210153 2.1632661266 0.3468077815 0.0286692529 0.7502375263 0.0000000000
0.6620000000 0.3471154849 0.0836413282 0.2999932269 2.1641133500 0.3471154849 0.0290332002 0.7511972549 0.0000000000
0.6640000000 0.3488617058 0.0891671887 0.3021091445 2.1689388981 0.3488617058 0.0311070176 0.7566597238 0.0000000000
0.6660000000 0.3511328257 0.0963130594 0.3048648290 2.1752186260 0.3511328257 0.0338186767 0.7637906627 0.0000000000
0.6680000000 0.3524740909 0.1005102406 0.3064939601 2.1789269656 0.3524740909 0.0354272557 0.7680153012 0.0000000000
0.6700000000 0.3517946551 0.0983842296 0.3056680740 2.1770449453 0.3517946551 0.0346110461 0.7658727756 0.0000000000
0.6720000000 0.3492263984 0.0903155729 0.3025505191 2.1699407726 0.3492263984 0.0315405822 0.7578006007 0.0000000000
0.6740000000 0.3461709781 0.0806395197 0.2988488054 2.1614970329 0.3461709781 0.0279150614 0.7482475420 0.0000000000
0.6760000000 0.3444012893 0.0749957651 0.2967084231 2.1566109073 0.3444012893 0.0258286382 0.7427395771 0.0000000000
0.6780000000 0.3450060267 0.0769256950 0.2974391946 2.1582776129 0.3450060267 0.0265398284 0.7446187838 0.0000000000
0.6800000000 0.3478781726 0.0860535339 0.3009153395 2.1662077813 0.3478781726 0.0299361461 0.7535764044 0.0000000000
0.6820000000 0.3517458659 0.0982311089 0.3056081436 2.1769052399 0.3517458659 0.0345523865 0.7657174185 0.0000000000
0.6840000000 0.3546184270 0.1071899639 0.3091018914 2.1848609578 0.3546184270 0.0380115364 0.7747919560 0.0000000000
0.6860000000 0.3547342354 0.1075482144 0.3092428533 2.1851814506 0.3547342354 0.0381510336 0.7751586711 0.0000000000
0.6880000000 0.3517191131 0.0981452520 0.3055754466 2.1768296166 0.3517191131 0.0345195610 0.7656325821 0.0000000000
0.6900000000 0.3469737565 0.0831883691 0.2998199590 2.1637096912 0.3469737565 0.0288641809 0.7507504794 0.0000000000
0.6920000000 0.3427460150 0.0696987683 0.2947108354 2.1520588778 0.3427460150 0.0238889751 0.7376096045 0.0000000000
0.6940000000 0.3407895115 0.0634035087 0.2923529682 2.1466840482 0.3407895115 0.0216072507 0.7315674082 0.0000000000
0.6960000000 0.3417647088 0.0665430137 0.2935273991 2.1493593142 0.3417647088 0.0227420537 0.7345751601 0.0000000000
0.6980000000 0.3453572363 0.0780424402 0.2978628020 2.1592387442 0.3453572363 0.0269525215 0.7457087252 0.0000000000
0.7000000000 0.3504768984 0.0942433528 0.3040647778 2.1733768541 0.3504768984 0.0330301180 0.7617183789 0.0000000000
0.7020000000 0.3553679840 0.1095168024 0.3100146833 2.1869382514 0.3553679840 0.0389187653 0.7771678375 0.0000000000
0.7040000000 0.3580035652 0.1176639855 0.3132305447 2.1942647626 0.3580035652 0.0421241263 0.7855546081 0.0000000000
0.7060000000 0.3570229323 0.1146377033 0.3120334100 2.1915384609 0.3570229323 0.0409282890 0.7824294875 0.0000000000
0.7080000000 0.3526691829 0.1011105448 0.3067283700 2.1794466059 0.3526691829 0.0356585732 0.7686236538 0.0000000000
0.7100000000 0.3466909836 0.0822821680 0.2994750141 2.1629092801 0.3466909836 0.0285264858 0.7498611457 0.0000000000
0.7120000000 0.3411291141 0.0645035321 0.2927633115 2.1476265655 0.3411291141 0.0220040327 0.7326179477 0.0000000000
0.7140000000 0.3371991894 0.0517935486 0.2880450932 2.1369120575 0.3371991894 0.0174647426 0.7205650135 0.0000000000
0.7160000000 0.3351252075 0.0450388718 0.2855642426 2.1312944871 0.3351252075 0.0150936613 0.7142505072 0.0000000000
0.7180000000 0.3345829864 0.0432678686 0.2849168227 2.1298310842 0.3345829864 0.0144766927 0.7126052446 0.0000000000
0.7200000000 0.3351264752 0.0450415234 0.2855653517 2.1312948216 0.3351264752 0.0150946070 0.7142533212 0.0000000000
0.7220000000 0.3363844235 0.0491372500 0.2870677845 2.1346872981 0.3363844235 0.0165290055 0.7180755561 0.0000000000
0.7240000000 0.3380988986 0.0546987189 0.2891187888 2.1393230283 0.3380988986 0.0184935766 0.7233027595 0.0000000000
0.7260000000 0.3401046239 0.0611756458 0.2915232658 2.1447652496 0.3401046239 0.0208061200 0.7294445785 0.0000000000
0.7280000000 0.3422992675 0.0682272058 0.2941605670 2.1507440436 0.3422992675 0.0233541226 0.7361981107 0.0000000000
0.7300000000 0.3446200676 0.0756445460 0.2969567336 2.1570937926 0.3446200676 0.0260686286 0.7433778087 0.0000000000
0.7320000000 0.3470283594 0.0832991680 0.2998662192 2.1637122711 0.3470283594 0.0289071736 0.7508695197 0.0000000000
0.7340000000 0.3495000251 0.0911110190 0.3028606331 2.1705355258 0.3495000251 0.0318433034 0.7586022208 0.0000000000
0.7360000000 0.3520197639 0.0990293541 0.3059219899 2.1775228256 0.3520197639 0.0348602898 0.7665310709 0.0000000000
0.7380000000 0.3545776787 0.1070213533 0.3090386874 2.1846476957 0.3545776787 0.0379473830 0.7746273087 0.0000000000
0.7400000000 0.3571672351 0.1150653271 0.3122030995 2.1918925481 0.3571672351 0.0410975648 0.7828722011 0.0000000000
0.7420000000 0.3597840279 0.1231466195 0.3154101205 2.1992454319 0.3597840279 0.0443061868 0.7912533799 0.0000000000
0.7440000000 0.3624250246 0.1312551019 0.3186562717 2.2066980374 0.3624250246 0.0475701335 0.7997625905 0.0000000000
0.7460000000 0.3650880948 0.1393836163 0.3219391439 2.2142444498 0.3650880948 0.0508872989 0.8083942876 0.0000000000
0.7480000000 0.3677717112 0.1475269891 0.3252570442 2.2218803579 0.3677717112 0.0542562532 0.8171447414 0.0000000000
0.7500000000 0.3704747573 0.1556813970 0.3286087673 2.2296025420 0.3704747573 0.0576760278 0.8260114605 0.0000000000
0.7520000000 0.3731963999 0.1638439505 0.3319934448 2.2374085365 0.3731963999 0.0611459725 0.8349928109 0.0000000000
0.7540000000 0.3759360050 0.1720124155 0.3354104447 2.2452964036 0.3759360050 0.0646656603 0.8440877599 0.0000000000
0.7560000000 0.3786930792 0.1801850241 0.3388593020 2.2532645784 0.3786930792 0.0682348216 0.8532957014 0.0000000000
0.7580000000 0.3814672298 0.1883603431 0.3423396708 2.2613117605 0.3814672298 0.0718532983 0.8626163330 0.0000000000
0.7600000000 0.3842581361 0.1965371814 0.3458512903 2.2694368375 0.3842581361 0.0755210110 0.8720495691 0.0000000000
0.7620000000 0.3870655282 0.2047145231 0.3493939593 2.2776388288 0.3870655282 0.0792379350 0.8815954764 0.0000000000
0.7640000000 0.3898891724 0.2128914778 0.3529675181 2.2859168435 0.3898891724 0.0830040821 0.8912542262 0.0000000000
0.7660000000 0.3927288584 0.2210672439 0.3565718338 2.2942700479 0.3927288584 0.0868194863 0.9010260569 0.0000000000
0.7680000000 0.3955843910 0.2292410790 0.3602067890 2.3026976403 0.3955843910 0.0906841926 0.9109112436 0.0000000000
0.7700000000 0.3984555814 0.2374122771 0.3638722721 2.3111988286 0.3984555814 0.0945982469 0.9209100729 0.0000000000
0.7720000000 0.4013422412 0.2455801488 0.3675681691 2.3197728122 0.4013422412 0.0985616873 0.9310228196 0.0000000000
0.7740000000 0.4042441766 0.2537440044 0.3712943557 2.3284187640 0.4042441766 0.1025745361 0.9412497261 0.0000000000
0.7760000000 0.4071611820 0.2619031377 0.3750506902 2.3371358140 0.4071611820 0.1066367911 0.9515909805 0.0000000000
0.7780000000 0.4100930347 0.2700568114 0.3788370052 2.3459230317 0.4100930347 0.1107484174 0.9620466953 0.0000000000
0.7800000000 0.4130394889 0.2782042406 0.3826531002 2.3547794073 0.4130394889 0.1149093373 0.9726168829 0.0000000000
0.7820000000 0.4160002686 0.2863445762 0.3864987315 2.3637038312 0.4160002686 0.1191194206 0.9833014287 0.0000000000
0.7840000000 0.4189750602 0.2944768858 0.3903736024 2.3726950701 0.4189750602 0.1233784710 0.9941000599 0.0000000000
0.7860000000 0.4219635033 0.3026001320 0.3942773500 2.3817517377 0.4219635033 0.1276862118 1.0050123073 0.0000000000
0.7880000000 0.4249651797 0.3107131449 0.3982095304 2.3908722609 0.4249651797 0.1320422675 1.0160374600 0.0000000000
0.7900000000 0.4279795998 0.3188145906 0.4021695992 2.4000548358 0.4279795998 0.1364461409 1.0271745082 0.0000000000
0.7920000000 0.4310061854 0.3269029293 0.4061568877 2.4092973735 0.4310061854 0.1408971846 1.0384220704 0.0000000000
0.7940000000 0.4340442474 0.3349763630 0.4101705720 2.4185974297 0.4340442474 0.1453945634 1.0497783011 0.0000000000
0.7960000000 0.4370929572 0.3430327665 0.4142096327 2.4279521128 0.4370929572 0.1499372063 1.0612407690 0.0000000000
0.7980000000 0.4401513085 0.3510695969 0.4182728010 2.4373579625 0.4401513085 0.1545237425 1.0728062965 0.0000000000
0.8000000000 0.4432180660 0.3590837724 0.4223584881 2.4468107874 0.4432180660 0.1591524151 1.0844707450 0.0000000000
0.8020000000 0.4462916971 0.3670715092 0.4264646887 2.4563054469 0.4462916971 0.1638209668 1.0962287264 0.0000000000
0.8040000000 0.4493702797 0.3750281036 0.4305888520 2.4658355567 0.4493702797 0.1685264838 1.1080732138 0.0000000000
0.8060000000 0.4524513784 0.3829476392 0.4347277081 2.4753930942 0.4524513784 0.1732651872 1.1199950174 0.0000000000
0.8080000000 0.4555318798 0.3908226007 0.4388770368 2.4849678738 0.4555318798 0.1780321540 1.1319820868 0.0000000000
0.8100000000 0.4586077786 0.3986433720 0.4430313656 2.4945468608 0.4586077786 0.1828209512 1.1440185943 0.0000000000
0.8120000000 0.4616739039 0.4063976022 0.4471835835 2.5041132969 0.4616739039 0.1876231675 1.1560837615 0.0000000000
0.8140000000 0.4647235847 0.4140694355 0.4513244656 2.5136456261 0.4647235847 0.1924278324 1.1681504061 0.0000000000
0.8160000000 0.4677482589 0.4216386220 0.4554421154 2.5231162376 0.4677482589 0.1972207313 1.1801832272 0.0000000000
0.8180000000 0.4707370491 0.4290795706 0.4595213546 2.5324900980 0.4707370491 0.2019836509 1.1921369157 0.0000000000
0.8200000000 0.4736763525 0.4363604573 0.4635431266 2.5417234226 0.4736763525 0.2066936298 1.2039542798 0.0000000000
0.8220000000 0.4765495213 0.4434425719 0.4674840193 2.5507626305 0.4765495213 0.2113223453 1.2155647105 0.0000000000
0.8240000000 0.4793367435 0.4502801557 0.4713160641 2.5595439341 0.4793367435 0.2158358235 1.2268834543 0.0000000000
0.8260000000 0.4820152545 0.4568210258 0.4750069957 2.5679939850 0.4820152545 0.2201947030 1.2378122743 0.0000000000
0.8280000000 0.4845600101 0.4630082686 0.4785211655 2.5760319983 0.4845600101 0.2243552913 1.2482420911 0.0000000000
0.8300000000 0.4869449117 0.4687831866 0.4818212403 2.5835736483 0.4869449117 0.2282715874 1.2580580419 0.0000000000
0.8320000000 0.4891445836 0.4740894662 0.4848706994 2.5905367455 0.4891445836 0.2318982946 1.2671470177 0.0000000000
0.8340000000 0.4911365712 0.4788782383 0.4876369465 2.5968482754 0.4911365712 0.2351946160 1.2754071579 0.0000000000
0.8360000000 0.4929036768 0.4831133674 0.4900946457 2.6024518999 0.4929036768 0.2381283551 1.2827581101 0.0000000000
0.8380000000 0.4944360366 0.4867760652 0.4922287119 2.6073146483 0.4944360366 0.2406796284 1.2891503209 0.0000000000
0.8400000000 0.4957325121 0.4898678745 0.4940363450 2.6114314251 0.4957325121 0.2428434320 1.2945714604 0.0000000000
0.8420000000 0.4968010610 0.4924112990 0.4955276245 2.6148262628 0.4968010610 0.2446304558 1.2990484616 0.0000000000
0.8440000000 0.4976579636 0.4944478242 0.4967244724 2.6175499038 0.4976579636 0.2460658973 1.3026445547 0.0000000000
0.8460000000 0.4983260362 0.4960336604 0.4976581667 2.6196741312 0.4983260362 0.2471864878 1.3054518258 0.0000000000
0.8480000000 0.4988321907 0.4972340381 0.4983659118 2.6212839916 0.4988321907 0.2480363445 1.3075808360 0.0000000000
0.8500000000 0.4992048161 0.4981171395 0.4988871390 2.6224694266 0.4992048161 0.2486624751 1.3091493679 0.0000000000
0.8520000000 0.4994714297 0.4987486877 0.4992601789 2.6233177551 0.4994714297 0.2491107201 1.3102722696 0.0000000000
0.8540000000 0.4996569127 0.4991879043 0.4995197535 2.6239080149 0.4996569127 0.2494226871 1.3110537780 0.0000000000
0.8560000000 0.4997824591 0.4994851235 0.4996954736 2.6243075773 0.4997824591 0.2496339033 1.3115828944 0.0000000000
0.8580000000 0.4998651952 0.4996809628 0.4998112852 2.6245709099 0.4998651952 0.2497731220 1.3119316501 0.0000000000
0.8600000000 0.4999183219 0.4998067033 0.4998856552 2.6247400099 0.4999183219 0.2498625284 1.3121556213 0.0000000000
0.8620000000 0.4999515882 0.4998854329 0.4999322251 2.6248458980 0.4999515882 0.2499185161 1.3122958755 0.0000000000
0.8640000000 0.4999719166 0.4999335412 0.4999606838 2.6249106056 0.4999719166 0.2499527308 1.3123815863 0.0000000000
0.8660000000 0.4999840486 0.4999622516 0.4999776682 2.6249492235 0.4999840486 0.2499731507 1.3124327400 0.0000000000
0.8680000000 0.4999911246 0.4999789968 0.4999875745 2.6249717477 0.4999911246 0.2499850609 1.3124625761 0.0000000000
0.8700000000 0.4999951606 0.4999885478 0.4999932248 2.6249845952 0.4999951606 0.2499918543 1.3124795942 0.0000000000
0.8720000000 0.4999974132 0.4999938784 0.4999963784 2.6249917655 0.4999974132 0.2499956458 1.3124890923 0.0000000000
0.8740000000 0.4999986439 0.4999967910 0.4999981015 2.6249956834 0.4999986439 0.2499977175 1.3124942821 0.0000000000
0.8760000000 0.4999993027 0.4999983498 0.4999990237 2.6249977802 0.4999993027 0.2499988262 1.3124970596 0.0000000000
0.8780000000 0.4999996481 0.4999991673 0.4999995074 2.6249988799 0.4999996481 0.2499994077 1.3124985162 0.0000000000
0.8800000000 0.4999998257 0.4999995876 0.4999997560 2.6249994452 0.4999998257 0.2499997066 1.3124992651 0.0000000000
0.8820000000 0.4999999152 0.4999997994 0.4999998813 2.6249997302 0.4999999152 0.2499998573 1.3124996426 0.0000000000
0.8840000000 0.4999999595 0.4999999042 0.4999999433 2.6249998712 0.4999999595 0.2499999319 1.3124998293 0.0000000000
0.8860000000 0.4999999810 0.4999999551 0.4999999734 2.6249999396 0.4999999810 0.2499999680 1.3124999200 0.0000000000
0.8880000000 0.4999999913 0.4999999793 0.4999999878 2.6249999722 0.4999999913 0.2499999853 1.3124999631 0.0000000000
0.8900000000 0.4999999960 0.4999999906 0.4999999945 2.6249999874 0.4999999960 0.2499999933 1.3124999833 0.0000000000
0.8920000000 0.4999999982 0.4999999958 0.4999999975 2.6249999944 0.4999999982 0.2499999970 1.3124999926 0.0000000000
0.8940000000 0.4999999992 0.4999999982 0.4999999989 2.6249999975 0.4999999992 0.2499999987 1.3124999968 0.0000000000
0.8960000000 0.4999999997 0.4999999992 0.4999999995 2.6249999989 0.4999999997 0.2499999994 1.3124999986 0.0000000000
0.8980000000 0.4999999999 0.4999999997 0.4999999998 2.6249999996 0.4999999999 0.2499999998 1.3124999994 0.0000000000
0.9000000000 0.4999999999 0.4999999999 0.4999999999 2.6249999998 0.4999999999 0.2499999999 1.3124999998 0.0000000000
0.9020000000 0.5000000000 0.4999999999 0.5000000000 2.6249999999 0.5000000000 0.2500000000 1.3124999999 0.0000000000
0.9040000000 0.5000000000 0.5000000000 0.5000000000 2.6250000000 0.5000000000 0.2500000000 1.3125000000 0.0000000000
0.9060000000 0.5000000000 0.5000000000 0.5000000000 2.6250000000 0.5000000000 0.2500000000 1.3125000000 0.0000000000
0.9080000000 0.5000000000 0.5000000000 0.5000000000 2.6250000000 0.5000000000 0.2500000000 1.3125000000 0.0000000000
0.9100000000 0.5000000000 0.5000000000 0.5000000000 2.6250000000 0.5000000000 0.2500000000 1.3125000000 0.0000000000
0.9120000000 0.5000000000 0.5000000000 0.5000000000 2.6250000000 0.5000000000 0.2500000000 1.3125000000 0.0000000000
0.9140000000 0.5000000000 0.5000000000 0.5000000000 2.6250000000 0.5000000000 0.2500000000 1.3125000000 0.0000000000
0.9160000000 0.5000000000 0.5000000000 0.5000000000 2.6250000000 0.5000000000 0.2500000000 1.3125000000 0.0000000000
0.9180000000 0.5000000000 0.5000000000 0.5000000000 2.6250000000 0.5000000000 0.2500000000 1.3125000000 0.0000000000
0.9200000000 0.5000000000 0.5000000000 0.5000000000 2.6250000000 0.5000000000 0.2500000000 1.3125000000 0.0000000000
0.9220000000 0.5000000000 0.5000000000 0.5000000000 2.6250000000 0.5000000000 0.2500000000 1.3125000000 0.0000000000
0.9240000000 0.5000000000 0.5000000000 0.5000000000 2.6250000000 0.5000000000 0.2500000000 1.3125000000 0.0000000000
0.9260000000 0.5000000000 0.5000000000 0.5000000000 2.6250000000 0.5000000000 0.2500000000 1.3125000000 0.0000000000
0.9280000000 0.5000000000 0.5000000000 0.5000000000 2.6250000000 0.5000000000 0.2500000000 1.3125000000 0.0000000000
0.9300000000 0.5000000000 0.5000000000 0.5000000000 2.6250000000 0.5000000000 0.2500000000 1.3125000000 0.0000000000
0.9320000000 0.5000000000 0.5000000000 0.5000000000 2.6250000000 0.5000000000 0.2500000000 1.3125000000 0.0000000000
0.9340000000 0.5000000000 0.5000000000 0.5000000000 2.6250000000 0.5000000000 0.2500000000 1.3125000000 0.0000000000
0.9360000000 0.5000000000 0.5000000000 0.5000000000 2.6250000000 0.5000000000 0.2500000000 1.3125000000 0.0000000000
0.9380000000 0.5000000000 0.5000000000 0.5000000000 2.6250000000 0.5000000000 0.2500000000 1.3125000000 0.0000000000
0.9400000000 0.5000000000 0.5000000000 0.5000000000 2.6250000000 0.5000000000 0.2500000000 1.3125000000 0.0000000000
0.9420000000 0.5000000000 0.5000000000 0.5000000000 2.6250000000 0.5000000000 0.2500000000 1.3125000000 0.0000000000
0.9440000000 0.5000000000 0.5000000000 0.5000000000 2.6250000000 0.5000000000 0.2500000000 1.3125000000 0.0000000000
0.9460000000 0.5000000000 0.5000000000 0.5000000000 2.6250000000 0.5000000000 0.2500000000 1.3125000000 0.0000000000
0.9480000000 0.5000000000 0.5000000000 0.5000000000 2.6250000000 0.5000000000 0.2500000000 1.3125000000 0.0000000000
0.9500000000 0.5000000000 0.5000000000 0.5000000000 2.6250000000 0.5000000000 0.2500000000 1.3125000000 0.0000000000
0.9520000000 0.5000000000 0.5000000000 0.5000000000 2.6250000000 0.5000000000 0.2500000000 1.3125000000 0.0000000000
0.9540000000 0.5000000000 0.5000000000 0.5000000000 2.6250000000 0.5000000000 0.2500000000 1.3125000000 0.0000000000
0.9560000000 0.5000000000 0.5000000000 0.5000000000 2.6250000000 0.5000000000 0.2500000000 1.3125000000 0.0000000000
0.9580000000 0.5000000000 0.5000000000 0.5000000000 2.6250000000 0.5000000000 0.2500000000 1.3125000000 0.0000000000
0.9600000000 0.5000000000 0.5000000000 0.5000000000 2.6250000000 0.5000000000 0.2500000000 1.3125000000 0.0000000000
0.9620000000 0.5000000000 0.5000000000 0.5000000000 2.6250000000 0.5000000000 0.2500000000 1.3125000000 0.0000000000
0.9640000000 0.5000000000 0.5000000000 0.5000000000 2.6250000000 0.5000000000 0.2500000000 1.3125000000 0.0000000000
0.9660000000 0.5000000000 0.5000000000 0.5000000000 2.6250000000 0.5000000000 0.2500000000 1.3125000000 0.0000000000
0.9680000000 0.5000000000 0.5000000000 0.5000000000 2.6250000000 0.5000000000 0.2500000000 1.3125000000 0.0000000000
0.9700000000 0.5000000000 0.5000000000 0.5000000000 2.6250000000 0.5000000000 0.2500000000 1.3125000000 0.0000000000
0.9720000000 0.5000000000 0.5000000000 0.5000000000 2.6250000000 0.5000000000 0.2500000000 1.3125000000 0.0000000000
0.9740000000 0.5000000000 0.5000000000 0.5000000000 2.6250000000 0.5000000000 0.2500000000 1.3125000000 0.0000000000
0.9760000000 0.5000000000 0.5000000000 0.5000000000 2.6250000000 0.5000000000 0.2500000000 1.3125000000 0.0000000000
0.9780000000 0.5000000000 0.5000000000 0.5000000000 2.6250000000 0.5000000000 0.2500000000 1.3125000000 0.0000000000
0.9800000000 0.5000000000 0.5000000000 0.5000000000 2.6250000000 0.5000000000 0.2500000000 1.3125000000 0.0000000000
0.9820000000 0.5000000000 0.5000000000 0.5000000000 2.6250000000 0.5000000000 0.2500000000 1.3125000000 0.0000000000
0.9840000000 0.5000000000 0.5000000000 0.5000000000 2.6250000000 0.5000000000 0.2500000000 1.3125000000 0.0000000000
0.9860000000 0.5000000000 0.5000000000 0.5000000000 2.6250000000 0.5000000000 0.2500000000 1.3125000000 0.0000000000
0.9880000000 0.5000000000 0.5000000000 0.5000000000 2.6250000000 0.5000000000 0.2500000000 1.3125000000 0.0000000000
0.9900000000 0.5000000000 0.5000000000 0.5000000000 2.6250000000 0.5000000000 0.2500000000 1.3125000000 0.0000000000
0.9920000000 0.5000000000 0.5000000000 0.5000000000 2.6250000000 0.5000000000 0.2500000000 1.3125000000 0.0000000000
0.9940000000 0.5000000000 0.5000000000 0.5000000000 2.6250000000 0.5000000000 0.2500000000 1.3125000000 0.0000000000
0.9960000000 0.5000000000 0.5000000000 0.5000000000 2.6250000000 0.5000000000 0.2500000000 1.3125000000 0.0000000000
0.9980000000 0.5000000000 0.5000000000 0.5000000000 2.6250000000 0.5000000000 0.2500000000 1.3125000000 0.0000000000
1.0000000000 0.5000000000 0.5000000000 0.5000000000 2.6250000000 0.5000000000 0.2500000000 1.3125000000 0.0000000000
