TITLE = "1D Euler Filtered MacCormack Result"
VARIABLES = "x", "rho", "u", "p", "E", "rho_conserved", "rhou", "rhoE", "nu"
ZONE T="t=0.20000000", I=501, F=POINT
0.0000000000 0.4000000000 0.5000000000 1.0000000000 6.3750000000 0.4000000000 0.2000000000 2.5500000000 0.0000000000
0.0020000000 0.4000000000 0.5000000000 1.0000000000 6.3750000000 0.4000000000 0.2000000000 2.5500000000 0.0000000000
0.0040000000 0.4000000000 0.5000000000 1.0000000000 6.3750000000 0.4000000000 0.2000000000 2.5500000000 0.0000000000
0.0060000000 0.4000000000 0.5000000000 1.0000000000 6.3750000000 0.4000000000 0.2000000000 2.5500000000 0.0000000000
0.0080000000 0.4000000000 0.5000000000 1.0000000000 6.3750000000 0.4000000000 0.2000000000 2.5500000000 0.0000000000
0.0100000000 0.4000000000 0.5000000000 1.0000000000 6.3750000000 0.4000000000 0.2000000000 2.5500000000 0.0000000000
0.0120000000 0.4000000000 0.5000000000 1.0000000000 6.3750000000 0.4000000000 0.2000000000 2.5500000000 0.0000000000
0.0140000000 0.4000000000 0.5000000000 1.0000000000 6.3750000000 0.4000000000 0.2000000000 2.5500000000 0.0000000000
0.0160000000 0.4000000000 0.5000000000 1.0000000000 6.3750000000 0.4000000000 0.2000000000 2.5500000000 0.0000000000
0.0180000000 0.4000000000 0.5000000000 1.0000000000 6.3750000000 0.4000000000 0.2000000000 2.5500000000 0.0000000000
0.0200000000 0.4000000000 0.5000000000 1.0000000000 6.3750000000 0.4000000000 0.2000000000 2.5500000000 0.0000000000
0.0220000000 0.4000000000 0.5000000000 1.0000000000 6.3750000000 0.4000000000 0.2000000000 2.5500000000 0.0000000000
0.0240000000 0.4000000000 0.5000000000 1.0000000000 6.3750000000 0.4000000000 0.2000000000 2.5500000000 0.0000000000
0.0260000000 0.4000000000 0.5000000000 1.0000000000 6.3750000000 0.4000000000 0.2000000000 2.5500000000 0.0000000000
0.0280000000 0.4000000000 0.5000000000 1.0000000000 6.3750000000 0.4000000000 0.2000000000 2.5500000000 0.0000000000
0.0300000000 0.4000000000 0.5000000000 1.0000000000 6.3750000000 0.4000000000 0.2000000000 2.5500000000 0.0000000000
0.0320000000 0.4000000000 0.5000000000 1.0000000000 6.3750000000 0.4000000000 0.2000000000 2.5500000000 0.0000000000
0.0340000000 0.4000000000 0.5000000000 1.0000000000 6.3750000000 0.4000000000 0.2000000000 2.5500000000 0.0000000000
0.0360000000 0.4000000000 0.5000000000 1.0000000000 6.3750000000 0.4000000000 0.2000000000 2.5500000000 0.0000000000
0.0380000000 0.4000000000 0.5000000000 1.0000000000 6.3750000000 0.4000000000 0.2000000000 2.5500000000 0.0000000000
0.0400000000 0.4000000000 0.5000000000 1.0000000000 6.3750000000 0.4000000000 0.2000000000 2.5500000000 0.0000000000
0.0420000000 0.4000000000 0.5000000000 1.0000000000 6.3750000000 0.4000000000 0.2000000000 2.5500000000 0.0000000000
0.0440000000 0.4000000000 0.5000000000 1.0000000000 6.3750000000 0.4000000000 0.2000000000 2.5500000000 0.0000000000
0.0460000000 0.4000000000 0.5000000000 1.0000000000 6.3750000000 0.4000000000 0.2000000000 2.5500000000 0.0000000000
0.0480000000 0.4000000000 0.5000000000 1.0000000000 6.3750000000 0.4000000000 0.2000000000 2.5500000000 0.0000000000
0.0500000000 0.4000000000 0.5000000000 1.0000000000 6.3750000000 0.4000000000 0.2000000000 2.5500000000 0.0000000000
0.0520000000 0.4000000000 0.5000000000 1.0000000000 6.3750000000 0.4000000000 0.2000000000 2.5500000000 0.0000000000
0.0540000000 0.4000000000 0.5000000000 1.0000000000 6.3750000000 0.4000000000 0.2000000000 2.5500000000 0.0000000000
0.0560000000 0.4000000000 0.5000000000 1.0000000000 6.3750000000 0.4000000000 0.2000000000 2.5500000000 0.0000000000
0.0580000000 0.4000000000 0.5000000000 1.0000000000 6.3750000000 0.4000000000 0.2000000000 2.5500000000 0.0000000000
0.0600000000 0.4000000000 0.5000000000 1.0000000000 6.3750000000 0.4000000000 0.2000000000 2.5500000000 0.0000000000
0.0620000000 0.4000000000 0.5000000000 1.0000000000 6.3750000000 0.4000000000 0.2000000000 2.5500000000 0.0000000000
0.0640000000 0.4000000000 0.5000000000 1.0000000000 6.3750000000 0.4000000000 0.2000000000 2.5500000000 0.0000000000
0.0660000000 0.4000000000 0.5000000000 1.0000000000 6.3750000000 0.4000000000 0.2000000000 2.5500000000 0.0000000000
0.0680000000 0.4000000000 0.5000000000 1.0000000000 6.3750000000 0.4000000000 0.2000000000 2.5500000000 0.0000000000
0.0700000000 0.4000000000 0.5000000000 1.0000000000 6.3750000000 0.4000000000 0.2000000000 2.5500000000 0.0000000000
0.0720000000 0.4000000000 0.5000000000 1.0000000000 6.3750000000 0.4000000000 0.2000000000 2.5500000000 0.0000000000
0.0740000000 0.4000000000 0.5000000000 1.0000000000 6.3750000000 0.4000000000 0.2000000000 2.5500000000 0.0000000000
0.0760000000 0.4000000000 0.5000000000 1.0000000000 6.3750000000 0.4000000000 0.2000000000 2.5500000000 0.0000000000
0.0780000000 0.4000000000 0.5000000000 1.0000000000 6.3750000000 0.4000000000 0.2000000000 2.5500000000 0.0000000000
0.0800000000 0.4000000000 0.5000000000 1.0000000000 6.3750000000 0.4000000000 0.2000000000 2.5500000000 0.0000000000
0.0820000000 0.4000000000 0.5000000000 1.0000000000 6.3750000000 0.4000000000 0.2000000000 2.5500000000 0.0000000000
0.0840000000 0.4000000000 0.5000000000 1.0000000000 6.3750000000 0.4000000000 0.2000000000 2.5500000000 0.0000000000
0.0860000000 0.4000000000 0.5000000000 1.0000000000 6.3750000000 0.4000000000 0.2000000000 2.5500000000 0.0000000000
0.0880000000 0.4000000000 0.5000000000 1.0000000000 6.3750000000 0.4000000000 0.2000000000 2.5500000000 0.0000000000
0.0900000000 0.4000000000 0.5000000000 1.0000000000 6.3750000000 0.4000000000 0.2000000000 2.5500000000 0.0000000000
0.0920000000 0.4000000000 0.5000000000 1.0000000000 6.3750000000 0.4000000000 0.2000000000 2.5500000000 0.0000000000
0.0940000000 0.4000000000 0.5000000000 1.0000000000 6.3750000000 0.4000000000 0.2000000000 2.5500000000 0.0000000000
0.0960000000 0.4000000000 0.5000000000 1.0000000000 6.3750000000 0.4000000000 0.2000000000 2.5500000000 0.0000000000
0.0980000000 0.4000000000 0.5000000000 1.0000000000 6.3750000000 0.4000000000 0.2000000000 2.5500000000 0.0000000000
0.1000000000 0.4000000000 0.5000000000 1.0000000000 6.3750000000 0.4000000000 0.2000000000 2.5500000000 0.0000000000
0.1020000000 0.4000000000 0.5000000000 1.0000000000 6.3750000000 0.4000000000 0.2000000000 2.5500000000 0.0000000000
0.1040000000 0.4000000000 0.5000000000 1.0000000000 6.3750000000 0.4000000000 0.2000000000 2.5500000000 0.0000000000
0.1060000000 0.4000000000 0.5000000000 1.0000000000 6.3750000000 0.4000000000 0.2000000000 2.5500000000 0.0000000000
0.1080000000 0.4000000000 0.5000000000 1.0000000000 6.3750000000 0.4000000000 0.2000000000 2.5500000000 0.0000000000
0.1100000000 0.4000000000 0.5000000000 1.0000000000 6.3750000000 0.4000000000 0.2000000000 2.5500000000 0.0000000002
0.1120000000 0.4000000000 0.5000000000 1.0000000000 6.3750000000 0.4000000000 0.2000000000 2.5500000000 0.0000000013
0.1140000000 0.4000000000 0.5000000000 1.0000000000 6.3750000000 0.4000000000 0.2000000000 2.5500000000 0.0000000087
0.1160000000 0.4000000000 0.5000000000 1.0000000000 6.3750000000 0.4000000000 0.2000000000 2.5500000000 0.0000000551
0.1180000000 0.4000000000 0.5000000000 1.0000000000 6.3750000000 0.4000000000 0.2000000000 2.5500000000 0.0000003547
0.1200000000 0.4000000000 0.5000000000 1.0000000000 6.3750000000 0.4000000000 0.2000000000 2.5500000000 0.0000022791
0.1220000000 0.4000000000 0.5000000000 1.0000000000 6.3750000000 0.4000000000 0.2000000000 2.5500000000 0.0000146408
0.1240000000 0.4000000000 0.4999999998 1.0000000001 6.3750000001 0.4000000000 0.2000000000 2.5500000003 0.0000937791
0.1260000000 0.4000000002 0.4999999990 1.0000000008 6.3750000009 0.4000000002 0.1999999997 2.5500000017 0.0005908176
0.1280000000 0.4000000014 0.4999999936 1.0000000048 6.3750000054 0.4000000014 0.1999999981 2.5500000109 0.0034544420
0.1300000000 0.4000000082 0.4999999614 1.0000000289 6.3750000323 0.4000000082 0.1999999887 2.5500000655 0.0161062231
0.1320000000 0.4000000437 0.4999997958 1.0000001528 6.3750001708 0.4000000437 0.1999999402 2.5500003466 0.0480108993
0.1340000000 0.4000001952 0.4999990871 1.0000006832 6.3750007635 0.4000001952 0.1999997324 2.5500015497 0.0830177988
0.1360000000 0.4000007562 0.4999964632 1.0000026467 6.3750029578 0.4000007562 0.1999989634 2.5500060039 0.1007215436
0.1380000000 0.4000026977 0.4999873827 1.0000094419 6.3750105521 0.4000026977 0.1999963019 2.5500214186 0.1067972672
0.1400000000 0.4000092612 0.4999566848 1.0000324145 6.3750362268 0.4000092612 0.1999873041 2.5500735311 0.1086698687
0.1420000000 0.4000312837 0.4998536841 1.0001094975 6.3751223885 0.4000312837 0.1999571109 2.5502483930 0.1092161123
0.1440000000 0.4001049731 0.4995090380 1.0003674554 6.3754108597 0.4001049731 0.1998560502 2.5508335902 0.1093182136
0.1460000000 0.4003509561 0.4983585995 1.0012289021 6.3763756696 0.4003509561 0.1995183418 2.5527880960 0.1091424394
0.1480000000 0.4011672327 0.4945411226 1.0040914741 6.3795978255 0.4011672327 0.1983936936 2.5592856052 0.1084002574
0.1500000000 0.4038256116 0.4821072317 1.0134560843 6.3903085931 0.4038256116 0.1946872477 2.5805702757 0.1058984978
0.1520000000 0.4120016885 0.4438660001 1.0426384160 6.4251720021 0.4120016885 0.1828735415 2.6471817137 0.0977930646
0.1540000000 0.4337168122 0.3434873703 1.1222399135 6.5277283093 0.4337168122 0.1489762473 2.8311855135 0.0720150087
0.1560000000 0.4756975129 0.1605301546 1.2806907792 6.7434792218 0.4756975129 0.0763637953 3.2078562940 0.0080394230
0.1580000000 0.5205237217 -0.0141599747 1.4521991650 6.9748023860 0.5205237217 -0.0073706027 3.6305500962 0.0721806248
0.1600000000 0.5399499783 -0.0832893122 1.5259898794 7.0688910043 0.5399499783 -0.0449720623 3.8168475446 0.1565928770
0.1620000000 0.5414878223 -0.0882838746 1.5314826073 7.0746128539 0.5414878223 -0.0478046430 3.8308167078 0.2028457068
0.1640000000 0.5382187070 -0.0762709377 1.5185592519 7.0565432944 0.5382187070 -0.0410504455 3.7979636076 0.0157887061
0.1660000000 0.5358512801 -0.0674745958 1.5092001131 7.0434096930 0.5358512801 -0.0361563485 3.7742201002 0.1228002888
0.1680000000 0.5354544356 -0.0659961905 1.5076245595 7.0411733159 0.5354544356 -0.0353379530 3.7702274838 0.2027979077
0.1700000000 0.5357472842 -0.0670806901 1.5087803245 7.0427910791 0.5357472842 -0.0359382975 3.7731561941 0.0197637431
0.1720000000 0.5360625928 -0.0682514698 1.5100243979 7.0445310045 0.5360625928 -0.0365870599 3.7763095551 0.0935216987
0.1740000000 0.5361473949 -0.0685649405 1.5103574185 7.0449914285 0.5361473949 -0.0367609142 3.7771538011 0.2024706474
0.1760000000 0.5361286882 -0.0684960678 1.5102838774 7.0448895148 0.5361286882 -0.0367227070 3.7769673740 0.0878796979
0.1780000000 0.5360909540 -0.0683586158 1.5101371091 7.0446913799 0.5360909540 -0.0366464355 3.7765953226 0.0670365177
0.1800000000 0.5360775268 -0.0683073397 1.5100826962 7.0446105117 0.5360775268 -0.0366180297 3.7764573807 0.1917063708
0.1820000000 0.5360787919 -0.0683098538 1.5100857977 7.0446085292 0.5360787919 -0.0366194639 3.7764652294 0.1925529869
0.1840000000 0.5360834917 -0.0683265278 1.5101040342 7.0446329738 0.5360834917 -0.0366287236 3.7765114423 0.0343815985
0.1860000000 0.5360858974 -0.0683364036 1.5101146743 7.0446516650 0.5360858974 -0.0366341822 3.7765384100 0.1172332115
0.1880000000 0.5360862338 -0.0683381911 1.5101163157 7.0446550233 0.5360862338 -0.0366351635 3.7765425797 0.1562440633
0.1900000000 0.5360859829 -0.0683376858 1.5101153669 7.0446538602 0.5360859829 -0.0366348755 3.7765401886 0.0478752955
0.1920000000 0.5360858705 -0.0683378339 1.5101152190 7.0446546571 0.5360858705 -0.0366349472 3.7765398239 0.1074279763
0.1940000000 0.5360861671 -0.0683390060 1.5101163828 7.0446562679 0.5360861671 -0.0366355958 3.7765427771 0.0245275592
0.1960000000 0.5360866379 -0.0683404550 1.5101180962 7.0446581728 0.5360866379 -0.0366364048 3.7765471149 0.0174184778
0.1980000000 0.5360868946 -0.0683414822 1.5101194765 7.0446613067 0.5360868946 -0.0366369730 3.7765506036 0.0265457835
0.2000000000 0.5360869967 -0.0683421477 1.5101203773 7.0446642124 0.5360869967 -0.0366373367 3.7765528804 0.0030263597
0.2020000000 0.5360873289 -0.0683428249 1.5101210367 7.0446629699 0.5360873289 -0.0366377224 3.7765545545 0.0100862249
0.2040000000 0.5360877109 -0.0683436616 1.5101216618 7.0446609240 0.5360877109 -0.0366381971 3.7765561488 0.0017912709
0.2060000000 0.5360879062 -0.0683444843 1.5101223238 7.0446615024 0.5360879062 -0.0366386515 3.7765578344 0.0193637826
0.2080000000 0.5360879851 -0.0683450802 1.5101230503 7.0446638944 0.5360879851 -0.0366389764 3.7765596727 0.0260860507
0.2100000000 0.5360881585 -0.0683454243 1.5101238452 7.0446653460 0.5360881585 -0.0366391726 3.7765616729 0.0097942035
0.2120000000 0.5360883517 -0.0683456713 1.5101246479 7.0446665691 0.5360883517 -0.0366393182 3.7765636891 0.0141998910
0.2140000000 0.5360885431 -0.0683460150 1.5101253511 7.0446673572 0.5360885431 -0.0366395156 3.7765654602 0.0201451234
0.2160000000 0.5360888300 -0.0683465462 1.5101258854 7.0446661157 0.5360888300 -0.0366398200 3.7765668160 0.0130441416
0.2180000000 0.5360890379 -0.0683472376 1.5101262686 7.0446652194 0.5360890379 -0.0366402048 3.7765677999 0.0025373828
0.2200000000 0.5360890213 -0.0683479814 1.5101265916 7.0446669952 0.5360890213 -0.0366406025 3.7765686346 0.0073574408
0.2220000000 0.5360889672 -0.0683486533 1.5101269567 7.0446694538 0.5360889672 -0.0366409589 3.7765695719 0.0147513054
0.2240000000 0.5360891443 -0.0683491701 1.5101274152 7.0446693005 0.5360891443 -0.0366412481 3.7765707374 0.0168438031
0.2260000000 0.5360893555 -0.0683495211 1.5101279427 7.0446690109 0.5360893555 -0.0366414507 3.7765720696 0.0104788706
0.2280000000 0.5360894437 -0.0683497680 1.5101284531 7.0446702489 0.5360894437 -0.0366415891 3.7765733549 0.0005686725
0.2300000000 0.5360894966 -0.0683500047 1.5101288489 7.0446714161 0.5360894966 -0.0366417196 3.7765743531 0.0062154044
0.2320000000 0.5360895621 -0.0683502913 1.5101290904 7.0446717018 0.5360895621 -0.0366418777 3.7765749675 0.0031076233
0.2340000000 0.5360896010 -0.0683506195 1.5101292198 7.0446718166 0.5360896010 -0.0366420563 3.7765753031 0.0045464146
0.2360000000 0.5360897361 -0.0683509311 1.5101293351 7.0446706001 0.5360897361 -0.0366422326 3.7765756031 0.0113106342
0.2380000000 0.5360900348 -0.0683511701 1.5101295248 7.0446675781 0.5360900348 -0.0366423811 3.7765760868 0.0122171350
0.2400000000 0.5360902088 -0.0683513252 1.5101298181 7.0446666703 0.5360902088 -0.0366424762 3.7765768260 0.0038125089
0.2420000000 0.5360901521 -0.0683514416 1.5101301696 7.0446690614 0.5360901521 -0.0366425347 3.7765777089 0.0082696530
0.2440000000 0.5360900486 -0.0683515938 1.5101304902 7.0446719268 0.5360900486 -0.0366426092 3.7765785158 0.0128885242
0.2460000000 0.5360900784 -0.0683518295 1.5101307127 7.0446725893 0.5360900784 -0.0366427376 3.7765790809 0.0076894424
0.2480000000 0.5360900862 -0.0683521333 1.5101308371 7.0446730882 0.5360900862 -0.0366429010 3.7765794030 0.0030507039
0.2500000000 0.5360900558 -0.0683524294 1.5101309330 7.0446739548 0.5360900558 -0.0366430577 3.7765796535 0.0141907664
0.2520000000 0.5360900710 -0.0683526350 1.5101310865 7.0446744854 0.5360900710 -0.0366431689 3.7765800448 0.0204858006
0.2540000000 0.5360901041 -0.0683527155 1.5101313386 7.0446752316 0.5360901041 -0.0366432144 3.7765806781 0.0146811706
0.2560000000 0.5360901626 -0.0683527048 1.5101316607 7.0446759636 0.5360901626 -0.0366432126 3.7765814831 0.0023456725
0.2580000000 0.5360903716 -0.0683526877 1.5101319679 7.0446746492 0.5360903716 -0.0366432177 3.7765822509 0.0159283435
0.2600000000 0.5360906660 -0.0683527432 1.5101321757 7.0446717548 0.5360906660 -0.0366432676 3.7765827731 0.0159773202
0.2620000000 0.5360907348 -0.0683528976 1.5101322474 7.0446711972 0.5360907348 -0.0366433551 3.7765829582 0.0067552235
0.2640000000 0.5360905966 -0.0683531109 1.5101322111 7.0446728576 0.5360905966 -0.0366434600 3.7765828749 0.0056463536
0.2660000000 0.5360904802 -0.0683532991 1.5101321407 7.0446740714 0.5360904802 -0.0366435529 3.7765827057 0.0164610925
0.2680000000 0.5360904662 -0.0683533921 1.5101321010 7.0446740767 0.5360904662 -0.0366436018 3.7765826098 0.0198316497
0.2700000000 0.5360904596 -0.0683533747 1.5101321079 7.0446741946 0.5360904596 -0.0366435920 3.7765826264 0.0103705545
0.2720000000 0.5360904792 -0.0683532907 1.5101321273 7.0446740215 0.5360904792 -0.0366435483 3.7765826717 0.0024653872
0.2740000000 0.5360905035 -0.0683532134 1.5101321067 7.0446736009 0.5360905035 -0.0366435086 3.7765826176 0.0098321608
0.2760000000 0.5360904362 -0.0683531914 1.5101320283 7.0446741174 0.5360904362 -0.0366434922 3.7765824206 0.0074946040
0.2780000000 0.5360903603 -0.0683532207 1.5101319300 7.0446746582 0.5360903603 -0.0366435027 3.7765821756 0.0012696441
0.2800000000 0.5360904482 -0.0683532580 1.5101318851 7.0446732964 0.5360904482 -0.0366435287 3.7765820650 0.0083159562
0.2820000000 0.5360906217 -0.0683532595 1.5101319532 7.0446713349 0.5360906217 -0.0366435414 3.7765822356 0.0074081875
0.2840000000 0.5360906698 -0.0683532151 1.5101321414 7.0446715784 0.5360906698 -0.0366435209 3.7765827046 0.0012097859
0.2860000000 0.5360906540 -0.0683531611 1.5101323923 7.0446729515 0.5360906540 -0.0366434909 3.7765833301 0.0122936789
0.2880000000 0.5360906937 -0.0683531543 1.5101326156 7.0446734709 0.5360906937 -0.0366434899 3.7765838880 0.0171658874
0.2900000000 0.5360907692 -0.0683532309 1.5101327391 7.0446730599 0.5360907692 -0.0366435362 3.7765841998 0.0117954402
0.2920000000 0.5360908445 -0.0683533842 1.5101327408 7.0446720898 0.5360908445 -0.0366436234 3.7765842099 0.0014184932
0.2940000000 0.5360909530 -0.0683535595 1.5101326598 7.0446702989 0.5360909530 -0.0366437249 3.7765840141 0.0102267771
0.2960000000 0.5360910056 -0.0683536831 1.5101325715 7.0446692040 0.5360910056 -0.0366437947 3.7765837979 0.0192838874
0.2980000000 0.5360908997 -0.0683537074 1.5101325360 7.0446704314 0.5360908997 -0.0366438005 3.7765837099 0.0175341003
0.3000000000 0.5360907802 -0.0683536353 1.5101325699 7.0446721543 0.5360907802 -0.0366437537 3.7765837916 0.0058464115
0.3020000000 0.5360908085 -0.0683535187 1.5101326422 7.0446721114 0.5360908085 -0.0366436931 3.7765839681 0.0063891990
0.3040000000 0.5360908805 -0.0683534307 1.5101326980 7.0446714207 0.5360908805 -0.0366436508 3.7765841045 0.0150230666
0.3060000000 0.5360908461 -0.0683534199 1.5101327013 7.0446718874 0.5360908461 -0.0366436427 3.7765841124 0.0137185214
0.3080000000 0.5360907961 -0.0683534873 1.5101326582 7.0446723476 0.5360907961 -0.0366436754 3.7765840069 0.0046784972
0.3100000000 0.5360908073 -0.0683535916 1.5101326103 7.0446719846 0.5360908073 -0.0366437321 3.7765838910 0.0035123802
0.3120000000 0.5360908644 -0.0683536814 1.5101326031 7.0446712064 0.5360908644 -0.0366437842 3.7765838766 0.0065353385
0.3140000000 0.5360910040 -0.0683537329 1.5101326499 7.0446695944 0.5360910040 -0.0366438213 3.7765839956 0.0027267744
0.3160000000 0.5360912094 -0.0683537615 1.5101327224 7.0446672364 0.5360912094 -0.0366438507 3.7765841785 0.0038643009
0.3180000000 0.5360912759 -0.0683538027 1.5101327740 7.0446666067 0.5360912759 -0.0366438773 3.7765843091 0.0061998239
0.3200000000 0.5360911233 -0.0683538775 1.5101327770 7.0446686295 0.5360911233 -0.0366439070 3.7765843191 0.0017582721
0.3220000000 0.5360909670 -0.0683539697 1.5101327459 7.0446705450 0.5360909670 -0.0366439457 3.7765842443 0.0070755745
0.3240000000 0.5360909394 -0.0683540319 1.5101327291 7.0446708329 0.5360909394 -0.0366439772 3.7765842045 0.0157226266
0.3260000000 0.5360909552 -0.0683540164 1.5101327736 7.0446708313 0.5360909552 -0.0366439699 3.7765843152 0.0165115279
0.3280000000 0.5360909436 -0.0683539045 1.5101328932 7.0446715341 0.5360909436 -0.0366439092 3.7765846102 0.0092550587
0.3300000000 0.5360909691 -0.0683537209 1.5101330541 7.0446719370 0.5360909691 -0.0366438125 3.7765850057 0.0002951118
0.3320000000 0.5360910151 -0.0683535244 1.5101331861 7.0446719354 0.5360910151 -0.0366437103 3.7765853287 0.0087393111
0.3340000000 0.5360910689 -0.0683533745 1.5101332233 7.0446713909 0.5360910689 -0.0366436336 3.7765854162 0.0133757719
0.3360000000 0.5360912076 -0.0683533017 1.5101331368 7.0446691612 0.5360912076 -0.0366436041 3.7765851975 0.0110515797
0.3380000000 0.5360913725 -0.0683532965 1.5101329486 7.0446661164 0.5360913725 -0.0366436125 3.7765847272 0.0020636868
0.3400000000 0.5360913700 -0.0683533168 1.5101327229 7.0446650985 0.5360913700 -0.0366436233 3.7765841638 0.0062185324
0.3420000000 0.5360912157 -0.0683533179 1.5101325322 7.0446662360 0.5360912157 -0.0366436133 3.7765836869 0.0080580774
0.3440000000 0.5360911449 -0.0683532814 1.5101324209 7.0446666453 0.5360911449 -0.0366435889 3.7765834071 0.0031139470
0.3460000000 0.5360911982 -0.0683532237 1.5101323905 7.0446657996 0.5360911982 -0.0366435616 3.7765833291 0.0048735092
0.3480000000 0.5360912739 -0.0683531851 1.5101324070 7.0446648784 0.5360912739 -0.0366435461 3.7765833689 0.0114442655
0.3500000000 0.5360913467 -0.0683532000 1.5101324302 7.0446640325 0.5360913467 -0.0366435590 3.7765834279 0.0111812362
0.3520000000 0.5360914219 -0.0683532737 1.5101324403 7.0446630958 0.5360914219 -0.0366436037 3.7765834559 0.0049018285
0.3540000000 0.5360914423 -0.0683533789 1.5101324431 7.0446628483 0.5360914423 -0.0366436615 3.7765834668 0.0024172988
0.3560000000 0.5360914626 -0.0683534725 1.5101324576 7.0446626554 0.5360914626 -0.0366437130 3.7765835066 0.0072759832
0.3580000000 0.5360916015 -0.0683535239 1.5101324923 7.0446609962 0.5360916015 -0.0366437501 3.7765835954 0.0072856587
0.3600000000 0.5360917796 -0.0683535319 1.5101325318 7.0446588419 0.5360917796 -0.0366437666 3.7765836950 0.0027890320
0.3620000000 0.5360918359 -0.0683535198 1.5101325454 7.0446581650 0.5360918359 -0.0366437639 3.7765837287 0.0019357920
0.3640000000 0.5360918173 -0.0683535155 1.5101325091 7.0446582399 0.5360918173 -0.0366437604 3.7765836378 0.0025367840
0.3660000000 0.5360918723 -0.0683535290 1.5101324273 7.0446571361 0.5360918723 -0.0366437713 3.7765834338 0.0014270744
0.3680000000 0.5360919989 -0.0683535448 1.5101323363 7.0446550498 0.5360919989 -0.0366437885 3.7765832073 0.0068294721
0.3700000000 0.5360921545 -0.0683535352 1.5101322864 7.0446527724 0.5360921545 -0.0366437939 3.7765830825 0.0090793794
0.3720000000 0.5360923312 -0.0683534808 1.5101323144 7.0446505776 0.5360923312 -0.0366437769 3.7765831509 0.0062285418
0.3740000000 0.5360924559 -0.0683533866 1.5101324242 7.0446494454 0.5360924559 -0.0366437349 3.7765834222 0.0003326741
0.3760000000 0.5360924529 -0.0683532848 1.5101325819 7.0446502136 0.5360924529 -0.0366436801 3.7765838128 0.0079280216
0.3780000000 0.5360924220 -0.0683532185 1.5101327344 7.0446513261 0.5360924220 -0.0366436425 3.7765841914 0.0133372358
0.3800000000 0.5360924884 -0.0683532164 1.5101328386 7.0446509401 0.5360924884 -0.0366436459 3.7765844521 0.0120897581
0.3820000000 0.5360925766 -0.0683532792 1.5101328794 7.0446499757 0.5360925766 -0.0366436856 3.7765845565 0.0055152388
0.3840000000 0.5360925833 -0.0683533795 1.5101328716 7.0446498581 0.5360925833 -0.0366437398 3.7765845407 0.0015183369
0.3860000000 0.5360925645 -0.0683534766 1.5101328471 7.0446499971 0.5360925645 -0.0366437906 3.7765844830 0.0062493302
0.3880000000 0.5360926071 -0.0683535405 1.5101328306 7.0446493649 0.5360926071 -0.0366438277 3.7765844442 0.0068982406
0.3900000000 0.5360926850 -0.0683535654 1.5101328241 7.0446483123 0.5360926850 -0.0366438464 3.7765844289 0.0038499510
0.3920000000 0.5360927704 -0.0683535665 1.5101328100 7.0446471255 0.5360927704 -0.0366438528 3.7765843939 0.0003071443
0.3940000000 0.5360928168 -0.0683535634 1.5101327677 7.0446463188 0.5360928168 -0.0366438543 3.7765842883 0.0001806000
0.3960000000 0.5360927045 -0.0683535626 1.5101326920 7.0446474405 0.5360927045 -0.0366438462 3.7765840986 0.0028993773
0.3980000000 0.5360924025 -0.0683535520 1.5101325985 7.0446509711 0.5360924025 -0.0366438199 3.7765838638 0.0067480893
0.4000000000 0.5360920676 -0.0683535111 1.5101325135 7.0446549719 0.5360920676 -0.0366437751 3.7765836491 0.0078199124
0.4020000000 0.5360918062 -0.0683534285 1.5101324567 7.0446581346 0.5360918062 -0.0366437129 3.7765835034 0.0050248714
0.4040000000 0.5360915299 -0.0683533137 1.5101324284 7.0446616251 0.5360915299 -0.0366436325 3.7765834279 0.0004593260
0.4060000000 0.5360911664 -0.0683531972 1.5101324098 7.0446663046 0.5360911664 -0.0366435452 3.7765833761 0.0063346549
0.4080000000 0.5360907469 -0.0683531148 1.5101323770 7.0446716570 0.5360907469 -0.0366434724 3.7765832902 0.0100541514
0.4100000000 0.5360902993 -0.0683530878 1.5101323207 7.0446772730 0.5360902993 -0.0366434273 3.7765831474 0.0089651228
0.4120000000 0.5360898072 -0.0683531122 1.5101322544 7.0446834298 0.5360898072 -0.0366434067 3.7765829813 0.0034884859
0.4140000000 0.5360892770 -0.0683531617 1.5101322088 7.0446901853 0.5360892770 -0.0366433970 3.7765828681 0.0022521362
0.4160000000 0.5360886445 -0.0683532034 1.5101322142 7.0446985224 0.5360886445 -0.0366433762 3.7765828815 0.0054010776
0.4180000000 0.5360877815 -0.0683532165 1.5101322804 7.0447101692 0.5360877815 -0.0366433242 3.7765830456 0.0043773644
0.4200000000 0.5360866886 -0.0683532012 1.5101323901 7.0447250362 0.5360866886 -0.0366432413 3.7765833166 0.0005950450
0.4220000000 0.5360854988 -0.0683531744 1.5101325057 7.0447412026 0.5360854988 -0.0366431456 3.7765836018 0.0026873847
0.4240000000 0.5360842359 -0.0683531553 1.5101325896 7.0447581844 0.5360842359 -0.0366430490 3.7765838081 0.0033058477
0.4260000000 0.5360827791 -0.0683531512 1.5101326225 7.0447774742 0.5360827791 -0.0366429473 3.7765838868 0.0010678054
0.4280000000 0.5360810888 -0.0683531552 1.5101326084 7.0447996143 0.5360810888 -0.0366428338 3.7765838476 0.0019332798
0.4300000000 0.5360791970 -0.0683531537 1.5101325670 7.0448242735 0.5360791970 -0.0366427037 3.7765837397 0.0029819242
0.4320000000 0.5360770878 -0.0683531402 1.5101325181 7.0448517535 0.5360770878 -0.0366425523 3.7765836121 0.0008088975
0.4340000000 0.5360747515 -0.0683531232 1.5101324701 7.0448822209 0.5360747515 -0.0366423835 3.7765834859 0.0032464630
0.4360000000 0.5360722044 -0.0683531221 1.5101324204 7.0449154505 0.5360722044 -0.0366422088 3.7765833556 0.0062132754
0.4380000000 0.5360693413 -0.0683531535 1.5101323662 7.0449528142 0.5360693413 -0.0366420300 3.7765832146 0.0055183985
0.4400000000 0.5360660042 -0.0683532180 1.5101323156 7.0449964236 0.5360660042 -0.0366418365 3.7765830826 0.0016595908
0.4420000000 0.5360622111 -0.0683532970 1.5101322895 7.0450461410 0.5360622111 -0.0366416195 3.7765830114 0.0034708783
0.4440000000 0.5360580595 -0.0683533608 1.5101323127 7.0451007967 0.5360580595 -0.0366413699 3.7765830623 0.0076688511
0.4460000000 0.5360534477 -0.0683533846 1.5101323993 7.0451617932 0.5360534477 -0.0366410675 3.7765832688 0.0081224685
0.4480000000 0.5360481819 -0.0683533620 1.5101325409 7.0452316361 0.5360481819 -0.0366406954 3.7765836097 0.0041532669
0.4500000000 0.5360421828 -0.0683533085 1.5101327053 7.0453112201 0.5360421828 -0.0366402567 3.7765840046 0.0012416693
0.4520000000 0.5360353605 -0.0683532532 1.5101328484 7.0454015215 0.5360353605 -0.0366397607 3.7765843443 0.0054011834
0.4540000000 0.5360276027 -0.0683532211 1.5101329346 7.0455038543 0.5360276027 -0.0366392133 3.7765845406 0.0062596530
0.4560000000 0.5360190441 -0.0683532211 1.5101329507 7.0456163878 0.5360190441 -0.0366386282 3.7765845609 0.0031691097
0.4580000000 0.5360104596 -0.0683532421 1.5101329090 7.0457289961 0.5360104596 -0.0366380527 3.7765844375 0.0016535571
0.4600000000 0.5360041948 -0.0683532608 1.5101328387 7.0458109924 0.5360041948 -0.0366376345 3.7765842478 0.0053984953
0.4620000000 0.5360078484 -0.0683532565 1.5101327683 7.0457626529 0.5360078484 -0.0366378819 3.7765840799 0.0058359223
0.4640000000 0.5360446753 -0.0683532234 1.5101327116 7.0452784951 0.5360446753 -0.0366403814 3.7765840230 0.0032942021
0.4660000000 0.5361819241 -0.0683531711 1.5101326665 7.0434754691 0.5361819241 -0.0366497348 3.7765842291 0.0000423233
0.4680000000 0.5366023292 -0.0683531169 1.5101326229 7.0379588292 0.5366023292 -0.0366784417 3.7765851003 0.0020981954
0.4700000000 0.5377505363 -0.0683530740 1.5101325748 7.0229361116 0.5377505363 -0.0367569022 3.7765876605 0.0023769178
0.4720000000 0.5406254411 -0.0683530456 1.5101325261 6.9856021693 0.5406254411 -0.0369533954 3.7765942539 0.0015107547
0.4740000000 0.5472997063 -0.0683530272 1.5101324882 6.9004417627 0.5472997063 -0.0374095917 3.7766097500 0.0011507106
0.4760000000 0.5616851629 -0.0683530153 1.5101324699 6.7237726020 0.5616851629 -0.0383928745 3.7766433091 0.0025483853
0.4780000000 0.5902657437 -0.0683530143 1.5101324690 6.3983216257 0.5902657437 -0.0403464428 3.7767100731 0.0053843681
0.4800000000 0.6420470026 -0.0683530370 1.5101324713 5.8824837258 0.6420470026 -0.0438858625 3.7768310443 0.0079101817
0.4820000000 0.7253634233 -0.0683530993 1.5101324524 5.2070803569 0.7253634233 -0.0495808381 3.7770256329 0.0071491226
0.4840000000 0.8418264436 -0.0683532057 1.5101323899 4.4870264861 0.8418264436 -0.0575415360 3.7772975491 0.0028981758
0.4860000000 0.9810524695 -0.0683533032 1.5101323266 3.8505816538 0.9810524695 -0.0670581769 3.7776226405 0.0192396892
0.4880000000 1.1238763102 -0.0683533001 1.5101323680 3.3615410862 1.1238763102 -0.0768206547 3.7779563927 0.0195846792
0.4900000000 1.2487829107 -0.0683531805 1.5101325257 3.0255447419 1.2487829107 -0.0853582837 3.7782485692 0.0045190397
0.4920000000 1.3393080941 -0.0683530222 1.5101326743 2.8212032891 1.3393080941 -0.0915457559 3.7784604003 0.0068557902
0.4940000000 1.3937572699 -0.0683529057 1.5101327273 2.7110801861 1.3937572699 -0.0952673593 3.7785877188 0.0131597047
0.4960000000 1.4214113302 -0.0683528683 1.5101327123 2.6583805817 1.4214113302 -0.0971575415 3.7786522790 0.0147961244
0.4980000000 1.4331947341 -0.0683529143 1.5101326975 2.6365431602 1.4331947341 -0.0979630369 3.7786797734 0.0091535768
0.5000000000 1.4388665597 -0.0683530137 1.5101327330 2.6261595254 1.4388665597 -0.0983508657 3.7786931215 0.0006666028
0.5020000000 1.4415709244 -0.0683531146 1.5101328204 2.6212374317 1.4415709244 -0.0985358626 3.7786996676 0.0051710641
0.5040000000 1.4428573415 -0.0683531802 1.5101329060 2.6189026347 1.4428573415 -0.0986238879 3.7787028933 0.0055910119
0.5060000000 1.4433210960 -0.0683532111 1.5101329180 2.6180619268 1.4433210960 -0.0986556316 3.7787040096 0.0025832969
0.5080000000 1.4435018340 -0.0683532289 1.5101328259 2.6177342587 1.4435018340 -0.0986680113 3.7787042033 0.0013036866
0.5100000000 1.4435796152 -0.0683532450 1.5101326704 2.6175930708 1.4435796152 -0.0986733511 3.7787039979 0.0036785173
0.5120000000 1.4437434313 -0.0683532484 1.5101325295 2.6172960838 1.4437434313 -0.0986845534 3.7787040288 0.0069689897
0.5140000000 1.4436829781 -0.0683532198 1.5101324688 2.6174054763 1.4436829781 -0.0986803800 3.7787037328 0.0071000864
0.5160000000 1.4437618352 -0.0683531525 1.5101325118 2.6172627133 1.4437618352 -0.0986856730 3.7787040180 0.0025252018
0.5180000000 1.4437577595 -0.0683530681 1.5101326385 2.6172703086 1.4437577595 -0.0986852725 3.7787043169 0.0048483145
0.5200000000 1.4437783288 -0.0683530075 1.5101328009 2.6172333310 1.4437783288 -0.0986865909 3.7787047649 0.0104357299
0.5220000000 1.4437862619 -0.0683529976 1.5101329452 2.6172192124 1.4437862619 -0.0986871189 3.7787051433 0.0084768315
0.5240000000 1.4437925854 -0.0683530280 1.5101330234 2.6172078971 1.4437925854 -0.0986875950 3.7787053564 0.0004948655
0.5260000000 1.4437986687 -0.0683530545 1.5101330051 2.6171968500 1.4437986687 -0.0986880490 3.7787053276 0.0092437363
0.5280000000 1.4438022390 -0.0683530352 1.5101328998 2.6171902000 1.4438022390 -0.0986882653 3.7787050707 0.0098035693
0.5300000000 1.4438050993 -0.0683529686 1.5101327536 2.6171847622 1.4438050993 -0.0986883647 3.7787047054 0.0016878389
0.5320000000 1.4438070032 -0.0683528980 1.5101326337 2.6171811016 1.4438070032 -0.0986883928 3.7787044031 0.0088819238
0.5340000000 1.4438082485 -0.0683528791 1.5101325959 2.6171787795 1.4438082485 -0.0986884506 3.7787043095 0.0136289125
0.5360000000 1.4438092208 -0.0683529312 1.5101326530 2.6171771212 1.4438092208 -0.0986885923 3.7787044599 0.0075633381
0.5380000000 1.4438099238 -0.0683530222 1.5101327757 2.6171760666 1.4438099238 -0.0986887718 3.7787047772 0.0035456806
0.5400000000 1.4438105035 -0.0683530888 1.5101329152 2.6171752627 1.4438105035 -0.0986889075 3.7787051339 0.0124375263
0.5420000000 1.4438110293 -0.0683530877 1.5101330336 2.6171745154 1.4438110293 -0.0986889420 3.7787054309 0.0117847094
0.5440000000 1.4438114082 -0.0683530251 1.5101331207 2.6171739758 1.4438114082 -0.0986888774 3.7787056435 0.0030448531
0.5460000000 1.4438116596 -0.0683529457 1.5101331818 2.6171736208 1.4438116596 -0.0986887799 3.7787057888 0.0054227244
0.5480000000 1.4438117122 -0.0683528962 1.5101332170 2.6171735830 1.4438117122 -0.0986887122 3.7787058721 0.0079759871
0.5500000000 1.4438115782 -0.0683528876 1.5101332147 2.6171738212 1.4438115782 -0.0986886905 3.7787058652 0.0037164236
0.5520000000 1.4438113370 -0.0683528989 1.5101331738 2.6171741879 1.4438113370 -0.0986886904 3.7787057635 0.0013827686
0.5540000000 1.4438111065 -0.0683529072 1.5101331285 2.6171745277 1.4438111065 -0.0986886865 3.7787056507 0.0014131058
0.5560000000 1.4438109984 -0.0683529128 1.5101331415 2.6171747461 1.4438109984 -0.0986886873 3.7787056832 0.0022354232
0.5580000000 1.4438110779 -0.0683529303 1.5101332552 2.6171748002 1.4438110779 -0.0986887180 3.7787059695 0.0027181727
0.5600000000 1.4438112847 -0.0683529564 1.5101334398 2.6171747473 1.4438112847 -0.0986887697 3.7787064341 0.0038585560
0.5620000000 1.4438114935 -0.0683529542 1.5101335977 2.6171746423 1.4438114935 -0.0986887809 3.7787068291 0.0129432141
0.5640000000 1.4438115527 -0.0683528793 1.5101336355 2.6171745955 1.4438115527 -0.0986886768 3.7787069164 0.0140504601
0.5660000000 1.4438114184 -0.0683527241 1.5101335425 2.6171746671 1.4438114184 -0.0986884435 3.7787066682 0.0061692907
0.5680000000 1.4438111638 -0.0683525372 1.5101334056 2.6171748782 1.4438111638 -0.0986881563 3.7787063069 0.0065185594
0.5700000000 1.4438109531 -0.0683524022 1.5101333515 2.6171751570 1.4438109531 -0.0986879469 3.7787061579 0.0183867607
0.5720000000 1.4438108842 -0.0683523744 1.5101334377 2.6171754292 1.4438108842 -0.0986879022 3.7787063706 0.0192376708
0.5740000000 1.4438109626 -0.0683524437 1.5101336115 2.6171755928 1.4438109626 -0.0986880075 3.7787068119 0.0075643627
0.5760000000 1.4438111020 -0.0683525481 1.5101337554 2.6171755966 1.4438111020 -0.0986881678 3.7787071823 0.0051512849
0.5780000000 1.4438112206 -0.0683526184 1.5101337751 2.6171754208 1.4438112206 -0.0986882774 3.7787072388 0.0111913381
0.5800000000 1.4438112597 -0.0683526329 1.5101336862 2.6171751970 1.4438112597 -0.0986883011 3.7787070180 0.0068837242
0.5820000000 1.4438112431 -0.0683526205 1.5101335887 2.6171750574 1.4438112431 -0.0986882820 3.7787067731 0.0011375263
0.5840000000 1.4438112104 -0.0683526182 1.5101335766 2.6171750955 1.4438112104 -0.0986882765 3.7787067425 0.0029614428
0.5860000000 1.4438112036 -0.0683526280 1.5101336563 2.6171752465 1.4438112036 -0.0986882901 3.7787069426 0.0034647490
0.5880000000 1.4438111992 -0.0683526147 1.5101337560 2.6171754263 1.4438111992 -0.0986882706 3.7787071907 0.0085261390
0.5900000000 1.4438111952 -0.0683525558 1.5101338212 2.6171755422 1.4438111952 -0.0986881852 3.7787073478 0.0034682294
0.5920000000 1.4438112324 -0.0683524833 1.5101338899 2.6171755891 1.4438112324 -0.0986880832 3.7787075126 0.0088815934
0.5940000000 1.4438113942 -0.0683524650 1.5101340550 2.6171755806 1.4438113942 -0.0986880678 3.7787079239 0.0164728129
0.5960000000 1.4438116694 -0.0683525306 1.5101343393 2.6171755789 1.4438116694 -0.0986881814 3.7787086418 0.0080687663
0.5980000000 1.4438119477 -0.0683526291 1.5101346268 2.6171755795 1.4438119477 -0.0986883425 3.7787093709 0.0096710204
0.6000000000 1.4438120577 -0.0683526574 1.5101347142 2.6171755335 1.4438120577 -0.0986883910 3.7787095923 0.0224309019
0.6020000000 1.4438119339 -0.0683525609 1.5101344849 2.6171753541 1.4438119339 -0.0986882431 3.7787090094 0.0146348696
0.6040000000 1.4438116242 -0.0683523886 1.5101340153 2.6171750900 1.4438116242 -0.0986879732 3.7787078175 0.0043136507
0.6060000000 1.4438112871 -0.0683522659 1.5101335474 2.6171748820 1.4438112871 -0.0986877730 3.7787066350 0.0242615622
0.6080000000 1.4438110946 -0.0683522904 1.5101333217 2.6171748413 1.4438110946 -0.0986877952 3.7787060726 0.0252809756
0.6100000000 1.4438111082 -0.0683524505 1.5101333803 2.6171749293 1.4438111082 -0.0986880273 3.7787062350 0.0078698727
0.6120000000 1.4438112365 -0.0683526447 1.5101335456 2.6171749964 1.4438112365 -0.0986883165 3.7787066677 0.0091749921
0.6140000000 1.4438112977 -0.0683527635 1.5101335583 2.6171749156 1.4438112977 -0.0986884921 3.7787067112 0.0191844678
0.6160000000 1.4438112235 -0.0683527774 1.5101333415 2.6171746756 1.4438112235 -0.0986885072 3.7787061705 0.0122032135
0.6180000000 1.4438111313 -0.0683527449 1.5101330727 2.6171743748 1.4438111313 -0.0986884540 3.7787054950 0.0049774425
0.6200000000 1.4438111803 -0.0683527490 1.5101329956 2.6171741529 1.4438111803 -0.0986884632 3.7787053028 0.0185930949
0.6220000000 1.4438112888 -0.0683528409 1.5101330941 2.6171741335 1.4438112888 -0.0986886033 3.7787055585 0.0156417171
0.6240000000 1.4438112492 -0.0683530086 1.5101330773 2.6171741873 1.4438112492 -0.0986888427 3.7787055328 0.0012952322
0.6260000000 1.4438108943 -0.0683531828 1.5101327080 2.6171742027 1.4438108943 -0.0986890700 3.7787046260 0.0176752039
0.6280000000 1.4438104761 -0.0683532738 1.5101322001 2.6171740868 1.4438104761 -0.0986891728 3.7787033642 0.0193761963
0.6300000000 1.4438103377 -0.0683532856 1.5101320280 2.6171740402 1.4438103377 -0.0986891804 3.7787029349 0.0252408847
0.6320000000 1.4438105547 -0.0683534297 1.5101322737 2.6171740825 1.4438105547 -0.0986894033 3.7787035638 0.0517108792
0.6340000000 1.4438107681 -0.0683539391 1.5101324121 2.6171739704 1.4438107681 -0.0986901533 3.7787039605 0.0324386733
0.6360000000 1.4438105191 -0.0683548254 1.5101317588 2.6171733507 1.4438105191 -0.0986914159 3.7787024142 0.0281637773
0.6380000000 1.4438099488 -0.0683553728 1.5101307097 2.6171726046 1.4438099488 -0.0986921673 3.7786998443 0.1103295407
0.6400000000 1.4438097991 -0.0683548810 1.5101304849 2.6171724529 1.4438097991 -0.0986914470 3.7786992333 0.0772696536
0.6420000000 1.4438107644 -0.0683530293 1.5101321669 2.6171734905 1.4438107644 -0.0986888395 3.7787032578 0.0449348450
0.6440000000 1.4438111745 -0.0683520938 1.5101330789 2.6171742630 1.4438111745 -0.0986875169 3.7787054465 0.1708835281
0.6460000000 1.4438071469 -0.0683555575 1.5101274273 2.6171720081 1.4438071469 -0.0986922424 3.7786916498 0.0948194355
0.6480000000 1.4437936727 -0.0683675371 1.5101078203 2.6171632793 1.4437936727 -0.0987086175 3.7786437832 0.0252289024
0.6500000000 1.4437837431 -0.0683762640 1.5100932775 2.6171566778 1.4437837431 -0.0987205383 3.7786082646 0.1970424786
0.6520000000 1.4438063424 -0.0683572182 1.5101261558 2.6171713768 1.4438063424 -0.0986945852 3.7786886331 0.1242830316
0.6540000000 1.4439166971 -0.0682644302 1.5102868327 2.6172433900 1.4439166971 -0.0985681505 3.7790814312 0.0014332128
0.6560000000 1.4440304056 -0.0681691183 1.5104526201 2.6173180016 1.4440304056 -0.0984382796 3.7794867755 0.2019977864
0.6580000000 1.4439039522 -0.0682751039 1.5102680187 2.6172346249 1.4439039522 -0.0985826923 3.7790354186 0.1488145959
0.6600000000 1.4430049596 -0.0690290231 1.5089530380 2.6166372704 1.4430049596 -0.0996092227 3.7758205586 0.0254222397
0.6620000000 1.4417583272 -0.0700754515 1.5071276918 2.6158053574 1.4417583272 -0.1010318657 3.7713591562 0.2027234327
0.6640000000 1.4422226261 -0.0696842610 1.5078087495 2.6161172674 1.4422226261 -0.1005002179 3.7730235154 0.1785784803
0.6660000000 1.4491050388 -0.0639178309 1.5178988635 2.6207260402 1.4491050388 -0.0926236509 3.7977073101 0.0476155220
0.6680000000 1.4618613391 -0.0533050183 1.5366187582 2.6292670018 1.4618613391 -0.0779245454 3.8436237802 0.1828957339
0.6700000000 1.4616762876 -0.0534298896 1.5364055401 2.6292416765 1.4616762876 -0.0780972027 3.8431002128 0.2028506504
0.6720000000 1.4075864673 -0.0987894031 1.4578491810 2.5941507673 1.4075864673 -0.1390546269 3.6514915143 0.0845647381
0.6740000000 1.2649792981 -0.2259110686 1.2555571114 2.5068966785 1.2649792981 -0.2857728250 3.1711724007 0.0005291168
0.6760000000 1.1258903864 -0.3631038949 1.0648238852 2.4303262013 1.1258903864 -0.4088151845 2.7362809058 0.0565103302
0.6780000000 1.0489505274 -0.4455937806 0.9627637614 2.3938650142 1.0489505274 -0.4674058312 2.5110459692 0.0857221184
0.6800000000 1.0170897660 -0.4808805487 0.9216693965 2.3810804063 1.0170897660 -0.4890986848 2.4217725132 0.0972760588
0.6820000000 1.0056925317 -0.4936175528 0.9071875455 2.3769606005 1.0056925317 -0.4964274864 2.3904915241 0.1013547707
0.6840000000 1.0018636223 -0.4979088931 0.9023497616 2.3756347594 1.0018636223 -0.4988368073 2.3800620453 0.1027156000
0.6860000000 1.0006062123 -0.4993196136 0.9007639966 2.3752057213 1.0006062123 -0.4996223073 2.3766456001 0.1031361288
0.6880000000 1.0001964575 -0.4997794859 0.9002475543 2.3750665888 1.0001964575 -0.4998776714 2.3755331884 0.1031912468
0.6900000000 1.0000633260 -0.4999289176 0.9000797927 2.3750214558 1.0000633260 -0.4999605761 2.3751718565 0.1029574328
0.6920000000 1.0000201714 -0.4999773578 0.9000254161 2.3750068335 1.0000201714 -0.4999874430 2.3750547406 0.1021105317
0.6940000000 1.0000062513 -0.4999929829 0.9000078767 2.3750021177 1.0000062513 -0.4999961085 2.3750169646 0.0995009109
0.6960000000 1.0000018245 -0.4999979520 0.9000022989 2.3750006181 1.0000018245 -0.4999988642 2.3750049514 0.0918348351
0.6980000000 1.0000004738 -0.4999994681 0.9000005970 2.3750001605 1.0000004738 -0.4999997050 2.3750012858 0.0718200941
0.7000000000 1.0000001035 -0.4999998838 0.9000001304 2.3750000351 1.0000001035 -0.4999999356 2.3750002809 0.0375859542
0.7020000000 1.0000000194 -0.4999999782 0.9000000244 2.3750000066 1.0000000194 -0.4999999879 2.3750000526 0.0114536727
0.7040000000 1.0000000034 -0.4999999962 0.9000000042 2.3750000011 1.0000000034 -0.4999999979 2.3750000091 0.0024004290
0.7060000000 1.0000000006 -0.4999999994 0.9000000007 2.3750000002 1.0000000006 -0.4999999996 2.3750000016 0.0004291469
0.7080000000 1.0000000001 -0.4999999999 0.9000000001 2.3750000000 1.0000000001 -0.4999999999 2.3750000003 0.0000732918
0.7100000000 1.0000000000 -0.5000000000 0.9000000000 2.3750000000 1.0000000000 -0.5000000000 2.3750000000 0.0000123968
0.7120000000 1.0000000000 -0.5000000000 0.9000000000 2.3750000000 1.0000000000 -0.5000000000 2.3750000000 0.0000020930
0.7140000000 1.0000000000 -0.5000000000 0.9000000000 2.3750000000 1.0000000000 -0.5000000000 2.3750000000 0.0000003532
0.7160000000 1.0000000000 -0.5000000000 0.9000000000 2.3750000000 1.0000000000 -0.5000000000 2.3750000000 0.0000000597
0.7180000000 1.0000000000 -0.5000000000 0.9000000000 2.3750000000 1.0000000000 -0.5000000000 2.3750000000 0.0000000101
0.7200000000 1.0000000000 -0.5000000000 0.9000000000 2.3750000000 1.0000000000 -0.5000000000 2.3750000000 0.0000000017
0.7220000000 1.0000000000 -0.5000000000 0.9000000000 2.3750000000 1.0000000000 -0.5000000000 2.3750000000 0.0000000003
0.7240000000 1.0000000000 -0.5000000000 0.9000000000 2.3750000000 1.0000000000 -0.5000000000 2.3750000000 0.0000000000
0.7260000000 1.0000000000 -0.5000000000 0.9000000000 2.3750000000 1.0000000000 -0.5000000000 2.3750000000 0.0000000000
0.7280000000 1.0000000000 -0.5000000000 0.9000000000 2.3750000000 1.0000000000 -0.5000000000 2.3750000000 0.0000000000
0.7300000000 1.0000000000 -0.5000000000 0.9000000000 2.3750000000 1.0000000000 -0.5000000000 2.3750000000 0.0000000000
0.7320000000 1.0000000000 -0.5000000000 0.9000000000 2.3750000000 1.0000000000 -0.5000000000 2.3750000000 0.0000000000
0.7340000000 1.0000000000 -0.5000000000 0.9000000000 2.3750000000 1.0000000000 -0.5000000000 2.3750000000 0.0000000000
0.7360000000 1.0000000000 -0.5000000000 0.9000000000 2.3750000000 1.0000000000 -0.5000000000 2.3750000000 0.0000000000
0.7380000000 1.0000000000 -0.5000000000 0.9000000000 2.3750000000 1.0000000000 -0.5000000000 2.3750000000 0.0000000000
0.7400000000 1.0000000000 -0.5000000000 0.9000000000 2.3750000000 1.0000000000 -0.5000000000 2.3750000000 0.0000000000
0.7420000000 1.0000000000 -0.5000000000 0.9000000000 2.3750000000 1.0000000000 -0.5000000000 2.3750000000 0.0000000000
0.7440000000 1.0000000000 -0.5000000000 0.9000000000 2.3750000000 1.0000000000 -0.5000000000 2.3750000000 0.0000000000
0.7460000000 1.0000000000 -0.5000000000 0.9000000000 2.3750000000 1.0000000000 -0.5000000000 2.3750000000 0.0000000000
0.7480000000 1.0000000000 -0.5000000000 0.9000000000 2.3750000000 1.0000000000 -0.5000000000 2.3750000000 0.0000000000
0.7500000000 1.0000000000 -0.5000000000 0.9000000000 2.3750000000 1.0000000000 -0.5000000000 2.3750000000 0.0000000000
0.7520000000 1.0000000000 -0.5000000000 0.9000000000 2.3750000000 1.0000000000 -0.5000000000 2.3750000000 0.0000000000
0.7540000000 1.0000000000 -0.5000000000 0.9000000000 2.3750000000 1.0000000000 -0.5000000000 2.3750000000 0.0000000000
0.7560000000 1.0000000000 -0.5000000000 0.9000000000 2.3750000000 1.0000000000 -0.5000000000 2.3750000000 0.0000000000
0.7580000000 1.0000000000 -0.5000000000 0.9000000000 2.3750000000 1.0000000000 -0.5000000000 2.3750000000 0.0000000000
0.7600000000 1.0000000000 -0.5000000000 0.9000000000 2.3750000000 1.0000000000 -0.5000000000 2.3750000000 0.0000000000
0.7620000000 1.0000000000 -0.5000000000 0.9000000000 2.3750000000 1.0000000000 -0.5000000000 2.3750000000 0.0000000000
0.7640000000 1.0000000000 -0.5000000000 0.9000000000 2.3750000000 1.0000000000 -0.5000000000 2.3750000000 0.0000000000
0.7660000000 1.0000000000 -0.5000000000 0.9000000000 2.3750000000 1.0000000000 -0.5000000000 2.3750000000 0.0000000000
0.7680000000 1.0000000000 -0.5000000000 0.9000000000 2.3750000000 1.0000000000 -0.5000000000 2.3750000000 0.0000000000
0.7700000000 1.0000000000 -0.5000000000 0.9000000000 2.3750000000 1.0000000000 -0.5000000000 2.3750000000 0.0000000000
0.7720000000 1.0000000000 -0.5000000000 0.9000000000 2.3750000000 1.0000000000 -0.5000000000 2.3750000000 0.0000000000
0.7740000000 1.0000000000 -0.5000000000 0.9000000000 2.3750000000 1.0000000000 -0.5000000000 2.3750000000 0.0000000000
0.7760000000 1.0000000000 -0.5000000000 0.9000000000 2.3750000000 1.0000000000 -0.5000000000 2.3750000000 0.0000000000
0.7780000000 1.0000000000 -0.5000000000 0.9000000000 2.3750000000 1.0000000000 -0.5000000000 2.3750000000 0.0000000000
0.7800000000 1.0000000000 -0.5000000000 0.9000000000 2.3750000000 1.0000000000 -0.5000000000 2.3750000000 0.0000000000
0.7820000000 1.0000000000 -0.5000000000 0.9000000000 2.3750000000 1.0000000000 -0.5000000000 2.3750000000 0.0000000000
0.7840000000 1.0000000000 -0.5000000000 0.9000000000 2.3750000000 1.0000000000 -0.5000000000 2.3750000000 0.0000000000
0.7860000000 1.0000000000 -0.5000000000 0.9000000000 2.3750000000 1.0000000000 -0.5000000000 2.3750000000 0.0000000000
0.7880000000 1.0000000000 -0.5000000000 0.9000000000 2.3750000000 1.0000000000 -0.5000000000 2.3750000000 0.0000000000
0.7900000000 1.0000000000 -0.5000000000 0.9000000000 2.3750000000 1.0000000000 -0.5000000000 2.3750000000 0.0000000000
0.7920000000 1.0000000000 -0.5000000000 0.9000000000 2.3750000000 1.0000000000 -0.5000000000 2.3750000000 0.0000000000
0.7940000000 1.0000000000 -0.5000000000 0.9000000000 2.3750000000 1.0000000000 -0.5000000000 2.3750000000 0.0000000000
0.7960000000 1.0000000000 -0.5000000000 0.9000000000 2.3750000000 1.0000000000 -0.5000000000 2.3750000000 0.0000000000
0.7980000000 1.0000000000 -0.5000000000 0.9000000000 2.3750000000 1.0000000000 -0.5000000000 2.3750000000 0.0000000000
0.8000000000 1.0000000000 -0.5000000000 0.9000000000 2.3750000000 1.0000000000 -0.5000000000 2.3750000000 0.0000000000
0.8020000000 1.0000000000 -0.5000000000 0.9000000000 2.3750000000 1.0000000000 -0.5000000000 2.3750000000 0.0000000000
0.8040000000 1.0000000000 -0.5000000000 0.9000000000 2.3750000000 1.0000000000 -0.5000000000 2.3750000000 0.0000000000
0.8060000000 1.0000000000 -0.5000000000 0.9000000000 2.3750000000 1.0000000000 -0.5000000000 2.3750000000 0.0000000000
0.8080000000 1.0000000000 -0.5000000000 0.9000000000 2.3750000000 1.0000000000 -0.5000000000 2.3750000000 0.0000000000
0.8100000000 1.0000000000 -0.5000000000 0.9000000000 2.3750000000 1.0000000000 -0.5000000000 2.3750000000 0.0000000000
0.8120000000 1.0000000000 -0.5000000000 0.9000000000 2.3750000000 1.0000000000 -0.5000000000 2.3750000000 0.0000000000
0.8140000000 1.0000000000 -0.5000000000 0.9000000000 2.3750000000 1.0000000000 -0.5000000000 2.3750000000 0.0000000000
0.8160000000 1.0000000000 -0.5000000000 0.9000000000 2.3750000000 1.0000000000 -0.5000000000 2.3750000000 0.0000000000
0.8180000000 1.0000000000 -0.5000000000 0.9000000000 2.3750000000 1.0000000000 -0.5000000000 2.3750000000 0.0000000000
0.8200000000 1.0000000000 -0.5000000000 0.9000000000 2.3750000000 1.0000000000 -0.5000000000 2.3750000000 0.0000000000
0.8220000000 1.0000000000 -0.5000000000 0.9000000000 2.3750000000 1.0000000000 -0.5000000000 2.3750000000 0.0000000000
0.8240000000 1.0000000000 -0.5000000000 0.9000000000 2.3750000000 1.0000000000 -0.5000000000 2.3750000000 0.0000000000
0.8260000000 1.0000000000 -0.5000000000 0.9000000000 2.3750000000 1.0000000000 -0.5000000000 2.3750000000 0.0000000000
0.8280000000 1.0000000000 -0.5000000000 0.9000000000 2.3750000000 1.0000000000 -0.5000000000 2.3750000000 0.0000000000
0.8300000000 1.0000000000 -0.5000000000 0.9000000000 2.3750000000 1.0000000000 -0.5000000000 2.3750000000 0.0000000000
0.8320000000 1.0000000000 -0.5000000000 0.9000000000 2.3750000000 1.0000000000 -0.5000000000 2.3750000000 0.0000000000
0.8340000000 1.0000000000 -0.5000000000 0.9000000000 2.3750000000 1.0000000000 -0.5000000000 2.3750000000 0.0000000000
0.8360000000 1.0000000000 -0.5000000000 0.9000000000 2.3750000000 1.0000000000 -0.5000000000 2.3750000000 0.0000000000
0.8380000000 1.0000000000 -0.5000000000 0.9000000000 2.3750000000 1.0000000000 -0.5000000000 2.3750000000 0.0000000000
0.8400000000 1.0000000000 -0.5000000000 0.9000000000 2.3750000000 1.0000000000 -0.5000000000 2.3750000000 0.0000000000
0.8420000000 1.0000000000 -0.5000000000 0.9000000000 2.3750000000 1.0000000000 -0.5000000000 2.3750000000 0.0000000000
0.8440000000 1.0000000000 -0.5000000000 0.9000000000 2.3750000000 1.0000000000 -0.5000000000 2.3750000000 0.0000000000
0.8460000000 1.0000000000 -0.5000000000 0.9000000000 2.3750000000 1.0000000000 -0.5000000000 2.3750000000 0.0000000000
0.8480000000 1.0000000000 -0.5000000000 0.9000000000 2.3750000000 1.0000000000 -0.5000000000 2.3750000000 0.0000000000
0.8500000000 1.0000000000 -0.5000000000 0.9000000000 2.3750000000 1.0000000000 -0.5000000000 2.3750000000 0.0000000000
0.8520000000 1.0000000000 -0.5000000000 0.9000000000 2.3750000000 1.0000000000 -0.5000000000 2.3750000000 0.0000000000
0.8540000000 1.0000000000 -0.5000000000 0.9000000000 2.3750000000 1.0000000000 -0.5000000000 2.3750000000 0.0000000000
0.8560000000 1.0000000000 -0.5000000000 0.9000000000 2.3750000000 1.0000000000 -0.5000000000 2.3750000000 0.0000000000
0.8580000000 1.0000000000 -0.5000000000 0.9000000000 2.3750000000 1.0000000000 -0.5000000000 2.3750000000 0.0000000000
0.8600000000 1.0000000000 -0.5000000000 0.9000000000 2.3750000000 1.0000000000 -0.5000000000 2.3750000000 0.0000000000
0.8620000000 1.0000000000 -0.5000000000 0.9000000000 2.3750000000 1.0000000000 -0.5000000000 2.3750000000 0.0000000000
0.8640000000 1.0000000000 -0.5000000000 0.9000000000 2.3750000000 1.0000000000 -0.5000000000 2.3750000000 0.0000000000
0.8660000000 1.0000000000 -0.5000000000 0.9000000000 2.3750000000 1.0000000000 -0.5000000000 2.3750000000 0.0000000000
0.8680000000 1.0000000000 -0.5000000000 0.9000000000 2.3750000000 1.0000000000 -0.5000000000 2.3750000000 0.0000000000
0.8700000000 1.0000000000 -0.5000000000 0.9000000000 2.3750000000 1.0000000000 -0.5000000000 2.3750000000 0.0000000000
0.8720000000 1.0000000000 -0.5000000000 0.9000000000 2.3750000000 1.0000000000 -0.5000000000 2.3750000000 0.0000000000
0.8740000000 1.0000000000 -0.5000000000 0.9000000000 2.3750000000 1.0000000000 -0.5000000000 2.3750000000 0.0000000000
0.8760000000 1.0000000000 -0.5000000000 0.9000000000 2.3750000000 1.0000000000 -0.5000000000 2.3750000000 0.0000000000
0.8780000000 1.0000000000 -0.5000000000 0.9000000000 2.3750000000 1.0000000000 -0.5000000000 2.3750000000 0.0000000000
0.8800000000 1.0000000000 -0.5000000000 0.9000000000 2.3750000000 1.0000000000 -0.5000000000 2.3750000000 0.0000000000
0.8820000000 1.0000000000 -0.5000000000 0.9000000000 2.3750000000 1.0000000000 -0.5000000000 2.3750000000 0.0000000000
0.8840000000 1.0000000000 -0.5000000000 0.9000000000 2.3750000000 1.0000000000 -0.5000000000 2.3750000000 0.0000000000
0.8860000000 1.0000000000 -0.5000000000 0.9000000000 2.3750000000 1.0000000000 -0.5000000000 2.3750000000 0.0000000000
0.8880000000 1.0000000000 -0.5000000000 0.9000000000 2.3750000000 1.0000000000 -0.5000000000 2.3750000000 0.0000000000
0.8900000000 1.0000000000 -0.5000000000 0.9000000000 2.3750000000 1.0000000000 -0.5000000000 2.3750000000 0.0000000000
0.8920000000 1.0000000000 -0.5000000000 0.9000000000 2.3750000000 1.0000000000 -0.5000000000 2.3750000000 0.0000000000
0.8940000000 1.0000000000 -0.5000000000 0.9000000000 2.3750000000 1.0000000000 -0.5000000000 2.3750000000 0.0000000000
0.8960000000 1.0000000000 -0.5000000000 0.9000000000 2.3750000000 1.0000000000 -0.5000000000 2.3750000000 0.0000000000
0.8980000000 1.0000000000 -0.5000000000 0.9000000000 2.3750000000 1.0000000000 -0.5000000000 2.3750000000 0.0000000000
0.9000000000 1.0000000000 -0.5000000000 0.9000000000 2.3750000000 1.0000000000 -0.5000000000 2.3750000000 0.0000000000
0.9020000000 1.0000000000 -0.5000000000 0.9000000000 2.3750000000 1.0000000000 -0.5000000000 2.3750000000 0.0000000000
0.9040000000 1.0000000000 -0.5000000000 0.9000000000 2.3750000000 1.0000000000 -0.5000000000 2.3750000000 0.0000000000
0.9060000000 1.0000000000 -0.5000000000 0.9000000000 2.3750000000 1.0000000000 -0.5000000000 2.3750000000 0.0000000000
0.9080000000 1.0000000000 -0.5000000000 0.9000000000 2.3750000000 1.0000000000 -0.5000000000 2.3750000000 0.0000000000
0.9100000000 1.0000000000 -0.5000000000 0.9000000000 2.3750000000 1.0000000000 -0.5000000000 2.3750000000 0.0000000000
0.9120000000 1.0000000000 -0.5000000000 0.9000000000 2.3750000000 1.0000000000 -0.5000000000 2.3750000000 0.0000000000
0.9140000000 1.0000000000 -0.5000000000 0.9000000000 2.3750000000 1.0000000000 -0.5000000000 2.3750000000 0.0000000000
0.9160000000 1.0000000000 -0.5000000000 0.9000000000 2.3750000000 1.0000000000 -0.5000000000 2.3750000000 0.0000000000
0.9180000000 1.0000000000 -0.5000000000 0.9000000000 2.3750000000 1.0000000000 -0.5000000000 2.3750000000 0.0000000000
0.9200000000 1.0000000000 -0.5000000000 0.9000000000 2.3750000000 1.0000000000 -0.5000000000 2.3750000000 0.0000000000
0.9220000000 1.0000000000 -0.5000000000 0.9000000000 2.3750000000 1.0000000000 -0.5000000000 2.3750000000 0.0000000000
0.9240000000 1.0000000000 -0.5000000000 0.9000000000 2.3750000000 1.0000000000 -0.5000000000 2.3750000000 0.0000000000
0.9260000000 1.0000000000 -0.5000000000 0.9000000000 2.3750000000 1.0000000000 -0.5000000000 2.3750000000 0.0000000000
0.9280000000 1.0000000000 -0.5000000000 0.9000000000 2.3750000000 1.0000000000 -0.5000000000 2.3750000000 0.0000000000
0.9300000000 1.0000000000 -0.5000000000 0.9000000000 2.3750000000 1.0000000000 -0.5000000000 2.3750000000 0.0000000000
0.9320000000 1.0000000000 -0.5000000000 0.9000000000 2.3750000000 1.0000000000 -0.5000000000 2.3750000000 0.0000000000
0.9340000000 1.0000000000 -0.5000000000 0.9000000000 2.3750000000 1.0000000000 -0.5000000000 2.3750000000 0.0000000000
0.9360000000 1.0000000000 -0.5000000000 0.9000000000 2.3750000000 1.0000000000 -0.5000000000 2.3750000000 0.0000000000
0.9380000000 1.0000000000 -0.5000000000 0.9000000000 2.3750000000 1.0000000000 -0.5000000000 2.3750000000 0.0000000000
0.9400000000 1.0000000000 -0.5000000000 0.9000000000 2.3750000000 1.0000000000 -0.5000000000 2.3750000000 0.0000000000
0.9420000000 1.0000000000 -0.5000000000 0.9000000000 2.3750000000 1.0000000000 -0.5000000000 2.3750000000 0.0000000000
0.9440000000 1.0000000000 -0.5000000000 0.9000000000 2.3750000000 1.0000000000 -0.5000000000 2.3750000000 0.0000000000
0.9460000000 1.0000000000 -0.5000000000 0.9000000000 2.3750000000 1.0000000000 -0.5000000000 2.3750000000 0.0000000000
0.9480000000 1.0000000000 -0.5000000000 0.9000000000 2.3750000000 1.0000000000 -0.5000000000 2.3750000000 0.0000000000
0.9500000000 1.0000000000 -0.5000000000 0.9000000000 2.3750000000 1.0000000000 -0.5000000000 2.3750000000 0.0000000000
0.9520000000 1.0000000000 -0.5000000000 0.9000000000 2.3750000000 1.0000000000 -0.5000000000 2.3750000000 0.0000000000
0.9540000000 1.0000000000 -0.5000000000 0.9000000000 2.3750000000 1.0000000000 -0.5000000000 2.3750000000 0.0000000000
0.9560000000 1.0000000000 -0.5000000000 0.9000000000 2.3750000000 1.0000000000 -0.5000000000 2.3750000000 0.0000000000
0.9580000000 1.0000000000 -0.5000000000 0.9000000000 2.3750000000 1.0000000000 -0.5000000000 2.3750000000 0.0000000000
0.9600000000 1.0000000000 -0.5000000000 0.9000000000 2.3750000000 1.0000000000 -0.5000000000 2.3750000000 0.0000000000
0.9620000000 1.0000000000 -0.5000000000 0.9000000000 2.3750000000 1.0000000000 -0.5000000000 2.3750000000 0.0000000000
0.9640000000 1.0000000000 -0.5000000000 0.9000000000 2.3750000000 1.0000000000 -0.5000000000 2.3750000000 0.0000000000
0.9660000000 1.0000000000 -0.5000000000 0.9000000000 2.3750000000 1.0000000000 -0.5000000000 2.3750000000 0.0000000000
0.9680000000 1.0000000000 -0.5000000000 0.9000000000 2.3750000000 1.0000000000 -0.5000000000 2.3750000000 0.0000000000
0.9700000000 1.0000000000 -0.5000000000 0.9000000000 2.3750000000 1.0000000000 -0.5000000000 2.3750000000 0.0000000000
0.9720000000 1.0000000000 -0.5000000000 0.9000000000 2.3750000000 1.0000000000 -0.5000000000 2.3750000000 0.0000000000
0.9740000000 1.0000000000 -0.5000000000 0.9000000000 2.3750000000 1.0000000000 -0.5000000000 2.3750000000 0.0000000000
0.9760000000 1.0000000000 -0.5000000000 0.9000000000 2.3750000000 1.0000000000 -0.5000000000 2.3750000000 0.0000000000
0.9780000000 1.0000000000 -0.5000000000 0.9000000000 2.3750000000 1.0000000000 -0.5000000000 2.3750000000 0.0000000000
0.9800000000 1.0000000000 -0.5000000000 0.9000000000 2.3750000000 1.0000000000 -0.5000000000 2.3750000000 0.0000000000
0.9820000000 1.0000000000 -0.5000000000 0.9000000000 2.3750000000 1.0000000000 -0.5000000000 2.3750000000 0.0000000000
0.9840000000 1.0000000000 -0.5000000000 0.9000000000 2.3750000000 1.0000000000 -0.5000000000 2.3750000000 0.0000000000
0.9860000000 1.0000000000 -0.5000000000 0.9000000000 2.3750000000 1.0000000000 -0.5000000000 2.3750000000 0.0000000000
0.9880000000 1.0000000000 -0.5000000000 0.9000000000 2.3750000000 1.0000000000 -0.5000000000 2.3750000000 0.0000000000
0.9900000000 1.0000000000 -0.5000000000 0.9000000000 2.3750000000 1.0000000000 -0.5000000000 2.3750000000 0.0000000000
0.9920000000 1.0000000000 -0.5000000000 0.9000000000 2.3750000000 1.0000000000 -0.5000000000 2.3750000000 0.0000000000
0.9940000000 1.0000000000 -0.5000000000 0.9000000000 2.3750000000 1.0000000000 -0.5000000000 2.3750000000 0.0000000000
0.9960000000 1.0000000000 -0.5000000000 0.9000000000 2.3750000000 1.0000000000 -0.5000000000 2.3750000000 0.0000000000
0.9980000000 1.0000000000 -0.5000000000 0.9000000000 2.3750000000 1.0000000000 -0.5000000000 2.3750000000 0.0000000000
1.0000000000 1.0000000000 -0.5000000000 0.9000000000 2.3750000000 1.0000000000 -0.5000000000 2.3750000000 0.0000000000
