TITLE = "1D Euler Filtered MacCormack Result"
VARIABLES = "x", "rho", "u", "p", "E", "rho_conserved", "rhou", "rhoE", "nu"
ZONE T="t=0.15000000", I=501, F=POINT
0.0000000000 0.6833239022 -1.1329322578 2.3472222737 9.2292848345 0.6833239022 -0.7741596913 6.3065909278 0.0000000000
0.0020000000 0.6833239022 -1.1329322578 2.3472222737 9.2292848345 0.6833239022 -0.7741596913 6.3065909278 0.0464124435
0.0040000000 0.6797255683 -1.1213083658 2.3298792268 9.1978569975 0.6797255683 -0.7621819661 6.2520185744 0.0007111708
0.0060000000 0.6762398580 -1.1100406850 2.3132036915 9.1678082260 0.6762398580 -0.7506537552 6.1996373330 0.0008187439
0.0080000000 0.6728940210 -1.0991543634 2.2971729885 9.1387461870 0.6728940210 -0.7396143992 6.1494076684 0.0005646553
0.0100000000 0.6694737245 -1.0879960485 2.2808567772 9.1092175743 0.6694737245 -0.7283847669 6.0983818170 0.0003705684
0.0120000000 0.6661256605 -1.0770170491 2.2648936343 9.0802320216 0.6661256605 -0.7174286932 6.0485755527 0.0002619803
0.0140000000 0.6627505206 -1.0659116465 2.2488500620 9.0511026623 0.6627505206 -0.7064334987 5.9986230018 0.0001723533
0.0160000000 0.6594156826 -1.0548896170 2.2330198073 9.0222995263 0.6594156826 -0.6956107569 5.9494458008 0.0001285552
0.0180000000 0.6560754655 -1.0438055701 2.2172029641 8.9934995198 0.6560754655 -0.6848152252 5.9004143836 0.0000747697
0.0200000000 0.6527618341 -1.0327577526 2.2015396161 8.9649285423 0.6527618341 -0.6741448448 5.8519631976 0.0000677161
0.0220000000 0.6494530988 -1.0216772558 2.1859336764 8.9364292854 0.6494530988 -0.6635314597 5.8037916914 0.0000348846
0.0240000000 0.6461636521 -1.0106136401 2.1704488757 8.9081125817 0.6461636521 -0.6530218005 5.7560985587 0.0000286873
0.0260000000 0.6428825006 -0.9995361211 2.1550352668 8.8798983667 0.6428825006 -0.6425842810 5.7087312669 0.0000235745
0.0280000000 0.6396161843 -0.9884699559 2.1397219923 8.8518410335 0.6396161843 -0.6322413815 5.6617807861 0.0000074128
0.0300000000 0.6363593912 -0.9774001628 2.1244849102 8.8239019349 0.6363593912 -0.6219777726 5.6151728637 0.0000155867
0.0320000000 0.6331155915 -0.9663378746 2.1093397137 8.7961090234 0.6331155915 -0.6118035751 5.5689537676 0.0000017118
0.0340000000 0.6298828326 -0.9552747471 2.0942761144 8.7684403188 0.6298828326 -0.6017111637 5.5230900259 0.0000073585
0.0360000000 0.6266626697 -0.9442151766 2.0793030438 8.7409159873 0.6266626697 -0.5917044033 5.4776057484 0.0000018235
0.0380000000 0.6234546002 -0.9331547345 2.0644158454 8.7135210987 0.6234546002 -0.5817796119 5.4324848133 0.0000020986
0.0400000000 0.6202593306 -0.9220953207 2.0496191544 8.6862678257 0.6202593306 -0.5719382264 5.3877386670 0.0000020964
0.0420000000 0.6170766929 -0.9110349084 2.0349102917 8.6591470205 0.6170766929 -0.5621784084 5.3433578066 0.0000001462
0.0440000000 0.6139066037 -0.8999744416 2.0202915062 8.6321710611 0.6139066037 -0.5525002529 5.2993468188 0.0000017552
0.0460000000 0.6107498961 -0.8889131398 2.0057610084 8.6053221289 0.6107498961 -0.5429036078 5.2556995964 0.0000007859
0.0480000000 0.6076050795 -0.8778514723 1.9913198323 8.5786262233 0.6076050795 -0.5333870136 5.2124168683 0.0000011975
0.0500000000 0.6044742028 -0.8667892370 1.9769667910 8.5520520394 0.6044742028 -0.5239517331 5.1694948390 0.0000007313
0.0520000000 0.6013549572 -0.8557266596 1.9627022535 8.5256338256 0.6013549572 -0.5145954688 5.1269321645 0.0000006525
0.0540000000 0.5982495991 -0.8446637754 1.9485254647 8.4993392723 0.5982495991 -0.5053197650 5.0847263120 0.0000003808
0.0560000000 0.5951561247 -0.8336007152 1.9344364261 8.4731970670 0.5951561247 -0.4961225712 5.0428751304 0.0000001322
0.0580000000 0.5920761469 -0.8225375971 1.9204346461 8.4471846360 0.5920761469 -0.4870048912 5.0013765316 0.0000001046
0.0600000000 0.5890084375 -0.8114745343 1.9065199477 8.4213194712 0.5890084375 -0.4779653475 4.9602282230 0.0000003971
0.0620000000 0.5859538631 -0.8004116664 1.8926919679 8.3955896345 0.5859538631 -0.4690043080 4.9194281797 0.0000006480
0.0640000000 0.5829118276 -0.7893491128 1.8789504556 8.3700037189 0.5829118276 -0.4601209339 4.8789741645 0.0000009465
0.0660000000 0.5798827130 -0.7782870161 1.8652950989 8.3445566037 0.5798827130 -0.4513151864 4.8388641222 0.0000012234
0.0680000000 0.5768662718 -0.7672255081 1.8517256237 8.3192520118 0.5768662718 -0.4425865185 4.7990958926 0.0000015279
0.0700000000 0.5738626514 -0.7561647343 1.8382417383 8.2940881283 0.5738626514 -0.4339346993 4.7596674039 0.0000018303
0.0720000000 0.5708717584 -0.7451048386 1.8248431657 8.2690665360 0.5708717584 -0.4253593094 4.7205765541 0.0000021482
0.0740000000 0.5678936454 -0.7340459726 1.8115296249 8.2441867735 0.5678936454 -0.4168600433 4.6818212803 0.0000024754
0.0760000000 0.5649282796 -0.7229882922 1.7983008438 8.2194496051 0.5649282796 -0.4084365321 4.6433995248 0.0000028142
0.0780000000 0.5619756798 -0.7119319591 1.7851565504 8.1948550755 0.5619756798 -0.4000884467 4.6053092518 0.0000031683
0.0800000000 0.5590358362 -0.7008771417 1.7720964810 8.1704036644 0.5590358362 -0.3918154390 4.5675484450 0.0000035348
0.0820000000 0.5561087577 -0.6898240147 1.7591203744 8.1460956035 0.5561087577 -0.3836171759 4.5301151061 0.0000039199
0.0840000000 0.5531944442 -0.6787727615 1.7462279774 8.1219312842 0.5531944442 -0.3754933205 4.4930072625 0.0000043200
0.0860000000 0.5502929030 -0.6677235724 1.7334190415 8.0979110155 0.5502929030 -0.3674435431 4.4562229613 0.0000047414
0.0880000000 0.5474041399 -0.6566766479 1.7206933266 8.0740351710 0.5474041399 -0.3594675156 4.4197602781 0.0000051813
0.0900000000 0.5445281639 -0.6456321971 1.7080505989 8.0503041015 0.5445281639 -0.3515649149 4.3836173114 0.0000056451
0.0920000000 0.5416649853 -0.6345904406 1.6954906336 8.0267181901 0.5416649853 -0.3437354217 4.3477921904 0.0000061317
0.0940000000 0.5388146168 -0.6235516095 1.6830132142 8.0032778200 0.5388146168 -0.3359787215 4.3122830718 0.0000066456
0.0960000000 0.5359770732 -0.6125159477 1.6706181342 7.9799833968 0.5359770732 -0.3282945050 4.2770881455 0.0000071870
0.0980000000 0.5331523720 -0.6014837122 1.6583051971 7.9568353365 0.5331523720 -0.3206824679 4.2422056334 0.0000077602
0.1000000000 0.5303405332 -0.5904551746 1.6460742180 7.9338340758 0.5303405332 -0.3131423122 4.2076337943 0.0000083664
0.1020000000 0.5275415800 -0.5794306223 1.6339250240 7.9109800681 0.5275415800 -0.3056737460 4.1733709243 0.0000090097
0.1040000000 0.5247555386 -0.5684103598 1.6218574556 7.8882737890 0.5247555386 -0.2982764845 4.1394153608 0.0000096924
0.1060000000 0.5219824390 -0.5573947101 1.6098713676 7.8657157358 0.5219824390 -0.2909502502 4.1057654841 0.0000104189
0.1080000000 0.5192223149 -0.5463840166 1.5979666306 7.8433064313 0.5192223149 -0.2836947739 4.0724197215 0.0000111925
0.1100000000 0.5164752042 -0.5353786446 1.5861431320 7.8210464253 0.5164752042 -0.2765097948 4.0393765496 0.0000120180
0.1120000000 0.5137411496 -0.5243789836 1.5744007778 7.7989362975 0.5137411496 -0.2693950618 4.0066344988 0.0000128998
0.1140000000 0.5110201985 -0.5133854491 1.5627394939 7.7769766604 0.5110201985 -0.2623503341 3.9741921569 0.0000138436
0.1160000000 0.5083124042 -0.5023984855 1.5511592285 7.7551681625 0.5083124042 -0.2553753821 3.9420481737 0.0000148552
0.1180000000 0.5056178258 -0.4914185686 1.5396599532 7.7335114916 0.5056178258 -0.2484699882 3.9102012660 0.0000159412
0.1200000000 0.5029365290 -0.4804462082 1.5282416663 7.7120073792 0.5029365290 -0.2416339483 3.8786502228 0.0000171090
0.1220000000 0.5002685869 -0.4694819522 1.5169043943 7.6906566046 0.5002685869 -0.2348670728 3.8473939117 0.0000183670
0.1240000000 0.4976140805 -0.4585263898 1.5056481955 7.6694599995 0.4976140805 -0.2281691878 3.8164312857 0.0000197243
0.1260000000 0.4949730998 -0.4475801557 1.4944731624 7.6484184540 0.4949730998 -0.2215401371 3.7857613906 0.0000211915
0.1280000000 0.4923457443 -0.4366439351 1.4833794257 7.6275329223 0.4923457443 -0.2149797832 3.7553833734 0.0000227802
0.1300000000 0.4897321243 -0.4257184686 1.4723671576 7.6068044298 0.4897321243 -0.2084880099 3.7252964923 0.0000245038
0.1320000000 0.4871323621 -0.4148045581 1.4614365770 7.5862340804 0.4871323621 -0.2020647242 3.6955001267 0.0000263773
0.1340000000 0.4845465930 -0.4039030737 1.4505879534 7.5658230659 0.4845465930 -0.1957098583 3.6659937901 0.0000284178
0.1360000000 0.4819749673 -0.3930149611 1.4398216133 7.5455726748 0.4819749673 -0.1894233730 3.6367771430 0.0000306446
0.1380000000 0.4794176512 -0.3821412500 1.4291379461 7.5254843043 0.4794176512 -0.1832052605 3.6078500089 0.0000330798
0.1400000000 0.4768748292 -0.3712830639 1.4185374113 7.5055594723 0.4768748292 -0.1770555477 3.5792123914 0.0000357488
0.1420000000 0.4743467063 -0.3604416308 1.4080205466 7.4857998322 0.4743467063 -0.1709743004 3.5508644944 0.0000386805
0.1440000000 0.4718335100 -0.3496182962 1.3975879771 7.4662071885 0.4718335100 -0.1649616279 3.5228067444 0.0000419084
0.1460000000 0.4693354935 -0.3388145369 1.3872404259 7.4467835160 0.4693354935 -0.1590176879 3.4950398168 0.0000454707
0.1480000000 0.4668529387 -0.3280319777 1.3769787261 7.4275309811 0.4668529387 -0.1531426927 3.4675646655 0.0000494119
0.1500000000 0.4643861596 -0.3172724097 1.3668038350 7.4084519657 0.4643861596 -0.1473369159 3.4403825566 0.0000537835
0.1520000000 0.4619355069 -0.3065378126 1.3567168492 7.3895490956 0.4619355069 -0.1416006998 3.4134951075 0.0000586455
0.1540000000 0.4595013729 -0.2958303788 1.3467190239 7.3708252730 0.4595013729 -0.1359344652 3.3869043320 0.0000640675
0.1560000000 0.4570841963 -0.2851525428 1.3368117934 7.3522837132 0.4570841963 -0.1303387209 3.3606126923 0.0000701312
0.1580000000 0.4546844697 -0.2745070138 1.3269967955 7.3339279882 0.4546844697 -0.1248140760 3.3346231584 0.0000769324
0.1600000000 0.4523027463 -0.2638968145 1.3172759003 7.3157620763 0.4523027463 -0.1193612539 3.3089392781 0.0000845837
0.1620000000 0.4499396486 -0.2533253257 1.3076512424 7.2977904197 0.4499396486 -0.1139811080 3.2835652567 0.0000932180
0.1640000000 0.4475958788 -0.2427963382 1.2981252594 7.2800179916 0.4475958788 -0.1086746404 3.2585060508 0.0001029924
0.1660000000 0.4452722304 -0.2323141132 1.2887007357 7.2624503743 0.4452722304 -0.1034430234 3.2337674765 0.0001140933
0.1680000000 0.4429696014 -0.2218834522 1.2793808544 7.2450938488 0.4429696014 -0.0982876244 3.2093563346 0.0001267423
0.1700000000 0.4406890105 -0.2115097789 1.2701692561 7.2279555001 0.4406890105 -0.0932100352 3.1852805571 0.0001412034
0.1720000000 0.4384316149 -0.2011992340 1.2610701087 7.2110433382 0.4384316149 -0.0882121051 3.1615493758 0.0001577919
0.1740000000 0.4361987320 -0.1909587853 1.2520881873 7.1943664389 0.4361987320 -0.0832959800 3.1381735179 0.0001768844
0.1760000000 0.4339918633 -0.1807963547 1.2432289660 7.1779351045 0.4339918633 -0.0784641469 3.1151654308 0.0001989321
0.1780000000 0.4318127230 -0.1707209646 1.2344987238 7.1617610496 0.4318127230 -0.0737194846 3.0925395403 0.0002244748
0.1800000000 0.4296632693 -0.1607429050 1.2259046651 7.1458576105 0.4296632693 -0.0690653221 3.0703125429 0.0002541585
0.1820000000 0.4275457408 -0.1508739223 1.2174550544 7.1302399814 0.4275457408 -0.0645055029 3.0485037351 0.0002887551
0.1840000000 0.4254626964 -0.1411274295 1.2091593667 7.1149254743 0.4254626964 -0.0600444567 3.0271353768 0.0003291844
0.1860000000 0.4234170583 -0.1315187363 1.2010284494 7.0999338008 0.4234170583 -0.0556872764 3.0062330837 0.0003765374
0.1880000000 0.4214121580 -0.1220652922 1.1930746925 7.0852873649 0.4214121580 -0.0514397982 2.9858262383 0.0004321006
0.1900000000 0.4194517820 -0.1127869333 1.1853121984 7.0710115539 0.4194517820 -0.0473086802 2.9659483965 0.0004973769
0.1920000000 0.4175402140 -0.1037061153 1.1777569379 7.0571350015 0.4175402140 -0.0433014736 2.9466376586 0.0005741023
0.1940000000 0.4156822689 -0.0948481049 1.1704268720 7.0436897880 0.4156822689 -0.0394266754 2.9279369526 0.0006642492
0.1960000000 0.4138833102 -0.0862410923 1.1633420100 7.0307115244 0.4138833102 -0.0356937488 2.9098941590 0.0007700127
0.1980000000 0.4121492409 -0.0779161715 1.1565243663 7.0182392527 0.4121492409 -0.0321130909 2.8925619803 0.0008937671
0.2000000000 0.4104864549 -0.0699071221 1.1499977647 7.0063150741 0.4104864549 -0.0286959267 2.8759974366 0.0010379848
0.2020000000 0.4089017347 -0.0622499153 1.1437874373 6.9949834101 0.4089017347 -0.0254540984 2.8602608509 0.0012051060
0.2040000000 0.4074020797 -0.0549818669 1.1379193595 6.9842897960 0.4074020797 -0.0223997269 2.8454141882 0.0013973546
0.2060000000 0.4059944535 -0.0481403724 1.1324192802 6.9742791348 0.4059944535 -0.0195447242 2.8315186456 0.0016165030
0.2080000000 0.4046854471 -0.0417612017 1.1273114317 6.9649933909 0.4046854471 -0.0169001506 2.8186314647 0.0018635990
0.2100000000 0.4034808676 -0.0358763975 1.1226169606 6.9564687958 0.4034808676 -0.0144754400 2.8068020648 0.0021386867
0.2120000000 0.4023852787 -0.0305119169 1.1183521852 6.9487327620 0.4023852787 -0.0122775462 2.7960677688 0.0024405625
0.2140000000 0.4014015439 -0.0256852584 1.1145268649 6.9418008320 0.4014015439 -0.0103101024 2.7864495712 0.0027666146
0.2160000000 0.4005304332 -0.0214033995 1.1111427225 6.9356740931 0.4005304332 -0.0085727129 2.7779485488 0.0031127823
0.2180000000 0.3997703630 -0.0176613982 1.1081924781 6.9303375156 0.3997703630 -0.0070605036 2.7705435445 0.0034736479
0.2200000000 0.3991173259 -0.0144419539 1.1056596102 6.9257595897 0.3991173259 -0.0057640340 2.7641906474 0.0038426387
0.2220000000 0.3985650381 -0.0117160831 1.1035189478 6.9218934439 0.3985650381 -0.0046696211 2.7588247243 0.0042122833
0.2240000000 0.3981052961 -0.0094448658 1.1017380565 6.9186793672 0.3981052961 -0.0037600511 2.7543628978 0.0045744473
0.2260000000 0.3977284933 -0.0075820262 1.1002792318 6.9160484045 0.3977284933 -0.0030155879 2.7507095116 0.0049204805
0.2280000000 0.3974242241 -0.0060769683 1.0991018166 6.9139265129 0.3974242241 -0.0024151344 2.7477618798 0.0052412230
0.2300000000 0.3971818900 -0.0048778461 1.0981645254 6.9122387190 0.3971818900 -0.0019373921 2.7454160386 0.0055268582
0.2320000000 0.3969912380 -0.0039342952 1.0974274997 6.9109127840 0.3969912380 -0.0015618807 2.7435718217 0.0057666338
0.2340000000 0.3968427790 -0.0031995713 1.0968539045 6.9098820430 0.3968427790 -0.0012697268 2.7421367925 0.0059485232
0.2360000000 0.3967280659 -0.0026319782 1.0964109825 6.9090872716 0.3967280659 -0.0010441796 2.7410288303 0.0060589601
0.2380000000 0.3966398330 -0.0021956012 1.0960705789 6.9084776039 0.3966398330 -0.0008708629 2.7401774033 0.0060828795
0.2400000000 0.3965720188 -0.0018604462 1.0958092168 6.9080106481 0.3965720188 -0.0007378009 2.7395237283 0.0060044295
0.2420000000 0.3965197005 -0.0016021381 1.0956078382 6.9076520056 0.3965197005 -0.0006352793 2.7390201045 0.0058088605
0.2440000000 0.3964789746 -0.0014013370 1.0954513341 6.9073744128 0.3964789746 -0.0005556007 2.7386287245 0.0054861443
0.2460000000 0.3964468089 -0.0012430154 1.0953279707 6.9071567021 0.3964468089 -0.0004927895 2.7383202330 0.0050366155
0.2480000000 0.3964208906 -0.0011157081 1.0952287999 6.9069827337 0.3964208906 -0.0004422900 2.7380722465 0.0044780839
0.2500000000 0.3963994853 -0.0010108157 1.0951471120 6.9068404071 0.3963994853 -0.0004006868 2.7378679826 0.0038523137
0.2520000000 0.3963813167 -0.0009220089 1.0950779697 6.9067208198 0.3963813167 -0.0003654671 2.7376950928 0.0032269394
0.2540000000 0.3963654713 -0.0008447578 1.0950178398 6.9066176020 0.3963654713 -0.0003348328 2.7375447410 0.0026880415
0.2560000000 0.3963513278 -0.0007759815 1.0949643195 6.9065264232 0.3963513278 -0.0003075613 2.7374109180 0.0023204168
0.2580000000 0.3963385035 -0.0007137829 1.0949159294 6.9064446181 0.3963385035 -0.0002828997 2.7372899244 0.0021781499
0.2600000000 0.3963268050 -0.0006572035 1.0948719216 6.9063708410 0.3963268050 -0.0002604674 2.7371798897 0.0022565746
0.2620000000 0.3963161683 -0.0006059268 1.0948320493 6.9063046494 0.3963161683 -0.0002401386 2.7370801961 0.0024829965
0.2640000000 0.3963065871 -0.0005599222 1.0947962882 6.9062460021 0.3963065871 -0.0002219009 2.7369907825 0.0027383675
0.2660000000 0.3962980448 -0.0005191095 1.0947645753 6.9061947883 0.3962980448 -0.0002057221 2.7369114917 0.0029028362
0.2680000000 0.3962904758 -0.0004831632 1.0947366568 6.9061505527 0.3962904758 -0.0001914730 2.7368416882 0.0029007117
0.2700000000 0.3962837623 -0.0004515004 1.0947120781 6.9061124783 0.3962837623 -0.0001789223 2.7367802355 0.0027235448
0.2720000000 0.3962777577 -0.0004233943 1.0946902726 6.9060795466 0.3962777577 -0.0001677817 2.7367257169 0.0024269596
0.2740000000 0.3962723159 -0.0003981212 1.0946706762 6.9060507440 0.3962723159 -0.0001577644 2.7366767220 0.0021072465
0.2760000000 0.3962673153 -0.0003750786 1.0946528194 6.9060252280 0.3962673153 -0.0001486314 2.7366320765 0.0018647350
0.2780000000 0.3962626717 -0.0003538501 1.0946363776 6.9060024185 0.3962626717 -0.0001402176 2.7365909688 0.0017633869
0.2800000000 0.3962583395 -0.0003342114 1.0946211760 6.9059820060 0.3962583395 -0.0001324341 2.7365529622 0.0018025345
0.2820000000 0.3962543018 -0.0003160803 1.0946071505 6.9059638812 0.3962543018 -0.0001252482 2.7365178959 0.0019178389
0.2840000000 0.3962505528 -0.0002994299 1.0945942800 6.9059480134 0.3962505528 -0.0001186493 2.7364857178 0.0020151709
0.2860000000 0.3962470814 -0.0002842077 1.0945825237 6.9059343362 0.3962470814 -0.0001126165 2.7364563252 0.0020193177
0.2880000000 0.3962438634 -0.0002702953 1.0945717894 6.9059226915 0.3962438634 -0.0001071029 2.7364294879 0.0019094204
0.2900000000 0.3962408634 -0.0002575195 1.0945619419 6.9059128442 0.3962408634 -0.0001020397 2.7364048678 0.0017240979
0.2920000000 0.3962380427 -0.0002456917 1.0945528344 6.9059045393 0.3962380427 -0.0000973524 2.7363820980 0.0015375651
0.2940000000 0.3962353688 -0.0002346523 1.0945443426 6.9058975629 0.3962353688 -0.0000929775 2.7363608674 0.0014198088
0.2960000000 0.3962328198 -0.0002242971 1.0945363852 6.9058917795 0.3962328198 -0.0000888739 2.7363409728 0.0013995721
0.2980000000 0.3962303854 -0.0002145775 1.0945289244 6.9058871327 0.3962303854 -0.0000850221 2.7363223200 0.0014498509
0.3000000000 0.3962280617 -0.0002054776 1.0945219478 6.9058836121 0.3962280617 -0.0000814160 2.7363048779 0.0015060767
0.3020000000 0.3962258448 -0.0001969815 1.0945154431 6.9058812073 0.3962258448 -0.0000780492 2.7362886153 0.0015068579
0.3040000000 0.3962237262 -0.0001890507 1.0945093802 6.9058798764 0.3962237262 -0.0000749064 2.7362734576 0.0014309324
0.3060000000 0.3962216928 -0.0001816231 1.0945037109 6.9058795447 0.3962216928 -0.0000719630 2.7362592838 0.0013071676
0.3080000000 0.3962197297 -0.0001746288 1.0944983806 6.9058801270 0.3962197297 -0.0000691914 2.7362459575 0.0011931486
0.3100000000 0.3962178244 -0.0001680093 1.0944933439 6.9058815551 0.3962178244 -0.0000665683 2.7362333654 0.0011367688
0.3120000000 0.3962159690 -0.0001617301 1.0944885738 6.9058837947 0.3962159690 -0.0000640800 2.7362214398 0.0011451310
0.3140000000 0.3962141600 -0.0001557775 1.0944840599 6.9058868420 0.3962141600 -0.0000617212 2.7362101544 0.0011817090
0.3160000000 0.3962123953 -0.0001501454 1.0944797973 6.9058907038 0.3962123953 -0.0000594895 2.7361994976 0.0011942942
0.3180000000 0.3962106714 -0.0001448209 1.0944757760 6.9058953779 0.3962106714 -0.0000573796 2.7361894441 0.0011530915
0.3200000000 0.3962089821 -0.0001397784 1.0944719761 6.9059008448 0.3962089821 -0.0000553814 2.7361799440 0.0010705205
0.3220000000 0.3962073199 -0.0001349852 1.0944683722 6.9059070766 0.3962073199 -0.0000534821 2.7361709341 0.0009891883
0.3240000000 0.3962056779 -0.0001304125 1.0944649420 6.9059140516 0.3962056779 -0.0000516702 2.7361623584 0.0009483143
0.3260000000 0.3962040515 -0.0001260429 1.0944616718 6.9059217655 0.3962040515 -0.0000499387 2.7361541828 0.0009540695
0.3280000000 0.3962024381 -0.0001218695 1.0944585565 6.9059302301 0.3962024381 -0.0000482850 2.7361463943 0.0009765408
0.3300000000 0.3962008356 -0.0001178887 1.0944555933 6.9059394628 0.3962008356 -0.0000467076 2.7361389861 0.0009755828
0.3320000000 0.3961992412 -0.0001140924 1.0944527758 6.9059494750 0.3961992412 -0.0000452033 2.7361319421 0.0009338839
0.3340000000 0.3961976504 -0.0001104652 1.0944500922 6.9059602703 0.3961976504 -0.0000437660 2.7361252330 0.0008696467
0.3360000000 0.3961960581 -0.0001069896 1.0944475289 6.9059718501 0.3961960581 -0.0000423888 2.7361188245 0.0008192222
0.3380000000 0.3961944600 -0.0001036517 1.0944450752 6.9059842236 0.3961944600 -0.0000410662 2.7361126900 0.0008052885
0.3400000000 0.3961928529 -0.0001004447 1.0944427257 6.9059974114 0.3961928529 -0.0000397955 2.7361068163 0.0008179885
0.3420000000 0.3961912345 -0.0000973662 1.0944404787 6.9060114420 0.3961912345 -0.0000385756 2.7361011987 0.0008253153
0.3440000000 0.3961896023 -0.0000944126 1.0944383315 6.9060263443 0.3961896023 -0.0000374053 2.7360958306 0.0008029023
0.3460000000 0.3961879526 -0.0000915764 1.0944362782 6.9060421431 0.3961879526 -0.0000362815 2.7360906973 0.0007555410
0.3480000000 0.3961862812 -0.0000888469 1.0944343106 6.9060588617 0.3961862812 -0.0000351999 2.7360857782 0.0007110325
0.3500000000 0.3961845838 -0.0000862147 1.0944324215 6.9060765282 0.3961845838 -0.0000341569 2.7360810551 0.0006931250
0.3520000000 0.3961828569 -0.0000836746 1.0944306067 6.9060951795 0.3961828569 -0.0000331505 2.7360765182 0.0006994413
0.3540000000 0.3961810974 -0.0000812249 1.0944288650 6.9061148599 0.3961810974 -0.0000321798 2.7360721639 0.0007052244
0.3560000000 0.3961793020 -0.0000788634 1.0944271948 6.9061356165 0.3961793020 -0.0000312440 2.7360679883 0.0006885524
0.3580000000 0.3961774669 -0.0000765855 1.0944255925 6.9061574958 0.3961774669 -0.0000303414 2.7360639824 0.0006514829
0.3600000000 0.3961755872 -0.0000743843 1.0944240528 6.9061805456 0.3961755872 -0.0000294693 2.7360601331 0.0006163687
0.3620000000 0.3961736584 -0.0000722539 1.0944225710 6.9062048191 0.3961736584 -0.0000286251 2.7360564285 0.0006022103
0.3640000000 0.3961716758 -0.0000701909 1.0944211445 6.9062303782 0.3961716758 -0.0000278076 2.7360528623 0.0006057775
0.3660000000 0.3961696351 -0.0000681939 1.0944197724 6.9062572926 0.3961696351 -0.0000270164 2.7360494319 0.0006065712
0.3680000000 0.3961675317 -0.0000662613 1.0944184533 6.9062856364 0.3961675317 -0.0000262506 2.7360461340 0.0005893078
0.3700000000 0.3961653601 -0.0000643896 1.0944171845 6.9063154868 0.3961653601 -0.0000255089 2.7360429621 0.0005592988
0.3720000000 0.3961631144 -0.0000625744 1.0944159626 6.9063469265 0.3961631144 -0.0000247897 2.7360399073 0.0005349055
0.3740000000 0.3961607881 -0.0000608118 1.0944147847 6.9063800471 0.3961607881 -0.0000240913 2.7360369624 0.0005267737
0.3760000000 0.3961583750 -0.0000591000 1.0944136493 6.9064149505 0.3961583750 -0.0000234130 2.7360341238 0.0005272439
0.3780000000 0.3961558683 -0.0000574379 1.0944125555 6.9064517483 0.3961558683 -0.0000227544 2.7360313894 0.0005207275
0.3800000000 0.3961532607 -0.0000558237 1.0944115020 6.9064905604 0.3961532607 -0.0000221148 2.7360287557 0.0005017366
0.3820000000 0.3961505441 -0.0000542548 1.0944104868 6.9065315156 0.3961505441 -0.0000214930 2.7360262175 0.0004795894
0.3840000000 0.3961477094 -0.0000527280 1.0944095075 6.9065747551 0.3961477094 -0.0000208881 2.7360237693 0.0004658525
0.3860000000 0.3961447474 -0.0000512416 1.0944085626 6.9066204343 0.3961447474 -0.0000202991 2.7360214071 0.0004608948
0.3880000000 0.3961416477 -0.0000497942 1.0944076513 6.9066687246 0.3961416477 -0.0000197255 2.7360191287 0.0004553127
0.3900000000 0.3961383994 -0.0000483846 1.0944067725 6.9067198125 0.3961383994 -0.0000191670 2.7360169318 0.0004426125
0.3920000000 0.3961349904 -0.0000470110 1.0944059251 6.9067739022 0.3961349904 -0.0000186227 2.7360148131 0.0004262671
0.3940000000 0.3961314071 -0.0000456715 1.0944051073 6.9068312176 0.3961314071 -0.0000180919 2.7360127688 0.0004133705
0.3960000000 0.3961276350 -0.0000443645 1.0944043182 6.9068920066 0.3961276350 -0.0000175740 2.7360107958 0.0004050822
0.3980000000 0.3961236581 -0.0000430887 1.0944035567 6.9069565428 0.3961236581 -0.0000170685 2.7360088921 0.0003967435
0.4000000000 0.3961194588 -0.0000418431 1.0944028220 6.9070251283 0.3961194588 -0.0000165748 2.7360070554 0.0003857044
0.4020000000 0.3961150174 -0.0000406261 1.0944021132 6.9070980977 0.3961150174 -0.0000160926 2.7360052834 0.0003744963
0.4040000000 0.3961103125 -0.0000394367 1.0944014293 6.9071758228 0.3961103125 -0.0000156213 2.7360035736 0.0003653345
0.4060000000 0.3961053199 -0.0000382736 1.0944007695 6.9072587178 0.3961053199 -0.0000151604 2.7360019241 0.0003558676
0.4080000000 0.3961000129 -0.0000371358 1.0944001331 6.9073472450 0.3961000129 -0.0000147095 2.7360003329 0.0003436996
0.4100000000 0.3960943616 -0.0000360220 1.0943995191 6.9074419215 0.3960943616 -0.0000142681 2.7359987979 0.0003320161
0.4120000000 0.3960883322 -0.0000349312 1.0943989267 6.9075433286 0.3960883322 -0.0000138358 2.7359973170 0.0003253615
0.4140000000 0.3960818872 -0.0000338625 1.0943983554 6.9076521227 0.3960818872 -0.0000134123 2.7359958888 0.0003210256
0.4160000000 0.3960749838 -0.0000328153 1.0943978049 6.9077690450 0.3960749838 -0.0000129973 2.7359945124 0.0003110519
0.4180000000 0.3960675737 -0.0000317887 1.0943972744 6.9078949351 0.3960675737 -0.0000125905 2.7359931861 0.0002946402
0.4200000000 0.3960596017 -0.0000307814 1.0943967629 6.9080307499 0.3960596017 -0.0000121913 2.7359919075 0.0002819474
0.4220000000 0.3960510048 -0.0000297922 1.0943962698 6.9081775871 0.3960510048 -0.0000117992 2.7359906748 0.0002801228
0.4240000000 0.3960417105 -0.0000288210 1.0943957949 6.9083367104 0.3960417105 -0.0000114143 2.7359894875 0.0002802520
0.4260000000 0.3960316354 -0.0000278673 1.0943953382 6.9085095768 0.3960316354 -0.0000110363 2.7359883456 0.0002682391
0.4280000000 0.3960206825 -0.0000269304 1.0943948988 6.9086978735 0.3960206825 -0.0000106650 2.7359872471 0.0002473275
0.4300000000 0.3960087387 -0.0000260087 1.0943944758 6.9089035737 0.3960087387 -0.0000102997 2.7359861897 0.0002363079
0.4320000000 0.3959956706 -0.0000251013 1.0943940687 6.9091290006 0.3959956706 -0.0000099400 2.7359851719 0.0002407892
0.4340000000 0.3959813211 -0.0000242085 1.0943936777 6.9093769032 0.3959813211 -0.0000095861 2.7359841943 0.0002419454
0.4360000000 0.3959655039 -0.0000233302 1.0943933027 6.9096505366 0.3959655039 -0.0000092379 2.7359832568 0.0002242896
0.4380000000 0.3959479959 -0.0000224650 1.0943929429 6.9099537965 0.3959479959 -0.0000088950 2.7359823575 0.0002014391
0.4400000000 0.3959285276 -0.0000216117 1.0943925974 6.9102913865 0.3959285276 -0.0000085567 2.7359814936 0.0001969741
0.4420000000 0.3959067703 -0.0000207698 1.0943922660 6.9106690513 0.3959067703 -0.0000082229 2.7359806650 0.0002071809
0.4440000000 0.3958823237 -0.0000199398 1.0943919491 6.9110938006 0.3958823237 -0.0000078938 2.7359798728 0.0002035758
0.4460000000 0.3958546929 -0.0000191214 1.0943916466 6.9115742861 0.3958546929 -0.0000075693 2.7359791167 0.0001774758
0.4480000000 0.3958232632 -0.0000183131 1.0943913574 6.9121212613 0.3958232632 -0.0000072487 2.7359783936 0.0001579495
0.4500000000 0.3957872564 -0.0000175136 1.0943910808 6.9127483459 0.3957872564 -0.0000069317 2.7359777021 0.0001670524
0.4520000000 0.3957456900 -0.0000167234 1.0943908173 6.9134727491 0.3957456900 -0.0000066182 2.7359770432 0.0001784675
0.4540000000 0.3956973063 -0.0000159432 1.0943905672 6.9143165104 0.3956973063 -0.0000063087 2.7359764181 0.0001581136
0.4560000000 0.3956404982 -0.0000151716 1.0943903299 6.9153078035 0.3956404982 -0.0000060025 2.7359758248 0.0001262720
0.4580000000 0.3955731590 -0.0000144069 1.0943901042 6.9164835852 0.3955731590 -0.0000056990 2.7359752606 0.0001274326
0.4600000000 0.3954925459 -0.0000136491 1.0943898903 6.9178920153 0.3954925459 -0.0000053981 2.7359747257 0.0001488298
0.4620000000 0.3953950141 -0.0000128994 1.0943896889 6.9195971745 0.3953950141 -0.0000051003 2.7359742222 0.0001386194
0.4640000000 0.3952758087 -0.0000121571 1.0943894999 6.9216827583 0.3952758087 -0.0000048054 2.7359737498 0.0001001598
0.4660000000 0.3951285290 -0.0000114201 1.0943893220 6.9242616117 0.3951285290 -0.0000045124 2.7359733051 0.0000906690
0.4680000000 0.3949447829 -0.0000106879 1.0943891548 6.9274820308 0.3949447829 -0.0000042211 2.7359728869 0.0001163408
0.4700000000 0.3947132606 -0.0000099620 1.0943889991 6.9315444177 0.3947132606 -0.0000039321 2.7359724979 0.0001177204
0.4720000000 0.3944195798 -0.0000092422 1.0943888558 6.9367046653 0.3944195798 -0.0000036453 2.7359721396 0.0000777469
0.4740000000 0.3940447542 -0.0000085265 1.0943887234 6.9433021992 0.3940447542 -0.0000033598 2.7359718085 0.0000568883
0.4760000000 0.3935656019 -0.0000078137 1.0943886007 6.9517546473 0.3935656019 -0.0000030752 2.7359715017 0.0000822242
0.4780000000 0.3929525876 -0.0000071053 1.0943884888 6.9625988186 0.3929525876 -0.0000027921 2.7359712220 0.0000947869
0.4800000000 0.3921731193 -0.0000064018 1.0943883892 6.9764367789 0.3921731193 -0.0000025106 2.7359709729 0.0000571181
0.4820000000 0.3911906610 -0.0000057012 1.0943883005 6.9939572294 0.3911906610 -0.0000022303 2.7359707513 0.0000266260
0.4840000000 0.3899644703 -0.0000050020 1.0943882209 7.0159482731 0.3899644703 -0.0000019506 2.7359705523 0.0000486269
0.4860000000 0.3884853023 -0.0000043054 1.0943881513 7.0426612326 0.3884853023 -0.0000016726 2.7359703783 0.0000683091
0.4880000000 0.3867453041 -0.0000036122 1.0943880939 7.0743463619 0.3867453041 -0.0000013970 2.7359702348 0.0000348897
0.4900000000 0.3848257900 -0.0000029209 1.0943880477 7.1096329565 0.3848257900 -0.0000011240 2.7359701193 0.0000020866
0.4920000000 0.3828588686 -0.0000022295 1.0943880100 7.1461581528 0.3828588686 -0.0000008536 2.7359700250 0.0000197817
0.4940000000 0.3810577297 -0.0000015393 1.0943879813 7.1799355839 0.3810577297 -0.0000005866 2.7359699531 0.0000364109
0.4960000000 0.3797049415 -0.0000008510 1.0943879642 7.2055156811 0.3797049415 -0.0000003231 2.7359699104 0.0000070888
0.4980000000 0.3790542366 -0.0000001629 1.0943879584 7.2178850194 0.3790542366 -0.0000000618 2.7359698959 0.0000147679
0.5000000000 0.3792401009 0.0000005259 1.0943879608 7.2143475748 0.3792401009 0.0000001994 2.7359699020 0.0000005788
0.5020000000 0.3802751177 0.0000012147 1.0943879715 7.1947119372 0.3802751177 0.0000004619 2.7359699287 0.0000004902
0.5040000000 0.3818954221 0.0000019035 1.0943879934 7.1641863853 0.3818954221 0.0000007269 2.7359699834 0.0000254545
0.5060000000 0.3838538748 0.0000025935 1.0943880269 7.1276343599 0.3838538748 0.0000009955 2.7359700672 0.0000310378
0.5080000000 0.3858534921 0.0000032853 1.0943880696 7.0906969361 0.3858534921 0.0000012676 2.7359701740 0.0000195090
0.5100000000 0.3876926634 0.0000039780 1.0943881211 7.0570597821 0.3876926634 0.0000015422 2.7359703027 0.0000326422
0.5120000000 0.3893071726 0.0000046723 1.0943881836 7.0277936069 0.3893071726 0.0000018189 2.7359704591 0.0000569638
0.5140000000 0.3906352309 0.0000053695 1.0943882582 7.0039014123 0.3906352309 0.0000020975 2.7359706454 0.0000547630
0.5160000000 0.3917194307 0.0000060697 1.0943883429 6.9845165775 0.3917194307 0.0000023776 2.7359708572 0.0000434552
0.5180000000 0.3925839556 0.0000067721 1.0943884369 6.9691362904 0.3925839556 0.0000026586 2.7359710923 0.0000595695
0.5200000000 0.3932669625 0.0000074775 1.0943885419 6.9570333021 0.3932669625 0.0000029407 2.7359713548 0.0000853386
0.5220000000 0.3938043113 0.0000081874 1.0943886589 6.9475411232 0.3938043113 0.0000032242 2.7359716474 0.0000841330
0.5240000000 0.3942255181 0.0000089017 1.0943887868 6.9401188945 0.3942255181 0.0000035093 2.7359719670 0.0000709822
0.5260000000 0.3945566178 0.0000096197 1.0943889247 6.9342958348 0.3945566178 0.0000037955 2.7359723117 0.0000837287
0.5280000000 0.3948177078 0.0000103421 1.0943890736 6.9297111810 0.3948177078 0.0000040832 2.7359726841 0.0001118037
0.5300000000 0.3950250670 0.0000110704 1.0943892347 6.9260746095 0.3950250670 0.0000043731 2.7359730867 0.0001155316
0.5320000000 0.3951909393 0.0000118048 1.0943894073 6.9231686412 0.3951909393 0.0000046652 2.7359735182 0.0001007679
0.5340000000 0.3953249420 0.0000125446 1.0943895907 6.9208230642 0.3953249420 0.0000049592 2.7359739767 0.0001080548
0.5360000000 0.3954342194 0.0000132902 1.0943897855 6.9189117411 0.3954342194 0.0000052554 2.7359744638 0.0001370974
0.5380000000 0.3955242627 0.0000140431 1.0943899927 6.9173379228 0.3955242627 0.0000055544 2.7359749818 0.0001471285
0.5400000000 0.3955991765 0.0000148041 1.0943902123 6.9160293878 0.3955991765 0.0000058565 2.7359755308 0.0001333030
0.5420000000 0.3956621318 0.0000155723 1.0943904438 6.9149304162 0.3956621318 0.0000061614 2.7359761094 0.0001343063
0.5440000000 0.3957155269 0.0000163478 1.0943906872 6.9139989005 0.3957155269 0.0000064691 2.7359767180 0.0001606387
0.5460000000 0.3957612206 0.0000171322 1.0943909434 6.9132022444 0.3957612206 0.0000067802 2.7359773586 0.0001775482
0.5480000000 0.3958006409 0.0000179264 1.0943912131 6.9125154179 0.3958006409 0.0000070953 2.7359780328 0.0001696160
0.5500000000 0.3958349136 0.0000187301 1.0943914959 6.9119186955 0.3958349136 0.0000074140 2.7359787397 0.0001646999
0.5520000000 0.3958649233 0.0000195432 1.0943917915 6.9113965838 0.3958649233 0.0000077365 2.7359794788 0.0001826634
0.5540000000 0.3958913768 0.0000203665 1.0943921006 6.9109367169 0.3958913768 0.0000080629 2.7359802516 0.0002045758
0.5560000000 0.3959148367 0.0000212016 1.0943924241 6.9105292530 0.3959148367 0.0000083940 2.7359810604 0.0002082354
0.5580000000 0.3959357589 0.0000220487 1.0943927623 6.9101662183 0.3959357589 0.0000087299 2.7359819058 0.0002018078
0.5600000000 0.3959545145 0.0000229076 1.0943931147 6.9098411224 0.3959545145 0.0000090704 2.7359827869 0.0002073814
0.5620000000 0.3959714091 0.0000237787 1.0943934816 6.9095486215 0.3959714091 0.0000094157 2.7359837041 0.0002273471
0.5640000000 0.3959866945 0.0000246632 1.0943938639 6.9092843206 0.3959866945 0.0000097663 2.7359846598 0.0002433298
0.5660000000 0.3960005801 0.0000255623 1.0943942623 6.9090445653 0.3960005801 0.0000101227 2.7359856559 0.0002441505
0.5680000000 0.3960132410 0.0000264763 1.0943946769 6.9088262938 0.3960132410 0.0000104849 2.7359866924 0.0002415347
0.5700000000 0.3960248257 0.0000274050 1.0943951077 6.9086269142 0.3960248257 0.0000108530 2.7359877693 0.0002514436
0.5720000000 0.3960354599 0.0000283492 1.0943955550 6.9084442301 0.3960354599 0.0000112273 2.7359888877 0.0002706847
0.5740000000 0.3960452511 0.0000293104 1.0943960199 6.9082763703 0.3960452511 0.0000116082 2.7359900500 0.0002834043
0.5760000000 0.3960542915 0.0000302895 1.0943965031 6.9081217319 0.3960542915 0.0000119963 2.7359912580 0.0002849528
0.5780000000 0.3960626604 0.0000312869 1.0943970048 6.9079789285 0.3960626604 0.0000123916 2.7359925122 0.0002864111
0.5800000000 0.3960704268 0.0000323029 1.0943975251 6.9078467556 0.3960704268 0.0000127942 2.7359938129 0.0002972531
0.5820000000 0.3960776511 0.0000333384 1.0943980646 6.9077241644 0.3960776511 0.0000132046 2.7359951618 0.0003136392
0.5840000000 0.3960843861 0.0000343948 1.0943986244 6.9076102395 0.3960843861 0.0000136232 2.7359965612 0.0003259713
0.5860000000 0.3960906781 0.0000354732 1.0943992052 6.9075041767 0.3960906781 0.0000140506 2.7359980133 0.0003315302
0.5880000000 0.3960965679 0.0000365743 1.0943998075 6.9074052658 0.3960965679 0.0000144869 2.7359995191 0.0003359943
0.5900000000 0.3961020919 0.0000376987 1.0944004318 6.9073128767 0.3961020919 0.0000149325 2.7360010797 0.0003449446
0.5920000000 0.3961072822 0.0000388474 1.0944010786 6.9072264501 0.3961072822 0.0000153877 2.7360026968 0.0003580304
0.5940000000 0.3961121678 0.0000400218 1.0944017490 6.9071454880 0.3961121678 0.0000158531 2.7360043728 0.0003713663
0.5960000000 0.3961167746 0.0000412231 1.0944024440 6.9070695459 0.3961167746 0.0000163292 2.7360061103 0.0003822840
0.5980000000 0.3961211256 0.0000424527 1.0944031644 6.9069982250 0.3961211256 0.0000168164 2.7360079114 0.0003905523
0.6000000000 0.3961252417 0.0000437116 1.0944039111 6.9069311666 0.3961252417 0.0000173153 2.7360097781 0.0003976002
0.6020000000 0.3961291419 0.0000450009 1.0944046848 6.9068680472 0.3961291419 0.0000178262 2.7360117124 0.0004061503
0.6040000000 0.3961328430 0.0000463217 1.0944054864 6.9068085745 0.3961328430 0.0000183496 2.7360137164 0.0004188046
0.6060000000 0.3961363606 0.0000476757 1.0944063170 6.9067524846 0.3961363606 0.0000188861 2.7360157930 0.0004348493
0.6080000000 0.3961397091 0.0000490647 1.0944071781 6.9066995384 0.3961397091 0.0000194365 2.7360179458 0.0004493156
0.6100000000 0.3961429012 0.0000504907 1.0944080711 6.9066495191 0.3961429012 0.0000200015 2.7360201782 0.0004576686
0.6120000000 0.3961459488 0.0000519549 1.0944089970 6.9066022288 0.3961459488 0.0000205817 2.7360224931 0.0004619974
0.6140000000 0.3961488626 0.0000534587 1.0944099568 6.9065574861 0.3961488626 0.0000211776 2.7360248925 0.0004703155
0.6160000000 0.3961516524 0.0000550034 1.0944109514 6.9065151254 0.3961516524 0.0000217897 2.7360273792 0.0004877533
0.6180000000 0.3961543275 0.0000565916 1.0944119828 6.9064749964 0.3961543275 0.0000224190 2.7360299577 0.0005094247
0.6200000000 0.3961568966 0.0000582260 1.0944130532 6.9064369626 0.3961568966 0.0000230666 2.7360326338 0.0005246606
0.6220000000 0.3961593676 0.0000599092 1.0944141645 6.9064008984 0.3961593676 0.0000237336 2.7360354121 0.0005291931
0.6240000000 0.3961617475 0.0000616428 1.0944153179 6.9063666871 0.3961617475 0.0000244205 2.7360382956 0.0005312892
0.6260000000 0.3961640429 0.0000634281 1.0944165144 6.9063342206 0.3961640429 0.0000251279 2.7360412868 0.0005435054
0.6280000000 0.3961662603 0.0000652674 1.0944177558 6.9063034005 0.3961662603 0.0000258568 2.7360443904 0.0005683744
0.6300000000 0.3961684056 0.0000671647 1.0944190452 6.9062741382 0.3961684056 0.0000266085 2.7360476138 0.0005944213
0.6320000000 0.3961704847 0.0000691242 1.0944203856 6.9062463530 0.3961704847 0.0000273850 2.7360509651 0.0006080351
0.6340000000 0.3961725028 0.0000711489 1.0944217797 6.9062199692 0.3961725028 0.0000281872 2.7360544502 0.0006087619
0.6360000000 0.3961744646 0.0000732407 1.0944232287 6.9061949149 0.3961744646 0.0000290161 2.7360580728 0.0006109324
0.6380000000 0.3961763744 0.0000754017 1.0944247342 6.9061711231 0.3961763744 0.0000298724 2.7360618367 0.0006288971
0.6400000000 0.3961782368 0.0000776356 1.0944262993 6.9061485346 0.3961782368 0.0000307575 2.7360657493 0.0006612803
0.6420000000 0.3961800563 0.0000799485 1.0944279284 6.9061270974 0.3961800563 0.0000316740 2.7360698222 0.0006914199
0.6440000000 0.3961818374 0.0000823463 1.0944296263 6.9061067643 0.3961818374 0.0000326241 2.7360740670 0.0007042340
0.6460000000 0.3961835839 0.0000848334 1.0944313962 6.9060874894 0.3961835839 0.0000336096 2.7360784919 0.0007023465
0.6480000000 0.3961852990 0.0000874124 1.0944332402 6.9060692274 0.3961852990 0.0000346315 2.7360831019 0.0007045373
0.6500000000 0.3961869861 0.0000900862 1.0944351605 6.9060519367 0.3961869861 0.0000356910 2.7360879027 0.0007273180
0.6520000000 0.3961886488 0.0000928609 1.0944371618 6.9060355829 0.3961886488 0.0000367904 2.7360929061 0.0007678813
0.6540000000 0.3961902912 0.0000957456 1.0944392511 6.9060201386 0.3961902912 0.0000379335 2.7360981296 0.0008057504
0.6560000000 0.3961919173 0.0000987498 1.0944414359 6.9060055797 0.3961919173 0.0000391239 2.7361035916 0.0008220838
0.6580000000 0.3961935305 0.0001018803 1.0944437213 6.9059918811 0.3961935305 0.0000403643 2.7361093052 0.0008183702
0.6600000000 0.3961951335 0.0001051412 1.0944461104 6.9059790152 0.3961951335 0.0000416564 2.7361152782 0.0008164334
0.6620000000 0.3961967290 0.0001085367 1.0944486065 6.9059669569 0.3961967290 0.0000430019 2.7361215187 0.0008389060
0.6640000000 0.3961983202 0.0001120754 1.0944512164 6.9059556888 0.3961983202 0.0000444041 2.7361280434 0.0008878930
0.6660000000 0.3961999117 0.0001157714 1.0944539507 6.9059452028 0.3961999117 0.0000458686 2.7361348795 0.0009416780
0.6680000000 0.3962015081 0.0001196410 1.0944568223 6.9059354961 0.3962015081 0.0000474019 2.7361420585 0.0009729585
0.6700000000 0.3962031136 0.0001236975 1.0944598415 6.9059265635 0.3962031136 0.0000490093 2.7361496067 0.0009729988
0.6720000000 0.3962047310 0.0001279492 1.0944630146 6.9059183934 0.3962047310 0.0000506941 2.7361575397 0.0009608104
0.6740000000 0.3962063629 0.0001324019 1.0944663460 6.9059109721 0.3962063629 0.0000524585 2.7361658685 0.0009687154
0.6760000000 0.3962080122 0.0001370655 1.0944698436 6.9059042930 0.3962080122 0.0000543064 2.7361746127 0.0010156308
0.6780000000 0.3962096843 0.0001419597 1.0944735226 6.9058983638 0.3962096843 0.0000562458 2.7361838105 0.0010903061
0.6800000000 0.3962113858 0.0001471129 1.0944774051 6.9058932060 0.3962113858 0.0000582878 2.7361935170 0.0011585943
0.6820000000 0.3962131237 0.0001525552 1.0944815144 6.9058888445 0.3962131237 0.0000604444 2.7362037907 0.0011893433
0.6840000000 0.3962149036 0.0001583100 1.0944858689 6.9058852959 0.3962149036 0.0000627248 2.7362146771 0.0011792748
0.6860000000 0.3962167294 0.0001643910 1.0944904790 6.9058825638 0.3962167294 0.0000651345 2.7362262029 0.0011578087
0.6880000000 0.3962186038 0.0001708088 1.0944953531 6.9058806479 0.3962186038 0.0000676776 2.7362383886 0.0011670661
0.6900000000 0.3962205318 0.0001775831 1.0945005065 6.9058795612 0.3962205318 0.0000703621 2.7362512725 0.0012310591
0.6920000000 0.3962225220 0.0001847529 1.0945059696 6.9058793446 0.3962225220 0.0000732033 2.7362649308 0.0013369385
0.6940000000 0.3962245869 0.0001923767 1.0945117878 6.9058800666 0.3962245869 0.0000762244 2.7362794768 0.0014420281
0.6960000000 0.3962267406 0.0002005205 1.0945180126 6.9058818076 0.3962267406 0.0000794516 2.7362950395 0.0015015902
0.6980000000 0.3962289953 0.0002092420 1.0945246889 6.9058846363 0.3962289953 0.0000829077 2.7363117309 0.0014990038
0.7000000000 0.3962313593 0.0002185792 1.0945318463 6.9058885944 0.3962313593 0.0000866079 2.7363296252 0.0014591070
0.7020000000 0.3962338381 0.0002285553 1.0945395029 6.9058937031 0.3962338381 0.0000905613 2.7363487677 0.0014352907
0.7040000000 0.3962364382 0.0002391999 1.0945476818 6.9058999925 0.3962364382 0.0000947797 2.7363692158 0.0014771570
0.7060000000 0.3962391730 0.0002505760 1.0945564319 6.9059075401 0.3962391730 0.0000992880 2.7363910922 0.0015990861
0.7080000000 0.3962420658 0.0002627973 1.0945658420 6.9059164952 0.3962420658 0.0001041314 2.7364146186 0.0017696678
0.7100000000 0.3962451498 0.0002760243 1.0945760370 6.9059270735 0.3962451498 0.0001093733 2.7364401075 0.0019276041
0.7120000000 0.3962484618 0.0002904386 1.0945871584 6.9059395212 0.3962484618 0.0001150858 2.7364679126 0.0020140999
0.7140000000 0.3962520357 0.0003062050 1.0945993347 6.9059540617 0.3962520357 0.0001213344 2.7364983554 0.0020049755
0.7160000000 0.3962558955 0.0003234410 1.0946126575 6.9059708525 0.3962558955 0.0001281654 2.7365316645 0.0019269880
0.7180000000 0.3962600555 0.0003422153 1.0946271803 6.9059899829 0.3962600555 0.0001356063 2.7365679741 0.0018487076
0.7200000000 0.3962645286 0.0003625897 1.0946429514 6.9060115332 0.3962645286 0.0001436814 2.7366074045 0.0018476896
0.7220000000 0.3962693410 0.0003846934 1.0946600713 6.9060356788 0.3962693410 0.0001524422 2.7366502075 0.0019704133
0.7240000000 0.3962745475 0.0004087959 1.0946787502 6.9060627929 0.3962745475 0.0001619954 2.7366969086 0.0022076392
0.7260000000 0.3962802390 0.0004353468 1.0946993386 6.9060935025 0.3962802390 0.0001725193 2.7367483839 0.0024976040
0.7280000000 0.3962865403 0.0004649644 1.0947223182 6.9061286721 0.3962865403 0.0001842591 2.7368058383 0.0027522613
0.7300000000 0.3962935970 0.0004983703 1.0947482517 6.9061693124 0.3962935970 0.0001975009 2.7368706784 0.0028922561
0.7320000000 0.3963015534 0.0005362790 1.0947776961 6.9062164246 0.3963015534 0.0002125282 2.7369442971 0.0028776038
0.7340000000 0.3963105262 0.0005792689 1.0948111023 6.9062708190 0.3963105262 0.0002295704 2.7370278222 0.0027257463
0.7360000000 0.3963205874 0.0006276961 1.0948487483 6.9063329937 0.3963205874 0.0002487689 2.7371219487 0.0025106675
0.7380000000 0.3963317718 0.0006817320 1.0948907680 6.9064031875 0.3963317718 0.0002701920 2.7372270120 0.0023393459
0.7400000000 0.3963441175 0.0007415646 1.0949373083 6.9064816626 0.3963441175 0.0002939148 2.7373433798 0.0023119769
0.7420000000 0.3963577304 0.0008077174 1.0949887779 6.9065691523 0.3963577304 0.0003201450 2.7374720739 0.0024849826
0.7440000000 0.3963728517 0.0008813867 1.0950461097 6.9066673368 0.3963728517 0.0003493577 2.7376154283 0.0028556207
0.7460000000 0.3963899179 0.0009647356 1.0951109910 6.9067792554 0.3963899179 0.0003824115 2.7377776620 0.0033719897
0.7480000000 0.3964096131 0.0010611569 1.0951860680 6.9069096779 0.3964096131 0.0004206528 2.7379653931 0.0039575823
0.7500000000 0.3964329284 0.0011755652 1.0952751740 6.9070655153 0.3964329284 0.0004660327 2.7381882089 0.0045362123
0.7520000000 0.3964612377 0.0013147727 1.0953836239 6.9072563512 0.3964612377 0.0005212564 2.7384594024 0.0050484579
0.7540000000 0.3964963971 0.0014879811 1.0955185982 6.9074951353 0.3964963971 0.0005899792 2.7387969343 0.0054576836
0.7560000000 0.3965408671 0.0017073867 1.0956896173 6.9077990404 0.3965408671 0.0006770486 2.7392246212 0.0057482356
0.7580000000 0.3965978533 0.0019888746 1.0959090871 6.9081904478 0.3965978533 0.0007887834 2.7397735021 0.0059198319
0.7600000000 0.3966714549 0.0023527484 1.0961928738 6.9086979887 0.3966714549 0.0009332681 2.7404832824 0.0059814296
0.7620000000 0.3967668027 0.0028244089 1.0965608444 6.9093575247 0.3967668027 0.0011206317 2.7414036935 0.0059463310
0.7640000000 0.3968901660 0.0034348669 1.0970372828 6.9102129089 0.3968901660 0.0013632649 2.7425955483 0.0058290055
0.7660000000 0.3970489971 0.0042209443 1.0976510721 6.9113163297 0.3970489971 0.0016759217 2.7441312171 0.0056433975
0.7680000000 0.3972518839 0.0052250074 1.0984355227 6.9127280222 0.3972518839 0.0020756440 2.7460942294 0.0054022607
0.7700000000 0.3975083821 0.0064940942 1.0994277407 6.9145151581 0.3975083821 0.0025814569 2.7485777338 0.0051170873
0.7720000000 0.3978287111 0.0080783512 1.1006674696 6.9167497929 0.3978287111 0.0032138000 2.7516816551 0.0047983112
0.7740000000 0.3982233140 0.0100287939 1.1021954154 6.9195058845 0.3982233140 0.0039936995 2.7555085644 0.0044555784
0.7760000000 0.3987023120 0.0123945365 1.1040511582 6.9228555687 0.3987023120 0.0049417304 2.7601585208 0.0040979577
0.7780000000 0.3992749056 0.0152197669 1.1062708586 6.9268650542 0.3992749056 0.0060768710 2.7657233907 0.0037340279
0.7800000000 0.3999487976 0.0185408486 1.1088850395 6.9315906426 0.3999487976 0.0074153901 2.7722813426 0.0033718240
0.7820000000 0.4007297174 0.0223839560 1.1119167520 6.9370754157 0.4007297174 0.0089699164 2.7798922711 0.0030186597
0.7840000000 0.4016211159 0.0267635858 1.1153803816 6.9433470555 0.4016211159 0.0107488212 2.7885947924 0.0026808835
0.7860000000 0.4026240669 0.0316821354 1.1192812474 6.9504170680 0.4026240669 0.0127559902 2.7984051869 0.0023636343
0.7880000000 0.4037373792 0.0371305475 1.1236159981 6.9582814260 0.4037373792 0.0149909899 2.8093183070 0.0020706690
0.7900000000 0.4049578814 0.0430898317 1.1283736755 6.9669224080 0.4049578814 0.0174495670 2.8213101381 0.0018043045
0.7920000000 0.4062808229 0.0495331626 1.1335372241 6.9763112416 0.4062808229 0.0201243741 2.8343414721 0.0015654903
0.7940000000 0.4077003244 0.0564282093 1.1390851953 6.9864111102 0.4077003244 0.0230057992 2.8483620763 0.0013539898
0.7960000000 0.4092098183 0.0637393974 1.1449934221 6.9971801208 0.4092098183 0.0260827872 2.8633148058 0.0011686329
0.7980000000 0.4108024369 0.0714298888 1.1512365004 7.0085739434 0.4108024369 0.0293435724 2.8791392550 0.0010075912
0.8000000000 0.4124713259 0.0794631636 1.1577889883 7.0205479569 0.4124713259 0.0327762765 2.8957747240 0.0008686399
0.8020000000 0.4142098751 0.0878041762 1.1646262952 7.0330588522 0.4142098751 0.0363693569 2.9131624288 0.0007493788
0.8040000000 0.4160118735 0.0964201162 1.1717252818 7.0460657222 0.4160118735 0.0401119132 2.9312470021 0.0006474015
0.8060000000 0.4178715992 0.1052808403 1.1790646137 7.0595307170 0.4178715992 0.0439938731 2.9499773903 0.0005604131
0.8080000000 0.4197838597 0.1143590508 1.1866249258 7.0734193582 0.4197838597 0.0480060838 2.9693072797 0.0004863019
0.8100000000 0.4217439966 0.1236302922 1.1943888473 7.0877006065 0.4217439966 0.0521403336 2.9891951805 0.0004231762
0.8120000000 0.4237478656 0.1330728296 1.2023409347 7.1023467606 0.4237478656 0.0563893275 3.0096042805 0.0003693745
0.8140000000 0.4257918025 0.1426674559 1.2104675487 7.1173332539 0.4257918025 0.0607466332 3.0305021555 0.0003234596
0.8160000000 0.4278725817 0.1523972637 1.2187567001 7.1326383952 0.4278725817 0.0652066107 3.0518604048 0.0002842023
0.8180000000 0.4299873715 0.1622474060 1.2271978855 7.1482430853 0.4299873715 0.0697643357 3.0736542549 0.0002505596
0.8200000000 0.4321336900 0.1722048619 1.2357819226 7.1641305353 0.4321336900 0.0744155224 3.0958621638 0.0002216521
0.8220000000 0.4343093639 0.1822582155 1.2445007946 7.1802859952 0.4343093639 0.0791564496 3.1184654432 0.0001967412
0.8240000000 0.4365124899 0.1923974547 1.2533475067 7.1966965052 0.4365124899 0.0839838920 3.1414479103 0.0001752081
0.8260000000 0.4387414001 0.2026137898 1.2623159560 7.2133506690 0.4387414001 0.0888950578 3.1647955722 0.0001565350
0.8280000000 0.4409946320 0.2128994940 1.2714008165 7.2302384529 0.4409946320 0.0938875340 3.1884963455 0.0001402890
0.8300000000 0.4432709007 0.2232477626 1.2805974382 7.2473510088 0.4432709007 0.0989592368 3.2125398096 0.0001261077
0.8320000000 0.4455690766 0.2336525914 1.2899017581 7.2646805191 0.4455690766 0.1041083694 3.2369169905 0.0001136878
0.8340000000 0.4478881641 0.2441086709 1.2993102241 7.2822200619 0.4478881641 0.1093333845 3.2616201738 0.0001027747
0.8360000000 0.4502272846 0.2546112953 1.3088197278 7.2999634948 0.4502272846 0.1146329521 3.2866427417 0.0000931544
0.8380000000 0.4525856612 0.2651562837 1.3184275480 7.3179053542 0.4525856612 0.1200059320 3.3119790334 0.0000846468
0.8400000000 0.4549626057 0.2757399127 1.3281313006 7.3360407679 0.4549626057 0.1254513492 3.3376242235 0.0000770996
0.8420000000 0.4573575073 0.2863588581 1.3379288964 7.3543653804 0.4573575073 0.1309683735 3.3635742180 0.0000703842
0.8440000000 0.4597698227 0.2970101448 1.3478185043 7.3728752885 0.4597698227 0.1365563016 3.3898255643 0.0000643911
0.8460000000 0.4621990682 0.3076911035 1.3577985194 7.3915669849 0.4621990682 0.1422145413 3.4163753731 0.0000590272
0.8480000000 0.4646448121 0.3183993338 1.3678675358 7.4104373107 0.4646448121 0.1479425986 3.4432212520 0.0000542131
0.8500000000 0.4671066686 0.3291326716 1.3780243229 7.4294834130 0.4671066686 0.1537400658 3.4703612466 0.0000498808
0.8520000000 0.4695842924 0.3398891613 1.3882678049 7.4487027091 0.4695842924 0.1596066113 3.4977937909 0.0000459717
0.8540000000 0.4720773739 0.3506670320 1.3985970429 7.4680928551 0.4720773739 0.1655419716 3.5255176631 0.0000424357
0.8560000000 0.4745856353 0.3614646761 1.4090112195 7.4876517185 0.4745856353 0.1715459429 3.5535319480 0.0000392292
0.8580000000 0.4771088270 0.3722806309 1.4195096254 7.5073773546 0.4771088270 0.1776183751 3.5818360038 0.0000363146
0.8600000000 0.4796467244 0.3831135633 1.4300916475 7.5272679856 0.4796467244 0.1837591657 3.6104294330 0.0000336594
0.8620000000 0.4821991252 0.3939622551 1.4407567587 7.5473219823 0.4821991252 0.1899682548 3.6393120577 0.0000312349
0.8640000000 0.4847658472 0.4048255915 1.4515045087 7.5675378487 0.4847658472 0.1962456208 3.6684838966 0.0000290164
0.8660000000 0.4873467260 0.4157025495 1.4623345165 7.5879142074 0.4873467260 0.2025912765 3.6979451464 0.0000269822
0.8680000000 0.4899416133 0.4265921894 1.4732464628 7.6084497878 0.4899416133 0.2090052655 3.7276961639 0.0000251131
0.8700000000 0.4925503752 0.4374936457 1.4842400843 7.6291434147 0.4925503752 0.2154876593 3.7577374516 0.0000233925
0.8720000000 0.4951728909 0.4484061202 1.4953151681 7.6499939993 0.4951728909 0.2220385548 3.7880696437 0.0000218053
0.8740000000 0.4978090511 0.4593288751 1.5064715469 7.6710005301 0.4978090511 0.2286580714 3.8186934945 0.0000203387
0.8760000000 0.5004587573 0.4702612278 1.5177090946 7.6921620658 0.5004587573 0.2353463496 3.8496098682 0.0000189809
0.8780000000 0.5031219206 0.4812025449 1.5290277228 7.7134777283 0.5031219206 0.2421035486 3.8808197289 0.0000177217
0.8800000000 0.5057984607 0.4921522385 1.5404273770 7.7349466968 0.5057984607 0.2489298446 3.9123241327 0.0000165519
0.8820000000 0.5084883053 0.5031097613 1.5519080338 7.7565682026 0.5084883053 0.2558254299 3.9441242199 0.0000154633
0.8840000000 0.5111913892 0.5140746037 1.5634696980 7.7783415238 0.5111913892 0.2627905108 3.9762212089 0.0000144486
0.8860000000 0.5139076538 0.5250462896 1.5751124005 7.8002659816 0.5139076538 0.2698253068 4.0086163894 0.0000135013
0.8880000000 0.5166370464 0.5360243745 1.5868361957 7.8223409359 0.5166370464 0.2769300497 4.0413111175 0.0000126155
0.8900000000 0.5193795200 0.5470084419 1.5986411596 7.8445657824 0.5193795200 0.2841049820 4.0743068108 0.0000117858
0.8920000000 0.5221350323 0.5579981015 1.6105273884 7.8669399487 0.5221350323 0.2913503567 4.1076049440 0.0000110076
0.8940000000 0.5249035456 0.5689929866 1.6224949964 7.8894628922 0.5249035456 0.2986664361 4.1412070446 0.0000102763
0.8960000000 0.5276850264 0.5799927526 1.6345441145 7.9121340969 0.5276850264 0.3060534909 4.1751146896 0.0000095884
0.8980000000 0.5304794451 0.5909970748 1.6466748895 7.9349530715 0.5304794451 0.3135118003 4.2093295022 0.0000089399
0.9000000000 0.5332867755 0.6020056470 1.6588874821 7.9579193467 0.5332867755 0.3210416503 4.2438531484 0.0000083283
0.9020000000 0.5361069948 0.6130181800 1.6711820663 7.9810324743 0.5361069948 0.3286433342 4.2786873350 0.0000077495
0.9040000000 0.5389400828 0.6240344002 1.6835588280 8.0042920239 0.5389400828 0.3363171513 4.3138338059 0.0000072025
0.9060000000 0.5417860223 0.6350540487 1.6960179648 8.0276975829 0.5417860223 0.3440634070 4.3492943417 0.0000066828
0.9080000000 0.5446447985 0.6460768792 1.7085596838 8.0512487531 0.5446447985 0.3518824117 4.3850707546 0.0000061907
0.9100000000 0.5475163988 0.6571026585 1.7211842026 8.0749451522 0.5475163988 0.3597744813 4.4211648906 0.0000057207
0.9120000000 0.5504008129 0.6681311638 1.7338917465 8.0987864075 0.5504008129 0.3677399357 4.4575786219 0.0000052756
0.9140000000 0.5532980321 0.6791621839 1.7466825502 8.1227721629 0.5532980321 0.3757790998 4.4943138527 0.0000048474
0.9160000000 0.5562080496 0.6901955155 1.7595568540 8.1469020646 0.5562080496 0.3838923015 4.5313725075 0.0000044428
0.9180000000 0.5591308602 0.7012309665 1.7725149075 8.1711757810 0.5591308602 0.3920798734 4.5687565430 0.0000040494
0.9200000000 0.5620664602 0.7122683498 1.7855569632 8.1955929690 0.5620664602 0.4003421501 4.6064679294 0.0000036802
0.9220000000 0.5650148469 0.7233074902 1.7986832842 8.2201533241 0.5650148469 0.4086794708 4.6445086717 0.0000033153
0.9240000000 0.5679760198 0.7343482140 1.8118941326 8.2448564998 0.5679760198 0.4170921757 4.6828807785 0.0000029777
0.9260000000 0.5709499771 0.7453903607 1.8251897833 8.2697022331 0.5709499771 0.4255806093 4.7215863003 0.0000026349
0.9280000000 0.5739367229 0.7564337672 1.8385705054 8.2946901408 0.5739367229 0.4341451174 4.7606272767 0.0000023260
0.9300000000 0.5769362525 0.7674782865 1.8520365852 8.3198200495 0.5769362525 0.4427860465 4.8000058010 0.0000019984
0.9320000000 0.5799485803 0.7785237627 1.8655882946 8.3450914455 0.5799485803 0.4515037509 4.8397239359 0.0000017167
0.9340000000 0.5829736872 0.7895700618 1.8792259319 8.3705044014 0.5829736872 0.4602985703 4.8797838150 0.0000013970
0.9360000000 0.5860116170 0.8006170314 1.8929497671 8.3960579860 0.5860116170 0.4691708811 4.9201875168 0.0000011430
0.9380000000 0.5890623009 0.8116645507 1.9067601131 8.4217530186 0.5890623009 0.4781209878 4.9609372112 0.0000008227
0.9400000000 0.5921258736 0.8227124671 1.9206572297 8.4475872679 0.5921258736 0.4871493383 5.0020349911 0.0000006019
0.9420000000 0.5952021101 0.8337606756 1.9346414541 8.4735637960 0.5952021101 0.4962561134 5.0434830515 0.0000002672
0.9440000000 0.5982914102 0.8448090166 1.9487130162 8.4996766188 0.5982914102 0.5054419779 5.0852835106 0.0000000994
0.9460000000 0.6013931215 0.8558574105 1.9628723078 8.5259348394 0.6013931215 0.5147067596 5.1274385667 0.0000002820
0.9480000000 0.6045082998 0.8669056750 1.9771194746 8.5523232261 0.6045082998 0.5240516757 5.1699503724 0.0000003234
0.9500000000 0.6076353512 0.8779537915 1.9914550509 8.5788641985 0.6076353512 0.5334757604 5.2128211604 0.0000008416
0.9520000000 0.6107765852 0.8890015112 2.0058789603 8.6055247193 0.6107765852 0.5429813072 5.2560530020 0.0000005583
0.9540000000 0.6139288803 0.9000489724 2.0203920770 8.6323491506 0.6139288803 0.5525660579 5.2996484487 0.0000014772
0.9560000000 0.6170962205 0.9110957324 2.0349937823 8.6592797943 0.6170962205 0.5622337329 5.3436088330 0.0000003736
0.9580000000 0.6202738191 0.9221423259 2.0496856704 8.6863862954 0.6202738191 0.5719807423 5.3879380020 0.0000022796
0.9600000000 0.6234671183 0.9331878326 2.0644659571 8.7135867144 0.6234671183 0.5818119288 5.4326347991 0.0000007618
0.9620000000 0.6266700528 0.9442337227 2.0793376207 8.7409737096 0.6266700528 0.5917229968 5.4777064558 0.0000033602
0.9640000000 0.6298891379 0.9552780043 2.0942965133 8.7684411874 0.6298891379 0.6017192385 5.5231458598 0.0000039663
0.9660000000 0.6331170927 0.9663242141 2.1093483352 8.7961101171 0.6331170927 0.6117963771 5.5689676647 0.0000052983
0.9680000000 0.6363615711 0.9773678729 2.1244842553 8.8238392119 0.6363615711 0.6219593552 5.6151521843 0.0000106486
0.9700000000 0.6396141774 0.9884166747 2.1397159709 8.8517910745 0.6396141774 0.6322053183 5.6617310664 0.0000110817
0.9720000000 0.6428831736 0.9994601165 2.1550258661 8.8797770707 0.6428831736 0.6425360916 5.7086592638 0.0000215099
0.9740000000 0.6461605359 1.0105139326 2.1704392513 8.9080150814 0.6461605359 0.6529542242 5.7560077987 0.0000282518
0.9760000000 0.6494536432 1.0215540919 2.1859213965 8.9362491350 0.6494536432 0.6634520268 5.8036795576 0.0000397589
0.9780000000 0.6527573116 1.0326134554 2.2015258976 8.9647854049 0.6527573116 0.6740459831 5.8518292198 0.0000661039
0.9800000000 0.6560744327 1.0436409300 2.2171802726 8.9932545141 0.6560744327 0.6847061311 5.9002443532 0.0000830176
0.9820000000 0.6594078769 1.0547085441 2.2329934951 9.0221089884 0.6594078769 0.6954831218 5.9492497331 0.0001364224
0.9840000000 0.6627464535 1.0657104010 2.2488090835 9.0507856527 0.6627464535 0.7062957887 5.9983760929 0.0001870195
0.9860000000 0.6661141115 1.0768026272 2.2648539620 9.0799995897 0.6661141115 0.7172734253 6.0483158593 0.0002846343
0.9880000000 0.6694663350 1.0877576916 2.2807942536 9.1088188019 0.6694663350 0.7282171552 6.0980475398 0.0004105980
0.9900000000 0.6728787062 1.0989112443 2.2971221600 9.1384843942 0.6728787062 0.7394339763 6.1490915554 0.0006248140
0.9920000000 0.6762277380 1.1097641836 2.3131088020 9.1673038043 0.6762277380 0.7504533235 6.1991851149 0.0009226084
0.9940000000 0.6797122785 1.1210642965 2.3298519565 9.1976505951 0.6797122785 0.7620011673 6.2517560424 0.0014765249
0.9960000000 0.6830034936 1.1316403063 2.3456260658 9.2260079215 0.6830034936 0.7729142827 6.3013956422 0.0045289757
0.9980000000 0.6869951238 1.1444878553 2.3649015631 9.2608881934 0.6869951238 0.7862575759 6.3621850311 0.0464128337
1.0000000000 0.6869951238 1.1444878553 2.3649015631 9.2608881934 0.6869951238 0.7862575759 6.3621850311 0.0000000000
