TITLE = "1D Euler Filtered MacCormack Result"
VARIABLES = "x", "rho", "u", "p", "E", "rho_conserved", "rhou", "rhoE", "nu"
ZONE T="t=0.16000000", I=101, F=POINT
0.0000000000 0.4440053428 0.7054496194 3.5169683828 20.0513411976 0.4440053428 0.3132234001 8.9029026212 0.0000000000
0.0100000000 0.4440053428 0.7054496194 3.5169683828 20.0513411976 0.4440053428 0.3132234001 8.9029026212 0.0798061288
0.0200000000 0.4433834570 0.7101163059 3.5100741820 20.0435463507 0.4433834570 0.3148538226 8.8869768716 0.0136861254
0.0300000000 0.4425009103 0.7167458905 3.5002994207 20.0325245936 0.4425009103 0.3171607090 8.8644103692 0.0130364190
0.0400000000 0.4412779416 0.7259481730 3.4867692461 20.0173160384 0.4412779416 0.3203449155 8.8332000182 0.0119508206
0.0500000000 0.4396297378 0.7383812144 3.4685594820 19.9969258556 0.4396297378 0.3246143397 8.7912432702 0.0103100266
0.0600000000 0.4374986563 0.7545107665 3.4450566842 19.9707419055 0.4374986563 0.3300974465 8.7371727492 0.0088032835
0.0700000000 0.4348449190 0.7746833613 3.4158545832 19.9384165639 0.4348449190 0.3368671235 8.6701191358 0.0073418445
0.0800000000 0.4316579159 0.7990402221 3.3808783264 19.9000059888 0.4316579159 0.3449120370 8.5899951114 0.0059768004
0.0900000000 0.4279569253 0.8275077842 3.3403891429 19.8559672722 0.4279569253 0.3541376870 8.4974987036 0.0047335780
0.1000000000 0.4237877587 0.8598160596 3.2949425451 19.8070988914 0.4237877587 0.3643795208 8.3940060447 0.0036331800
0.1100000000 0.4192152085 0.8955478037 3.2452998660 19.7544269030 0.4192152085 0.3754272593 8.2813561939 0.0026866293
0.1200000000 0.4143138184 0.9342016562 3.1923222368 19.6990731310 0.4143138184 0.3870526554 8.1615982079 0.0018944289
0.1300000000 0.4091592999 0.9752531133 3.1368734925 19.6421375490 0.4091592999 0.3990338811 8.0367632487 0.0012469649
0.1400000000 0.4038222566 1.0182009726 3.0797503511 19.5846160603 0.4038222566 0.4111722144 7.9087038521 0.0007261134
0.1500000000 0.3983648521 1.0625935335 3.0216463686 19.5273597967 0.3983648521 0.4232999159 7.7790137981 0.0003073401
0.1600000000 0.3928402420 1.1080346497 2.9631467836 19.4710702576 0.3928402420 0.4352806000 7.6490199526 0.0000379924
0.1700000000 0.3872940131 1.1541732237 2.9047459858 19.4163218468 0.3872940131 0.4470043796 7.5198252074 0.0003386997
0.1800000000 0.3817667413 1.2006849217 2.8468749182 19.3635862298 0.3817667413 0.4583815699 7.3923732152 0.0006245465
0.1900000000 0.3762972186 1.2472458250 2.7899358513 19.3132646580 0.3762972186 0.4693351348 7.2675277720 0.0009336346
0.2000000000 0.3709268667 1.2934942069 2.7343487013 19.2657268091 0.3709268667 0.4797917532 7.1461756799 0.0013171819
0.2100000000 0.3657054644 1.3389785527 2.6806092168 19.2213508621 0.3657054644 0.4896717734 7.0293530432 0.0018520527
0.2200000000 0.3606987900 1.3830857357 2.6293648732 19.1805668564 0.3606987900 0.4988773514 6.9184072574 0.0026633601
0.2300000000 0.3559985991 1.4249443497 2.5815129298 19.1439065749 0.3559985991 0.5072781922 6.8152039214 0.0039619729
0.2400000000 0.3517337667 1.4633145337 2.5383078937 19.1120451553 0.3517337667 0.5146971328 6.7223516316 0.0061019588
0.2500000000 0.3480754465 1.4965296263 2.5014107797 19.0858104526 0.3480754465 0.5209052178 6.6433019947 0.0096581609
0.2600000000 0.3452184556 1.5226669058 2.4727009967 19.0660417596 0.3452184556 0.5256527176 6.5819494903 0.0155319074
0.2700000000 0.3433114250 1.5402087629 2.4535912537 19.0532173605 0.3433114250 0.5287712652 6.5411872024 0.0252440767
0.2800000000 0.3423409990 1.5491620372 2.4438859472 19.0468202334 0.3423409990 0.5303416794 6.5205074662 0.0427491670
0.2900000000 0.3420620691 1.5517360985 2.4411013932 19.0450129368 0.3420620691 0.5307900606 6.5145765320 0.0797952794
0.3000000000 0.3421098196 1.5512915329 2.4415819124 19.0453444357 0.3421098196 0.5307120664 6.5155993484 0.0580408474
0.3100000000 0.3423633364 1.5489457042 2.4441194630 19.0470258839 0.3423633364 0.5303022191 6.5210033297 0.0259695916
0.3200000000 0.3428490153 1.5444585321 2.4489798109 19.0502438547 0.3428490153 0.5295160869 6.5313573464 0.0112450453
0.3300000000 0.3434818808 1.5386215374 2.4553150706 19.0544538994 0.3434818808 0.5284886195 6.5448596626 0.0031587729
0.3400000000 0.3440520719 1.5333699117 2.4610272849 19.0582774197 0.3440520719 0.5275590952 6.5570398338 0.0200241261
0.3500000000 0.3443857994 1.5302982150 2.4643735619 19.0605345043 0.3443857994 0.5270129740 6.5641774114 0.0305923810
0.3600000000 0.3445342977 1.5289291792 2.4658661167 19.0615599992 0.3445342977 0.5267685411 6.5673611883 0.0237216913
0.3700000000 0.3446168753 1.5281655753 2.4666988734 19.0621464872 0.3446168753 0.5266316455 6.5691373592 0.0046376139
0.3800000000 0.3447125429 1.5272798492 2.4676651095 19.0628346601 0.3447125429 0.5264725205 6.5711982097 0.0134115059
0.3900000000 0.3448466903 1.5260512993 2.4690059382 19.0637176817 0.3448466903 0.5262537398 6.5740599470 0.0011538909
0.4000000000 0.3449788636 1.5248129196 2.4703581437 19.0647699676 0.3449788636 0.5260282282 6.5769426786 0.0145815643
0.4100000000 0.3450717262 1.5239726327 2.4712759662 19.0653208565 0.3450717262 0.5258798670 6.5789031781 0.0210008811
0.4200000000 0.3451230800 1.5234794637 2.4718146941 19.0658077347 0.3451230800 0.5257879248 6.5800502882 0.0095490519
0.4300000000 0.3451726303 1.5230834856 2.4722472841 19.0657673444 0.3451726303 0.5257267329 6.5809810625 0.0048465292
0.4400000000 0.3451985623 1.5226334179 2.4727390532 19.0672983228 0.3451985623 0.5256108668 6.5820039683 0.0008017710
0.4500000000 0.3452780123 1.5221807954 2.4732336970 19.0660700073 0.3452780123 0.5255755593 6.5830947540 0.0119218948
0.4600000000 0.3453062795 1.5218502319 2.4735949546 19.0667164342 0.3453062795 0.5255044416 6.5838569146 0.0154570112
0.4700000000 0.3452955746 1.5216254515 2.4738405403 19.0687076716 0.3452955746 0.5254105346 6.5843403716 0.0052629357
0.4800000000 0.3453194650 1.5214259538 2.4740584713 19.0687427322 0.3453194650 0.5253779964 6.5848080377 0.0008890906
0.4900000000 0.3454681944 1.5212222811 2.4742810085 19.0623321588 0.3454681944 0.5255339147 6.5854294716 0.0059728739
0.5000000000 0.3453613917 1.5210488451 2.4744704797 19.0689770698 0.3453613917 0.5253115460 6.5856884595 0.0117037413
0.5100000000 0.3451889204 1.5209197271 2.4746114011 19.0787509941 0.3451889204 0.5250046387 6.5857734588 0.0068694863
0.5200000000 0.3454635545 1.5208102839 2.4747308084 19.0652010314 0.3454635545 0.5253845265 6.5863321163 0.0023230268
0.5300000000 0.3458715677 1.5207071188 2.4748434506 19.0447319550 0.3458715677 0.5259693552 6.5870312980 0.0060142776
0.5400000000 0.3453665522 1.5206188783 2.4749397517 19.0714524273 0.3453665522 0.5251708993 6.5866417712 0.0086025797
0.5500000000 0.3444737433 1.5205476339 2.4750172822 19.1183397721 0.3444737433 0.5237887353 6.5857660667 0.0056301361
0.5600000000 0.3451062464 1.5204855829 2.4750847066 19.0858129345 0.3451062464 0.5247290722 6.5866332611 0.0047908493
0.5700000000 0.3471159030 1.5204308590 2.4751443253 18.9823526051 0.3471159030 0.5277657305 6.5890764648 0.0073372115
0.5800000000 0.3472166750 1.5203855915 2.4751937464 18.9774658654 0.3472166750 0.5279032298 6.5892925981 0.0074621350
0.5900000000 0.3437487328 1.5203478710 2.4752346822 19.1575019669 0.3437487328 0.5226176540 6.5853670244 0.0068847029
0.6000000000 0.3405786983 1.5203158465 2.4752690187 19.3252620204 0.3405786983 0.5177871920 6.5817725834 0.0076929686
0.6100000000 0.3432382358 1.5202894302 2.4752971713 19.1846422341 0.3432382358 0.5218214619 6.5849027547 0.0077474458
0.6200000000 0.3513260454 1.5202679470 2.4753202295 18.7697314476 0.3513260454 0.5341097257 6.5942955219 0.0072788485
0.6300000000 0.3569786911 1.5202504748 2.4753393399 18.4909245813 0.3569786911 0.5426970246 6.6008660544 0.0085819893
0.6400000000 0.3518934534 1.5202365796 2.4753546683 18.7415266644 0.3518934534 0.5349612999 6.5950205393 0.0100326840
0.6500000000 0.3349889384 1.5202253053 2.4753664892 19.6290367279 0.3349889384 0.5092586611 6.5755101747 0.0096626361
0.6600000000 0.3152478089 1.5202162051 2.4753756354 20.7859238974 0.3152478089 0.4792448278 6.5527169653 0.0083656151
0.6700000000 0.3083907404 1.5202087666 2.4753830219 21.2224543341 0.3083907404 0.4688183071 6.5448084050 0.0116133206
0.6800000000 0.3302453342 1.5202014522 2.4753883518 19.8945170158 0.3302453342 0.5020394366 6.5700714199 0.0064003978
0.6900000000 0.3849935634 1.5201960736 2.4753945084 17.2297571013 0.3849935634 0.5852657035 6.6333455832 0.0046884692
0.7000000000 0.4658955554 1.5201919795 2.4754019541 14.4385223547 0.4658955554 0.7082506866 6.7268433918 0.0510573585
0.7100000000 0.5618431233 1.5201837725 2.4754037143 12.1701363410 0.5618431233 0.8541047988 6.8377074133 0.0193522948
0.7200000000 0.6694324280 1.5201755662 2.4754049597 10.3998836989 0.6694324280 1.0176548203 6.9620193956 0.0682827761
0.7300000000 0.7831172096 1.5201864772 2.4754370806 9.0579948948 0.7831172096 1.1904841920 7.0934716864 0.0013888385
0.7400000000 0.8957445291 1.5201993858 2.4754763905 8.0644941831 0.8957445291 1.3617102829 7.2237265441 0.0791765300
0.7500000000 1.0012626546 1.5201536121 2.4754079700 7.3361493176 1.0012626546 1.5220730412 7.3454123406 0.0328603713
0.7600000000 1.0908341341 1.5200437033 2.4752033634 6.8279972468 1.0908341341 1.6581155568 7.4482124642 0.0795329592
0.7700000000 1.1670318899 1.5200545161 2.4752211311 6.4576682431 1.1670318899 1.7739520947 7.5363047741 0.0701038270
0.7800000000 1.2245438979 1.5205350679 2.4762026157 6.2113704246 1.2245438979 1.8619619389 7.6060957509 0.0079307240
0.7900000000 1.2651095389 1.5211865157 2.4775745646 6.0529726760 1.2651095389 1.9244675715 7.6576734712 0.0797891133
0.8000000000 1.2943962818 1.5207427346 2.4766547611 5.9397460189 1.2943962818 1.9684437413 7.6883851617 0.0576781592
0.8100000000 1.3093524431 1.5169556559 2.4685956777 5.8639675994 1.3093524431 1.9862295942 7.6780003027 0.0025765404
0.8200000000 1.3161117068 1.5124165732 2.4588929620 5.8144547191 1.3161117068 1.9905091576 7.6524719245 0.0798144451
0.8300000000 1.3260920561 1.5164112221 2.4673870490 5.8013649308 1.3260920561 2.0109008754 7.6931439494 0.0549302152
0.8400000000 1.3530728907 1.5449975143 2.5292427900 5.8666545181 1.3530728907 2.0904942528 7.9380111872 0.0008738815
0.8500000000 1.3817485915 1.5771259717 2.6006502102 5.9490238697 1.3817485915 2.1791915900 8.2200553525 0.0798176489
0.8600000000 1.3532299488 1.5443543050 2.5281142859 5.8630337604 1.3532299488 2.0898664971 7.9340328756 0.0547812434
0.8700000000 1.1490165040 1.2950747244 2.0262366586 5.2472418961 1.1490165040 1.4880622322 6.0291675391 0.0111506802
0.8800000000 0.8415703490 0.8092897959 1.2958609460 4.1770074338 0.8415703490 0.6810742960 3.5152456040 0.0187777515
0.8900000000 0.6271729361 0.3364337019 0.8156640012 3.3079458544 0.6271729361 0.2110021126 2.0746541138 0.0378729349
0.9000000000 0.5362160454 0.0958865236 0.6339314553 2.9601756560 0.5362160454 0.0514158925 1.5872936839 0.0471017360
0.9100000000 0.5087682717 0.0225789543 0.5853978575 2.8767995423 0.5087682717 0.0114874556 1.4636243312 0.0501321417
0.9200000000 0.5019764819 0.0050231405 0.5741821527 2.8596194571 0.5019764819 0.0025214984 1.4354617146 0.0509267475
0.9300000000 0.5004350553 0.0011015418 0.5716967227 2.8559991855 0.5004350553 0.0005512501 1.4292421103 0.0511112105
0.9400000000 0.5000949035 0.0002400672 0.5711517891 2.8552170344 0.5000949035 0.0001200564 1.4278794872 0.0511132677
0.9500000000 0.5000204698 0.0000517688 0.5710327299 2.8550467663 0.5000204698 0.0000258855 1.4275818254 0.0509077879
0.9600000000 0.5000042767 0.0000108154 0.5710068377 2.8550097686 0.5000042767 0.0000054077 1.4275170943 0.0498926346
0.9700000000 0.5000008141 0.0000020588 0.5710013016 2.8550018595 0.5000008141 0.0000010294 1.4275032541 0.0454158490
0.9800000000 0.5000001245 0.0000003150 0.5710001991 2.8550002845 0.5000001245 0.0000001575 1.4275004978 0.0296370704
0.9900000000 0.5000000123 0.0000000312 0.5710000197 2.8550000281 0.5000000123 0.0000000156 1.4275000493 0.0099590663
1.0000000000 0.5000000123 0.0000000312 0.5710000197 2.8550000281 0.5000000123 0.0000000156 1.4275000493 0.0000000000
