TITLE = "1D Euler Filtered MacCormack Result"
VARIABLES = "x", "rho", "u", "p", "E", "rho_conserved", "rhou", "rhoE", "nu"
ZONE T="t=0.16000000", I=501, F=POINT
0.0000000000 0.4449999996 0.6980000030 3.5279999956 20.0638267141 0.4449999996 0.3106100010 8.9284028798 0.0000000000
0.0020000000 0.4449999996 0.6980000030 3.5279999956 20.0638267141 0.4449999996 0.3106100010 8.9284028798 0.0000000000
0.0040000000 0.4449999991 0.6980000066 3.5279999902 20.0638267079 0.4449999991 0.3106100023 8.9284028673 0.0000000000
0.0060000000 0.4449999985 0.6980000115 3.5279999829 20.0638266997 0.4449999985 0.3106100041 8.9284028505 0.0000000000
0.0080000000 0.4449999972 0.6980000211 3.5279999687 20.0638266837 0.4449999972 0.3106100074 8.9284028177 0.0000000000
0.0100000000 0.4449999950 0.6980000377 3.5279999442 20.0638266558 0.4449999950 0.3106100132 8.9284027609 0.0000000000
0.0120000000 0.4449999911 0.6980000670 3.5279999007 20.0638266065 0.4449999911 0.3106100236 8.9284026604 0.0000000000
0.0140000000 0.4449999842 0.6980001180 3.5279998250 20.0638265206 0.4449999842 0.3106100415 8.9284024854 0.0000000000
0.0160000000 0.4449999725 0.6980002062 3.5279996943 20.0638263723 0.4449999725 0.3106100725 8.9284021831 0.0000000000
0.0180000000 0.4449999523 0.6980003571 3.5279994706 20.0638261186 0.4449999523 0.3106101256 8.9284016657 0.0000000000
0.0200000000 0.4449999181 0.6980006130 3.5279990912 20.0638256882 0.4449999181 0.3106102156 8.9284007885 0.0000000000
0.0220000000 0.4449998607 0.6980010427 3.5279984541 20.0638249655 0.4449998607 0.3106103668 8.9283993152 0.0000000000
0.0240000000 0.4449997653 0.6980017575 3.5279973945 20.0638237636 0.4449997653 0.3106106182 8.9283968648 0.0000000000
0.0260000000 0.4449996080 0.6980029344 3.5279956496 20.0638217843 0.4449996080 0.3106110322 8.9283928299 0.0000000000
0.0280000000 0.4449993518 0.6980048528 3.5279928055 20.0638185582 0.4449993518 0.3106117071 8.9283862531 0.0000000000
0.0300000000 0.4449989385 0.6980079473 3.5279882177 20.0638133542 0.4449989385 0.3106127956 8.9283756443 0.0000000000
0.0320000000 0.4449982788 0.6980128859 3.5279808961 20.0638050491 0.4449982788 0.3106145328 8.9283587134 0.0000000000
0.0340000000 0.4449972375 0.6980206816 3.5279693386 20.0637919393 0.4449972375 0.3106172751 8.9283319877 0.0000000000
0.0360000000 0.4449956123 0.6980328495 3.5279512994 20.0637714771 0.4449956123 0.3106215553 8.9282902731 0.0000000000
0.0380000000 0.4449931047 0.6980516230 3.5279234672 20.0637399070 0.4449931047 0.3106281590 8.9282259133 0.0000000000
0.0400000000 0.4449892817 0.6980802447 3.5278810352 20.0636917764 0.4449892817 0.3106382267 8.9281277926 0.0000000000
0.0420000000 0.4449835246 0.6981233477 3.5278171352 20.0636192959 0.4449835246 0.3106533879 8.9279800297 0.0000000000
0.0440000000 0.4449749639 0.6981874406 3.5277221199 20.0635115239 0.4449749639 0.3106759312 8.9277603163 0.0000000000
0.0460000000 0.4449624005 0.6982815034 3.5275826791 20.0633533666 0.4449624005 0.3107090140 8.9274378764 0.0000000000
0.0480000000 0.4449442112 0.6984176912 3.5273807995 20.0631243991 0.4449442112 0.3107569087 8.9269710600 0.0000000000
0.0500000000 0.4449182438 0.6986121227 3.5270925986 20.0627975472 0.4449182438 0.3108252787 8.9263046503 0.0000000000
0.0520000000 0.4448817071 0.6988857063 3.5266871065 20.0623377124 0.4448817071 0.3109214661 8.9253670505 0.0000000000
0.0540000000 0.4448310669 0.6992649249 3.5261251132 20.0617004755 0.4448310669 0.3110547626 8.9240676255 0.0000000000
0.0560000000 0.4447619623 0.6997824659 3.5253582523 20.0608310779 0.4447619623 0.3112366227 8.9222945964 0.0000000000
0.0580000000 0.4446691642 0.7004775520 3.5243285394 20.0596639264 0.4446691642 0.3114807676 8.9199139914 0.0000000000
0.0600000000 0.4445465941 0.7013958103 3.5229686087 20.0581229069 0.4445465941 0.3118031186 8.9167702223 0.0000000000
0.0620000000 0.4443874288 0.7025885233 3.5212028826 20.0561227717 0.4443874288 0.3122215074 8.9126888303 0.0000000000
0.0640000000 0.4441843024 0.7041111463 3.5189498470 20.0535717990 0.4441843024 0.3127551183 8.9074817999 0.0000000000
0.0660000000 0.4439296125 0.7060210588 3.5161254791 20.0503757743 0.4439296125 0.3134236551 8.9009555481 0.0000000000
0.0680000000 0.4436159183 0.7083746319 3.5126476960 20.0464431367 0.4436159183 0.3142462628 8.8929212803 0.0000000000
0.0700000000 0.4432363998 0.7112238317 3.5084414846 20.0416908900 0.4432363998 0.3152402906 8.8832069153 0.0000000000
0.0720000000 0.4427853317 0.7146127054 3.5034441812 20.0360506582 0.4427853317 0.3164200238 8.8716693376 0.0000000000
0.0740000000 0.4422585133 0.7185741774 3.4976102443 20.0294741219 0.4422585133 0.3177955474 8.8582054478 0.0000000000
0.0760000000 0.4416535943 0.7231275888 3.4909148628 20.0219370727 0.4416535943 0.3193718987 8.8427604726 0.0000000000
0.0780000000 0.4409702506 0.7282773356 3.4833558665 20.0134414761 0.4409702506 0.3211486392 8.8253323038 0.0000000000
0.0800000000 0.4402101838 0.7340127965 3.4749536594 20.0040152324 0.4402101838 0.3231199081 8.8059712222 0.0000000000
0.0820000000 0.4393769458 0.7403095445 3.4657492103 19.9937096926 0.4393769458 0.3252749466 8.7847750994 0.0000000000
0.0840000000 0.4384756200 0.7471316327 3.4558004359 19.9825953391 0.4384756200 0.3275990058 8.7618808798 0.0000000000
0.0860000000 0.4375124070 0.7544346013 3.4451775383 19.9707562967 0.4375124070 0.3300744983 8.7374536570 0.0000000000
0.0880000000 0.4364941737 0.7621687799 3.4339579485 19.9582844417 0.4364941737 0.3326822319 8.7116748767 0.0000000000
0.0900000000 0.4354280207 0.7702824825 3.4222214955 19.9452738221 0.4354280207 0.3354025768 8.6847311034 0.0000000000
0.0920000000 0.4343209109 0.7787247721 3.4100462751 19.9318159356 0.4343209109 0.3382164523 8.6568044525 0.0000000000
0.0940000000 0.4331793850 0.7874476017 3.3975055024 19.9179961752 0.4331793850 0.3411060678 8.6280653334 0.0000000000
0.0960000000 0.4320093726 0.7964072607 3.3846654328 19.9038915278 0.4320093726 0.3440554011 8.5986676919 0.0000000000
0.0980000000 0.4308160919 0.8055651642 3.3715842797 19.8895694261 0.4308160919 0.3470504358 8.5687465700 0.0000000000
0.1000000000 0.4296040232 0.8148880928 3.3583119524 19.8750875387 0.4296040232 0.3500792031 8.5384175680 0.0000000000
0.1020000000 0.4283769370 0.8243480237 3.3448903954 19.8604942390 0.4283769370 0.3531316814 8.5077776902 0.0000000000
0.1040000000 0.4271379570 0.8339216941 3.3313543105 19.8458294962 0.4271379570 0.3561996088 8.4769070668 0.0000000000
0.1060000000 0.4258896407 0.8435900228 3.3177320743 19.8311259749 0.4258896407 0.3592762517 8.4458711164 0.0000000000
0.1080000000 0.4246340658 0.8533374841 3.3040467100 19.8164101809 0.4246340658 0.3623561653 8.4147228242 0.0000000000
0.1100000000 0.4233729131 0.8631515011 3.2903168181 19.8017035482 0.4233729131 0.3654349654 8.3835049146 0.0000000000
0.1120000000 0.4221075411 0.8730218960 3.2765574113 19.7870234066 0.4221075411 0.3685091259 8.3522517962 0.0000000000
0.1140000000 0.4208390503 0.8829404167 3.2627806297 19.7723838062 0.4208390503 0.3715758064 8.3209912228 0.0000000000
0.1160000000 0.4195683357 0.8929003424 3.2489963315 19.7577961957 0.4195683357 0.3746327106 8.2897456666 0.0000000000
0.1180000000 0.4182961301 0.9028961646 3.2352125711 19.7432699678 0.4182961301 0.3776779716 8.2585334237 0.0000000000
0.1200000000 0.4170230381 0.9129233337 3.2214359761 19.7288128908 0.4170230381 0.3807100622 8.2273694897 0.0000000000
0.1220000000 0.4157495623 0.9229780600 3.2076720435 19.7144314448 0.4157495623 0.3837277244 8.1962662442 0.0000000000
0.1240000000 0.4144761244 0.9330571586 3.1939253697 19.7001310827 0.4144761244 0.3867299150 8.1652339822 0.0000000000
0.1260000000 0.4132030812 0.9431579300 3.1801998279 19.6859164324 0.4132030812 0.3897157627 8.1342813258 0.0000000000
0.1280000000 0.4119307366 0.9532780668 3.1664987064 19.6717914538 0.4119307366 0.3926845362 8.1034155438 0.0000000000
0.1300000000 0.4106593519 0.9634155810 3.1528248162 19.6577595602 0.4106593519 0.3956356180 8.0726427999 0.0000000000
0.1320000000 0.4093891528 0.9735687476 3.1391805751 19.6438237148 0.4093891528 0.3985684847 8.0419683480 0.0000000000
0.1340000000 0.4081203359 0.9837360596 3.1255680743 19.6299865055 0.4081203359 0.4014826911 8.0113966859 0.0000000000
0.1360000000 0.4068530731 0.9939161925 3.1119891315 19.6162502061 0.4068530731 0.4043778573 7.9809316788 0.0000000000
0.1380000000 0.4055875156 1.0041079753 3.0984453337 19.6026168243 0.4055875156 0.4072536591 7.9505766578 0.0000000000
0.1400000000 0.4043237972 1.0143103674 3.0849380718 19.5890881416 0.4043237972 0.4101098192 7.9203345002 0.0000000000
0.1420000000 0.4030620362 1.0245224394 3.0714685693 19.5756657458 0.4030620362 0.4129461006 7.8902076963 0.0000000000
0.1440000000 0.4018023386 1.0347433575 3.0580379055 19.5623510578 0.4018023386 0.4157623009 7.8601984032 0.0000000000
0.1460000000 0.4005447987 1.0449723700 3.0446470356 19.5491453538 0.4005447987 0.4185582476 7.8303084909 0.0000000000
0.1480000000 0.3992895015 1.0552087966 3.0312968069 19.5360497846 0.3992895015 0.4213337944 7.8005395802 0.0000000000
0.1500000000 0.3980365235 1.0654520187 3.0179879729 19.5230653912 0.3980365235 0.4240888175 7.7708930756 0.0000000000
0.1520000000 0.3967859337 1.0757014717 3.0047212054 19.5101931182 0.3967859337 0.4268232128 7.7413701927 0.0000000000
0.1540000000 0.3955377949 1.0859566377 2.9914971044 19.4974338260 0.3955377949 0.4295368938 7.7119719816 0.0000000000
0.1560000000 0.3942921642 1.0962170401 2.9783162072 19.4847883005 0.3942921642 0.4322297892 7.6826993481 0.0000000000
0.1580000000 0.3930490938 1.1064822381 2.9651789959 19.4722572615 0.3930490938 0.4349018410 7.6535530709 0.0000000000
0.1600000000 0.3918086315 1.1167518219 2.9520859043 19.4598413708 0.3918086315 0.4375530031 7.6245338174 0.0000000000
0.1620000000 0.3905708215 1.1270254093 2.9390373237 19.4475412385 0.3905708215 0.4401832399 7.5956421575 0.0000000000
0.1640000000 0.3893357044 1.1373026415 2.9260336084 19.4353574289 0.3893357044 0.4427925251 7.5668785753 0.0000000000
0.1660000000 0.3881033182 1.1475831801 2.9130750802 19.4232904658 0.3881033182 0.4453808401 7.5382434809 0.0000000000
0.1680000000 0.3868736983 1.1578667041 2.9001620325 19.4113408370 0.3868736983 0.4479481740 7.5097372192 0.0000000000
0.1700000000 0.3856468780 1.1681529070 2.8872947349 19.3995089986 0.3856468780 0.4504945216 7.4813600798 0.0000000000
0.1720000000 0.3844228887 1.1784414943 2.8744734361 19.3877953786 0.3844228887 0.4530198834 7.4531123045 0.0000000000
0.1740000000 0.3832017604 1.1887321811 2.8616983678 19.3762003807 0.3832017604 0.4555242644 7.4249940958 0.0000000000
0.1760000000 0.3819835220 1.1990246895 2.8489697477 19.3647243872 0.3819835220 0.4580076738 7.3970056236 0.0000000000
0.1780000000 0.3807682013 1.2093187462 2.8362877825 19.3533677623 0.3807682013 0.4604701239 7.3691470328 0.0000000000
0.1800000000 0.3795558258 1.2196140804 2.8236526717 19.3421308547 0.3795558258 0.4629116295 7.3414184498 0.0000000000
0.1820000000 0.3783464225 1.2299104208 2.8110646097 19.3310140009 0.3783464225 0.4653322077 7.3138199900 0.0000000000
0.1840000000 0.3771400183 1.2402074934 2.7985237902 19.3200175273 0.3771400183 0.4677318768 7.2863517647 0.0000000000
0.1860000000 0.3759366408 1.2505050185 2.7860304084 19.3091417535 0.3759366408 0.4701106560 7.2590138883 0.0000000000
0.1880000000 0.3747363180 1.2608027076 2.7735846657 19.2983869951 0.3747363180 0.4724685644 7.2318064868 0.0000000000
0.1900000000 0.3735390791 1.2711002599 2.7611867728 19.2877535666 0.3735390791 0.4748056206 7.2047297059 0.0000000000
0.1920000000 0.3723449548 1.2813973588 2.7488369549 19.2772417846 0.3723449548 0.4771218416 7.1777837210 0.0000000000
0.1940000000 0.3711539777 1.2916936666 2.7365354559 19.2668519713 0.3711539777 0.4794172424 7.1509687476 0.0000000000
0.1960000000 0.3699661832 1.3019888204 2.7242825450 19.2565844590 0.3699661832 0.4816918345 7.1242850542 0.0000000000
0.1980000000 0.3687816098 1.3122824248 2.7120785229 19.2464395938 0.3687816098 0.4839456251 7.0977329764 0.0000000000
0.2000000000 0.3676003001 1.3225740454 2.6999237299 19.2364177414 0.3676003001 0.4861786160 7.0713129342 0.0000000000
0.2020000000 0.3664223017 1.3328631993 2.6878185558 19.2265192934 0.3664223017 0.4883908013 7.0450254525 0.0000000000
0.2040000000 0.3652476684 1.3431493446 2.6757634514 19.2167446743 0.3652476684 0.4905821664 7.0188711861 0.0000000000
0.2060000000 0.3640764617 1.3534318666 2.6637589429 19.2070943509 0.3640764617 0.4927526851 6.9928509505 0.0000000000
0.2080000000 0.3629087525 1.3637100614 2.6518056500 19.1975688434 0.3629087525 0.4949023171 6.9669657596 0.0000000000
0.2100000000 0.3617446234 1.3739831146 2.6399043081 19.1881687395 0.3617446234 0.4970310043 6.9412168739 0.0000000000
0.2120000000 0.3605841716 1.3842500744 2.6280557972 19.1788947114 0.3605841716 0.4991386663 6.9156058611 0.0000000000
0.2140000000 0.3594275125 1.3945098171 2.6162611787 19.1697475397 0.3594275125 0.5012251948 6.8901346740 0.0000000000
0.2160000000 0.3582747848 1.4047610021 2.6045217425 19.1607281406 0.3582747848 0.5032904458 6.8648057518 0.0000000000
0.2180000000 0.3571261564 1.4150020132 2.5928390705 19.1518376075 0.3571261564 0.5053342303 6.8396221528 0.0000000000
0.2200000000 0.3559818330 1.4252308797 2.5812151189 19.1430772539 0.3559818330 0.5073563011 6.8145877309 0.0000000000
0.2220000000 0.3548420693 1.4354451714 2.5696523307 19.1344487018 0.3548420693 0.5093563350 6.7897073725 0.0000000000
0.2240000000 0.3537071849 1.4456418545 2.5581537871 19.1259539194 0.3537071849 0.5113339107 6.7649873193 0.0000000000
0.2260000000 0.3525775830 1.4558170938 2.5467234181 19.1175954895 0.3525775830 0.5132884723 6.7404356114 0.0000000000
0.2280000000 0.3514537870 1.4659659753 2.5353662944 19.1093764288 0.3514537870 0.5152192936 6.7160627131 0.0000000000
0.2300000000 0.3503364649 1.4760821143 2.5240890426 19.1013013103 0.3503364649 0.5171253898 6.6918823759 0.0000000000
0.2320000000 0.3492265298 1.4861570912 2.5129004394 19.0933745553 0.3492265298 0.5190054837 6.6679129386 0.0000000000
0.2340000000 0.3481251359 1.4961796315 2.5018122787 19.0856056628 0.3481251359 0.5208577376 6.6441790658 0.0000000000
0.2360000000 0.3470340082 1.5061343917 2.4908406464 19.0779995986 0.3470340082 0.5226798548 6.6207146686 0.0000000000
0.2380000000 0.3459552105 1.5160001460 2.4800078345 19.0705798950 0.3459552105 0.5244681497 6.5975664821 0.0000000000
0.2400000000 0.3448923020 1.5257470305 2.4693452300 19.0633456337 0.3448923020 0.5262184057 6.5748011598 0.0000000000
0.2420000000 0.3438491008 1.5353323224 2.4588977581 19.0563614229 0.3438491008 0.5279226385 6.5525127405 0.0000000000
0.2440000000 0.3428335247 1.5446938938 2.4487307349 19.0495979580 0.3428335247 0.5295728523 6.5308408128 0.0000000000
0.2460000000 0.3418530551 1.5537400213 2.4389405726 19.0432305363 0.3418530551 0.5311507731 6.5099865382 0.0000000000
0.2480000000 0.3409259814 1.5623334884 2.4296714185 19.0371506313 0.3409259814 0.5326400778 6.4902592617 0.0000000000
0.2500000000 0.3400685414 1.5702670154 2.4211409590 19.0317881766 0.3400685414 0.5339984135 6.4721124449 0.0000000000
0.2520000000 0.3393225636 1.5772261783 2.4136793743 19.0268957294 0.3393225636 0.5351884303 6.4562550371 0.0000000000
0.2540000000 0.3387268337 1.5827363228 2.4077854718 19.0233769179 0.3387268337 0.5361152632 6.4437282296 0.0000000000
0.2560000000 0.3383709366 1.5860948964 2.4041991027 19.0208922805 0.3383709366 0.5366884156 6.4361171354 0.0000000000
0.2580000000 0.3383431707 1.5863078441 2.4039718646 19.0210087183 0.3383431707 0.5367164257 6.4356283997 0.0000000000
0.2600000000 0.3388002577 1.5820927186 2.4084730456 19.0235808053 0.3388002577 0.5360134207 6.4451940790 0.0000000000
0.2620000000 0.3398708145 1.5720920744 2.4191809879 19.0305935314 0.3398708145 0.5343082138 6.4679433238 0.0000000000
0.2640000000 0.3416608999 1.5555182596 2.4370167067 19.0419490669 0.3416608999 0.5314597684 6.5058894538 0.0000000000
0.2660000000 0.3440637655 1.5333338210 2.4610675557 19.0579069209 0.3440637655 0.5275646082 6.5571352175 0.0000000000
0.2680000000 0.3466663341 1.5094681513 2.4871708600 19.0755925727 0.3466663341 0.5232817905 6.6128657485 0.0000000000
0.2700000000 0.3487291203 1.4906890587 2.5078804907 19.0897912467 0.3487291203 0.5198466842 6.6571661089 0.0000000000
0.2720000000 0.3494657401 1.4839654447 2.5153319416 19.0952007019 0.3494657401 0.5185950824 6.6731184449 0.0000000000
0.2740000000 0.3485397304 1.4924273606 2.5059565745 19.0883534871 0.3485397304 0.5201702299 6.6530495778 0.0000000000
0.2760000000 0.3462619598 1.5131266248 2.4831528348 19.0730581642 0.3462619598 0.5239381906 6.6042745001 0.0000000000
0.2780000000 0.3435034629 1.5385359579 2.4554085907 19.0538800522 0.3435034629 0.5284924293 6.5450737797 0.0000000000
0.2800000000 0.3411463922 1.5602306169 2.4319345299 19.0389408866 0.3411463922 0.5322670460 6.4950659956 0.0000000000
0.2820000000 0.3399154328 1.5717276920 2.4195736375 19.0305727953 0.3399154328 0.5342544987 6.4687853888 0.0000000000
0.2840000000 0.3401599485 1.5694245905 2.4220451994 19.0323285112 0.3401599485 0.5338553878 6.4740358853 0.0000000000
0.2860000000 0.3419270637 1.5530182391 2.4397155417 19.0439149606 0.3419270637 0.5310189664 6.5116299242 0.0000000000
0.2880000000 0.3447834096 1.5267467958 2.4682454070 19.0625499240 0.3447834096 0.5263969658 6.5724509579 0.0000000000
0.2900000000 0.3476753854 1.5002186664 2.4973508527 19.0828176622 0.3476753854 0.5215891031 6.6346259862 0.0000000000
0.2920000000 0.3492919773 1.4855896103 2.5135304822 19.0936701395 0.3492919773 0.5189045324 6.6692657965 0.0000000000
0.2940000000 0.3487299026 1.4906674033 2.5079032855 19.0898820471 0.3487299026 0.5198402984 6.6572127078 0.0000000000
0.2960000000 0.3462446998 1.5132660236 2.4829972559 19.0730394806 0.3462446998 0.5239603401 6.6039388300 0.0000000000
0.2980000000 0.3431031061 1.5422668980 2.4513553430 19.0509458139 0.3431031061 0.5291565632 6.5364386830 0.0000000000
0.3000000000 0.3407154656 1.5641394483 2.4277259156 19.0367069473 0.3407154656 0.5329265003 6.4861004702 0.0000000000
0.3020000000 0.3402021963 1.5691554500 2.4223350154 19.0318253053 0.3402021963 0.5338301304 6.4746687679 0.0000000000
0.3040000000 0.3417533986 1.5545791772 2.4380286052 19.0430645722 0.3417533986 0.5312827173 6.5080320378 0.0000000000
0.3060000000 0.3448229077 1.5263198306 2.4687089160 19.0632085917 0.3448229077 0.5263100421 6.5734310171 0.0000000000
0.3080000000 0.3478735391 1.4985368593 2.4992059002 19.0833984956 0.3478735391 0.5213013207 6.6386093724 0.0000000000
0.3100000000 0.3490798103 1.4873684786 2.5115592766 19.0931314767 0.3490798103 0.5192103063 6.6650267132 0.0000000000
0.3120000000 0.3476990051 1.5001453381 2.4974298867 19.0820560456 0.3476990051 0.5215990415 6.6348119020 0.0000000000
0.3140000000 0.3444781912 1.5294617728 2.4652797619 19.0610333185 0.3444781912 0.5268662250 6.5661102801 0.0000000000
0.3160000000 0.3413688638 1.5581193554 2.4342086503 19.0406889508 0.3413688638 0.5318934340 6.4998983529 0.0000000000
0.3180000000 0.3401309283 1.5698758786 2.4215617677 19.0310023718 0.3401309283 0.5339633399 6.4730325028 0.0000000000
0.3200000000 0.3413999192 1.5577209966 2.4346365530 19.0415801683 0.3413999192 0.5318058223 6.5007939301 0.0000000000
0.3220000000 0.3446927756 1.5276102887 2.4672972967 19.0616980224 0.3446927756 0.5265562305 6.5704295994 0.0000000000
0.3240000000 0.3480104608 1.4972558330 2.5006186249 19.0845617885 0.3480104608 0.5210606924 6.6416271427 0.0000000000
0.3260000000 0.3491696108 1.4864751148 2.5125489916 19.0942633649 0.3491696108 0.5190319374 6.6671365084 0.0000000000
0.3280000000 0.3474442957 1.5025968226 2.4947248883 19.0794371472 0.3474442957 0.5220686947 6.6290416016 0.0000000000
0.3300000000 0.3439391557 1.5342820180 2.4600278387 19.0582826618 0.3439391557 0.5276996619 6.5548896478 0.0000000000
0.3320000000 0.3411412367 1.5602731468 2.4318889306 19.0389424125 0.3411412367 0.5322735108 6.4949683593 0.0000000000
0.3340000000 0.3407315153 1.5643716157 2.4274769981 19.0344046896 0.3407315153 0.5330307111 6.4856215525 0.0000000000
0.3360000000 0.3427538059 1.5450805650 2.4483016866 19.0512190421 0.3427538059 0.5295822440 6.5298778330 0.0000000000
0.3380000000 0.3459334334 1.5163018365 2.4796675779 19.0697065161 0.3459334334 0.5245395004 6.5968490487 0.0000000000
0.3400000000 0.3478812680 1.4985270025 2.4992210351 19.0830934595 0.3478812680 0.5213094737 6.6386507492 0.0000000000
0.3420000000 0.3472682660 1.5036205753 2.4936040480 19.0820060737 0.3472682660 0.5221597100 6.6265751617 0.0000000000
0.3440000000 0.3449775360 1.5252934363 2.4698331233 19.0617669338 0.3449775360 0.5261919713 6.5758813882 0.0000000000
0.3460000000 0.3427839163 1.5450305775 2.4483632511 19.0500221893 0.3427839163 0.5296116321 6.5300412107 0.0000000000
0.3480000000 0.3424562554 1.5478908606 2.4452649559 19.0489123170 0.3424562554 0.5300849079 6.5234191820 0.0000000000
0.3500000000 0.3440346243 1.5340610188 2.4602762308 19.0547866061 0.3440346243 0.5277701062 6.5555063505 0.0000000000
0.3520000000 0.3457585880 1.5175082542 2.4783537925 19.0710992001 0.3457585880 0.5246915112 6.5939963307 0.0000000000
0.3540000000 0.3462293590 1.5133239038 2.4829416897 19.0735202067 0.3462293590 0.5239571652 6.6038126756 0.0000000000
0.3560000000 0.3451189575 1.5241805993 2.4710509126 19.0615572882 0.3451189575 0.5260236194 6.5785047792 0.0000000000
0.3580000000 0.3434562635 1.5384264878 2.4555302912 19.0570533138 0.3434562635 0.5283822131 6.5452643242 0.0000000000
0.3600000000 0.3431601481 1.5416994958 2.4519774448 19.0516339781 0.3431601481 0.5290498273 6.5377615380 0.0000000000
0.3620000000 0.3443871646 1.5308913594 2.4637308494 19.0567058248 0.3443871646 0.5272193345 6.5628848853 0.0000000000
0.3640000000 0.3457658954 1.5170807193 2.4788228315 19.0734630922 0.3457658954 0.5245547734 6.5949530451 0.0000000000
0.3660000000 0.3461451534 1.5144107825 2.4817489508 19.0709125524 0.3461451534 0.5242059526 6.6013039506 0.0000000000
0.3680000000 0.3449607891 1.5256564930 2.4694374941 19.0603224846 0.3449607891 0.5262916678 6.5750638852 0.0000000000
0.3700000000 0.3433151189 1.5393829727 2.4544906184 19.0583026880 0.3433151189 0.5284934484 6.5430034537 0.0000000000
0.3720000000 0.3431911661 1.5417155046 2.4519598713 19.0499161501 0.3431911661 0.5291031418 6.5377629368 0.0000000000
0.3740000000 0.3444207853 1.5306405003 2.4640053355 19.0565683564 0.3444207853 0.5271844031 6.5634782380 0.0000000000
0.3760000000 0.3456335133 1.5179450919 2.4778769623 19.0747978512 0.3456335133 0.5246526952 6.5928893975 0.0000000000
0.3780000000 0.3459380817 1.5165516647 2.4794018088 19.0679239307 0.3459380817 0.5246329737 6.5963210268 0.0000000000
0.3800000000 0.3448633784 1.5267034307 2.4682945954 19.0586902263 0.3448633784 0.5265041029 6.5726442986 0.0000000000
0.3820000000 0.3436116131 1.5362722929 2.4578713186 19.0626932405 0.3436116131 0.5278810007 6.5501627742 0.0000000000
0.3840000000 0.3439512596 1.5348502388 2.4594191641 19.0541012470 0.3439512596 0.5279136729 6.5536821236 0.0000000000
0.3860000000 0.3450025663 1.5256273357 2.4694761797 19.0583912014 0.3450025663 0.5263453460 6.5751938732 0.0000000000
0.3880000000 0.3452481050 1.5210613679 2.4744686706 19.0748605654 0.3452481050 0.5251435549 6.5855594635 0.0000000000
0.3900000000 0.3447402296 1.5274732030 2.4674609100 19.0602118578 0.3447402296 0.5265814627 6.5708218118 0.0000000000
0.3920000000 0.3437986821 1.5370776527 2.4569958016 19.0478339612 0.3437986821 0.5284452713 6.5486202127 0.0000000000
0.3940000000 0.3434602765 1.5372833766 2.4567688682 19.0641019702 0.3434602765 0.5279957735 6.5477617332 0.0000000000
0.3960000000 0.3448036605 1.5265588682 2.4684481619 19.0626819722 0.3448036605 0.5263630857 6.5728825229 0.0000000000
0.3980000000 0.3460172602 1.5171957532 2.4786950167 19.0596941706 0.3460172602 0.5249759178 6.5949831581 0.0000000000
0.4000000000 0.3452890511 1.5204803394 2.4751032983 19.0764470471 0.3452890511 0.5250052135 6.5868882983 0.0000000000
0.4020000000 0.3440885495 1.5325113935 2.4619759271 19.0619580118 0.3440885495 0.5273196225 6.5590014826 0.0000000000
0.4040000000 0.3437333122 1.5387558234 2.4551820002 19.0406207121 0.3437333122 0.5289216359 6.5448956243 0.0000000000
0.4060000000 0.3440450165 1.5322456926 2.4622556085 19.0658465349 0.3440450165 0.5271614946 6.5595094859 0.0000000000
0.4080000000 0.3450746912 1.5224378827 2.4729487953 19.0749486074 0.3450746912 0.5253547822 6.5822819995 0.0000000000
0.4100000000 0.3455220065 1.5226466670 2.4727150214 19.0503807969 0.3455220065 0.5261079316 6.5823257977 0.0000000000
0.4120000000 0.3441295727 1.5324208937 2.4620497673 19.0602233873 0.3441295727 0.5273513473 6.5591865297 0.0000000000
0.4140000000 0.3432410380 1.5380875195 2.4558986799 19.0704225476 0.3432410380 0.5279347567 6.5457516298 0.0000000000
0.4160000000 0.3445558624 1.5312486140 2.4633527526 19.0457528300 0.3445558624 0.5276006868 6.5623257917 0.0000000000
0.4180000000 0.3456031106 1.5206477671 2.4749422084 19.0592514584 0.3456031106 0.5255405984 6.5869365896 0.0000000000
0.4200000000 0.3450595517 1.5204895696 2.4751131681 19.0884515378 0.3450595517 0.5246594492 6.5866525303 0.0000000000
0.4220000000 0.3444365832 1.5309350819 2.4636931517 19.0539330788 0.3444365832 0.5273100486 6.5628716056 0.0000000000
0.4240000000 0.3439551848 1.5378393132 2.4561555321 19.0347681463 0.3439551848 0.5289478051 6.5471071948 0.0000000000
0.4260000000 0.3438046739 1.5322816799 2.4621811377 19.0778678409 0.3438046739 0.5268056033 6.5590601318 0.0000000000
0.4280000000 0.3450031374 1.5229104911 2.4723989426 19.0753996250 0.3450031374 0.5254088974 6.5810727175 0.0000000000
0.4300000000 0.3457135622 1.5230816654 2.4722261594 19.0375948005 0.3457135622 0.5265499881 6.5815547148 0.0000000000
0.4320000000 0.3441230273 1.5317769463 2.4627651223 19.0647739384 0.3441230273 0.5271197200 6.5606277232 0.0000000000
0.4340000000 0.3432822977 1.5356664767 2.4585676441 19.0839888598 0.3432822977 0.5271671166 6.5511955445 0.0000000000
0.4360000000 0.3449388017 1.5292289991 2.4655990742 19.0391004888 0.3449388017 0.5274904185 6.5673245080 0.0000000000
0.4380000000 0.3455850882 1.5227678031 2.4726569154 19.0468791302 0.3455850882 0.5262458455 6.5823174036 0.0000000000
0.4400000000 0.3441650306 1.5263057031 2.4687641159 19.0978010525 0.3441650306 0.5253010490 6.5727952833 0.0000000000
0.4420000000 0.3439021739 1.5342683676 2.4600453239 19.0603117045 0.3439021739 0.5276382269 6.5548826303 0.0000000000
0.4440000000 0.3447095710 1.5344397421 2.4598158516 19.0170231434 0.3447095710 0.5289360652 6.5553498887 0.0000000000
0.4460000000 0.3444481469 1.5270152668 2.4678850990 19.0777645447 0.3444481469 0.5259775789 6.5713006441 0.0000000000
0.4480000000 0.3443608542 1.5239050072 2.4712857473 19.1022485967 0.3443608542 0.5247732301 6.5780666447 0.0000000000
0.4500000000 0.3451397545 1.5294321720 2.4652861334 19.0267399778 0.3451397545 0.5278678444 6.5668843654 0.0000000000
0.4520000000 0.3445231545 1.5339336356 2.4604285630 19.0303456051 0.3445231545 0.5284756549 6.5563946989 0.0000000000
0.4540000000 0.3434996981 1.5299640748 2.4647936022 19.1092288654 0.3434996981 0.5255421978 6.5640143466 0.0000000000
0.4560000000 0.3447966811 1.5246661102 2.4705929427 19.0757076946 0.3447966811 0.5256998146 6.5772407024 0.0000000000
0.4580000000 0.3458481743 1.5273273198 2.4676721518 19.0041927519 0.3458481743 0.5282233652 6.5725653678 0.0000000000
0.4600000000 0.3438660813 1.5336868205 2.4607022780 19.0660729133 0.3438660813 0.5273828769 6.5561757789 0.0000000000
0.4620000000 0.3428916674 1.5331621261 2.4612308104 19.1199607464 0.3428916674 0.5257085178 6.5560752205 0.0000000000
0.4640000000 0.3452973134 1.5270452444 2.4678706724 19.0336563930 0.3452973134 0.5272846203 6.5722704170 0.0000000000
0.4660000000 0.3460183744 1.5259277533 2.4690930380 19.0035480074 0.3460183744 0.5279990407 6.5755767900 0.0000000000
0.4680000000 0.3433441480 1.5312201408 2.4633507486 19.1087725946 0.3433441480 0.5257354746 6.5608852453 0.0000000000
0.4700000000 0.3431001319 1.5328668915 2.4616040571 19.1113247931 0.3431001319 0.5259268327 6.5570980574 0.0000000000
0.4720000000 0.3459939301 1.5275947851 2.4673919161 18.9950619501 0.3459939301 0.5285385233 6.5721761362 0.0000000000
0.4740000000 0.3458219638 1.5248484796 2.4704073610 19.0215350363 0.3458219638 0.5273260957 6.5780646001 0.0000000000
0.4760000000 0.3428346870 1.5298070264 2.4649801851 19.1451459127 0.3428346870 0.5244709131 6.5636201066 0.0000000000
0.4780000000 0.3434252887 1.5338567259 2.4605250776 19.0880056719 0.3434252887 0.5267651889 6.5553038580 0.0000000000
0.4800000000 0.3462835682 1.5302592344 2.4643874830 18.9625332258 0.3462835682 0.5299036279 6.5664136675 0.0000000000
0.4820000000 0.3451730294 1.5262182396 2.4687564180 19.0452425963 0.3451730294 0.5268093732 6.5739040820 0.0000000000
0.4840000000 0.3423488160 1.5293702483 2.4653085321 19.1723861836 0.3423488160 0.5235780937 6.5636437099 0.0000000000
0.4860000000 0.3439520977 1.5334486686 2.4608932342 19.0626216791 0.3439520977 0.5274328863 6.5566287142 0.0000000000
0.4880000000 0.3467530245 1.5303168109 2.4643576122 18.9383184551 0.3467530245 0.5306419826 6.5669192037 0.0000000000
0.4900000000 0.3448128709 1.5254419466 2.4697303613 19.0697958261 0.3448128709 0.5259920170 6.5755110463 0.0000000000
0.4920000000 0.3420829229 1.5277597740 2.4672271888 19.1979395712 0.3420829229 0.5226205290 6.5672872826 0.0000000000
0.4940000000 0.3444358150 1.5326722381 2.4618583210 19.0433162896 0.3444358150 0.5279072114 6.5592001662 0.0000000000
0.4960000000 0.3471347863 1.5311710706 2.4634420286 18.9134925512 0.3471347863 0.5315227424 6.5655311948 0.0000000000
0.4980000000 0.3443655034 1.5269415646 2.4679949276 19.0827479603 0.3443655034 0.5258260005 6.5714401069 0.0000000000
0.5000000000 0.3414231004 1.5288821002 2.4658299203 19.2242695621 0.3414231004 0.5219956668 6.5636097164 0.0000000000
0.5020000000 0.3444623644 1.5333205044 2.4609834347 19.0365831952 0.3444623644 0.5281712063 6.5573864570 0.0000000000
0.5040000000 0.3476742207 1.5315465904 2.4629472710 18.8829835244 0.3476742207 0.5324792672 6.5651265807 0.0000000000
0.5060000000 0.3444683516 1.5269230857 2.4680526783 19.0777893887 0.3444683516 0.5259766783 6.5716946622 0.0000000000
0.5080000000 0.3408472381 1.5282088216 2.4667092165 19.2601946318 0.3408472381 0.5208857560 6.5647841450 0.0000000000
0.5100000000 0.3442568606 1.5320069137 2.4626032181 19.0569949328 0.3442568606 0.5274038905 6.5605012484 0.0000000000
0.5120000000 0.3485296064 1.5303820107 2.4643609390 18.8478752954 0.3485296064 0.5333834398 6.5690425581 0.0000000000
0.5140000000 0.3451896286 1.5268646993 2.4681576177 19.0410328644 0.3451896286 0.5270578585 6.5727670635 0.0000000000
0.5160000000 0.3400462311 1.5290239226 2.4657374257 19.2969143969 0.3400462311 0.5199388222 6.5618430129 0.0000000000
0.5180000000 0.3430426150 1.5325657829 2.4618253539 19.1154833862 0.3430426150 0.5257353738 6.5574254070 0.0000000000
0.5200000000 0.3490564471 1.5306943963 2.4638425617 18.8179605572 0.3490564471 0.5342987476 6.5685304538 0.0000000000
0.5220000000 0.3467095479 1.5277775450 2.4670570634 18.9561285766 0.3467095479 0.5296950620 6.5722707693 0.0000000000
0.5240000000 0.3396745885 1.5299279538 2.4647716464 19.3110230163 0.3396745885 0.5196776481 6.5594637964 0.0000000000
0.5260000000 0.3409761467 1.5320096485 2.4625820814 19.2289106031 0.3409761467 0.5223787467 6.5565998436 0.0000000000
0.5280000000 0.3489480724 1.5293787457 2.4654879829 18.8332165541 0.3489480724 0.5336737653 6.5718146142 0.0000000000
0.5300000000 0.3493413997 1.5275014246 2.4675427362 18.8251638909 0.3493413997 0.5336194857 6.5764091028 0.0000000000
0.5320000000 0.3407726853 1.5302141624 2.4645441123 19.2513356310 0.3407726853 0.5214551892 6.5603293386 0.0000000000
0.5340000000 0.3382165955 1.5314658950 2.4631161291 19.3793413662 0.3382165955 0.5179671811 6.5544148590 0.0000000000
0.5360000000 0.3466773447 1.5290985040 2.4656130392 18.9493867099 0.3466773447 0.5301038092 6.5693230689 0.0000000000
0.5380000000 0.3518188132 1.5287507053 2.4659650118 18.6915150997 0.3518188132 0.5378432589 6.5760266602 0.0000000000
0.5400000000 0.3443163471 1.5313078543 2.4631822413 19.0570386912 0.3443163471 0.5272543267 6.5616499491 0.0000000000
0.5420000000 0.3364432880 1.5309846989 2.4635983848 19.4781506631 0.3364432880 0.5150895260 6.5532930534 0.0000000000
0.5440000000 0.3416531070 1.5287210088 2.4661471860 19.2141895490 0.3416531070 0.5222922823 6.5645875574 0.0000000000
0.5460000000 0.3519514118 1.5293417734 2.4655356866 18.6827674405 0.3519514118 0.5382539963 6.5754263773 0.0000000000
0.5480000000 0.3504257771 1.5310760649 2.4636335960 18.7480984761 0.3504257771 0.5365285198 6.5698169775 0.0000000000
0.5500000000 0.3389198796 1.5298316035 2.4649637739 19.3526886031 0.3389198796 0.5184903429 6.5590108912 0.0000000000
0.5520000000 0.3355591319 1.5287793153 2.4660257622 19.5410957759 0.3355591319 0.5129958599 6.5571931352 0.0000000000
0.5540000000 0.3463459893 1.5303172823 2.4642615224 18.9585062927 0.3463459893 0.5300192531 6.5662026175 0.0000000000
0.5560000000 0.3549273088 1.5310204652 2.4634434785 18.5237583535 0.3549273088 0.5434009735 6.5745877018 0.0000000000
0.5580000000 0.3474674867 1.5295121888 2.4651185377 18.9060289810 0.3474674867 0.5314557561 6.5692303726 0.0000000000
0.5600000000 0.3344846647 1.5295389343 2.4651315422 19.5945919266 0.3344846647 0.5116073176 6.5540905112 0.0000000000
0.5620000000 0.3359787882 1.5307148679 2.4639596045 19.5057342182 0.3359787882 0.5142877264 6.5535129459 0.0000000000
0.5640000000 0.3507235894 1.5301421714 2.4646711781 18.7391406296 0.3507235894 0.5366569547 6.5722586642 0.0000000000
0.5660000000 0.3570184882 1.5291153643 2.4658168105 18.4358274168 0.3570184882 0.5459224557 6.5819312335 0.0000000000
0.5680000000 0.3447090294 1.5299643302 2.4648399922 19.0466314826 0.3447090294 0.5273925193 6.5655458518 0.0000000000
0.5700000000 0.3311159002 1.5304559583 2.4642520216 19.7768083054 0.3311159002 0.5067583024 6.5484156856 0.0000000000
0.5720000000 0.3362068666 1.5296533927 2.4650105362 19.4994869088 0.3362068666 0.5142799742 6.5558613941 0.0000000000
0.5740000000 0.3536186359 1.5296789881 2.4649078694 18.5962737182 0.3536186359 0.5409229971 6.5759889449 0.0000000000
0.5760000000 0.3590208806 1.5305083573 2.4640103173 18.3290761791 0.3590208806 0.5494844582 6.5805210710 0.0000000000
0.5780000000 0.3440969861 1.5301452924 2.4644787299 19.0760800067 0.3440969861 0.5265183835 6.5640216378 0.0000000000
0.5800000000 0.3285234947 1.5295756805 2.4651595489 19.9291863489 0.3285234947 0.5025015480 6.5472059459 0.0000000000
0.5820000000 0.3338549608 1.5300055671 2.4647978808 19.6275594340 0.3338549608 0.5107999485 6.5527580845 0.0000000000
0.5840000000 0.3540993450 1.5301785342 2.4646588693 18.5716228366 0.3540993450 0.5418352167 6.5761994821 0.0000000000
0.5860000000 0.3627574954 1.5296641994 2.4651714414 18.1590507214 0.3627574954 0.5548971538 6.5873317588 0.0000000000
0.5880000000 0.3475081008 1.5297550081 2.4649785559 18.9033204778 0.3475081008 0.5316022575 6.5690569977 0.0000000000
0.5900000000 0.3271117744 1.5302594649 2.4643721196 20.0051745491 0.3271117744 0.5005658888 6.5439281436 0.0000000000
0.5920000000 0.3278567794 1.5301018515 2.4644669209 19.9628580920 0.3278567794 0.5016542652 6.5449583622 0.0000000000
0.5940000000 0.3499166203 1.5299296026 2.4646344082 18.7790686677 0.3499166203 0.5353477959 6.5711082408 0.0000000000
0.5960000000 0.3664887911 1.5302273611 2.4644009912 17.9816871370 0.3664887911 0.5608111756 6.5900867806 0.0000000000
0.5980000000 0.3565987195 1.5303049665 2.4644322739 18.4482660777 0.3565987195 0.5457047916 6.5786280612 0.0000000000
0.6000000000 0.3310353575 1.5298432573 2.4649815628 19.7859071812 0.3310353575 0.5064322096 6.5498348576 0.0000000000
0.6020000000 0.3200007990 1.5298407584 2.4650071437 20.4280266008 0.3200007990 0.4895502650 6.5369848337 0.0000000000
0.6040000000 0.3375194331 1.5300024361 2.4648166357 19.4273035128 0.3375194331 0.5164055548 6.5570924678 0.0000000000
0.6060000000 0.3644037831 1.5298178841 2.4648866595 18.0805793807 0.3644037831 0.5574714244 6.5886315262 0.0000000000
0.6080000000 0.3698186333 1.5296447622 2.4649342663 17.8330357450 0.3698186333 0.5656911354 6.5949889069 0.0000000000
0.6100000000 0.3464146037 1.5301354533 2.4643620699 18.9554304970 0.3464146037 0.5300612666 6.5664379430 0.0000000000
0.6120000000 0.3192586406 1.5301734863 2.4643728505 20.4683360681 0.3192586406 0.4885211072 6.5346931490 0.0000000000
0.6140000000 0.3183295572 1.5300090309 2.4646092484 20.5262634301 0.3183295572 0.4870470974 6.5341163497 0.0000000000
0.6160000000 0.3458898846 1.5302245135 2.4645335468 18.9837858772 0.3458898846 0.5292891804 6.5662995062 0.0000000000
0.6180000000 0.3736183591 1.5304099550 2.4645111246 17.6619099029 0.3736183591 0.5717892561 6.5988137963 0.0000000000
0.6200000000 0.3721574757 1.5298788514 2.4651402623 17.7300573675 0.3721574757 0.5693558515 6.5983733938 0.0000000000
0.6220000000 0.3415828506 1.5299068163 2.4649730052 19.2111209621 0.3415828506 0.5225899315 6.5621894622 0.0000000000
0.6240000000 0.3120368871 1.5299543951 2.4647834474 20.9179128858 0.3120368871 0.4774022068 6.5271604209 0.0000000000
0.6260000000 0.3134253941 1.5296046340 2.4649998586 20.8316203853 0.3134253941 0.4794169353 6.5291588294 0.0000000000
0.6280000000 0.3456924231 1.5295230903 2.4648954598 18.9955049756 0.3456924231 0.5287445433 6.5666021435 0.0000000000
0.6300000000 0.3786762877 1.5299354505 2.4643658486 17.4399588750 0.3786762877 0.5793502769 6.6040988849 0.0000000000
0.6320000000 0.3808671710 1.5298297726 2.4646503188 17.3480758910 0.3808671710 0.5826619376 6.6073125866 0.0000000000
0.6340000000 0.3488150546 1.5299897467 2.4647194405 18.8353788739 0.3488150546 0.5336834570 6.5700637098 0.0000000000
0.6360000000 0.3107224244 1.5303527335 2.4645158703 20.9999083942 0.3107224244 0.4755149115 6.5251424481 0.0000000000
0.6380000000 0.3009628046 1.5302173503 2.4647714377 21.6448361734 0.3009628046 0.4605385054 6.5142906001 0.0000000000
0.6400000000 0.3293729856 1.5300417016 2.4650380146 19.8805941876 0.3293729856 0.5039544033 6.5481306630 0.0000000000
0.6420000000 0.3726464557 1.5301511917 2.4648366718 17.7067078677 0.3726464557 0.5702054184 6.5983419298 0.0000000000
0.6440000000 0.3943136320 1.5299477110 2.4647880068 16.7974483387 0.3943136320 0.6032792386 6.6234628620 0.0000000000
0.6460000000 0.3753159022 1.5295996290 2.4649196282 17.5888035993 0.3753159022 0.5740830648 6.6013576921 0.0000000000
0.6480000000 0.3296689599 1.5298690698 2.4645677920 19.8599664316 0.3296689599 0.5043503450 6.5472144766 0.0000000000
0.6500000000 0.2932660601 1.5298465541 2.4646316204 22.1804168594 0.2932660601 0.4486520715 6.5047634638 0.0000000000
0.6520000000 0.2951757638 1.5296993336 2.4647948731 22.0456442609 0.2951757638 0.4515301691 6.5073398822 0.0000000000
0.6540000000 0.3353085177 1.5299336333 2.4647395252 19.5470030571 0.3353085177 0.5129997788 6.5542766206 0.0000000000
0.6560000000 0.3846879864 1.5301992482 2.4646909678 17.1882226299 0.3846879864 0.5886492675 6.6121027528 0.0000000000
0.6580000000 0.4071789626 1.5298665093 2.4650996430 16.3054803289 0.4071789626 0.6229294582 6.6392485654 0.0000000000
0.6600000000 0.3854829175 1.5301358666 2.4646783088 17.1550128110 0.3854829175 0.5898412381 6.6129643889 0.0000000000
0.6620000000 0.3335581447 1.5298856137 2.4648481749 19.6441768779 0.3335581447 0.5103058069 6.5524751936 0.0000000000
0.6640000000 0.2861007434 1.5297095521 2.4648634031 22.7084275271 0.2861007434 0.4376510400 6.4968979960 0.0000000000
0.6660000000 0.2751473216 1.5298735855 2.4646557257 23.5642209553 0.2751473216 0.4209406194 6.4836322815 0.0000000000
0.6680000000 0.3090418466 1.5299041295 2.4646734310 21.1083267476 0.3090418466 0.4728043974 6.5233562774 0.0000000000
0.6700000000 0.3675421110 1.5296913503 2.4648750621 17.9359142079 0.3675421110 0.5622259881 6.5922037708 0.0000000000
0.6720000000 0.4150138234 1.5299524491 2.4647904506 16.0180179252 0.4150138234 0.6349514156 6.6476988631 0.0000000000
0.6740000000 0.4225034202 1.5300215159 2.4650576534 15.7565048037 0.4225034202 0.6464393235 6.6571771705 0.0000000000
0.6760000000 0.3843851414 1.5298876651 2.4650704908 17.2028339327 0.3843851414 0.5880660864 6.6125137530 0.0000000000
0.6780000000 0.3211048353 1.5298237368 2.4648200306 20.3603307116 0.3211048353 0.4912337990 6.5378006395 0.0000000000
0.6800000000 0.2670548534 1.5298387992 2.4649224438 24.2452609177 0.2670548534 0.4085508763 6.4748146006 0.0000000000
0.6820000000 0.2514952459 1.5296406809 2.4649402759 25.6727519120 0.2514952459 0.3846973592 6.4565750550 0.0000000000
0.6840000000 0.2835785921 1.5295748451 2.4647001798 22.8983454874 0.2835785921 0.4337546810 6.4934805739 0.0000000000
0.6860000000 0.3484610328 1.5298543089 2.4647585526 18.8533991114 0.3484610328 0.5330946125 6.5696749265 0.0000000000
0.6880000000 0.4153782055 1.5297593106 2.4648858213 16.0052716623 0.4153782055 0.6354286772 6.6482410209 0.0000000000
0.6900000000 0.4528383553 1.5298691020 2.4647241881 14.7773357921 0.4528383553 0.6927834079 6.6917444354 0.0000000000
0.6920000000 0.4431441546 1.5300914482 2.4651333681 15.0776523432 0.4431441546 0.6780510812 6.6815735007 0.0000000000
0.6940000000 0.3892463271 1.5299961915 2.4651350791 17.0031888079 0.3892463271 0.5955453981 6.6184287933 0.0000000000
0.6960000000 0.3127547001 1.5296635858 2.4646042868 20.8707127081 0.3127547001 0.4784094760 6.5274134943 0.0000000000
0.6980000000 0.2442184876 1.5297452916 2.4650931626 26.4045663937 0.2442184876 0.3735920815 6.4484832704 0.0000000000
0.7000000000 0.2102900654 1.5296716795 2.4650680874 30.4755176563 0.2102900654 0.3216747576 6.4086986018 0.0000000000
0.7020000000 0.2243156209 1.5291105336 2.4644537174 28.6354526137 0.2243156209 0.3430033788 6.4233793332 0.0000000000
0.7040000000 0.2824529565 1.5300133714 2.4651348560 22.9894565856 0.2824529565 0.4321568003 6.4934399815 0.0000000000
0.7060000000 0.3658384946 1.5296517202 2.4650962282 18.0154396343 0.3658384946 0.5596054826 6.5907413150 0.0000000000
0.7080000000 0.4482378325 1.5292744848 2.4642062248 14.9131947472 0.4482378325 0.6854786804 6.6846580899 0.0000000000
0.7100000000 0.5049278270 1.5303919187 2.4655951404 13.3787109297 0.5049278270 0.7727374660 6.7552834376 0.0000000000
0.7120000000 0.5187576129 1.5306770494 2.4659382960 13.0553516945 0.5187576129 0.7940503723 6.7725630805 0.0000000000
0.7140000000 0.4849986657 1.5290807579 2.4639015148 13.8696021945 0.4849986657 0.7416021274 6.7267385585 0.0000000000
0.7160000000 0.4119189212 1.5292251330 2.4643820073 16.1259824514 0.4119189212 0.6299167670 6.6425972941 0.0000000000
0.7180000000 0.3160105809 1.5307524660 2.4662058146 20.6820702208 0.3160105809 0.4837339760 6.5357530249 0.0000000000
0.7200000000 0.2175293836 1.5282574632 2.4636886541 29.4822206334 0.2175293836 0.3324409039 6.4132492815 0.0000000000
0.7220000000 0.1371040644 1.5287771176 2.4647548264 46.1117190288 0.1371040644 0.2096015565 6.3221040976 0.0000000000
0.7240000000 0.0901700838 1.5333012066 2.4667590207 69.5673419391 0.0901700838 0.1382578983 6.2728930528 0.0000000000
0.7260000000 0.0849849342 1.5226099384 2.4617429776 73.5762113120 0.0849849342 0.1293989054 6.2528694735 0.0000000000
0.7280000000 0.1235447591 1.5361395000 2.4685951384 51.1333195464 0.1235447591 0.1897819845 6.3172536473 0.0000000000
0.7300000000 0.2002269943 1.5283853119 2.4649622421 31.9450777352 0.2002269943 0.3060239971 6.3962668963 0.0000000000
0.7320000000 0.3071927496 1.5240348992 2.4586753335 21.1705645226 0.3071927496 0.4681724712 6.5034439263 0.0000000000
0.7340000000 0.4351207322 1.5373808155 2.4742202383 15.3974809247 0.4351207322 0.6689462661 6.6997631739 0.0000000000
0.7360000000 0.5682845006 1.5308186646 2.4672652295 12.0257083554 0.5682845006 0.8699405202 6.8340236665 0.0000000000
0.7380000000 0.6988470779 1.5206520161 2.4510664559 9.9244416337 0.6988470779 1.0627032179 6.9356670353 0.0000000000
0.7400000000 0.8271958609 1.5307070384 2.4664531836 8.6257919478 0.8271958609 1.2661945263 7.1352193958 0.0000000000
0.7420000000 0.9425409693 1.5395788756 2.4830463928 7.7711952246 0.9425409693 1.4511161656 7.3246698793 0.0000000000
0.7440000000 1.0322555804 1.5292628722 2.4645793392 7.1382399177 1.0322555804 1.5785901337 7.3684879890 0.0000000000
0.7460000000 1.1032918594 1.5175965204 2.4416348787 6.6841628830 1.1032918594 1.6743518868 7.3745824955 0.0000000000
0.7480000000 1.1701423327 1.5253806950 2.4564307359 6.4115383096 1.1701423327 1.7849125247 7.5024123935 0.0000000000
0.7500000000 1.2295821719 1.5419699093 2.4905536342 6.2526566513 1.2295821719 1.8959787100 7.6881551452 0.0000000000
0.7520000000 1.2654444499 1.5423718797 2.4918837022 6.1123972109 1.2654444499 1.9517859348 7.7348991259 0.0000000000
0.7540000000 1.2757486310 1.5230511993 2.4514252807 5.9637380514 1.2757486310 1.9430304825 7.6082306549 0.0000000000
0.7560000000 1.2810399483 1.5080986636 2.4200767272 5.8600560020 1.2810399483 1.9319346341 7.5069658379 0.0000000000
0.7580000000 1.3010889904 1.5199009957 2.4446751372 5.8524129486 1.3010889904 1.9775264520 7.6145100548 0.0000000000
0.7600000000 1.3299710803 1.5477130570 2.5041545336 5.9048676005 1.3299710803 2.0584136065 7.8533031417 0.0000000000
0.7620000000 1.3416300834 1.5580399098 2.5267163685 5.9220397079 1.3416300834 2.0903132142 7.9451866271 0.0000000000
0.7640000000 1.3221027048 1.5335942442 2.4738124386 5.8537549448 1.3221027048 2.0275690983 7.7392652458 0.0000000000
0.7660000000 1.2912630440 1.4963403864 2.3953002453 5.7570314071 1.2912630440 1.9321690422 7.4338418990 0.0000000000
0.7680000000 1.2850678573 1.4909063436 2.3841154345 5.7495128134 1.2850678573 1.9159158204 7.3885141115 0.0000000000
0.7700000000 1.3148302650 1.5315893593 2.4694318324 5.8682263633 1.3148302650 2.0137800431 7.7157216240 0.0000000000
0.7720000000 1.3489654217 1.5766777902 2.5673317220 6.0009207173 1.3489654217 2.1268838201 8.0950345457 0.0000000000
0.7740000000 1.3430888291 1.5737547307 2.5607173593 6.0048225623 1.3430888291 2.1136923986 8.0650101041 0.0000000000
0.7760000000 1.2926809793 1.5160861323 2.4365307444 5.8614241945 1.2926809793 1.9598157063 7.5769515681 0.0000000000
0.7780000000 1.2460878462 1.4596846670 2.3211552409 5.7222249064 1.2460878462 1.8188953229 7.1303949092 0.0000000000
0.7800000000 1.2545154669 1.4748415261 2.3517370133 5.7741232407 1.2545154669 1.8502115057 7.2437269135 0.0000000000
0.7820000000 1.3124404077 1.5525449645 2.5138697416 5.9937386679 1.3124404077 2.0376227463 7.8664248212 0.0000000000
0.7840000000 1.3555727161 1.6077821078 2.6356562435 6.1532615512 1.3555727161 2.1794655587 8.3411934737 0.0000000000
0.7860000000 1.3283407714 1.5781807696 2.5695269162 6.0812981517 1.3283407714 2.0963618609 8.0780362779 0.0000000000
0.7880000000 1.2531828541 1.4853547674 2.3732999593 5.8376838197 1.2531828541 1.8614211269 7.3156852708 0.0000000000
0.7900000000 1.2112847271 1.4301235671 2.2638256564 5.6949915246 1.2112847271 1.7322868347 6.8982562548 0.0000000000
0.7920000000 1.2502982452 1.4842592138 2.3711857247 5.8427529143 1.2502982452 1.8557666904 7.3051837161 0.0000000000
0.7940000000 1.3280118025 1.5829818879 2.5800936065 6.1099765898 1.3280118025 2.1022186303 8.1141210243 0.0000000000
0.7960000000 1.3553787869 1.6153621696 2.6526291476 6.1974794232 1.3553787869 2.1894276178 8.3999321423 0.0000000000
0.7980000000 1.2994354671 1.5467702067 2.5015827926 6.0090751749 1.2994354671 2.0099280660 7.8084054065 0.0000000000
0.8000000000 1.2272171339 1.4507190428 2.3044951531 5.7468475047 1.2272171339 1.7803472657 7.0526297234 0.0000000000
0.8020000000 1.2255735775 1.4467537886 2.2966453077 5.7313859374 1.2255735775 1.7731032164 7.0242351672 0.0000000000
0.8040000000 1.2965760796 1.5377787670 2.4828829566 5.9697656242 1.2965760796 1.9938471650 7.7402553089 0.0000000000
0.8060000000 1.3549928873 1.6064005364 2.6336080646 6.1493423179 1.3549928873 2.1766613010 8.3323151024 0.0000000000
0.8080000000 1.3297273743 1.5744122659 2.5623841299 6.0568860133 1.3297273743 2.0935390883 8.0540071347 0.0000000000
0.8100000000 1.2541123861 1.4768004526 2.3566765554 5.7883672446 1.2541123861 1.8520737393 7.2592630567 0.0000000000
0.8120000000 1.2265956501 1.4379358418 2.2793495736 5.6795122325 1.2265956501 1.7637658487 6.9664649992 0.0000000000
0.8140000000 1.2864697038 1.5156897455 2.4365637274 5.8836384799 1.2864697038 1.9498889380 7.5691226525 0.0000000000
0.8160000000 1.3621886698 1.6065439264 2.6345349394 6.1256055765 1.3621886698 2.1884159341 8.3442305120 0.0000000000
0.8180000000 1.3553753583 1.5979674801 2.6150967424 6.1003155619 1.3553753583 2.1658457459 8.2682173904 0.0000000000
0.8200000000 1.2669914861 1.4886904859 2.3803431676 5.8049409659 1.2669914861 1.8861581710 7.3548107809 0.0000000000
0.8220000000 1.2046715724 1.4042227749 2.2134813838 5.5794578165 1.2046715724 1.6916272582 6.7214142207 0.0000000000
0.8240000000 1.2510306476 1.4679534306 2.3379986568 5.7495886827 1.2510306476 1.8364547309 7.1929116532 0.0000000000
0.8260000000 1.3583718829 1.6017384585 2.6228769016 6.1100268477 1.3583718829 2.1757564858 8.2996886739 0.0000000000
0.8280000000 1.3956204730 1.6447116063 2.7216373051 6.2278558830 1.3956204730 2.2953931899 8.6917231729 0.0000000000
0.8300000000 1.3062944846 1.5403680165 2.4875219050 5.9470121623 1.3062944846 2.0121742442 7.7685491874 0.0000000000
0.8320000000 1.1905597384 1.3869380954 2.1798608561 5.5391851959 1.1905597384 1.6512326561 6.5947308777 0.0000000000
0.8340000000 1.1882984399 1.3843393024 2.1748945295 5.5338464464 1.1882984399 1.6450082334 6.5758610990 0.0000000000
0.8360000000 1.3097961576 1.5461182509 2.4994070361 5.9658439080 1.3097961576 2.0250997442 7.8140394274 0.0000000000
0.8380000000 1.4150872576 1.6683142567 2.7767666308 6.2972818283 1.4150872576 2.3608102463 8.9112032727 0.0000000000
0.8400000000 1.3697256265 1.6180504327 2.6587053770 6.1616675968 1.3697256265 2.2162851427 8.4397940094 0.0000000000
0.8420000000 1.2182894519 1.4282016263 2.2578726619 5.6531644596 1.2182894519 1.7399629766 6.8871906312 0.0000000000
0.8440000000 1.1408153214 1.3160666283 2.0498271608 5.3580380184 1.1408153214 1.5013889736 6.1125318641 0.0000000000
0.8460000000 1.2343441358 1.4505763295 2.3014577771 5.7133827023 1.2343441358 1.7905103859 7.0522804344 0.0000000000
0.8480000000 1.3959629752 1.6479559123 2.7277583678 6.2429630041 1.3959629752 2.3004854382 8.7149452090 0.0000000000
0.8500000000 1.4290174225 1.6843961912 2.8147567587 6.3428822509 1.4290174225 2.4070315037 9.0640892454 0.0000000000
0.8520000000 1.2795209648 1.5108604782 2.4230708170 5.8756816878 1.2795209648 1.9331776567 7.5180579019 0.0000000000
0.8540000000 1.1205651354 1.2874034049 1.9983147133 5.2869780982 1.1205651354 1.4426193707 5.9244033283 0.0000000000
0.8560000000 1.1430842121 1.3229133688 2.0603827919 5.3812419323 1.1430842121 1.5122013859 6.1512126946 0.0000000000
0.8580000000 1.3301955747 1.5741751673 2.5581757796 6.0469078236 1.3301955747 2.0939608413 8.0435700278 0.0000000000
0.8600000000 1.4659271102 1.7246281637 2.9133146498 6.4555536679 1.4659271102 2.5281791802 9.4633711332 0.0000000000
0.8620000000 1.3727915166 1.6254939460 2.6729632001 6.1888668103 1.3727915166 2.2314642994 8.4960238548 0.0000000000
0.8640000000 1.1465133342 1.3327952880 2.0760401159 5.4150272245 1.1465133342 1.5280675695 6.2084009180 0.0000000000
0.8660000000 1.0502543068 1.1796528846 1.8174225366 5.0219391998 1.0502543068 1.2389355225 5.2743132729 0.0000000000
0.8680000000 1.2002745078 1.4122401227 2.2227395822 5.6268594827 1.2002745078 1.6950758182 6.7537759961 0.0000000000
0.8700000000 1.4372392134 1.6980703921 2.8448452217 6.3901761681 1.4372392134 2.4405333547 9.1842117696 0.0000000000
0.8720000000 1.4784522330 1.7418849227 2.9543791051 6.5128112639 1.4784522330 2.5752936535 9.6288803561 0.0000000000
0.8740000000 1.2506574976 1.4849056409 2.3639233685 5.8278335874 1.2506574976 1.8571083730 7.2886237706 0.0000000000
0.8760000000 1.0073835182 1.1161461164 1.7158536081 4.8810846468 1.0073835182 1.1243872016 4.9171242243 0.0000000000
0.8780000000 1.0198639124 1.1406880171 1.7529267689 4.9475470128 1.0198639124 1.1633465440 5.0458246534 0.0000000000
0.8800000000 1.2838677035 1.5297170777 2.4558402667 5.9521303492 1.2838677035 1.9639543516 7.6417479225 0.0000000000
0.8820000000 1.5184795174 1.7853839807 3.0657608933 6.6412168909 1.5184795174 2.7110690053 10.0845518195 0.0000000000
0.8840000000 1.4334891238 1.7033630742 2.8522699392 6.4250716430 1.4334891238 2.4417524408 9.2102703200 0.0000000000
0.8860000000 1.0978148133 1.2843026993 1.9813277110 5.3366974369 1.0978148133 1.4099265281 5.8587055003 0.0000000000
0.8880000000 0.8691482322 0.8683046995 1.3703535863 4.3186332403 0.8691482322 0.7546854946 3.7535324466 0.0000000000
0.8900000000 0.9721345837 1.0782276189 1.6533958236 4.8332599432 0.9721345837 1.0481823574 4.6985791428 0.0000000000
0.8920000000 1.3191729243 1.5826581291 2.5654070354 6.1141750750 1.3191729243 2.0877997523 8.0656542133 0.0000000000
0.8940000000 1.5643064143 1.8358771133 3.1992955597 6.7981841616 1.5643064143 2.8718743441 10.6344430895 0.0000000000
0.8960000000 1.4038791195 1.6845045417 2.7985241346 6.4023338662 1.4038791195 2.3648407528 8.9881028308 0.0000000000
0.8980000000 0.9749180560 1.1193911133 1.7034554269 4.9947197862 0.9749180560 1.0913146080 4.8694425042 0.0000000000
0.9000000000 0.6469128378 0.4132706168 0.8805443499 3.4882672079 0.6469128378 0.2673500675 2.2566048383 0.0000000000
0.9020000000 0.5266125386 0.0715662627 0.6174256957 2.9336802860 0.5266125386 0.0376876913 1.5449128229 0.0000000000
0.9040000000 0.5032912039 0.0083840919 0.5763192093 2.8627873903 0.5032912039 0.0042196397 1.4408157122 0.0000000000
0.9060000000 0.5003614533 0.0009147528 0.5715785297 2.8558285698 0.5003614533 0.0004577070 1.4289465336 0.0000000000
0.9080000000 0.5000391174 0.0000989369 0.5710625483 2.8550893790 0.5000391174 0.0000494723 1.4276563732 0.0000000000
0.9100000000 0.5000042269 0.0000106893 0.5710067581 2.8550096548 0.5000042269 0.0000053447 1.4275168954 0.0000000000
0.9120000000 0.5000004566 0.0000011548 0.5710007301 2.8550010430 0.5000004566 0.0000005774 1.4275018252 0.0000000000
0.9140000000 0.5000000493 0.0000001247 0.5710000789 2.8550001127 0.5000000493 0.0000000624 1.4275001972 0.0000000000
0.9160000000 0.5000000053 0.0000000135 0.5710000085 2.8550000122 0.5000000053 0.0000000067 1.4275000213 0.0000000000
0.9180000000 0.5000000006 0.0000000015 0.5710000009 2.8550000013 0.5000000006 0.0000000007 1.4275000023 0.0000000000
0.9200000000 0.5000000001 0.0000000002 0.5710000001 2.8550000001 0.5000000001 0.0000000001 1.4275000002 0.0000000000
0.9220000000 0.5000000000 0.0000000000 0.5710000000 2.8550000000 0.5000000000 0.0000000000 1.4275000000 0.0000000000
0.9240000000 0.5000000000 0.0000000000 0.5710000000 2.8550000000 0.5000000000 0.0000000000 1.4275000000 0.0000000000
0.9260000000 0.5000000000 0.0000000000 0.5710000000 2.8550000000 0.5000000000 0.0000000000 1.4275000000 0.0000000000
0.9280000000 0.5000000000 0.0000000000 0.5710000000 2.8550000000 0.5000000000 0.0000000000 1.4275000000 0.0000000000
0.9300000000 0.5000000000 0.0000000000 0.5710000000 2.8550000000 0.5000000000 0.0000000000 1.4275000000 0.0000000000
0.9320000000 0.5000000000 0.0000000000 0.5710000000 2.8550000000 0.5000000000 0.0000000000 1.4275000000 0.0000000000
0.9340000000 0.5000000000 0.0000000000 0.5710000000 2.8550000000 0.5000000000 0.0000000000 1.4275000000 0.0000000000
0.9360000000 0.5000000000 0.0000000000 0.5710000000 2.8550000000 0.5000000000 0.0000000000 1.4275000000 0.0000000000
0.9380000000 0.5000000000 0.0000000000 0.5710000000 2.8550000000 0.5000000000 0.0000000000 1.4275000000 0.0000000000
0.9400000000 0.5000000000 0.0000000000 0.5710000000 2.8550000000 0.5000000000 0.0000000000 1.4275000000 0.0000000000
0.9420000000 0.5000000000 0.0000000000 0.5710000000 2.8550000000 0.5000000000 0.0000000000 1.4275000000 0.0000000000
0.9440000000 0.5000000000 0.0000000000 0.5710000000 2.8550000000 0.5000000000 0.0000000000 1.4275000000 0.0000000000
0.9460000000 0.5000000000 0.0000000000 0.5710000000 2.8550000000 0.5000000000 0.0000000000 1.4275000000 0.0000000000
0.9480000000 0.5000000000 0.0000000000 0.5710000000 2.8550000000 0.5000000000 0.0000000000 1.4275000000 0.0000000000
0.9500000000 0.5000000000 0.0000000000 0.5710000000 2.8550000000 0.5000000000 0.0000000000 1.4275000000 0.0000000000
0.9520000000 0.5000000000 0.0000000000 0.5710000000 2.8550000000 0.5000000000 0.0000000000 1.4275000000 0.0000000000
0.9540000000 0.5000000000 0.0000000000 0.5710000000 2.8550000000 0.5000000000 0.0000000000 1.4275000000 0.0000000000
0.9560000000 0.5000000000 0.0000000000 0.5710000000 2.8550000000 0.5000000000 0.0000000000 1.4275000000 0.0000000000
0.9580000000 0.5000000000 0.0000000000 0.5710000000 2.8550000000 0.5000000000 0.0000000000 1.4275000000 0.0000000000
0.9600000000 0.5000000000 0.0000000000 0.5710000000 2.8550000000 0.5000000000 0.0000000000 1.4275000000 0.0000000000
0.9620000000 0.5000000000 0.0000000000 0.5710000000 2.8550000000 0.5000000000 0.0000000000 1.4275000000 0.0000000000
0.9640000000 0.5000000000 0.0000000000 0.5710000000 2.8550000000 0.5000000000 0.0000000000 1.4275000000 0.0000000000
0.9660000000 0.5000000000 0.0000000000 0.5710000000 2.8550000000 0.5000000000 0.0000000000 1.4275000000 0.0000000000
0.9680000000 0.5000000000 0.0000000000 0.5710000000 2.8550000000 0.5000000000 0.0000000000 1.4275000000 0.0000000000
0.9700000000 0.5000000000 0.0000000000 0.5710000000 2.8550000000 0.5000000000 0.0000000000 1.4275000000 0.0000000000
0.9720000000 0.5000000000 0.0000000000 0.5710000000 2.8550000000 0.5000000000 0.0000000000 1.4275000000 0.0000000000
0.9740000000 0.5000000000 0.0000000000 0.5710000000 2.8550000000 0.5000000000 0.0000000000 1.4275000000 0.0000000000
0.9760000000 0.5000000000 0.0000000000 0.5710000000 2.8550000000 0.5000000000 0.0000000000 1.4275000000 0.0000000000
0.9780000000 0.5000000000 0.0000000000 0.5710000000 2.8550000000 0.5000000000 0.0000000000 1.4275000000 0.0000000000
0.9800000000 0.5000000000 0.0000000000 0.5710000000 2.8550000000 0.5000000000 0.0000000000 1.4275000000 0.0000000000
0.9820000000 0.5000000000 0.0000000000 0.5710000000 2.8550000000 0.5000000000 0.0000000000 1.4275000000 0.0000000000
0.9840000000 0.5000000000 0.0000000000 0.5710000000 2.8550000000 0.5000000000 0.0000000000 1.4275000000 0.0000000000
0.9860000000 0.5000000000 0.0000000000 0.5710000000 2.8550000000 0.5000000000 0.0000000000 1.4275000000 0.0000000000
0.9880000000 0.5000000000 0.0000000000 0.5710000000 2.8550000000 0.5000000000 0.0000000000 1.4275000000 0.0000000000
0.9900000000 0.5000000000 0.0000000000 0.5710000000 2.8550000000 0.5000000000 0.0000000000 1.4275000000 0.0000000000
0.9920000000 0.5000000000 0.0000000000 0.5710000000 2.8550000000 0.5000000000 0.0000000000 1.4275000000 0.0000000000
0.9940000000 0.5000000000 0.0000000000 0.5710000000 2.8550000000 0.5000000000 0.0000000000 1.4275000000 0.0000000000
0.9960000000 0.5000000000 0.0000000000 0.5710000000 2.8550000000 0.5000000000 0.0000000000 1.4275000000 0.0000000000
0.9980000000 0.5000000000 0.0000000000 0.5710000000 2.8550000000 0.5000000000 0.0000000000 1.4275000000 0.0000000000
1.0000000000 0.5000000000 0.0000000000 0.5710000000 2.8550000000 0.5000000000 0.0000000000 1.4275000000 0.0000000000
