TITLE = "1D Euler Filtered MacCormack Result"
VARIABLES = "x", "rho", "u", "p", "E", "rho_conserved", "rhou", "rhoE", "nu"
ZONE T="t=0.20000000", I=501, F=POINT
0.0000000000 0.4000000000 0.5000000000 1.0000000000 6.3750000000 0.4000000000 0.2000000000 2.5500000000 0.0000000000
0.0020000000 0.4000000000 0.5000000000 1.0000000000 6.3750000000 0.4000000000 0.2000000000 2.5500000000 0.0000000000
0.0040000000 0.4000000000 0.5000000000 1.0000000000 6.3750000000 0.4000000000 0.2000000000 2.5500000000 0.0000000000
0.0060000000 0.4000000000 0.5000000000 1.0000000000 6.3750000000 0.4000000000 0.2000000000 2.5500000000 0.0000000000
0.0080000000 0.4000000000 0.5000000000 1.0000000000 6.3750000000 0.4000000000 0.2000000000 2.5500000000 0.0000000000
0.0100000000 0.4000000000 0.5000000000 1.0000000000 6.3750000000 0.4000000000 0.2000000000 2.5500000000 0.0000000000
0.0120000000 0.4000000000 0.5000000000 1.0000000000 6.3750000000 0.4000000000 0.2000000000 2.5500000000 0.0000000000
0.0140000000 0.4000000000 0.5000000000 1.0000000000 6.3750000000 0.4000000000 0.2000000000 2.5500000000 0.0000000000
0.0160000000 0.4000000000 0.5000000000 1.0000000000 6.3750000000 0.4000000000 0.2000000000 2.5500000000 0.0000000000
0.0180000000 0.4000000000 0.5000000000 1.0000000000 6.3750000000 0.4000000000 0.2000000000 2.5500000000 0.0000000000
0.0200000000 0.4000000000 0.5000000000 1.0000000000 6.3750000000 0.4000000000 0.2000000000 2.5500000000 0.0000000000
0.0220000000 0.4000000000 0.5000000000 1.0000000000 6.3750000000 0.4000000000 0.2000000000 2.5500000000 0.0000000000
0.0240000000 0.4000000000 0.5000000000 1.0000000000 6.3750000000 0.4000000000 0.2000000000 2.5500000000 0.0000000000
0.0260000000 0.4000000000 0.5000000000 1.0000000000 6.3750000000 0.4000000000 0.2000000000 2.5500000000 0.0000000000
0.0280000000 0.4000000000 0.5000000000 1.0000000000 6.3750000000 0.4000000000 0.2000000000 2.5500000000 0.0000000000
0.0300000000 0.4000000000 0.5000000000 1.0000000000 6.3750000000 0.4000000000 0.2000000000 2.5500000000 0.0000000000
0.0320000000 0.4000000000 0.5000000000 1.0000000000 6.3750000000 0.4000000000 0.2000000000 2.5500000000 0.0000000000
0.0340000000 0.4000000000 0.5000000000 1.0000000000 6.3750000000 0.4000000000 0.2000000000 2.5500000000 0.0000000000
0.0360000000 0.4000000000 0.5000000000 1.0000000000 6.3750000000 0.4000000000 0.2000000000 2.5500000000 0.0000000000
0.0380000000 0.4000000000 0.5000000000 1.0000000000 6.3750000000 0.4000000000 0.2000000000 2.5500000000 0.0000000000
0.0400000000 0.4000000000 0.5000000000 1.0000000000 6.3750000000 0.4000000000 0.2000000000 2.5500000000 0.0000000000
0.0420000000 0.4000000000 0.5000000000 1.0000000000 6.3750000000 0.4000000000 0.2000000000 2.5500000000 0.0000000000
0.0440000000 0.4000000000 0.5000000000 1.0000000000 6.3750000000 0.4000000000 0.2000000000 2.5500000000 0.0000000000
0.0460000000 0.4000000000 0.5000000000 1.0000000000 6.3750000000 0.4000000000 0.2000000000 2.5500000000 0.0000000000
0.0480000000 0.4000000000 0.5000000000 1.0000000000 6.3750000000 0.4000000000 0.2000000000 2.5500000000 0.0000000000
0.0500000000 0.4000000000 0.5000000000 1.0000000000 6.3750000000 0.4000000000 0.2000000000 2.5500000000 0.0000000000
0.0520000000 0.4000000000 0.5000000000 1.0000000000 6.3750000000 0.4000000000 0.2000000000 2.5500000000 0.0000000000
0.0540000000 0.4000000000 0.5000000000 1.0000000000 6.3750000000 0.4000000000 0.2000000000 2.5500000000 0.0000000000
0.0560000000 0.4000000000 0.5000000000 1.0000000000 6.3750000000 0.4000000000 0.2000000000 2.5500000000 0.0000000000
0.0580000000 0.4000000000 0.5000000000 1.0000000000 6.3750000000 0.4000000000 0.2000000000 2.5500000000 0.0000000000
0.0600000000 0.4000000000 0.5000000000 1.0000000000 6.3750000000 0.4000000000 0.2000000000 2.5500000000 0.0000000000
0.0620000000 0.4000000000 0.5000000000 1.0000000000 6.3750000000 0.4000000000 0.2000000000 2.5500000000 0.0000000000
0.0640000000 0.4000000000 0.5000000000 1.0000000000 6.3750000000 0.4000000000 0.2000000000 2.5500000000 0.0000000000
0.0660000000 0.4000000000 0.5000000000 1.0000000000 6.3750000000 0.4000000000 0.2000000000 2.5500000000 0.0000000000
0.0680000000 0.4000000000 0.5000000000 1.0000000000 6.3750000000 0.4000000000 0.2000000000 2.5500000000 0.0000000000
0.0700000000 0.4000000000 0.5000000000 1.0000000000 6.3750000000 0.4000000000 0.2000000000 2.5500000000 0.0000000000
0.0720000000 0.4000000000 0.5000000000 1.0000000000 6.3750000000 0.4000000000 0.2000000000 2.5500000000 0.0000000000
0.0740000000 0.4000000000 0.5000000000 1.0000000000 6.3750000000 0.4000000000 0.2000000000 2.5500000000 0.0000000000
0.0760000000 0.4000000000 0.5000000000 1.0000000000 6.3750000000 0.4000000000 0.2000000000 2.5500000000 0.0000000000
0.0780000000 0.4000000000 0.5000000000 1.0000000000 6.3750000000 0.4000000000 0.2000000000 2.5500000000 0.0000000000
0.0800000000 0.4000000000 0.5000000000 1.0000000000 6.3750000000 0.4000000000 0.2000000000 2.5500000000 0.0000000000
0.0820000000 0.4000000000 0.5000000000 1.0000000000 6.3750000000 0.4000000000 0.2000000000 2.5500000000 0.0000000000
0.0840000000 0.4000000000 0.5000000000 1.0000000000 6.3750000000 0.4000000000 0.2000000000 2.5500000000 0.0000000000
0.0860000000 0.4000000000 0.5000000000 1.0000000000 6.3750000000 0.4000000000 0.2000000000 2.5500000000 0.0000000000
0.0880000000 0.4000000000 0.5000000000 1.0000000000 6.3750000000 0.4000000000 0.2000000000 2.5500000000 0.0000000000
0.0900000000 0.4000000000 0.5000000000 1.0000000000 6.3750000000 0.4000000000 0.2000000000 2.5500000000 0.0000000000
0.0920000000 0.4000000000 0.5000000000 1.0000000000 6.3750000000 0.4000000000 0.2000000000 2.5500000000 0.0000000000
0.0940000000 0.4000000000 0.5000000000 1.0000000000 6.3750000000 0.4000000000 0.2000000000 2.5500000000 0.0000000000
0.0960000000 0.4000000000 0.5000000000 1.0000000000 6.3750000000 0.4000000000 0.2000000000 2.5500000000 0.0000000000
0.0980000000 0.4000000000 0.5000000000 1.0000000000 6.3750000000 0.4000000000 0.2000000000 2.5500000000 0.0000000000
0.1000000000 0.4000000000 0.5000000000 1.0000000000 6.3750000000 0.4000000000 0.2000000000 2.5500000000 0.0000000000
0.1020000000 0.4000000000 0.5000000000 1.0000000000 6.3750000000 0.4000000000 0.2000000000 2.5500000000 0.0000000003
0.1040000000 0.4000000000 0.5000000000 1.0000000000 6.3750000000 0.4000000000 0.2000000000 2.5500000000 0.0000000012
0.1060000000 0.4000000000 0.5000000000 1.0000000000 6.3750000000 0.4000000000 0.2000000000 2.5500000000 0.0000000050
0.1080000000 0.4000000000 0.5000000000 1.0000000000 6.3750000000 0.4000000000 0.2000000000 2.5500000000 0.0000000215
0.1100000000 0.4000000000 0.5000000000 1.0000000000 6.3750000000 0.4000000000 0.2000000000 2.5500000000 0.0000000913
0.1120000000 0.4000000000 0.5000000000 1.0000000000 6.3750000000 0.4000000000 0.2000000000 2.5500000000 0.0000003883
0.1140000000 0.4000000000 0.5000000000 1.0000000000 6.3750000000 0.4000000000 0.2000000000 2.5500000000 0.0000016517
0.1160000000 0.4000000000 0.4999999999 1.0000000001 6.3750000001 0.4000000000 0.2000000000 2.5500000001 0.0000070230
0.1180000000 0.4000000001 0.4999999997 1.0000000002 6.3750000003 0.4000000001 0.1999999999 2.5500000005 0.0000298073
0.1200000000 0.4000000003 0.4999999987 1.0000000010 6.3750000011 0.4000000003 0.1999999996 2.5500000022 0.0001255559
0.1220000000 0.4000000012 0.4999999945 1.0000000042 6.3750000046 0.4000000012 0.1999999984 2.5500000094 0.0005140502
0.1240000000 0.4000000049 0.4999999769 1.0000000173 6.3750000194 0.4000000049 0.1999999932 2.5500000393 0.0019253352
0.1260000000 0.4000000198 0.4999999073 1.0000000694 6.3750000775 0.4000000198 0.1999999728 2.5500001574 0.0058419548
0.1280000000 0.4000000733 0.4999996574 1.0000002564 6.3750002865 0.4000000733 0.1999998996 2.5500005816 0.0125114214
0.1300000000 0.4000002422 0.4999988671 1.0000008478 6.3750009474 0.4000002422 0.1999996680 2.5500019231 0.0186353788
0.1320000000 0.4000007207 0.4999966291 1.0000025226 6.3750028191 0.4000007207 0.1999990120 2.5500057223 0.0220778037
0.1340000000 0.4000019906 0.4999906899 1.0000069670 6.3750077861 0.4000019906 0.1999972712 2.5500158044 0.0236171730
0.1360000000 0.4000052604 0.4999753969 1.0000184114 6.3750205763 0.4000052604 0.1999927888 2.5500417655 0.0242543628
0.1380000000 0.4000135742 0.4999365129 1.0000475103 6.3750530983 0.4000135742 0.1999813914 2.5501077755 0.0245097060
0.1400000000 0.4000346032 0.4998381605 1.0001211153 6.3751353705 0.4000346032 0.1999525602 2.5502747482 0.0246074590
0.1420000000 0.4000876710 0.4995899695 1.0003068752 6.3753430588 0.4000876710 0.1998797873 2.5506961563 0.0246357037
0.1440000000 0.4002213880 0.4989646367 1.0007750271 6.3758668209 0.4002213880 0.1996963194 2.5517582686 0.0246200670
0.1460000000 0.4005576133 0.4973925388 1.0019527184 6.3771865905 0.4005576133 0.1992343682 2.5544306402 0.0245462525
0.1480000000 0.4013991683 0.4934593890 1.0049038210 6.3805073330 0.4013991683 0.1980741883 2.5611303366 0.0243475421
0.1500000000 0.4034822036 0.4837348740 1.0122291639 6.3888324925 0.4034822036 0.1951784129 2.5777802122 0.0238485227
0.1520000000 0.4085009022 0.4603741537 1.0299959214 6.4094828703 0.4085009022 0.1880632571 2.6182795350 0.0226338738
0.1540000000 0.4198638668 0.4079222215 1.0707832818 6.4589768398 0.4198638668 0.1712718013 2.7118909914 0.0198184816
0.1560000000 0.4424621161 0.3060921878 1.1537453723 6.5657397549 0.4424621161 0.1354341971 2.9050911057 0.0137952432
0.1580000000 0.4778528062 0.1552938462 1.2868321808 6.7444250660 0.4778528062 0.0742076002 3.2228424439 0.0025716920
0.1600000000 0.5150075224 0.0097112960 1.4286148206 6.9349692595 0.5150075224 0.0050013905 3.5715613365 0.0144026168
0.1620000000 0.5360333704 -0.0676693559 1.5095817558 7.0428109224 0.5360333704 -0.0362730329 3.7751816759 0.0350348145
0.1640000000 0.5406444116 -0.0844737307 1.5275655467 7.0672012013 0.5406444116 -0.0456702504 3.8208428350 0.0571309740
0.1660000000 0.5395045658 -0.0802896330 1.5230657659 7.0609288487 0.5395045658 -0.0433166236 3.8094033526 0.0189710543
0.1680000000 0.5374034815 -0.0725406380 1.5147734784 7.0493544858 0.5374034815 -0.0389835914 3.7883476434 0.0121305346
0.1700000000 0.5361211647 -0.0677882636 1.5097088877 7.0422588646 0.5361211647 -0.0363427229 3.7755040243 0.0388512150
0.1720000000 0.5359005123 -0.0669704287 1.5088377619 7.0410385602 0.5359005123 -0.0358894870 3.7732961719 0.0570942921
0.1740000000 0.5360158315 -0.0673985699 1.5092927056 7.0416748656 0.5360158315 -0.0361267005 3.7744492081 0.0111783249
0.1760000000 0.5361789066 -0.0680033471 1.5099361037 7.0425747463 0.5361789066 -0.0364619603 3.7760800269 0.0163139620
0.1780000000 0.5362640766 -0.0683183036 1.5102715785 7.0430420169 0.5362640766 -0.0366366520 3.7769304233 0.0424085444
0.1800000000 0.5362751822 -0.0683584864 1.5103149365 7.0431010826 0.5362751822 -0.0366589598 3.7770403167 0.0565086632
0.1820000000 0.5362654172 -0.0683216739 1.5102764669 7.0430474348 0.5362654172 -0.0366385510 3.7769427709 0.0058918216
0.1840000000 0.5362538364 -0.0682785497 1.5102311521 7.0429852824 0.5362538364 -0.0366146342 3.7768278773 0.0213396737
0.1860000000 0.5362490038 -0.0682606753 1.5102122467 7.0429593740 0.5362490038 -0.0366047191 3.7767799481 0.0529094190
0.1880000000 0.5362490920 -0.0682611792 1.5102124483 7.0429591908 0.5362490920 -0.0366049954 3.7767804708 0.0487571943
0.1900000000 0.5362505559 -0.0682669799 1.5102180462 7.0429664637 0.5362505559 -0.0366082059 3.7767946813 0.0024786190
0.1920000000 0.5362520831 -0.0682731135 1.5102239827 7.0429745075 0.5362520831 -0.0366115993 3.7768097506 0.0145811265
0.1940000000 0.5362529031 -0.0682763926 1.5102271645 7.0429787991 0.5362529031 -0.0366134137 3.7768178272 0.0225751032
0.1960000000 0.5362532130 -0.0682773123 1.5102282565 7.0429798834 0.5362532130 -0.0366139281 3.7768205915 0.0076221793
0.1980000000 0.5362534429 -0.0682776039 1.5102290428 7.0429805507 0.5362534429 -0.0366141002 3.7768225685 0.0110559150
0.2000000000 0.5362538020 -0.0682783966 1.5102304919 7.0429826453 0.5362538020 -0.0366145498 3.7768262212 0.0075078441
0.2020000000 0.5362542734 -0.0682798661 1.5102325082 7.0429859569 0.5362542734 -0.0366153700 3.7768313167 0.0004204705
0.2040000000 0.5362547404 -0.0682815954 1.5102344542 7.0429890151 0.5362547404 -0.0366163292 3.7768362461 0.0073842431
0.2060000000 0.5362550952 -0.0682831196 1.5102358197 7.0429908270 0.5362550952 -0.0366171708 3.7768397165 0.0099096491
0.2080000000 0.5362553221 -0.0682843422 1.5102366334 7.0429917247 0.5362553221 -0.0366178419 3.7768417962 0.0041375870
0.2100000000 0.5362554999 -0.0682854390 1.5102372790 7.0429924760 0.5362554999 -0.0366184422 3.7768434507 0.0047431033
0.2120000000 0.5362557360 -0.0682865567 1.5102381370 7.0429934519 0.5362557360 -0.0366190577 3.7768456372 0.0057803418
0.2140000000 0.5362560602 -0.0682876554 1.5102392932 7.0429946601 0.5362560602 -0.0366196690 3.7768485686 0.0025760189
0.2160000000 0.5362564131 -0.0682885948 1.5102405990 7.0429961785 0.5362564131 -0.0366201969 3.7768518684 0.0009191709
0.2180000000 0.5362567176 -0.0682893129 1.5102418482 7.0429980543 0.5362567176 -0.0366206028 3.7768550183 0.0032103442
0.2200000000 0.5362569559 -0.0682899099 1.5102429195 7.0429999596 0.5362569559 -0.0366209392 3.7768577190 0.0040411372
0.2220000000 0.5362571597 -0.0682905502 1.5102437927 7.0430013991 0.5362571597 -0.0366212965 3.7768599261 0.0040778044
0.2240000000 0.5362573363 -0.0682913392 1.5102444874 7.0430023724 0.5362573363 -0.0366217316 3.7768616920 0.0034096222
0.2260000000 0.5362574781 -0.0682922621 1.5102450436 7.0430031672 0.5362574781 -0.0366222362 3.7768631168 0.0013722782
0.2280000000 0.5362576001 -0.0682931963 1.5102455412 7.0430039484 0.5362576001 -0.0366227456 3.7768643951 0.0016703877
0.2300000000 0.5362577502 -0.0682940076 1.5102460920 7.0430046017 0.5362577502 -0.0366231909 3.7768658023 0.0037311728
0.2320000000 0.5362579542 -0.0682946289 1.5102467895 7.0430052173 0.5362579542 -0.0366235380 3.7768675692 0.0034345217
0.2340000000 0.5362581935 -0.0682950772 1.5102476452 7.0430060954 0.5362581935 -0.0366237947 3.7768697256 0.0012853665
0.2360000000 0.5362584296 -0.0682954330 1.5102485704 7.0430073328 0.5362584296 -0.0366240016 3.7768720520 0.0015738129
0.2380000000 0.5362586409 -0.0682957942 1.5102494248 7.0430085671 0.5362586409 -0.0366242098 3.7768742018 0.0041945431
0.2400000000 0.5362588157 -0.0682962352 1.5102500981 7.0430094400 0.5362588157 -0.0366244582 3.7768759014 0.0058133280
0.2420000000 0.5362589367 -0.0682967882 1.5102505565 7.0430100274 0.5362589367 -0.0366247630 3.7768770682 0.0054211818
0.2440000000 0.5362590033 -0.0682974336 1.5102508470 7.0430105515 0.5362590033 -0.0366251137 3.7768778182 0.0022260284
0.2460000000 0.5362590527 -0.0682980994 1.5102510723 7.0430109979 0.5362590527 -0.0366254741 3.7768784060 0.0017859732
0.2480000000 0.5362591337 -0.0682986908 1.5102513387 7.0430112163 0.5362591337 -0.0366257968 3.7768790937 0.0037687855
0.2500000000 0.5362592572 -0.0682991348 1.5102517110 7.0430113616 0.5362592572 -0.0366260433 3.7768800410 0.0034742390
0.2520000000 0.5362594062 -0.0682994113 1.5102521987 7.0430116969 0.5362594062 -0.0366262017 3.7768812707 0.0016521340
0.2540000000 0.5362595606 -0.0682995684 1.5102527511 7.0430122559 0.5362595606 -0.0366262966 3.7768826580 0.0008679167
0.2560000000 0.5362597079 -0.0682997025 1.5102532786 7.0430127907 0.5362597079 -0.0366263785 3.7768839820 0.0033908614
0.2580000000 0.5362598283 -0.0682999064 1.5102536962 7.0430131712 0.5362598283 -0.0366264961 3.7768850337 0.0053631899
0.2600000000 0.5362598972 -0.0683002304 1.5102539590 7.0430135134 0.5362598972 -0.0366266745 3.7768857026 0.0056582571
0.2620000000 0.5362599163 -0.0683006626 1.5102540828 7.0430138694 0.5362599163 -0.0366269076 3.7768860281 0.0025046027
0.2640000000 0.5362599273 -0.0683011290 1.5102541484 7.0430140620 0.5362599273 -0.0366271585 3.7768862092 0.0026158803
0.2660000000 0.5362599746 -0.0683015334 1.5102542627 7.0430140019 0.5362599746 -0.0366273785 3.7768865097 0.0054586502
0.2680000000 0.5362600682 -0.0683018063 1.5102545050 7.0430139219 0.5362600682 -0.0366275313 3.7768871257 0.0050646995
0.2700000000 0.5362601973 -0.0683019341 1.5102548949 7.0430140522 0.5362601973 -0.0366276087 3.7768881055 0.0026815419
0.2720000000 0.5362603458 -0.0683019689 1.5102553787 7.0430143608 0.5362603458 -0.0366276375 3.7768893166 0.0003647260
0.2740000000 0.5362604914 -0.0683020026 1.5102558561 7.0430146767 0.5362604914 -0.0366276655 3.7768905118 0.0031756986
0.2760000000 0.5362606022 -0.0683021169 1.5102562351 7.0430149972 0.5362606022 -0.0366277344 3.7768914637 0.0052891959
0.2780000000 0.5362606542 -0.0683023515 1.5102564673 7.0430154130 0.5362606542 -0.0366278637 3.7768920530 0.0059070985
0.2800000000 0.5362606578 -0.0683026927 1.5102565613 7.0430158277 0.5362606578 -0.0366280469 3.7768923003 0.0036392036
0.2820000000 0.5362606534 -0.0683030774 1.5102565793 7.0430159944 0.5362606534 -0.0366282529 3.7768923594 0.0009367209
0.2840000000 0.5362606753 -0.0683034209 1.5102566092 7.0430158702 0.5362606753 -0.0366284386 3.7768924468 0.0042360514
0.2860000000 0.5362607284 -0.0683036564 1.5102567215 7.0430157135 0.5362607284 -0.0366285685 3.7768927364 0.0046413517
0.2880000000 0.5362608089 -0.0683037598 1.5102569439 7.0430156996 0.5362608089 -0.0366286295 3.7768932962 0.0028341033
0.2900000000 0.5362609108 -0.0683037627 1.5102572464 7.0430157720 0.5362609108 -0.0366286380 3.7768940529 0.0000103450
0.2920000000 0.5362610143 -0.0683037404 1.5102575542 7.0430158470 0.5362610143 -0.0366286331 3.7768948218 0.0028651504
0.2940000000 0.5362610875 -0.0683037710 1.5102577893 7.0430159832 0.5362610875 -0.0366286545 3.7768954108 0.0051393242
0.2960000000 0.5362611111 -0.0683039016 1.5102579057 7.0430162252 0.5362611111 -0.0366287262 3.7768957067 0.0059027003
0.2980000000 0.5362610970 -0.0683041336 1.5102579054 7.0430164256 0.5362610970 -0.0366288496 3.7768957144 0.0030633741
0.3000000000 0.5362610769 -0.0683044173 1.5102578430 7.0430164182 0.5362610769 -0.0366290004 3.7768955688 0.0014010745
0.3020000000 0.5362610751 -0.0683046748 1.5102578026 7.0430162712 0.5362610751 -0.0366291383 3.7768954772 0.0049619842
0.3040000000 0.5362611000 -0.0683048408 1.5102578539 7.0430161943 0.5362611000 -0.0366292291 3.7768956117 0.0055791851
0.3060000000 0.5362611578 -0.0683048881 1.5102580260 7.0430162411 0.5362611578 -0.0366292584 3.7768960437 0.0035467691
0.3080000000 0.5362612485 -0.0683048421 1.5102582915 7.0430162850 0.5362612485 -0.0366292399 3.7768967060 0.0005495128
0.3100000000 0.5362613516 -0.0683047716 1.5102585771 7.0430162577 0.5362613516 -0.0366292091 3.7768974177 0.0023600570
0.3120000000 0.5362614353 -0.0683047498 1.5102588046 7.0430162174 0.5362614353 -0.0366292032 3.7768979857 0.0046351518
0.3140000000 0.5362614811 -0.0683048218 1.5102589254 7.0430161838 0.5362614811 -0.0366292449 3.7768982904 0.0056017028
0.3160000000 0.5362614952 -0.0683049903 1.5102589353 7.0430160569 0.5362614952 -0.0366293363 3.7768983214 0.0034300229
0.3180000000 0.5362614956 -0.0683052138 1.5102588772 7.0430157968 0.5362614956 -0.0366294561 3.7768981844 0.0004354984
0.3200000000 0.5362614979 -0.0683054234 1.5102588230 7.0430155272 0.5362614979 -0.0366295687 3.7768980566 0.0037565933
0.3220000000 0.5362615155 -0.0683055586 1.5102588360 7.0430153662 0.5362615155 -0.0366296424 3.7768980942 0.0049312252
0.3240000000 0.5362615629 -0.0683055908 1.5102589466 7.0430152613 0.5362615629 -0.0366296629 3.7768983719 0.0034140019
0.3260000000 0.5362616444 -0.0683055363 1.5102591384 7.0430150824 0.5362616444 -0.0366296392 3.7768988495 0.0007387725
0.3280000000 0.5362617407 -0.0683054524 1.5102593529 7.0430148122 0.5362617407 -0.0366296008 3.7768993829 0.0020359926
0.3300000000 0.5362618237 -0.0683054063 1.5102595222 7.0430145092 0.5362618237 -0.0366295818 3.7768998048 0.0043028036
0.3320000000 0.5362618773 -0.0683054450 1.5102596006 7.0430141723 0.5362618773 -0.0366296062 3.7769000022 0.0051266026
0.3340000000 0.5362619032 -0.0683055798 1.5102595797 7.0430137442 0.5362619032 -0.0366296802 3.7768999550 0.0030242926
0.3360000000 0.5362619111 -0.0683057787 1.5102594965 7.0430132661 0.5362619111 -0.0366297874 3.7768997542 0.0004871853
0.3380000000 0.5362619149 -0.0683059789 1.5102594188 7.0430128676 0.5362619149 -0.0366298950 3.7768995674 0.0037739325
0.3400000000 0.5362619337 -0.0683061204 1.5102594092 7.0430125866 0.5362619337 -0.0366299722 3.7768995486 0.0052346125
0.3420000000 0.5362619866 -0.0683061706 1.5102594994 7.0430123151 0.5362619866 -0.0366300028 3.7768997760 0.0038061158
0.3440000000 0.5362620778 -0.0683061370 1.5102596767 7.0430119425 0.5362620778 -0.0366299909 3.7769002182 0.0011356604
0.3460000000 0.5362621864 -0.0683060664 1.5102598856 7.0430114855 0.5362621864 -0.0366299605 3.7769007382 0.0017152372
0.3480000000 0.5362622847 -0.0683060193 1.5102600567 7.0430109890 0.5362622847 -0.0366299420 3.7769011644 0.0040923758
0.3500000000 0.5362623563 -0.0683060382 1.5102601403 7.0430104405 0.5362623563 -0.0366299570 3.7769013744 0.0051823456
0.3520000000 0.5362623973 -0.0683061326 1.5102601237 7.0430098314 0.5362623973 -0.0366300104 3.7769013364 0.0035105733
0.3540000000 0.5362624113 -0.0683062744 1.5102600358 7.0430092482 0.5362624113 -0.0366300874 3.7769011219 0.0003687611
0.3560000000 0.5362624117 -0.0683064088 1.5102599363 7.0430087870 0.5362624117 -0.0366301595 3.7769008781 0.0025422563
0.3580000000 0.5362624224 -0.0683064821 1.5102598848 7.0430084124 0.5362624224 -0.0366301996 3.7769007521 0.0043985674
0.3600000000 0.5362624646 -0.0683064654 1.5102599159 7.0430080019 0.5362624646 -0.0366301935 3.7769008294 0.0037959109
0.3620000000 0.5362625416 -0.0683063666 1.5102600254 7.0430074946 0.5362625416 -0.0366301458 3.7769010996 0.0014071863
0.3640000000 0.5362626346 -0.0683062308 1.5102601698 7.0430069378 0.5362626346 -0.0366300793 3.7769014558 0.0012756337
0.3660000000 0.5362627197 -0.0683061179 1.5102602897 7.0430063718 0.5362627197 -0.0366300246 3.7769017517 0.0035837525
0.3680000000 0.5362627815 -0.0683060751 1.5102603392 7.0430057880 0.5362627815 -0.0366300058 3.7769018740 0.0045706728
0.3700000000 0.5362628124 -0.0683061213 1.5102603019 7.0430052122 0.5362628124 -0.0366300327 3.7769017825 0.0030714484
0.3720000000 0.5362628123 -0.0683062381 1.5102602004 7.0430047479 0.5362628123 -0.0366300953 3.7769015329 0.0002350751
0.3740000000 0.5362627951 -0.0683063753 1.5102600901 7.0430044690 0.5362627951 -0.0366301677 3.7769012622 0.0025722384
0.3760000000 0.5362627844 -0.0683064787 1.5102600293 7.0430043323 0.5362627844 -0.0366302225 3.7769011139 0.0045057300
0.3780000000 0.5362627988 -0.0683065149 1.5102600528 7.0430042556 0.5362627988 -0.0366302429 3.7769011740 0.0041101122
0.3800000000 0.5362628385 -0.0683064827 1.5102601593 7.0430042285 0.5362628385 -0.0366302283 3.7769014392 0.0018353833
0.3820000000 0.5362628864 -0.0683064152 1.5102603094 7.0430042952 0.5362628864 -0.0366301954 3.7769018121 0.0008297833
0.3840000000 0.5362629223 -0.0683063628 1.5102604440 7.0430044479 0.5362629223 -0.0366301697 3.7769021469 0.0031552382
0.3860000000 0.5362629317 -0.0683063663 1.5102605144 7.0430046522 0.5362629317 -0.0366301723 3.7769023230 0.0043999130
0.3880000000 0.5362629048 -0.0683064392 1.5102605012 7.0430049487 0.5362629048 -0.0366302095 3.7769022925 0.0032863117
0.3900000000 0.5362628382 -0.0683065613 1.5102604224 7.0430054648 0.5362628382 -0.0366302704 3.7769020998 0.0006716415
0.3920000000 0.5362627405 -0.0683066858 1.5102603262 7.0430063069 0.5362627405 -0.0366303305 3.7769018638 0.0019503785
0.3940000000 0.5362626291 -0.0683067632 1.5102602665 7.0430074968 0.5362626291 -0.0366303644 3.7769017171 0.0039395495
0.3960000000 0.5362625154 -0.0683067621 1.5102602797 7.0430090513 0.5362625154 -0.0366303561 3.7769017498 0.0039487345
0.3980000000 0.5362623963 -0.0683066816 1.5102603711 7.0430110347 0.5362623963 -0.0366303047 3.7769019750 0.0020399420
0.4000000000 0.5362622569 -0.0683065554 1.5102605098 7.0430135035 0.5362622569 -0.0366302276 3.7769023168 0.0003809725
0.4020000000 0.5362620794 -0.0683064371 1.5102606436 7.0430164495 0.5362620794 -0.0366301520 3.7769026466 0.0025640739
0.4040000000 0.5362618474 -0.0683063736 1.5102607256 7.0430198736 0.5362618474 -0.0366301021 3.7769028488 0.0040309888
0.4060000000 0.5362615448 -0.0683063886 1.5102607322 7.0430238780 0.5362615448 -0.0366300895 3.7769028651 0.0035012098
0.4080000000 0.5362611606 -0.0683064738 1.5102606718 7.0430286470 0.5362611606 -0.0366301089 3.7769027163 0.0011976764
0.4100000000 0.5362606955 -0.0683065899 1.5102605839 7.0430343515 0.5362606955 -0.0366301394 3.7769024998 0.0012697708
0.4120000000 0.5362601582 -0.0683066868 1.5102605186 7.0430411074 0.5362601582 -0.0366301547 3.7769023388 0.0032014115
0.4140000000 0.5362595502 -0.0683067280 1.5102605113 7.0430490596 0.5362595502 -0.0366301352 3.7769023206 0.0034775706
0.4160000000 0.5362588599 -0.0683067035 1.5102605692 7.0430583905 0.5362588599 -0.0366300749 3.7769024629 0.0018352398
0.4180000000 0.5362580663 -0.0683066350 1.5102606668 7.0430692606 0.5362580663 -0.0366299840 3.7769027024 0.0004726970
0.4200000000 0.5362571455 -0.0683065648 1.5102607574 7.0430817677 0.5362571455 -0.0366298835 3.7769029243 0.0026402681
0.4220000000 0.5362560699 -0.0683065333 1.5102607981 7.0430960767 0.5362560699 -0.0366297931 3.7769030224 0.0038238420
0.4240000000 0.5362548086 -0.0683065610 1.5102607676 7.0431124979 0.5362548086 -0.0366297218 3.7769029442 0.0030440639
0.4260000000 0.5362533328 -0.0683066402 1.5102606755 7.0431314493 0.5362533328 -0.0366296635 3.7769027133 0.0009574532
0.4280000000 0.5362516244 -0.0683067367 1.5102605602 7.0431533492 0.5362516244 -0.0366295985 3.7769024246 0.0013549903
0.4300000000 0.5362496709 -0.0683068068 1.5102604707 7.0431785864 0.5362496709 -0.0366295027 3.7769021990 0.0033297710
0.4320000000 0.5362474473 -0.0683068179 1.5102604444 7.0432076595 0.5362474473 -0.0366293567 3.7769021284 0.0039784057
0.4340000000 0.5362449116 -0.0683067612 1.5102604933 7.0432411776 0.5362449116 -0.0366291531 3.7769022426 0.0026575329
0.4360000000 0.5362420061 -0.0683066570 1.5102605984 7.0432798097 0.5362420061 -0.0366288988 3.7769024948 0.0004971495
0.4380000000 0.5362386676 -0.0683065475 1.5102607173 7.0433241919 0.5362386676 -0.0366286120 3.7769027803 0.0015711309
0.4400000000 0.5362348294 -0.0683064760 1.5102608056 7.0433749964 0.5362348294 -0.0366283115 3.7769029894 0.0030361489
0.4420000000 0.5362304232 -0.0683064691 1.5102608358 7.0434329922 0.5362304232 -0.0366280069 3.7769030544 0.0031090698
0.4440000000 0.5362254078 -0.0683065271 1.5102608075 7.0434987210 0.5362254078 -0.0366276954 3.7769029742 0.0014833686
0.4460000000 0.5362198325 -0.0683066223 1.5102607484 7.0435716625 0.5362198325 -0.0366273656 3.7769028167 0.0006880389
0.4480000000 0.5362139673 -0.0683067129 1.5102606998 7.0436484597 0.5362139673 -0.0366270135 3.7769026849 0.0025130327
0.4500000000 0.5362085930 -0.0683067631 1.5102606954 7.0437190165 0.5362085930 -0.0366266733 3.7769026634 0.0030398029
0.4520000000 0.5362057872 -0.0683067575 1.5102607471 7.0437561025 0.5362057872 -0.0366264787 3.7769027858 0.0018977108
0.4540000000 0.5362107804 -0.0683067069 1.5102608385 7.0436909555 0.5362107804 -0.0366267926 3.7769030241 0.0000466877
0.4560000000 0.5362355633 -0.0683066436 1.5102609314 7.0433659572 0.5362355633 -0.0366284515 3.7769033117 0.0020572692
0.4580000000 0.5363061761 -0.0683066036 1.5102609851 7.0424391467 0.5363061761 -0.0366332534 3.7769036093 0.0034794920
0.4600000000 0.5364791170 -0.0683066098 1.5102609749 7.0401696315 0.5364791170 -0.0366450697 3.7769039874 0.0032780216
0.4620000000 0.5368751361 -0.0683066628 1.5102609013 7.0349779225 0.5368751361 -0.0366721489 3.7769047294 0.0016197215
0.4640000000 0.5377410682 -0.0683067397 1.5102607920 7.0236526506 0.5377410682 -0.0367313392 3.7769064790 0.0004345630
0.4660000000 0.5395349767 -0.0683068043 1.5102606895 7.0003068810 0.5395349767 -0.0368539101 3.7769104101 0.0022930372
0.4680000000 0.5430790871 -0.0683068254 1.5102606318 6.9546381448 0.5430790871 -0.0370960084 3.7769185347 0.0034270465
0.4700000000 0.5498067563 -0.0683067895 1.5102606378 6.8695668071 0.5498067563 -0.0375555344 3.7769342434 0.0029230622
0.4720000000 0.5620726635 -0.0683067076 1.5102607003 6.7197059336 0.5620726635 -0.0383933331 3.7769630118 0.0011237557
0.4740000000 0.5833114693 -0.0683066122 1.5102607882 6.4751217390 0.5833114693 -0.0398440303 3.7770127758 0.0009696964
0.4760000000 0.6175533306 -0.0683065441 1.5102608590 6.1162212967 0.6175533306 -0.0421829338 3.7770928326 0.0029670492
0.4780000000 0.6685606946 -0.0683065352 1.5102608751 5.6497665772 0.6685606946 -0.0456670646 3.7772118672 0.0037161772
0.4800000000 0.7379858397 -0.0683065931 1.5102608207 5.1184907517 0.7379858397 -0.0504092985 3.7773736954 0.0016323869
0.4820000000 0.8232955508 -0.0683066823 1.5102607296 4.5883552845 0.8232955508 -0.0562365876 3.7775724914 0.0029417026
0.4840000000 0.9180658688 -0.0683067300 1.5102606923 4.1149481963 0.9180658688 -0.0627100774 3.7777934909 0.0066708325
0.4860000000 1.0154959998 -0.0683066851 1.5102607864 3.7203701629 1.0154959998 -0.0693651654 3.7780210183 0.0030194053
0.4880000000 1.1089958964 -0.0683065936 1.5102609528 3.4069012931 1.1089958964 -0.0757517320 3.7782395533 0.0044178851
0.4900000000 1.1939801359 -0.0683065600 1.5102610281 3.1645735842 1.1939801359 -0.0815566758 3.7784379982 0.0075586082
0.4920000000 1.2663862624 -0.0683066145 1.5102609500 2.9837710938 1.2663862624 -0.0865025582 3.7786067235 0.0010136294
0.4940000000 1.3241566145 -0.0683066767 1.5102608454 2.8536966083 1.3241566145 -0.0904487378 3.7787412398 0.0056168710
0.4960000000 1.3674876212 -0.0683066751 1.5102608478 2.7633466468 1.3674876212 -0.0934085327 3.7788423326 0.0042673988
0.4980000000 1.3976112772 -0.0683066362 1.5102609354 2.7038368145 1.3976112772 -0.0954661250 3.7789128235 0.0013097648
0.5000000000 1.4171209768 -0.0683066333 1.5102610000 2.6666449519 1.4171209768 -0.0967987628 3.7789584989 0.0026461414
0.5020000000 1.4289004798 -0.0683066823 1.5102610138 2.6446810479 1.4289004798 -0.0976034511 3.7789860184 0.0006554854
0.5040000000 1.4361748666 -0.0683067331 1.5102610360 2.6312973004 1.4361748666 -0.0981004134 3.7790030494 0.0024431092
0.5060000000 1.4399735611 -0.0683067410 1.5102611034 2.6243621291 1.4399735611 -0.0983599011 3.7790120806 0.0000371466
0.5080000000 1.4421617901 -0.0683067095 1.5102611710 2.6203837721 1.4421617901 -0.0985093264 3.7790173516 0.0029538488
0.5100000000 1.4431199927 -0.0683066673 1.5102611841 2.6186454589 1.4431199927 -0.0985747172 3.7790196156 0.0028840239
0.5120000000 1.4434497701 -0.0683066240 1.5102611443 2.6180476518 1.4434497701 -0.0985971808 3.7790202810 0.0003755368
0.5140000000 1.4437013878 -0.0683065733 1.5102610972 2.6175916829 1.4437013878 -0.0986142947 3.7790207453 0.0011044803
0.5160000000 1.4437450229 -0.0683065172 1.5102610716 2.6175125923 1.4437450229 -0.0986171943 3.7790207775 0.0006718230
0.5180000000 1.4438614824 -0.0683064741 1.5102610595 2.6173016323 1.4438614824 -0.0986250870 3.7790210148 0.0000068732
0.5200000000 1.4438754446 -0.0683064613 1.5102610482 2.6172763252 1.4438754446 -0.0986260221 3.7790210177 0.0006559690
0.5220000000 1.4439047204 -0.0683064774 1.5102610479 2.6172233068 1.4439047204 -0.0986280451 3.7790210870 0.0016848307
0.5240000000 1.4439284623 -0.0683065083 1.5102610770 2.6171803637 1.4439284623 -0.0986297115 3.7790212181 0.0014946673
0.5260000000 1.4439399915 -0.0683065382 1.5102611333 2.6171595850 1.4439399915 -0.0986305422 3.7790213888 0.0002337159
0.5280000000 1.4439528942 -0.0683065539 1.5102611934 2.6171363246 1.4439528942 -0.0986314462 3.7790215705 0.0009115509
0.5300000000 1.4439619701 -0.0683065456 1.5102612353 2.6171199616 1.4439619701 -0.0986320542 3.7790216956 0.0008861765
0.5320000000 1.4439694349 -0.0683065110 1.5102612608 2.6171064860 1.4439694349 -0.0986325140 3.7790217736 0.0000634289
0.5340000000 1.4439758101 -0.0683064593 1.5102612887 2.6170949862 1.4439758101 -0.0986328750 3.7790218529 0.0008364021
0.5360000000 1.4439809832 -0.0683064093 1.5102613335 2.6170856929 1.4439809832 -0.0986331561 3.7790219721 0.0008293004
0.5380000000 1.4439854428 -0.0683063771 1.5102613951 2.6170777221 1.4439854428 -0.0986334141 3.7790221333 0.0001152485
0.5400000000 1.4439891970 -0.0683063666 1.5102614588 2.6170710336 1.4439891970 -0.0986336555 3.7790223002 0.0008113676
0.5420000000 1.4439923480 -0.0683063700 1.5102615060 2.6170654098 1.4439923480 -0.0986338756 3.7790224260 0.0012820326
0.5440000000 1.4439950062 -0.0683063776 1.5102615287 2.6170606362 1.4439950062 -0.0986340682 3.7790224897 0.0010629142
0.5460000000 1.4439972536 -0.0683063838 1.5102615319 2.6170565728 1.4439972536 -0.0986342306 3.7790225036 0.0004415512
0.5480000000 1.4439992204 -0.0683063841 1.5102615270 2.6170530027 1.4439992204 -0.0986343654 3.7790224958 0.0000129530
0.5500000000 1.4440008897 -0.0683063717 1.5102615217 2.6170499702 1.4440008897 -0.0986344615 3.7790224853 0.0000591980
0.5520000000 1.4440023002 -0.0683063384 1.5102615171 2.6170474059 1.4440023002 -0.0986345098 3.7790224739 0.0001613998
0.5540000000 1.4440034641 -0.0683062834 1.5102615159 2.6170452925 1.4440034641 -0.0986345098 3.7790224680 0.0008556695
0.5560000000 1.4440044134 -0.0683062197 1.5102615311 2.6170435955 1.4440044134 -0.0986344827 3.7790225021 0.0018279868
0.5580000000 1.4440052570 -0.0683061684 1.5102615818 2.6170421524 1.4440052570 -0.0986344662 3.7790226257 0.0021124957
0.5600000000 1.4440060105 -0.0683061442 1.5102616751 2.6170409477 1.4440060105 -0.0986344827 3.7790228583 0.0012303381
0.5620000000 1.4440066868 -0.0683061454 1.5102617937 2.6170399287 1.4440066868 -0.0986345307 3.7790231566 0.0003933592
0.5640000000 1.4440072969 -0.0683061571 1.5102619027 2.6170390134 1.4440072969 -0.0986345893 3.7790234316 0.0018491884
0.5660000000 1.4440077970 -0.0683061630 1.5102619726 2.6170382293 1.4440077970 -0.0986346320 3.7790236080 0.0022462857
0.5680000000 1.4440082088 -0.0683061563 1.5102619992 2.6170375291 1.4440082088 -0.0986346504 3.7790236748 0.0014039383
0.5700000000 1.4440085403 -0.0683061397 1.5102620008 2.6170369305 1.4440085403 -0.0986346490 3.7790236779 0.0001259604
0.5720000000 1.4440088071 -0.0683061173 1.5102620002 2.6170364450 1.4440088071 -0.0986346349 3.7790236750 0.0004023314
0.5740000000 1.4440090520 -0.0683060869 1.5102620065 2.6170360103 1.4440090520 -0.0986346078 3.7790236883 0.0001316098
0.5760000000 1.4440092733 -0.0683060428 1.5102620150 2.6170356212 1.4440092733 -0.0986345592 3.7790237057 0.0001389827
0.5780000000 1.4440094726 -0.0683059868 1.5102620266 2.6170352767 1.4440094726 -0.0986344919 3.7790237295 0.0010470668
0.5800000000 1.4440096573 -0.0683059330 1.5102620584 2.6170349937 1.4440096573 -0.0986344269 3.7790238043 0.0020257371
0.5820000000 1.4440098269 -0.0683058975 1.5102621300 2.6170348081 1.4440098269 -0.0986343873 3.7790239803 0.0017837187
0.5840000000 1.4440099931 -0.0683058832 1.5102622379 2.6170346929 1.4440099931 -0.0986343779 3.7790242489 0.0000769649
0.5860000000 1.4440101440 -0.0683058753 1.5102623460 2.6170346063 1.4440101440 -0.0986343768 3.7790245187 0.0021633574
0.5880000000 1.4440102534 -0.0683058540 1.5102624086 2.6170345152 1.4440102534 -0.0986343535 3.7790246735 0.0031843730
0.5900000000 1.4440103392 -0.0683058131 1.5102624121 2.6170343631 1.4440103392 -0.0986343004 3.7790246783 0.0016613374
0.5920000000 1.4440104261 -0.0683057652 1.5102623869 2.6170341587 1.4440104261 -0.0986342371 3.7790246107 0.0012115894
0.5940000000 1.4440105399 -0.0683057305 1.5102623847 2.6170339466 1.4440105399 -0.0986341948 3.7790246022 0.0027381089
0.5960000000 1.4440106616 -0.0683057202 1.5102624331 2.6170338093 1.4440106616 -0.0986341882 3.7790247223 0.0018095402
0.5980000000 1.4440107567 -0.0683057276 1.5102625163 2.6170337816 1.4440107567 -0.0986342054 3.7790249313 0.0001426541
0.6000000000 1.4440108107 -0.0683057376 1.5102626015 2.6170338319 1.4440108107 -0.0986342235 3.7790251454 0.0004302028
0.6020000000 1.4440108414 -0.0683057395 1.5102626776 2.6170339083 1.4440108414 -0.0986342284 3.7790253360 0.0005525627
0.6040000000 1.4440108720 -0.0683057362 1.5102627655 2.6170340049 1.4440108720 -0.0986342257 3.7790255554 0.0012022541
0.6060000000 1.4440109344 -0.0683057362 1.5102628789 2.6170340882 1.4440109344 -0.0986342300 3.7790258390 0.0004947220
0.6080000000 1.4440110057 -0.0683057382 1.5102629808 2.6170341356 1.4440110057 -0.0986342377 3.7790260941 0.0039670126
0.6100000000 1.4440110413 -0.0683057246 1.5102630030 2.6170341088 1.4440110413 -0.0986342205 3.7790261485 0.0053942683
0.6120000000 1.4440110020 -0.0683056778 1.5102629208 2.6170340343 1.4440110020 -0.0986341503 3.7790259382 0.0027378391
0.6140000000 1.4440109095 -0.0683056015 1.5102627817 2.6170339557 1.4440109095 -0.0986340337 3.7790255826 0.0011698110
0.6160000000 1.4440108203 -0.0683055306 1.5102626714 2.6170339216 1.4440108203 -0.0986339252 3.7790252998 0.0036238747
0.6180000000 1.4440107830 -0.0683055131 1.5102626364 2.6170339274 1.4440107830 -0.0986338975 3.7790252105 0.0029514282
0.6200000000 1.4440107979 -0.0683055625 1.5102626549 2.6170339356 1.4440107979 -0.0986339697 3.7790252615 0.0000881156
0.6220000000 1.4440108201 -0.0683056404 1.5102626679 2.6170339233 1.4440108201 -0.0986340837 3.7790253020 0.0014351621
0.6240000000 1.4440108226 -0.0683056840 1.5102626523 2.6170338948 1.4440108226 -0.0986341469 3.7790252672 0.0012187277
0.6260000000 1.4440107946 -0.0683056768 1.5102626157 2.6170338816 1.4440107946 -0.0986341346 3.7790251749 0.0007229749
0.6280000000 1.4440107504 -0.0683056719 1.5102625698 2.6170338818 1.4440107504 -0.0986341245 3.7790250595 0.0018547380
0.6300000000 1.4440106717 -0.0683057355 1.5102624892 2.6170338892 1.4440106717 -0.0986342110 3.7790248642 0.0022642872
0.6320000000 1.4440105556 -0.0683058620 1.5102623568 2.6170338788 1.4440105556 -0.0986343857 3.7790245453 0.0002706208
0.6340000000 1.4440104465 -0.0683059569 1.5102622126 2.6170338333 1.4440104465 -0.0986345153 3.7790241941 0.0014472896
0.6360000000 1.4440104038 -0.0683059613 1.5102621004 2.6170337166 1.4440104038 -0.0986345188 3.7790239139 0.0002723758
0.6380000000 1.4440104002 -0.0683059423 1.5102619905 2.6170335317 1.4440104002 -0.0986344910 3.7790236373 0.0055182470
0.6400000000 1.4440103194 -0.0683060663 1.5102617585 2.6170332846 1.4440103194 -0.0986346647 3.7790230693 0.0054805736
0.6420000000 1.4440100786 -0.0683064121 1.5102613646 2.6170330624 1.4440100786 -0.0986351475 3.7790221181 0.0019382138
0.6440000000 1.4440098158 -0.0683067812 1.5102610142 2.6170329567 1.4440098158 -0.0986356626 3.7790212777 0.0157102480
0.6460000000 1.4440097644 -0.0683068636 1.5102610243 2.6170330728 1.4440097644 -0.0986357780 3.7790213110 0.0216439406
0.6480000000 1.4440101479 -0.0683064043 1.5102616842 2.6170334897 1.4440101479 -0.0986351409 3.7790229165 0.0037747667
0.6500000000 1.4440104652 -0.0683058858 1.5102622271 2.6170338196 1.4440104652 -0.0986344140 3.7790242234 0.0389573749
0.6520000000 1.4440093834 -0.0683065740 1.5102607044 2.6170331892 1.4440093834 -0.0986353339 3.7790204819 0.0409767907
0.6540000000 1.4440013729 -0.0683132498 1.5102490166 2.6170279150 1.4440013729 -0.0986444265 3.7789919022 0.0252779820
0.6560000000 1.4439796063 -0.0683317376 1.5102170573 2.6170132601 1.4439796063 -0.0986696356 3.7789137771 0.0040629436
0.6580000000 1.4439607422 -0.0683477548 1.5101892786 2.6170004187 1.4439607422 -0.0986914748 3.7788458668 0.0563322878
0.6600000000 1.4439885237 -0.0683244712 1.5102298924 2.6170188382 1.4439885237 -0.0986597523 3.7789451687 0.0477291153
0.6620000000 1.4442974415 -0.0680652375 1.5106824785 2.6172253122 1.4442974415 -0.0983064484 3.7800518222 0.0316117924
0.6640000000 1.4453965089 -0.0671443150 1.5122922867 2.6179590698 1.4453965089 -0.0970501585 3.7839889001 0.0028834418
0.6660000000 1.4466324955 -0.0661097899 1.5141029333 2.6187843849 1.4466324955 -0.0956365703 3.7884185901 0.0571106672
0.6680000000 1.4461603450 -0.0665058916 1.5134119186 2.6184703635 1.4461603450 -0.0961781831 3.7867280043 0.0530618744
0.6700000000 1.4338900047 -0.0768250592 1.4954713445 2.6103186595 1.4338900047 -0.1101586845 3.7429098349 0.0361112254
0.6720000000 1.3782239620 -0.1244181010 1.4149869876 2.5744254391 1.3782239620 -0.1714760081 3.5481348287 0.0184601622
0.6740000000 1.2638299844 -0.2271683719 1.2536036019 2.5055737825 1.2638299844 -0.2871021999 3.1666192744 0.0009688628
0.6760000000 1.1484353638 -0.3401762953 1.0949066656 2.4413346819 1.1484353638 -0.3906704875 2.8037150835 0.0125866046
0.6780000000 1.0717611763 -0.4209059843 0.9924666425 2.4036177632 1.0717611763 -0.4511106928 2.5761042012 0.0187547996
0.6800000000 1.0316227576 -0.4647765399 0.9402593671 2.3866016390 1.0316227576 -0.4794740558 2.4620725641 0.0218188947
0.6820000000 1.0132782764 -0.4851433349 0.9168043228 2.3796576965 1.0132782764 -0.4915852022 2.4112554492 0.0232185595
0.6840000000 1.0054532416 -0.4938869131 0.9068835174 2.3768743540 1.0054532416 -0.4965801978 2.3898360240 0.0238171665
0.6860000000 1.0022181694 -0.4975114637 0.9027969510 2.3757558947 1.0022181694 -0.4986150284 2.3810257237 0.0240636762
0.6880000000 1.0008983318 -0.4989918469 0.9011322357 2.3753050480 1.0008983318 -0.4994401072 2.3774388600 0.0241610375
0.6900000000 1.0003628422 -0.4995927467 0.9004572364 2.3751230337 1.0003628422 -0.4997740201 2.3759848286 0.0241924576
0.6920000000 1.0001461158 -0.4998359912 0.9001841149 2.3750495165 1.0001461158 -0.4999090252 2.3753965489 0.0241851493
0.6940000000 1.0000585336 -0.4999342971 0.9000737538 2.3750198315 1.0000585336 -0.4999635601 2.3751588500 0.0241327109
0.6960000000 1.0000232069 -0.4999739505 0.9000292409 2.3750078619 1.0000232069 -0.4999855533 2.3750629784 0.0239896291
0.6980000000 1.0000090131 -0.4999898829 0.9000113565 2.3750030533 1.0000090131 -0.4999943893 2.3750244594 0.0236336352
0.7000000000 1.0000033631 -0.4999962250 0.9000042375 2.3750011393 1.0000033631 -0.4999979065 2.3750091266 0.0227722577
0.7020000000 1.0000011646 -0.4999986927 0.9000014674 2.3750003945 1.0000011646 -0.4999992750 2.3750031605 0.0207650185
0.7040000000 1.0000003549 -0.4999996016 0.9000004472 2.3750001202 1.0000003549 -0.4999997790 2.3750009632 0.0164754803
0.7060000000 1.0000000908 -0.4999998981 0.9000001144 2.3750000307 1.0000000908 -0.4999999435 2.3750002463 0.0095029799
0.7080000000 1.0000000198 -0.4999999778 0.9000000249 2.3750000067 1.0000000198 -0.4999999877 2.3750000537 0.0034213071
0.7100000000 1.0000000040 -0.4999999956 0.9000000050 2.3750000013 1.0000000040 -0.4999999975 2.3750000107 0.0008455449
0.7120000000 1.0000000008 -0.4999999991 0.9000000010 2.3750000003 1.0000000008 -0.4999999995 2.3750000021 0.0001747128
0.7140000000 1.0000000001 -0.4999999998 0.9000000002 2.3750000000 1.0000000001 -0.4999999999 2.3750000004 0.0000340571
0.7160000000 1.0000000000 -0.5000000000 0.9000000000 2.3750000000 1.0000000000 -0.5000000000 2.3750000001 0.0000065451
0.7180000000 1.0000000000 -0.5000000000 0.9000000000 2.3750000000 1.0000000000 -0.5000000000 2.3750000000 0.0000012541
0.7200000000 1.0000000000 -0.5000000000 0.9000000000 2.3750000000 1.0000000000 -0.5000000000 2.3750000000 0.0000002401
0.7220000000 1.0000000000 -0.5000000000 0.9000000000 2.3750000000 1.0000000000 -0.5000000000 2.3750000000 0.0000000460
0.7240000000 1.0000000000 -0.5000000000 0.9000000000 2.3750000000 1.0000000000 -0.5000000000 2.3750000000 0.0000000088
0.7260000000 1.0000000000 -0.5000000000 0.9000000000 2.3750000000 1.0000000000 -0.5000000000 2.3750000000 0.0000000017
0.7280000000 1.0000000000 -0.5000000000 0.9000000000 2.3750000000 1.0000000000 -0.5000000000 2.3750000000 0.0000000003
0.7300000000 1.0000000000 -0.5000000000 0.9000000000 2.3750000000 1.0000000000 -0.5000000000 2.3750000000 0.0000000001
0.7320000000 1.0000000000 -0.5000000000 0.9000000000 2.3750000000 1.0000000000 -0.5000000000 2.3750000000 0.0000000000
0.7340000000 1.0000000000 -0.5000000000 0.9000000000 2.3750000000 1.0000000000 -0.5000000000 2.3750000000 0.0000000000
0.7360000000 1.0000000000 -0.5000000000 0.9000000000 2.3750000000 1.0000000000 -0.5000000000 2.3750000000 0.0000000000
0.7380000000 1.0000000000 -0.5000000000 0.9000000000 2.3750000000 1.0000000000 -0.5000000000 2.3750000000 0.0000000000
0.7400000000 1.0000000000 -0.5000000000 0.9000000000 2.3750000000 1.0000000000 -0.5000000000 2.3750000000 0.0000000000
0.7420000000 1.0000000000 -0.5000000000 0.9000000000 2.3750000000 1.0000000000 -0.5000000000 2.3750000000 0.0000000000
0.7440000000 1.0000000000 -0.5000000000 0.9000000000 2.3750000000 1.0000000000 -0.5000000000 2.3750000000 0.0000000000
0.7460000000 1.0000000000 -0.5000000000 0.9000000000 2.3750000000 1.0000000000 -0.5000000000 2.3750000000 0.0000000000
0.7480000000 1.0000000000 -0.5000000000 0.9000000000 2.3750000000 1.0000000000 -0.5000000000 2.3750000000 0.0000000000
0.7500000000 1.0000000000 -0.5000000000 0.9000000000 2.3750000000 1.0000000000 -0.5000000000 2.3750000000 0.0000000000
0.7520000000 1.0000000000 -0.5000000000 0.9000000000 2.3750000000 1.0000000000 -0.5000000000 2.3750000000 0.0000000000
0.7540000000 1.0000000000 -0.5000000000 0.9000000000 2.3750000000 1.0000000000 -0.5000000000 2.3750000000 0.0000000000
0.7560000000 1.0000000000 -0.5000000000 0.9000000000 2.3750000000 1.0000000000 -0.5000000000 2.3750000000 0.0000000000
0.7580000000 1.0000000000 -0.5000000000 0.9000000000 2.3750000000 1.0000000000 -0.5000000000 2.3750000000 0.0000000000
0.7600000000 1.0000000000 -0.5000000000 0.9000000000 2.3750000000 1.0000000000 -0.5000000000 2.3750000000 0.0000000000
0.7620000000 1.0000000000 -0.5000000000 0.9000000000 2.3750000000 1.0000000000 -0.5000000000 2.3750000000 0.0000000000
0.7640000000 1.0000000000 -0.5000000000 0.9000000000 2.3750000000 1.0000000000 -0.5000000000 2.3750000000 0.0000000000
0.7660000000 1.0000000000 -0.5000000000 0.9000000000 2.3750000000 1.0000000000 -0.5000000000 2.3750000000 0.0000000000
0.7680000000 1.0000000000 -0.5000000000 0.9000000000 2.3750000000 1.0000000000 -0.5000000000 2.3750000000 0.0000000000
0.7700000000 1.0000000000 -0.5000000000 0.9000000000 2.3750000000 1.0000000000 -0.5000000000 2.3750000000 0.0000000000
0.7720000000 1.0000000000 -0.5000000000 0.9000000000 2.3750000000 1.0000000000 -0.5000000000 2.3750000000 0.0000000000
0.7740000000 1.0000000000 -0.5000000000 0.9000000000 2.3750000000 1.0000000000 -0.5000000000 2.3750000000 0.0000000000
0.7760000000 1.0000000000 -0.5000000000 0.9000000000 2.3750000000 1.0000000000 -0.5000000000 2.3750000000 0.0000000000
0.7780000000 1.0000000000 -0.5000000000 0.9000000000 2.3750000000 1.0000000000 -0.5000000000 2.3750000000 0.0000000000
0.7800000000 1.0000000000 -0.5000000000 0.9000000000 2.3750000000 1.0000000000 -0.5000000000 2.3750000000 0.0000000000
0.7820000000 1.0000000000 -0.5000000000 0.9000000000 2.3750000000 1.0000000000 -0.5000000000 2.3750000000 0.0000000000
0.7840000000 1.0000000000 -0.5000000000 0.9000000000 2.3750000000 1.0000000000 -0.5000000000 2.3750000000 0.0000000000
0.7860000000 1.0000000000 -0.5000000000 0.9000000000 2.3750000000 1.0000000000 -0.5000000000 2.3750000000 0.0000000000
0.7880000000 1.0000000000 -0.5000000000 0.9000000000 2.3750000000 1.0000000000 -0.5000000000 2.3750000000 0.0000000000
0.7900000000 1.0000000000 -0.5000000000 0.9000000000 2.3750000000 1.0000000000 -0.5000000000 2.3750000000 0.0000000000
0.7920000000 1.0000000000 -0.5000000000 0.9000000000 2.3750000000 1.0000000000 -0.5000000000 2.3750000000 0.0000000000
0.7940000000 1.0000000000 -0.5000000000 0.9000000000 2.3750000000 1.0000000000 -0.5000000000 2.3750000000 0.0000000000
0.7960000000 1.0000000000 -0.5000000000 0.9000000000 2.3750000000 1.0000000000 -0.5000000000 2.3750000000 0.0000000000
0.7980000000 1.0000000000 -0.5000000000 0.9000000000 2.3750000000 1.0000000000 -0.5000000000 2.3750000000 0.0000000000
0.8000000000 1.0000000000 -0.5000000000 0.9000000000 2.3750000000 1.0000000000 -0.5000000000 2.3750000000 0.0000000000
0.8020000000 1.0000000000 -0.5000000000 0.9000000000 2.3750000000 1.0000000000 -0.5000000000 2.3750000000 0.0000000000
0.8040000000 1.0000000000 -0.5000000000 0.9000000000 2.3750000000 1.0000000000 -0.5000000000 2.3750000000 0.0000000000
0.8060000000 1.0000000000 -0.5000000000 0.9000000000 2.3750000000 1.0000000000 -0.5000000000 2.3750000000 0.0000000000
0.8080000000 1.0000000000 -0.5000000000 0.9000000000 2.3750000000 1.0000000000 -0.5000000000 2.3750000000 0.0000000000
0.8100000000 1.0000000000 -0.5000000000 0.9000000000 2.3750000000 1.0000000000 -0.5000000000 2.3750000000 0.0000000000
0.8120000000 1.0000000000 -0.5000000000 0.9000000000 2.3750000000 1.0000000000 -0.5000000000 2.3750000000 0.0000000000
0.8140000000 1.0000000000 -0.5000000000 0.9000000000 2.3750000000 1.0000000000 -0.5000000000 2.3750000000 0.0000000000
0.8160000000 1.0000000000 -0.5000000000 0.9000000000 2.3750000000 1.0000000000 -0.5000000000 2.3750000000 0.0000000000
0.8180000000 1.0000000000 -0.5000000000 0.9000000000 2.3750000000 1.0000000000 -0.5000000000 2.3750000000 0.0000000000
0.8200000000 1.0000000000 -0.5000000000 0.9000000000 2.3750000000 1.0000000000 -0.5000000000 2.3750000000 0.0000000000
0.8220000000 1.0000000000 -0.5000000000 0.9000000000 2.3750000000 1.0000000000 -0.5000000000 2.3750000000 0.0000000000
0.8240000000 1.0000000000 -0.5000000000 0.9000000000 2.3750000000 1.0000000000 -0.5000000000 2.3750000000 0.0000000000
0.8260000000 1.0000000000 -0.5000000000 0.9000000000 2.3750000000 1.0000000000 -0.5000000000 2.3750000000 0.0000000000
0.8280000000 1.0000000000 -0.5000000000 0.9000000000 2.3750000000 1.0000000000 -0.5000000000 2.3750000000 0.0000000000
0.8300000000 1.0000000000 -0.5000000000 0.9000000000 2.3750000000 1.0000000000 -0.5000000000 2.3750000000 0.0000000000
0.8320000000 1.0000000000 -0.5000000000 0.9000000000 2.3750000000 1.0000000000 -0.5000000000 2.3750000000 0.0000000000
0.8340000000 1.0000000000 -0.5000000000 0.9000000000 2.3750000000 1.0000000000 -0.5000000000 2.3750000000 0.0000000000
0.8360000000 1.0000000000 -0.5000000000 0.9000000000 2.3750000000 1.0000000000 -0.5000000000 2.3750000000 0.0000000000
0.8380000000 1.0000000000 -0.5000000000 0.9000000000 2.3750000000 1.0000000000 -0.5000000000 2.3750000000 0.0000000000
0.8400000000 1.0000000000 -0.5000000000 0.9000000000 2.3750000000 1.0000000000 -0.5000000000 2.3750000000 0.0000000000
0.8420000000 1.0000000000 -0.5000000000 0.9000000000 2.3750000000 1.0000000000 -0.5000000000 2.3750000000 0.0000000000
0.8440000000 1.0000000000 -0.5000000000 0.9000000000 2.3750000000 1.0000000000 -0.5000000000 2.3750000000 0.0000000000
0.8460000000 1.0000000000 -0.5000000000 0.9000000000 2.3750000000 1.0000000000 -0.5000000000 2.3750000000 0.0000000000
0.8480000000 1.0000000000 -0.5000000000 0.9000000000 2.3750000000 1.0000000000 -0.5000000000 2.3750000000 0.0000000000
0.8500000000 1.0000000000 -0.5000000000 0.9000000000 2.3750000000 1.0000000000 -0.5000000000 2.3750000000 0.0000000000
0.8520000000 1.0000000000 -0.5000000000 0.9000000000 2.3750000000 1.0000000000 -0.5000000000 2.3750000000 0.0000000000
0.8540000000 1.0000000000 -0.5000000000 0.9000000000 2.3750000000 1.0000000000 -0.5000000000 2.3750000000 0.0000000000
0.8560000000 1.0000000000 -0.5000000000 0.9000000000 2.3750000000 1.0000000000 -0.5000000000 2.3750000000 0.0000000000
0.8580000000 1.0000000000 -0.5000000000 0.9000000000 2.3750000000 1.0000000000 -0.5000000000 2.3750000000 0.0000000000
0.8600000000 1.0000000000 -0.5000000000 0.9000000000 2.3750000000 1.0000000000 -0.5000000000 2.3750000000 0.0000000000
0.8620000000 1.0000000000 -0.5000000000 0.9000000000 2.3750000000 1.0000000000 -0.5000000000 2.3750000000 0.0000000000
0.8640000000 1.0000000000 -0.5000000000 0.9000000000 2.3750000000 1.0000000000 -0.5000000000 2.3750000000 0.0000000000
0.8660000000 1.0000000000 -0.5000000000 0.9000000000 2.3750000000 1.0000000000 -0.5000000000 2.3750000000 0.0000000000
0.8680000000 1.0000000000 -0.5000000000 0.9000000000 2.3750000000 1.0000000000 -0.5000000000 2.3750000000 0.0000000000
0.8700000000 1.0000000000 -0.5000000000 0.9000000000 2.3750000000 1.0000000000 -0.5000000000 2.3750000000 0.0000000000
0.8720000000 1.0000000000 -0.5000000000 0.9000000000 2.3750000000 1.0000000000 -0.5000000000 2.3750000000 0.0000000000
0.8740000000 1.0000000000 -0.5000000000 0.9000000000 2.3750000000 1.0000000000 -0.5000000000 2.3750000000 0.0000000000
0.8760000000 1.0000000000 -0.5000000000 0.9000000000 2.3750000000 1.0000000000 -0.5000000000 2.3750000000 0.0000000000
0.8780000000 1.0000000000 -0.5000000000 0.9000000000 2.3750000000 1.0000000000 -0.5000000000 2.3750000000 0.0000000000
0.8800000000 1.0000000000 -0.5000000000 0.9000000000 2.3750000000 1.0000000000 -0.5000000000 2.3750000000 0.0000000000
0.8820000000 1.0000000000 -0.5000000000 0.9000000000 2.3750000000 1.0000000000 -0.5000000000 2.3750000000 0.0000000000
0.8840000000 1.0000000000 -0.5000000000 0.9000000000 2.3750000000 1.0000000000 -0.5000000000 2.3750000000 0.0000000000
0.8860000000 1.0000000000 -0.5000000000 0.9000000000 2.3750000000 1.0000000000 -0.5000000000 2.3750000000 0.0000000000
0.8880000000 1.0000000000 -0.5000000000 0.9000000000 2.3750000000 1.0000000000 -0.5000000000 2.3750000000 0.0000000000
0.8900000000 1.0000000000 -0.5000000000 0.9000000000 2.3750000000 1.0000000000 -0.5000000000 2.3750000000 0.0000000000
0.8920000000 1.0000000000 -0.5000000000 0.9000000000 2.3750000000 1.0000000000 -0.5000000000 2.3750000000 0.0000000000
0.8940000000 1.0000000000 -0.5000000000 0.9000000000 2.3750000000 1.0000000000 -0.5000000000 2.3750000000 0.0000000000
0.8960000000 1.0000000000 -0.5000000000 0.9000000000 2.3750000000 1.0000000000 -0.5000000000 2.3750000000 0.0000000000
0.8980000000 1.0000000000 -0.5000000000 0.9000000000 2.3750000000 1.0000000000 -0.5000000000 2.3750000000 0.0000000000
0.9000000000 1.0000000000 -0.5000000000 0.9000000000 2.3750000000 1.0000000000 -0.5000000000 2.3750000000 0.0000000000
0.9020000000 1.0000000000 -0.5000000000 0.9000000000 2.3750000000 1.0000000000 -0.5000000000 2.3750000000 0.0000000000
0.9040000000 1.0000000000 -0.5000000000 0.9000000000 2.3750000000 1.0000000000 -0.5000000000 2.3750000000 0.0000000000
0.9060000000 1.0000000000 -0.5000000000 0.9000000000 2.3750000000 1.0000000000 -0.5000000000 2.3750000000 0.0000000000
0.9080000000 1.0000000000 -0.5000000000 0.9000000000 2.3750000000 1.0000000000 -0.5000000000 2.3750000000 0.0000000000
0.9100000000 1.0000000000 -0.5000000000 0.9000000000 2.3750000000 1.0000000000 -0.5000000000 2.3750000000 0.0000000000
0.9120000000 1.0000000000 -0.5000000000 0.9000000000 2.3750000000 1.0000000000 -0.5000000000 2.3750000000 0.0000000000
0.9140000000 1.0000000000 -0.5000000000 0.9000000000 2.3750000000 1.0000000000 -0.5000000000 2.3750000000 0.0000000000
0.9160000000 1.0000000000 -0.5000000000 0.9000000000 2.3750000000 1.0000000000 -0.5000000000 2.3750000000 0.0000000000
0.9180000000 1.0000000000 -0.5000000000 0.9000000000 2.3750000000 1.0000000000 -0.5000000000 2.3750000000 0.0000000000
0.9200000000 1.0000000000 -0.5000000000 0.9000000000 2.3750000000 1.0000000000 -0.5000000000 2.3750000000 0.0000000000
0.9220000000 1.0000000000 -0.5000000000 0.9000000000 2.3750000000 1.0000000000 -0.5000000000 2.3750000000 0.0000000000
0.9240000000 1.0000000000 -0.5000000000 0.9000000000 2.3750000000 1.0000000000 -0.5000000000 2.3750000000 0.0000000000
0.9260000000 1.0000000000 -0.5000000000 0.9000000000 2.3750000000 1.0000000000 -0.5000000000 2.3750000000 0.0000000000
0.9280000000 1.0000000000 -0.5000000000 0.9000000000 2.3750000000 1.0000000000 -0.5000000000 2.3750000000 0.0000000000
0.9300000000 1.0000000000 -0.5000000000 0.9000000000 2.3750000000 1.0000000000 -0.5000000000 2.3750000000 0.0000000000
0.9320000000 1.0000000000 -0.5000000000 0.9000000000 2.3750000000 1.0000000000 -0.5000000000 2.3750000000 0.0000000000
0.9340000000 1.0000000000 -0.5000000000 0.9000000000 2.3750000000 1.0000000000 -0.5000000000 2.3750000000 0.0000000000
0.9360000000 1.0000000000 -0.5000000000 0.9000000000 2.3750000000 1.0000000000 -0.5000000000 2.3750000000 0.0000000000
0.9380000000 1.0000000000 -0.5000000000 0.9000000000 2.3750000000 1.0000000000 -0.5000000000 2.3750000000 0.0000000000
0.9400000000 1.0000000000 -0.5000000000 0.9000000000 2.3750000000 1.0000000000 -0.5000000000 2.3750000000 0.0000000000
0.9420000000 1.0000000000 -0.5000000000 0.9000000000 2.3750000000 1.0000000000 -0.5000000000 2.3750000000 0.0000000000
0.9440000000 1.0000000000 -0.5000000000 0.9000000000 2.3750000000 1.0000000000 -0.5000000000 2.3750000000 0.0000000000
0.9460000000 1.0000000000 -0.5000000000 0.9000000000 2.3750000000 1.0000000000 -0.5000000000 2.3750000000 0.0000000000
0.9480000000 1.0000000000 -0.5000000000 0.9000000000 2.3750000000 1.0000000000 -0.5000000000 2.3750000000 0.0000000000
0.9500000000 1.0000000000 -0.5000000000 0.9000000000 2.3750000000 1.0000000000 -0.5000000000 2.3750000000 0.0000000000
0.9520000000 1.0000000000 -0.5000000000 0.9000000000 2.3750000000 1.0000000000 -0.5000000000 2.3750000000 0.0000000000
0.9540000000 1.0000000000 -0.5000000000 0.9000000000 2.3750000000 1.0000000000 -0.5000000000 2.3750000000 0.0000000000
0.9560000000 1.0000000000 -0.5000000000 0.9000000000 2.3750000000 1.0000000000 -0.5000000000 2.3750000000 0.0000000000
0.9580000000 1.0000000000 -0.5000000000 0.9000000000 2.3750000000 1.0000000000 -0.5000000000 2.3750000000 0.0000000000
0.9600000000 1.0000000000 -0.5000000000 0.9000000000 2.3750000000 1.0000000000 -0.5000000000 2.3750000000 0.0000000000
0.9620000000 1.0000000000 -0.5000000000 0.9000000000 2.3750000000 1.0000000000 -0.5000000000 2.3750000000 0.0000000000
0.9640000000 1.0000000000 -0.5000000000 0.9000000000 2.3750000000 1.0000000000 -0.5000000000 2.3750000000 0.0000000000
0.9660000000 1.0000000000 -0.5000000000 0.9000000000 2.3750000000 1.0000000000 -0.5000000000 2.3750000000 0.0000000000
0.9680000000 1.0000000000 -0.5000000000 0.9000000000 2.3750000000 1.0000000000 -0.5000000000 2.3750000000 0.0000000000
0.9700000000 1.0000000000 -0.5000000000 0.9000000000 2.3750000000 1.0000000000 -0.5000000000 2.3750000000 0.0000000000
0.9720000000 1.0000000000 -0.5000000000 0.9000000000 2.3750000000 1.0000000000 -0.5000000000 2.3750000000 0.0000000000
0.9740000000 1.0000000000 -0.5000000000 0.9000000000 2.3750000000 1.0000000000 -0.5000000000 2.3750000000 0.0000000000
0.9760000000 1.0000000000 -0.5000000000 0.9000000000 2.3750000000 1.0000000000 -0.5000000000 2.3750000000 0.0000000000
0.9780000000 1.0000000000 -0.5000000000 0.9000000000 2.3750000000 1.0000000000 -0.5000000000 2.3750000000 0.0000000000
0.9800000000 1.0000000000 -0.5000000000 0.9000000000 2.3750000000 1.0000000000 -0.5000000000 2.3750000000 0.0000000000
0.9820000000 1.0000000000 -0.5000000000 0.9000000000 2.3750000000 1.0000000000 -0.5000000000 2.3750000000 0.0000000000
0.9840000000 1.0000000000 -0.5000000000 0.9000000000 2.3750000000 1.0000000000 -0.5000000000 2.3750000000 0.0000000000
0.9860000000 1.0000000000 -0.5000000000 0.9000000000 2.3750000000 1.0000000000 -0.5000000000 2.3750000000 0.0000000000
0.9880000000 1.0000000000 -0.5000000000 0.9000000000 2.3750000000 1.0000000000 -0.5000000000 2.3750000000 0.0000000000
0.9900000000 1.0000000000 -0.5000000000 0.9000000000 2.3750000000 1.0000000000 -0.5000000000 2.3750000000 0.0000000000
0.9920000000 1.0000000000 -0.5000000000 0.9000000000 2.3750000000 1.0000000000 -0.5000000000 2.3750000000 0.0000000000
0.9940000000 1.0000000000 -0.5000000000 0.9000000000 2.3750000000 1.0000000000 -0.5000000000 2.3750000000 0.0000000000
0.9960000000 1.0000000000 -0.5000000000 0.9000000000 2.3750000000 1.0000000000 -0.5000000000 2.3750000000 0.0000000000
0.9980000000 1.0000000000 -0.5000000000 0.9000000000 2.3750000000 1.0000000000 -0.5000000000 2.3750000000 0.0000000000
1.0000000000 1.0000000000 -0.5000000000 0.9000000000 2.3750000000 1.0000000000 -0.5000000000 2.3750000000 0.0000000000
