TITLE = "1D Euler Filtered MacCormack Result"
VARIABLES = "x", "rho", "u", "p", "E", "rho_conserved", "rhou", "rhoE", "nu"
ZONE T="t=0.15000000", I=501, F=POINT
0.0000000000 0.6838766350 -1.1346582014 2.3498752387 9.2339992305 0.6838766350 -0.7759662327 6.3149163218 0.0000000000
0.0020000000 0.6838766350 -1.1346582014 2.3498752387 9.2339992305 0.6838766350 -0.7759662327 6.3149163218 0.0429538260
0.0040000000 0.6803691560 -1.1233387124 2.3329670248 9.2033758101 0.6803691560 -0.7642850117 6.2616930325 0.0004517648
0.0060000000 0.6769094348 -1.1121684194 2.3164158789 9.1735767158 0.6769094348 -0.7528372962 6.2096806301 0.0006820786
0.0080000000 0.6735648427 -1.1012918305 2.3003759190 9.1444859404 0.6735648427 -0.7417914586 6.1594042342 0.0003275988
0.0100000000 0.6701493692 -1.0901658543 2.2840877068 9.1150464963 0.6701493692 -0.7305739595 6.1084426594 0.0005072350
0.0120000000 0.6668168076 -1.0792426476 2.2681810553 9.0861461596 0.6668168076 -0.7196571369 6.0587949752 0.0001856538
0.0140000000 0.6634402535 -1.0681496972 2.2521351746 9.0570506064 0.6634402535 -0.7086535059 6.0088119503 0.0003905407
0.0160000000 0.6601245601 -1.0571963371 2.2363793378 9.0283674692 0.6601245601 -0.6978812670 5.9598471041 0.0000869188
0.0180000000 0.6567830252 -1.0461246259 2.2205588190 8.9995947692 0.6567830252 -0.6870768965 5.9107810782 0.0003166938
0.0200000000 0.6534884344 -1.0351474254 2.2049704797 8.9711495788 0.6534884344 -0.6764568704 5.8625424932 0.0000196165
0.0220000000 0.6501800463 -1.0240870884 2.1893673958 8.9426891873 0.6501800463 -0.6658409906 5.8143580702 0.0002596292
0.0240000000 0.6469083907 -1.0130935861 2.1739522489 8.9144934665 0.6469083907 -0.6553787414 5.7668606220 0.0000195847
0.0260000000 0.6436299323 -1.0020452186 2.1585508380 8.8863327884 0.6436299323 -0.6449462962 5.7195097713 0.0002153748
0.0280000000 0.6403802814 -0.9910471808 2.1433034074 8.8583944251 0.6403802814 -0.6346470725 5.6727411145 0.0000474543
0.0300000000 0.6371289782 -0.9800138551 2.1280893908 8.8305220067 0.6371289782 -0.6243952261 5.6261814633 0.0001887501
0.0320000000 0.6339014159 -0.9690175043 2.1130086751 8.8028463943 0.6339014159 -0.6142615680 5.5801367935 0.0000720840
0.0340000000 0.6306765026 -0.9579971002 2.0979783043 8.7752597100 0.6306765026 -0.6041862607 5.5343501036 0.0001741012
0.0360000000 0.6274725378 -0.9470025139 2.0830693919 8.7478513437 0.6274725378 -0.5942180707 5.4890364831 0.0000914257
0.0380000000 0.6242743441 -0.9359908251 2.0682236776 8.7205505273 0.6242743441 -0.5843150585 5.4440159609 0.0001645337
0.0400000000 0.6210951330 -0.9249969382 2.0534913348 8.6934167611 0.6210951330 -0.5745110963 5.3994388394 0.0001048696
0.0420000000 0.6179243773 -0.9139910981 2.0388306625 8.6663960862 0.6179243773 -0.5647773801 5.3551774052 0.0001573282
0.0440000000 0.6147699862 -0.9029978327 2.0242770456 8.6395497830 0.6147699862 -0.5551359651 5.3113359008 0.0001140524
0.0460000000 0.6116273476 -0.8919966210 2.0098004474 8.6128003042 0.6116273476 -0.5455695274 5.2678242059 0.0001518189
0.0480000000 0.6084977226 -0.8810046287 1.9954258581 8.5862494354 0.6084977226 -0.5360893102 5.2247132271 0.0001207573
0.0500000000 0.6053830270 -0.8700077273 1.9811318198 8.5597722346 0.6053830270 -0.5266879115 5.1819408260 0.0001477064
0.0520000000 0.6022788362 -0.8590178912 1.9669357741 8.5335121165 0.6022788362 -0.5173682958 5.1395537464 0.0001258618
0.0540000000 0.5991911732 -0.8480253825 1.9528226450 8.5073180694 0.5991911732 -0.5081293238 5.0975098946 0.0001448189
0.0560000000 0.5961133464 -0.8370385927 1.9388043745 8.4813391423 0.5961133464 -0.4989698765 5.0558394579 0.0001297987
0.0580000000 0.5930518919 -0.8260507721 1.9248705447 8.4554384505 0.5930518919 -0.4898909733 5.0145137702 0.0001429968
0.0600000000 0.5900009726 -0.8150678551 1.9110291874 8.4297357579 0.5900009726 -0.4808908272 4.9735522961 0.0001328147
0.0620000000 0.5869654167 -0.8040851288 1.8972731430 8.4041321888 0.5869654167 -0.4719701627 4.9329349520 0.0001420521
0.0640000000 0.5839414630 -0.7931068609 1.8836077855 8.3787070511 0.5839414630 -0.4631279806 4.8926744531 0.0001351420
0.0660000000 0.5809318825 -0.7821297310 1.8700281315 8.3533996152 0.5809318825 -0.4543640970 4.8527561633 0.0001417264
0.0680000000 0.5779347223 -0.7711568652 1.8565377942 8.3282562045 0.5779347223 -0.4456783288 4.8131884370 0.0001370144
0.0700000000 0.5749512995 -0.7601859190 1.8431332342 8.3032428567 0.5749512995 -0.4370698820 4.7739602704 0.0001418277
0.0720000000 0.5719807610 -0.7492192228 1.8298169002 8.2783852089 0.5719807610 -0.4285389812 4.7350770716 0.0001385978
0.0740000000 0.5690236364 -0.7382551212 1.8165862144 8.2536647759 0.5690236364 -0.4200846137 4.6965303447 0.0001422230
0.0760000000 0.5660796194 -0.7272953886 1.8034428512 8.2290958809 0.5660796194 -0.4117070968 4.6583234644 0.0001400229
0.0780000000 0.5631488776 -0.7163388667 1.7903848916 8.2046682619 0.5631488776 -0.4034054287 4.6204497227 0.0001428257
0.0800000000 0.5602313440 -0.7053869323 1.7774134781 8.1803903007 0.5602313440 -0.3951798691 4.5829110529 0.0001413630
0.0820000000 0.5573270377 -0.6944387933 1.7645271560 8.1562560894 0.5573270377 -0.3870295155 4.5457020449 0.0001435987
0.0840000000 0.5544359894 -0.6834955467 1.7517267030 8.1322708316 0.5544359894 -0.3789545296 4.5088236242 0.0001426668
0.0860000000 0.5515581631 -0.6725566692 1.7390109928 8.1084310152 0.5515581631 -0.3709541210 4.4722713160 0.0001445103
0.0880000000 0.5486936264 -0.6616230622 1.7263805510 8.0847400635 0.5486936264 -0.3630283574 4.4360453442 0.0001439797
0.0900000000 0.5458423300 -0.6506944086 1.7138344943 8.0611958658 0.5458423300 -0.3551765521 4.4001419341 0.0001455460
0.0920000000 0.5430043518 -0.6397714707 1.7013731696 8.0378007947 0.5430043518 -0.3473986928 4.3645608104 0.0001453260
0.0940000000 0.5401796464 -0.6288540927 1.6889958770 8.0145536020 0.5401796464 -0.3396941814 4.3292987305 0.0001467105
0.0960000000 0.5373682931 -0.6179429461 1.6767028434 7.9914560306 0.5373682931 -0.3320629462 4.2943550862 0.0001467273
0.0980000000 0.5345702563 -0.6070379992 1.6644935046 7.9685073761 0.5345702563 -0.3245044588 4.2597270301 0.0001480045
0.1000000000 0.5317856147 -0.5961398705 1.6523680128 7.9457090053 0.5317856147 -0.3170186075 4.2254137478 0.0001482141
0.1020000000 0.5290143452 -0.5852486305 1.6403259096 7.9230605754 0.5290143452 -0.3096049210 4.1914127021 0.0001494321
0.1040000000 0.5262565254 -0.5743648693 1.6283673008 7.9005632240 0.5262565254 -0.3022632604 4.1577229510 0.0001498125
0.1060000000 0.5235121462 -0.5634887482 1.6164918178 7.8782168671 0.5235121462 -0.2949932039 4.1243422201 0.0001510103
0.1080000000 0.5207812855 -0.5526208493 1.6046995415 7.8560225083 0.5207812855 -0.2877945963 4.0912695008 0.0001515454
0.1100000000 0.5180639484 -0.5417614164 1.5929901809 7.8339802571 0.5180639484 -0.2806670585 4.0585027437 0.0001527610
0.1120000000 0.5153602157 -0.5309110431 1.5813638119 7.8120910512 0.5153602157 -0.2736104297 4.0260409290 0.0001534447
0.1140000000 0.5126701069 -0.5200700527 1.5698202143 7.7903551563 0.5126701069 -0.2666243695 3.9938822107 0.0001547059
0.1160000000 0.5099937077 -0.5092390649 1.5583594729 7.7687734873 0.5099937077 -0.2597087188 3.9620255948 0.0001555503
0.1180000000 0.5073310540 -0.4984184882 1.5469814409 7.7473464561 0.5073310540 -0.2528631770 3.9304694434 0.0001568753
0.1200000000 0.5046822375 -0.4876089777 1.5356862194 7.7260749791 0.5046822375 -0.2460875899 3.8992128076 0.0001579043
0.1220000000 0.5020473135 -0.4768110397 1.5244737437 7.7049596209 0.5020473135 -0.2393817015 3.8682542782 0.0001593140
0.1240000000 0.4994263811 -0.4660253751 1.5133441395 7.6840013205 0.4994263811 -0.2327453666 3.8375929720 0.0001605525
0.1260000000 0.4968195177 -0.4552526001 1.5022974322 7.6632008037 0.4968195177 -0.2261783772 3.8072277275 0.0001620810
0.1280000000 0.4942268333 -0.4444934790 1.4913337862 7.6425590614 0.4942268333 -0.2196806046 3.7771577636 0.0001635520
0.1300000000 0.4916484293 -0.4337487489 1.4804533234 7.6220769878 0.4916484293 -0.2132518911 3.7473821790 0.0001652476
0.1320000000 0.4890844314 -0.4230192619 1.4696562669 7.6017556636 0.4890844314 -0.2068921352 3.7179003465 0.0001669778
0.1340000000 0.4865349672 -0.4123058887 1.4589428420 7.5815961609 0.4865349672 -0.2006012321 3.6887116395 0.0001689001
0.1360000000 0.4840001843 -0.4016095985 1.4483133542 7.5615996947 0.4840001843 -0.1943791197 3.6598156455 0.0001709279
0.1380000000 0.4814802396 -0.3909314143 1.4377681436 7.5417675326 0.4814802396 -0.1882257510 3.6312120385 0.0001731462
0.1400000000 0.4789753093 -0.3802724558 1.4273076249 7.5221010717 0.4789753093 -0.1821411171 3.6029006872 0.0001755284
0.1420000000 0.4764855848 -0.3696339254 1.4169322712 7.5026018063 0.4764855848 -0.1761252371 3.5748816094 0.0001781245
0.1440000000 0.4740112785 -0.3590171326 1.4066426358 7.4832713683 0.4740112785 -0.1701781700 3.5471550289 0.0001809407
0.1460000000 0.4715526235 -0.3484234962 1.3964393517 7.4641115250 0.4715526235 -0.1643000137 3.5197213717 0.0001840154
0.1480000000 0.4691098775 -0.3378545630 1.3863231458 7.4451242049 0.4691098775 -0.1584909126 3.4925813036 0.0001873737
0.1500000000 0.4666833248 -0.3273120184 1.3762948473 7.4263115115 0.4666833248 -0.1527510610 3.4657357472 0.0001910557
0.1520000000 0.4642732801 -0.3167977054 1.3663554005 7.4076757471 0.4642732801 -0.1470807098 3.4391859169 0.0001951010
0.1540000000 0.4618800916 -0.3063136421 1.3565058784 7.3892194355 0.4618800916 -0.1414801731 3.4129333497 0.0001995589
0.1560000000 0.4595041455 -0.2958620437 1.3467474987 7.3709453499 0.4595041455 -0.1359498356 3.3869799449 0.0002044848
0.1580000000 0.4571458707 -0.2854453467 1.3370816412 7.3528565449 0.4571458707 -0.1304901616 3.3613280076 0.0002099436
0.1600000000 0.4548057440 -0.2750662376 1.3275098686 7.3349563918 0.4548057440 -0.1251017048 3.3359802991 0.0002160106
0.1620000000 0.4524842965 -0.2647276841 1.3180339501 7.3172486203 0.4524842965 -0.1197851199 3.3109400940 0.0002227736
0.1640000000 0.4501821205 -0.2544329732 1.3086558882 7.2997373651 0.4501821205 -0.1145411754 3.2862112464 0.0002303354
0.1660000000 0.4478998782 -0.2441857526 1.2993779495 7.2824272211 0.4478998782 -0.1093707688 3.2617982655 0.0002388162
0.1680000000 0.4456383104 -0.2339900799 1.2902027002 7.2653233042 0.4456383104 -0.1042749438 3.2377064018 0.0002483573
0.1700000000 0.4433982476 -0.2238504784 1.2811330469 7.2484313238 0.4433982476 -0.0992549099 3.2139417469 0.0002591251
0.1720000000 0.4411806223 -0.2137720016 1.2721722828 7.2317576632 0.4411806223 -0.0943120647 3.1905113464 0.0002713153
0.1740000000 0.4389864832 -0.2037603062 1.2633241411 7.2153094732 0.4389864832 -0.0894480202 3.1674233308 0.0002851594
0.1760000000 0.4368170110 -0.1938217365 1.2545928560 7.1990947786 0.4368170110 -0.0846646316 3.1446870629 0.0003009307
0.1780000000 0.4346735370 -0.1839634203 1.2459832311 7.1831225980 0.4346735370 -0.0799640306 3.1223133061 0.0003189524
0.1800000000 0.4325575637 -0.1741933773 1.2375007180 7.1674030801 0.4325575637 -0.0753486629 3.1003144141 0.0003396070
0.1820000000 0.4304707881 -0.1645206412 1.2291515032 7.1519476556 0.4304707881 -0.0708213301 3.0787045434 0.0003633465
0.1840000000 0.4284151273 -0.1549553958 1.2209426051 7.1367692056 0.4284151273 -0.0663852356 3.0574998879 0.0003907044
0.1860000000 0.4263927472 -0.1455091245 1.2128819794 7.1218822443 0.4263927472 -0.0620440353 3.0367189350 0.0004223088
0.1880000000 0.4244060919 -0.1361947707 1.2049786323 7.1073031140 0.4244060919 -0.0578018903 3.0163827384 0.0004588963
0.1900000000 0.4224579160 -0.1270269064 1.1972427376 7.0930501864 0.4224579160 -0.0536635221 2.9965151996 0.0005013260
0.1920000000 0.4205513153 -0.1180219016 1.1896857520 7.0791440593 0.4205513153 -0.0496342660 2.9771433451 0.0005505924
0.1940000000 0.4186897559 -0.1091980835 1.1823205214 7.0656077356 0.4186897559 -0.0457201189 2.9582975783 0.0006078347
0.1960000000 0.4168770978 -0.1005758696 1.1751613658 7.0524667610 0.4168770978 -0.0419277766 2.9400118757 0.0006743412
0.1980000000 0.4151176079 -0.0921778519 1.1682241237 7.0397492917 0.4151176079 -0.0382646494 2.9223238859 0.0007515436
0.2000000000 0.4134159576 -0.0840288023 1.1615261372 7.0274860497 0.4134159576 -0.0347388478 2.9052748750 0.0008409964
0.2020000000 0.4117771973 -0.0761555597 1.1550861455 7.0157101178 0.4117771973 -0.0313591229 2.8889094496 0.0009443384
0.2040000000 0.4102066978 -0.0685867544 1.1489240566 7.0044565159 0.4102066978 -0.0281347460 2.8732749769 0.0010632277
0.2060000000 0.4087100509 -0.0613523213 1.1430605615 6.9937614975 0.4087100509 -0.0250753103 2.8584206179 0.0011992494
0.2080000000 0.4072929214 -0.0544827572 1.1375165607 6.9836615139 0.4072929214 -0.0221904413 2.8443958999 0.0013537926
0.2100000000 0.4059608423 -0.0480080951 1.1323123837 6.9741918151 0.4059608423 -0.0194894067 2.8312487839 0.0015279033
0.2120000000 0.4047189586 -0.0419565948 1.1274668064 6.9653846966 0.4047189586 -0.0169806294 2.8190232407 0.0017221236
0.2140000000 0.4035717250 -0.0363531990 1.1229959041 6.9572674634 0.4035717250 -0.0146711232 2.8077564313 0.0019363355
0.2160000000 0.4025225815 -0.0312178571 1.1189118200 6.9498602533 0.4025225815 -0.0125658924 2.7974756900 0.0021696353
0.2180000000 0.4015736372 -0.0265638797 1.1152215715 6.9431739378 0.4015736372 -0.0106673538 2.7881956119 0.0024202607
0.2200000000 0.4007254024 -0.0223965270 1.1119260449 6.9372083695 0.4007254024 -0.0089748573 2.7799156151 0.0026855901
0.2220000000 0.3999766100 -0.0187120454 1.1090193351 6.9319512501 0.3999766100 -0.0074843805 2.7726183618 0.0029622171
0.2240000000 0.3993241612 -0.0154973299 1.1064885578 6.9273778436 0.3993241612 -0.0061884583 2.7662693467 0.0032460876
0.2260000000 0.3987632116 -0.0127303078 1.1043142008 6.9234516477 0.3987632116 -0.0050763784 2.7608178140 0.0035326717
0.2280000000 0.3982873956 -0.0103810318 1.1024709991 6.9201259925 0.3982873956 -0.0041346341 2.7561989585 0.0038171351
0.2300000000 0.3978891634 -0.0084133551 1.1009292340 6.9173463882 0.3978891634 -0.0033475828 2.7523371672 0.0040944751
0.2320000000 0.3975601880 -0.0067869768 1.0996562989 6.9150533346 0.3975601880 -0.0026982318 2.7491499036 0.0043595969
0.2340000000 0.3972917936 -0.0054596073 1.0986183398 6.9131852580 0.3972917936 -0.0021690572 2.7465517706 0.0046073188
0.2360000000 0.3970753585 -0.0043890128 1.0977817955 6.9116812581 0.3970753585 -0.0017427688 2.7444583131 0.0048323048
0.2380000000 0.3969026553 -0.0035347509 1.0971146956 6.9104834189 0.3969026553 -0.0014029520 2.7427892184 0.0050289383
0.2400000000 0.3967661077 -0.0028594852 1.0965876359 6.9095385389 0.3967661077 -0.0011345468 2.7414707119 0.0051911589
0.2420000000 0.3966589552 -0.0023298400 1.0961744036 6.9087992334 0.3966589552 -0.0009241519 2.7404370855 0.0053123006
0.2440000000 0.3965753331 -0.0019168231 1.0958522739 6.9082244519 0.3965753331 -0.0007601647 2.7396314134 0.0053849920
0.2460000000 0.3965102806 -0.0015958864 1.0956020340 6.9077795048 0.3965102806 -0.0006327854 2.7390055899 0.0054012120
0.2480000000 0.3964596949 -0.0013467141 1.0954078003 6.9074357251 0.3964596949 -0.0005339178 2.7385198602 0.0053526338
0.2500000000 0.3964202507 -0.0011528312 1.0952567026 6.9071698914 0.3964202507 -0.0004570056 2.7381420199 0.0052314317
0.2520000000 0.3963893006 -0.0010011170 1.0951384969 6.9069635246 0.3963893006 -0.0003968321 2.7378464409 0.0050317269
0.2540000000 0.3963647701 -0.0008812866 1.0950451568 6.9068021493 0.3963647701 -0.0003493110 2.7376130459 0.0047517790
0.2560000000 0.3963450559 -0.0007853908 1.0949704806 6.9066745828 0.3963450559 -0.0003112858 2.7374263237 0.0043967977
0.2580000000 0.3963289347 -0.0007073625 1.0949097361 6.9065722936 0.3963289347 -0.0002803482 2.7372744394 0.0039818327
0.2600000000 0.3963154839 -0.0006426272 1.0948593559 6.9064888517 0.3963154839 -0.0002546831 2.7371484715 0.0035336435
0.2620000000 0.3963040176 -0.0005877826 1.0948166871 6.9064194767 0.3963040176 -0.0002329406 2.7370417862 0.0030900059
0.2640000000 0.3962940349 -0.0005403449 1.0947797932 6.9063606805 0.3962940349 -0.0002141355 2.7369495408 0.0026949978
0.2660000000 0.3962851804 -0.0004985522 1.0947473005 6.9063099901 0.3962851804 -0.0001975688 2.7368683004 0.0023898213
0.2680000000 0.3962772128 -0.0004612083 1.0947182766 6.9062657290 0.3962772128 -0.0001827664 2.7367957336 0.0022008101
0.2700000000 0.3962699778 -0.0004275501 1.0946921264 6.9062268290 0.3962699778 -0.0001694253 2.7367303523 0.0021288870
0.2720000000 0.3962633828 -0.0003971187 1.0946684923 6.9061926504 0.3962633828 -0.0001573636 2.7366712621 0.0021462891
0.2740000000 0.3962573711 -0.0003696345 1.0946471562 6.9061628053 0.3962573711 -0.0001464704 2.7366179177 0.0022044764
0.2760000000 0.3962518997 -0.0003448859 1.0946279532 6.9061370021 0.3962518997 -0.0001366617 2.7365699066 0.0022512375
0.2780000000 0.3962469242 -0.0003226545 1.0946107129 6.9061149395 0.3962469242 -0.0001278508 2.7365268029 0.0022489865
0.2800000000 0.3962423930 -0.0003026859 1.0945952371 6.9060962666 0.3962423930 -0.0001199370 2.7364881109 0.0021855811
0.2820000000 0.3962382490 -0.0002846990 1.0945813067 6.9060805951 0.3962382490 -0.0001128086 2.7364532828 0.0020740046
0.2840000000 0.3962344355 -0.0002684141 1.0945687036 6.9060675397 0.3962344355 -0.0001063549 2.7364217732 0.0019429738
0.2860000000 0.3962309015 -0.0002535806 1.0945572327 6.9060567570 0.3962309015 -0.0001004765 2.7363930944 0.0018233764
0.2880000000 0.3962276053 -0.0002399951 1.0945467352 6.9060479704 0.3962276053 -0.0000950927 2.7363668495 0.0017358418
0.2900000000 0.3962245155 -0.0002275034 1.0945370913 6.9060409734 0.3962245155 -0.0000901424 2.7363427384 0.0016839805
0.2920000000 0.3962216083 -0.0002159918 1.0945282121 6.9060356175 0.3962216083 -0.0000855806 2.7363205396 0.0016557318
0.2940000000 0.3962188655 -0.0002053718 1.0945200289 6.9060317897 0.3962188655 -0.0000813722 2.7363000807 0.0016316629
0.2960000000 0.3962162705 -0.0001955655 1.0945124810 6.9060293928 0.3962162705 -0.0000774862 2.7362812100 0.0015955395
0.2980000000 0.3962138073 -0.0001864969 1.0945055090 6.9060283330 0.3962138073 -0.0000738927 2.7362637793 0.0015415684
0.3000000000 0.3962114600 -0.0001780906 1.0944990542 6.9060285174 0.3962114600 -0.0000705615 2.7362476418 0.0014751535
0.3020000000 0.3962092133 -0.0001702747 1.0944930607 6.9060298592 0.3962092133 -0.0000674644 2.7362326575 0.0014078884
0.3040000000 0.3962070535 -0.0001629855 1.0944874788 6.9060322836 0.3962070535 -0.0000645760 2.7362187024 0.0013503096
0.3060000000 0.3962049691 -0.0001561699 1.0944822674 6.9060357313 0.3962049691 -0.0000618753 2.7362056732 0.0013064816
0.3080000000 0.3962029504 -0.0001497851 1.0944773928 6.9060401578 0.3962029504 -0.0000593453 2.7361934864 0.0012729884
0.3100000000 0.3962009895 -0.0001437953 1.0944728274 6.9060455292 0.3962009895 -0.0000569719 2.7361820725 0.0012422570
0.3120000000 0.3961990790 -0.0001381690 1.0944685465 6.9060518181 0.3961990790 -0.0000547424 2.7361713701 0.0012077153
0.3140000000 0.3961972119 -0.0001328762 1.0944645269 6.9060589998 0.3961972119 -0.0000526452 2.7361613208 0.0011674931
0.3160000000 0.3961953813 -0.0001278882 1.0944607463 6.9060670523 0.3961953813 -0.0000506687 2.7361518689 0.0011246518
0.3180000000 0.3961935808 -0.0001231783 1.0944571838 6.9060759572 0.3961935808 -0.0000488025 2.7361429626 0.0010843189
0.3200000000 0.3961918045 -0.0001187230 1.0944538213 6.9060857013 0.3961918045 -0.0000470371 2.7361345560 0.0010499781
0.3220000000 0.3961900472 -0.0001145021 1.0944506429 6.9060962773 0.3961900472 -0.0000453646 2.7361266098 0.0010214307
0.3240000000 0.3961883041 -0.0001104982 1.0944476352 6.9061076828 0.3961883041 -0.0000437781 2.7361190905 0.0009955509
0.3260000000 0.3961865708 -0.0001066960 1.0944447864 6.9061199194 0.3961865708 -0.0000422715 2.7361119682 0.0009689318
0.3280000000 0.3961848430 -0.0001030812 1.0944420851 6.9061329913 0.3961848430 -0.0000408392 2.7361052150 0.0009402978
0.3300000000 0.3961831166 -0.0000996399 1.0944395210 6.9061469050 0.3961831166 -0.0000394756 2.7360988044 0.0009109909
0.3320000000 0.3961813874 -0.0000963595 1.0944370839 6.9061616698 0.3961813874 -0.0000381759 2.7360927117 0.0008834654
0.3340000000 0.3961796514 -0.0000932286 1.0944347652 6.9061772985 0.3961796514 -0.0000369353 2.7360869147 0.0008592115
0.3360000000 0.3961779050 -0.0000902370 1.0944325569 6.9061938074 0.3961779050 -0.0000357499 2.7360813939 0.0008377619
0.3380000000 0.3961761444 -0.0000873758 1.0944304522 6.9062112162 0.3961761444 -0.0000346162 2.7360761319 0.0008173772
0.3400000000 0.3961743661 -0.0000846368 1.0944284446 6.9062295476 0.3961743661 -0.0000335309 2.7360711130 0.0007966123
0.3420000000 0.3961725664 -0.0000820123 1.0944265284 6.9062488271 0.3961725664 -0.0000324910 2.7360663222 0.0007753792
0.3440000000 0.3961707418 -0.0000794950 1.0944246977 6.9062690831 0.3961707418 -0.0000314936 2.7360617455 0.0007547217
0.3460000000 0.3961688884 -0.0000770781 1.0944229475 6.9062903470 0.3961688884 -0.0000305359 2.7360573698 0.0007356909
0.3480000000 0.3961670027 -0.0000747556 1.0944212730 6.9063126539 0.3961670027 -0.0000296157 2.7360531835 0.0007184100
0.3500000000 0.3961650807 -0.0000725220 1.0944196699 6.9063360426 0.3961650807 -0.0000287307 2.7360491759 0.0007020999
0.3520000000 0.3961631188 -0.0000703722 1.0944181345 6.9063605553 0.3961631188 -0.0000278789 2.7360453373 0.0006858941
0.3540000000 0.3961611129 -0.0000683014 1.0944166630 6.9063862383 0.3961611129 -0.0000270584 2.7360416585 0.0006695956
0.3560000000 0.3961590590 -0.0000663053 1.0944152520 6.9064131414 0.3961590590 -0.0000262674 2.7360381309 0.0006536998
0.3580000000 0.3961569526 -0.0000643796 1.0944138983 6.9064413190 0.3961569526 -0.0000255044 2.7360347465 0.0006387774
0.3600000000 0.3961547895 -0.0000625205 1.0944125988 6.9064708299 0.3961547895 -0.0000247678 2.7360314978 0.0006248930
0.3620000000 0.3961525649 -0.0000607244 1.0944113509 6.9065017383 0.3961525649 -0.0000240561 2.7360283780 0.0006116008
0.3640000000 0.3961502739 -0.0000589881 1.0944101521 6.9065341132 0.3961502739 -0.0000233682 2.7360253809 0.0005984308
0.3660000000 0.3961479115 -0.0000573086 1.0944089999 6.9065680295 0.3961479115 -0.0000227027 2.7360225003 0.0005853160
0.3680000000 0.3961454721 -0.0000556828 1.0944078921 6.9066035682 0.3961454721 -0.0000220585 2.7360197308 0.0005725549
0.3700000000 0.3961429499 -0.0000541081 1.0944068265 6.9066408170 0.3961429499 -0.0000214345 2.7360170669 0.0005604261
0.3720000000 0.3961403388 -0.0000525818 1.0944058013 6.9066798708 0.3961403388 -0.0000208298 2.7360145038 0.0005489038
0.3740000000 0.3961376322 -0.0000511017 1.0944048145 6.9067208324 0.3961376322 -0.0000202433 2.7360120369 0.0005377452
0.3760000000 0.3961348232 -0.0000496655 1.0944038645 6.9067638134 0.3961348232 -0.0000196742 2.7360096618 0.0005267920
0.3780000000 0.3961319041 -0.0000482711 1.0944029496 6.9068089347 0.3961319041 -0.0000191217 2.7360073745 0.0005161280
0.3800000000 0.3961288669 -0.0000469165 1.0944020683 6.9068563277 0.3961288669 -0.0000185850 2.7360051711 0.0005059426
0.3820000000 0.3961257030 -0.0000455998 1.0944012191 6.9069061351 0.3961257030 -0.0000180633 2.7360030481 0.0004962955
0.3840000000 0.3961224028 -0.0000443194 1.0944004007 6.9069585122 0.3961224028 -0.0000175559 2.7360010021 0.0004870551
0.3860000000 0.3961189563 -0.0000430735 1.0943996118 6.9070136285 0.3961189563 -0.0000170622 2.7359990300 0.0004780500
0.3880000000 0.3961153525 -0.0000418607 1.0943988513 6.9070716683 0.3961153525 -0.0000165816 2.7359971287 0.0004692323
0.3900000000 0.3961115794 -0.0000406793 1.0943981181 6.9071328335 0.3961115794 -0.0000161135 2.7359952955 0.0004606704
0.3920000000 0.3961076239 -0.0000395281 1.0943974110 6.9071973446 0.3961076239 -0.0000156574 2.7359935277 0.0004524208
0.3940000000 0.3961034718 -0.0000384057 1.0943967290 6.9072654439 0.3961034718 -0.0000152126 2.7359918228 0.0004444522
0.3960000000 0.3960991075 -0.0000373107 1.0943960712 6.9073373977 0.3960991075 -0.0000147787 2.7359901784 0.0004367073
0.3980000000 0.3960945139 -0.0000362421 1.0943954368 6.9074134989 0.3960945139 -0.0000143553 2.7359885921 0.0004291968
0.4000000000 0.3960896721 -0.0000351986 1.0943948247 6.9074940713 0.3960896721 -0.0000139418 2.7359870620 0.0004220017
0.4020000000 0.3960845615 -0.0000341792 1.0943942343 6.9075794722 0.3960845615 -0.0000135378 2.7359855859 0.0004151817
0.4040000000 0.3960791589 -0.0000331828 1.0943936647 6.9076700979 0.3960791589 -0.0000131430 2.7359841620 0.0004087143
0.4060000000 0.3960734389 -0.0000322084 1.0943931153 6.9077663885 0.3960734389 -0.0000127569 2.7359827885 0.0004025254
0.4080000000 0.3960673732 -0.0000312551 1.0943925854 6.9078688341 0.3960673732 -0.0000123791 2.7359814637 0.0003965603
0.4100000000 0.3960609302 -0.0000303220 1.0943920743 6.9079779826 0.3960609302 -0.0000120094 2.7359801859 0.0003908029
0.4120000000 0.3960540746 -0.0000294083 1.0943915814 6.9080944483 0.3960540746 -0.0000116473 2.7359789537 0.0003852447
0.4140000000 0.3960467664 -0.0000285130 1.0943911062 6.9082189226 0.3960467664 -0.0000112925 2.7359777656 0.0003798628
0.4160000000 0.3960389607 -0.0000276356 1.0943906480 6.9083521864 0.3960389607 -0.0000109448 2.7359766202 0.0003746472
0.4180000000 0.3960306067 -0.0000267750 1.0943902064 6.9084951256 0.3960306067 -0.0000106037 2.7359755162 0.0003696284
0.4200000000 0.3960216465 -0.0000259308 1.0943897809 6.9086487489 0.3960216465 -0.0000102691 2.7359744524 0.0003648649
0.4220000000 0.3960120137 -0.0000251020 1.0943893709 6.9088142104 0.3960120137 -0.0000099407 2.7359734275 0.0003603943
0.4240000000 0.3960016322 -0.0000242882 1.0943889761 6.9089928367 0.3960016322 -0.0000096182 2.7359724404 0.0003562091
0.4260000000 0.3959904143 -0.0000234885 1.0943885960 6.9091861603 0.3959904143 -0.0000093012 2.7359714902 0.0003522704
0.4280000000 0.3959782579 -0.0000227026 1.0943882302 6.9093959611 0.3959782579 -0.0000089897 2.7359705757 0.0003485388
0.4300000000 0.3959650438 -0.0000219296 1.0943878784 6.9096243191 0.3959650438 -0.0000086834 2.7359696960 0.0003449856
0.4320000000 0.3959506319 -0.0000211692 1.0943875400 6.9098736801 0.3959506319 -0.0000083819 2.7359688502 0.0003415923
0.4340000000 0.3959348566 -0.0000204206 1.0943872150 6.9101469393 0.3959348566 -0.0000080852 2.7359680375 0.0003383528
0.4360000000 0.3959175202 -0.0000196835 1.0943869028 6.9104475482 0.3959175202 -0.0000077930 2.7359672570 0.0003352840
0.4380000000 0.3958983856 -0.0000189573 1.0943866032 6.9107796529 0.3958983856 -0.0000075052 2.7359665080 0.0003324276
0.4400000000 0.3958771657 -0.0000182414 1.0943863158 6.9111482725 0.3958771657 -0.0000072214 2.7359657896 0.0003298312
0.4420000000 0.3958535100 -0.0000175355 1.0943860405 6.9115595337 0.3958535100 -0.0000069415 2.7359651012 0.0003275225
0.4440000000 0.3958269875 -0.0000168390 1.0943857768 6.9120209810 0.3958269875 -0.0000066653 2.7359644421 0.0003254856
0.4460000000 0.3957970621 -0.0000161515 1.0943855247 6.9125419916 0.3957970621 -0.0000063927 2.7359638118 0.0003236646
0.4480000000 0.3957630613 -0.0000154725 1.0943852838 6.9131343390 0.3957630613 -0.0000061235 2.7359632095 0.0003219939
0.4500000000 0.3957241321 -0.0000148018 1.0943850539 6.9138129636 0.3957241321 -0.0000058574 2.7359626348 0.0003204485
0.4520000000 0.3956791796 -0.0000141388 1.0943848348 6.9145970475 0.3956791796 -0.0000055944 2.7359620871 0.0003190684
0.4540000000 0.3956267815 -0.0000134831 1.0943846263 6.9155115212 0.3956267815 -0.0000053343 2.7359615659 0.0003179403
0.4560000000 0.3955650663 -0.0000128344 1.0943844283 6.9165892130 0.3955650663 -0.0000050769 2.7359610707 0.0003171372
0.4580000000 0.3954915387 -0.0000121923 1.0943842404 6.9178739202 0.3954915387 -0.0000048220 2.7359606010 0.0003166718
0.4600000000 0.3954028304 -0.0000115565 1.0943840626 6.9194248158 0.3954028304 -0.0000045695 2.7359601566 0.0003164950
0.4620000000 0.3952943481 -0.0000109264 1.0943838947 6.9213226796 0.3952943481 -0.0000043192 2.7359597369 0.0003165453
0.4640000000 0.3951597908 -0.0000103019 1.0943837366 6.9236784848 0.3951597908 -0.0000040709 2.7359593416 0.0003167981
0.4660000000 0.3949905271 -0.0000096826 1.0943835881 6.9266445201 0.3949905271 -0.0000038245 2.7359589703 0.0003172896
0.4680000000 0.3947748804 -0.0000090681 1.0943834492 6.9304273373 0.3947748804 -0.0000035799 2.7359586229 0.0003180900
0.4700000000 0.3944974976 -0.0000084581 1.0943833196 6.9352995034 0.3944974976 -0.0000033367 2.7359582989 0.0003192651
0.4720000000 0.3941391901 -0.0000078523 1.0943831993 6.9416035420 0.3941391901 -0.0000030949 2.7359579981 0.0003208325
0.4740000000 0.3936779138 -0.0000072504 1.0943830881 6.9497363823 0.3936779138 -0.0000028543 2.7359577204 0.0003227463
0.4760000000 0.3930916925 -0.0000066520 1.0943829861 6.9600999404 0.3930916925 -0.0000026148 2.7359574653 0.0003248925
0.4780000000 0.3923640503 -0.0000060568 1.0943828932 6.9730069069 0.3923640503 -0.0000023765 2.7359572329 0.0003271068
0.4800000000 0.3914914757 -0.0000054646 1.0943828091 6.9885481361 0.3914914757 -0.0000021393 2.7359570229 0.0003292063
0.4820000000 0.3904908877 -0.0000048751 1.0943827340 7.0064550055 0.3904908877 -0.0000019037 2.7359568350 0.0003310499
0.4840000000 0.3894036153 -0.0000042879 1.0943826677 7.0260176378 0.3894036153 -0.0000016697 2.7359566691 0.0003325992
0.4860000000 0.3882926227 -0.0000037027 1.0943826100 7.0461202845 0.3882926227 -0.0000014377 2.7359565250 0.0003339637
0.4880000000 0.3872320071 -0.0000031193 1.0943825610 7.0654190577 0.3872320071 -0.0000012079 2.7359564024 0.0003353765
0.4900000000 0.3862916993 -0.0000025374 1.0943825204 7.0826173749 0.3862916993 -0.0000009802 2.7359563010 0.0003371306
0.4920000000 0.3855233165 -0.0000019567 1.0943824883 7.0967334615 0.3855233165 -0.0000007543 2.7359562207 0.0003394815
0.4940000000 0.3849530556 -0.0000013769 1.0943824645 7.1072462500 0.3849530556 -0.0000005300 2.7359561612 0.0003426022
0.4960000000 0.3845841190 -0.0000007977 1.0943824490 7.1140642245 0.3845841190 -0.0000003068 2.7359561224 0.0003465770
0.4980000000 0.3844064575 -0.0000002190 1.0943824417 7.1173520911 0.3844064575 -0.0000000842 2.7359561042 0.0003507940
0.5000000000 0.3844097485 0.0000003597 1.0943824427 7.1172911657 0.3844097485 0.0000001383 2.7359561067 0.0003501341
0.5020000000 0.3845967188 0.0000009385 1.0943824519 7.1138311792 0.3845967188 0.0000003610 2.7359561296 0.0003453548
0.5040000000 0.3849816091 0.0000015178 1.0943824693 7.1067191485 0.3849816091 0.0000005843 2.7359561732 0.0003415867
0.5060000000 0.3855750665 0.0000020978 1.0943824950 7.0957810171 0.3855750665 0.0000008088 2.7359562375 0.0003387343
0.5080000000 0.3863712871 0.0000026787 1.0943825291 7.0811584975 0.3863712871 0.0000010350 2.7359563227 0.0003366240
0.5100000000 0.3873390451 0.0000032609 1.0943825716 7.0634666552 0.3873390451 0.0000012631 2.7359564290 0.0003350009
0.5120000000 0.3884211260 0.0000038447 1.0943826226 7.0437892631 0.3884211260 0.0000014934 2.7359565566 0.0003335942
0.5140000000 0.3895435382 0.0000044303 1.0943826823 7.0234940058 0.3895435382 0.0000017258 2.7359567057 0.0003321599
0.5160000000 0.3906309766 0.0000050180 1.0943827507 7.0039424428 0.3906309766 0.0000019602 2.7359568767 0.0003305431
0.5180000000 0.3916220898 0.0000056082 1.0943828279 6.9862174306 0.3916220898 0.0000021963 2.7359570696 0.0003286881
0.5200000000 0.3924788839 0.0000062010 1.0943829139 6.9709668392 0.3924788839 0.0000024338 2.7359572848 0.0003266443
0.5220000000 0.3931880893 0.0000067968 1.0943830090 6.9583936968 0.3931880893 0.0000026724 2.7359575225 0.0003245262
0.5240000000 0.3937561282 0.0000073960 1.0943831131 6.9483560675 0.3937561282 0.0000029122 2.7359577827 0.0003224766
0.5260000000 0.3942012402 0.0000079988 1.0943832263 6.9405110551 0.3942012402 0.0000031531 2.7359580658 0.0003206214
0.5280000000 0.3945461200 0.0000086055 1.0943833488 6.9344450073 0.3945461200 0.0000033953 2.7359583720 0.0003190562
0.5300000000 0.3948128289 0.0000092165 1.0943834806 6.9297613988 0.3948128289 0.0000036388 2.7359587014 0.0003178381
0.5320000000 0.3950202142 0.0000098321 1.0943836217 6.9261241722 0.3950202142 0.0000038839 2.7359590544 0.0003169986
0.5340000000 0.3951831730 0.0000104526 1.0943837724 6.9232690506 0.3951831730 0.0000041307 2.7359594311 0.0003165335
0.5360000000 0.3953129425 0.0000110783 1.0943839328 6.9209973618 0.3953129425 0.0000043794 2.7359598320 0.0003164046
0.5380000000 0.3954177843 0.0000117096 1.0943841030 6.9191633919 0.3954177843 0.0000046302 2.7359602575 0.0003165421
0.5400000000 0.3955037096 0.0000123469 1.0943842831 6.9176613039 0.3955037096 0.0000048832 2.7359607077 0.0003168820
0.5420000000 0.3955750929 0.0000129904 1.0943844733 6.9164141832 0.3955750929 0.0000051387 2.7359611832 0.0003174027
0.5440000000 0.3956351402 0.0000136407 1.0943846738 6.9153657150 0.3956351402 0.0000053967 2.7359616844 0.0003181440
0.5460000000 0.3956862277 0.0000142980 1.0943848847 6.9144741984 0.3956862277 0.0000056575 2.7359622118 0.0003191712
0.5480000000 0.3957301394 0.0000149627 1.0943851062 6.9137083418 0.3957301394 0.0000059212 2.7359627657 0.0003205241
0.5500000000 0.3957682333 0.0000156353 1.0943853387 6.9130443440 0.3957682333 0.0000061879 2.7359633467 0.0003221758
0.5520000000 0.3958015567 0.0000163161 1.0943855821 6.9124638581 0.3958015567 0.0000064579 2.7359639554 0.0003240512
0.5540000000 0.3958309272 0.0000170055 1.0943858369 6.9119525648 0.3958309272 0.0000067313 2.7359645923 0.0003260716
0.5560000000 0.3958569908 0.0000177041 1.0943861032 6.9114991571 0.3958569908 0.0000070083 2.7359652580 0.0003282069
0.5580000000 0.3958802632 0.0000184123 1.0943863813 6.9110946109 0.3958802632 0.0000072891 2.7359659533 0.0003304880
0.5600000000 0.3959011602 0.0000191305 1.0943866714 6.9107316513 0.3959011602 0.0000075738 2.7359666787 0.0003329842
0.5620000000 0.3959200204 0.0000198592 1.0943869739 6.9104043597 0.3959200204 0.0000078626 2.7359674349 0.0003357527
0.5640000000 0.3959371216 0.0000205988 1.0943872891 6.9101078777 0.3959371216 0.0000081558 2.7359682228 0.0003388092
0.5660000000 0.3959526938 0.0000213500 1.0943876172 6.9098381852 0.3959526938 0.0000084536 2.7359690430 0.0003421284
0.5680000000 0.3959669290 0.0000221132 1.0943879585 6.9095919288 0.3959669290 0.0000087561 2.7359698964 0.0003456683
0.5700000000 0.3959799884 0.0000228890 1.0943883136 6.9093662911 0.3959799884 0.0000090636 2.7359707840 0.0003493890
0.5720000000 0.3959920087 0.0000236780 1.0943886826 6.9091588881 0.3959920087 0.0000093763 2.7359717066 0.0003532598
0.5740000000 0.3960031061 0.0000244808 1.0943890660 6.9089676896 0.3960031061 0.0000096945 2.7359726652 0.0003572696
0.5760000000 0.3960133804 0.0000252980 1.0943894643 6.9087909559 0.3960133804 0.0000100183 2.7359736608 0.0003614439
0.5780000000 0.3960229175 0.0000261302 1.0943898778 6.9086271877 0.3960229175 0.0000103481 2.7359746945 0.0003658429
0.5800000000 0.3960317919 0.0000269781 1.0943903069 6.9084750862 0.3960317919 0.0000106842 2.7359757675 0.0003705242
0.5820000000 0.3960400685 0.0000278423 1.0943907523 6.9083335202 0.3960400685 0.0000110267 2.7359768808 0.0003755009
0.5840000000 0.3960478043 0.0000287237 1.0943912143 6.9082015000 0.3960478043 0.0000113760 2.7359780358 0.0003807431
0.5860000000 0.3960550492 0.0000296231 1.0943916934 6.9080781559 0.3960550492 0.0000117324 2.7359792338 0.0003862184
0.5880000000 0.3960618473 0.0000305410 1.0943921904 6.9079627203 0.3960618473 0.0000120961 2.7359804762 0.0003919179
0.5900000000 0.3960682379 0.0000314786 1.0943927057 6.9078545133 0.3960682379 0.0000124677 2.7359817644 0.0003978379
0.5920000000 0.3960742557 0.0000324365 1.0943932400 6.9077529302 0.3960742557 0.0000128473 2.7359831001 0.0004039562
0.5940000000 0.3960799318 0.0000334157 1.0943937938 6.9076574318 0.3960799318 0.0000132353 2.7359844848 0.0004102523
0.5960000000 0.3960852943 0.0000344172 1.0943943680 6.9075675356 0.3960852943 0.0000136322 2.7359859204 0.0004167524
0.5980000000 0.3960903681 0.0000354420 1.0943949633 6.9074828083 0.3960903681 0.0000140382 2.7359874085 0.0004235277
0.6000000000 0.3960951759 0.0000364910 1.0943955803 6.9074028598 0.3960951759 0.0000144539 2.7359889511 0.0004306312
0.6020000000 0.3960997382 0.0000375655 1.0943962200 6.9073273380 0.3960997382 0.0000148797 2.7359905502 0.0004380511
0.6040000000 0.3961040735 0.0000386665 1.0943968831 6.9072559239 0.3961040735 0.0000153160 2.7359922080 0.0004457489
0.6060000000 0.3961081987 0.0000397953 1.0943975706 6.9071883282 0.3961081987 0.0000157632 2.7359939268 0.0004537361
0.6080000000 0.3961121293 0.0000409531 1.0943982834 6.9071242877 0.3961121293 0.0000162220 2.7359957089 0.0004620764
0.6100000000 0.3961158793 0.0000421414 1.0943990226 6.9070635630 0.3961158793 0.0000166929 2.7359975569 0.0004707955
0.6120000000 0.3961194618 0.0000433615 1.0943997893 6.9070059357 0.3961194618 0.0000171763 2.7359994736 0.0004798164
0.6140000000 0.3961228884 0.0000446150 1.0944005845 6.9069512063 0.3961228884 0.0000176730 2.7360014617 0.0004890290
0.6160000000 0.3961261701 0.0000459035 1.0944014096 6.9068991924 0.3961261701 0.0000181836 2.7360035244 0.0004984303
0.6180000000 0.3961293170 0.0000472285 1.0944022657 6.9068497267 0.3961293170 0.0000187086 2.7360056648 0.0005081550
0.6200000000 0.3961323383 0.0000485920 1.0944031543 6.9068026558 0.3961323383 0.0000192489 2.7360078863 0.0005183339
0.6220000000 0.3961352427 0.0000499958 1.0944040768 6.9067578385 0.3961352427 0.0000198051 2.7360101926 0.0005289389
0.6240000000 0.3961380381 0.0000514418 1.0944050348 6.9067151448 0.3961380381 0.0000203781 2.7360125875 0.0005398213
0.6260000000 0.3961407321 0.0000529323 1.0944060298 6.9066744552 0.3961407321 0.0000209686 2.7360150751 0.0005509254
0.6280000000 0.3961433315 0.0000544695 1.0944070637 6.9066356594 0.3961433315 0.0000215777 2.7360176598 0.0005624235
0.6300000000 0.3961458429 0.0000560557 1.0944081382 6.9065986555 0.3961458429 0.0000222062 2.7360203461 0.0005745728
0.6320000000 0.3961482724 0.0000576936 1.0944092554 6.9065633497 0.3961482724 0.0000228552 2.7360231392 0.0005874216
0.6340000000 0.3961506257 0.0000593859 1.0944104174 6.9065296551 0.3961506257 0.0000235258 2.7360260442 0.0006007092
0.6360000000 0.3961529082 0.0000611356 1.0944116265 6.9064974919 0.3961529082 0.0000242190 2.7360290671 0.0006141301
0.6380000000 0.3961551251 0.0000629458 1.0944128852 6.9064667858 0.3961551251 0.0000249363 2.7360322138 0.0006277120
0.6400000000 0.3961572813 0.0000648200 1.0944141960 6.9064374686 0.3961572813 0.0000256789 2.7360354908 0.0006418762
0.6420000000 0.3961593813 0.0000667616 1.0944155617 6.9064094769 0.3961593813 0.0000264482 2.7360389051 0.0006570444
0.6440000000 0.3961614296 0.0000687746 1.0944169853 6.9063827524 0.3961614296 0.0000272458 2.7360424642 0.0006731642
0.6460000000 0.3961634304 0.0000708632 1.0944184701 6.9063572417 0.3961634304 0.0000280734 2.7360461764 0.0006896871
0.6480000000 0.3961653879 0.0000730321 1.0944200197 6.9063328951 0.3961653879 0.0000289328 2.7360500503 0.0007061141
0.6500000000 0.3961673060 0.0000752861 1.0944216377 6.9063096674 0.3961673060 0.0000298259 2.7360540954 0.0007226094
0.6520000000 0.3961691886 0.0000776302 1.0944233282 6.9062875167 0.3961691886 0.0000307547 2.7360583216 0.0007400179
0.6540000000 0.3961710394 0.0000800701 1.0944250953 6.9062664047 0.3961710394 0.0000317215 2.7360627396 0.0007591554
0.6560000000 0.3961728620 0.0000826120 1.0944269440 6.9062462970 0.3961728620 0.0000327286 2.7360673615 0.0007799884
0.6580000000 0.3961746603 0.0000852627 1.0944288795 6.9062271625 0.3961746603 0.0000337789 2.7360722003 0.0008015423
0.6600000000 0.3961764379 0.0000880297 1.0944309076 6.9062089734 0.3961764379 0.0000348753 2.7360772705 0.0008227623
0.6620000000 0.3961781984 0.0000909208 1.0944330343 6.9061917048 0.3961781984 0.0000360208 2.7360825874 0.0008436281
0.6640000000 0.3961799454 0.0000939444 1.0944352662 6.9061753345 0.3961799454 0.0000372189 2.7360881672 0.0008654563
0.6660000000 0.3961816827 0.0000971098 1.0944376103 6.9061598434 0.3961816827 0.0000384731 2.7360940277 0.0008899481
0.6680000000 0.3961834140 0.0001004272 1.0944400747 6.9061452157 0.3961834140 0.0000397876 2.7361001888 0.0009176697
0.6700000000 0.3961851432 0.0001039084 1.0944426684 6.9061314392 0.3961851432 0.0000411669 2.7361066732 0.0009473014
0.6720000000 0.3961868746 0.0001075662 1.0944454015 6.9061185053 0.3961868746 0.0000426163 2.7361135060 0.0009764893
0.6740000000 0.3961886124 0.0001114149 1.0944482849 6.9061064081 0.3961886124 0.0000441413 2.7361207147 0.0010038188
0.6760000000 0.3961903609 0.0001154691 1.0944513301 6.9060951442 0.3961903609 0.0000457478 2.7361283278 0.0010303533
0.6780000000 0.3961921248 0.0001197448 1.0944545493 6.9060847130 0.3961921248 0.0000474420 2.7361363762 0.0010593128
0.6800000000 0.3961939087 0.0001242597 1.0944579566 6.9060751175 0.3961939087 0.0000492309 2.7361448944 0.0010938380
0.6820000000 0.3961957180 0.0001290345 1.0944615678 6.9060663661 0.3961957180 0.0000511229 2.7361539227 0.0011343840
0.6840000000 0.3961975588 0.0001340934 1.0944654018 6.9060584727 0.3961975588 0.0000531275 2.7361635080 0.0011778106
0.6860000000 0.3961994376 0.0001394638 1.0944694799 6.9060514572 0.3961994376 0.0000552555 2.7361737036 0.0012191656
0.6880000000 0.3962013615 0.0001451754 1.0944738252 6.9060453432 0.3962013615 0.0000575187 2.7361845673 0.0012552140
0.6900000000 0.3962033376 0.0001512593 1.0944784621 6.9060401570 0.3962033376 0.0000599294 2.7361961597 0.0012873487
0.6920000000 0.3962053736 0.0001577486 1.0944834161 6.9060359286 0.3962053736 0.0000625008 2.7362085451 0.0013216373
0.6940000000 0.3962074778 0.0001646802 1.0944887160 6.9060326936 0.3962074778 0.0000652475 2.7362217955 0.0013654793
0.6960000000 0.3962096602 0.0001720985 1.0944943965 6.9060304989 0.3962096602 0.0000681871 2.7362359971 0.0014226505
0.6980000000 0.3962119324 0.0001800579 1.0945004998 6.9060294058 0.3962119324 0.0000713411 2.7362512559 0.0014898567
0.7000000000 0.3962143085 0.0001886240 1.0945070771 6.9060294921 0.3962143085 0.0000747355 2.7362676997 0.0015573205
0.7020000000 0.3962168043 0.0001978711 1.0945141862 6.9060308485 0.3962168043 0.0000783999 2.7362854732 0.0016136876
0.7040000000 0.3962194365 0.0002078784 1.0945218888 6.9060335730 0.3962194365 0.0000823655 2.7363047305 0.0016529733
0.7060000000 0.3962222219 0.0002187263 1.0945302476 6.9060377661 0.3962222219 0.0000866642 2.7363256284 0.0016797129
0.7080000000 0.3962251780 0.0002304976 1.0945393270 6.9060435321 0.3962251780 0.0000913289 2.7363483281 0.0017088196
0.7100000000 0.3962283242 0.0002432854 1.0945491997 6.9060509904 0.3962283242 0.0000963966 2.7363730110 0.0017591473
0.7120000000 0.3962316848 0.0002572074 1.0945599573 6.9060602957 0.3962316848 0.0001019137 2.7363999064 0.0018434383
0.7140000000 0.3962352922 0.0002724216 1.0945717230 6.9060716598 0.3962352922 0.0001079431 2.7364293222 0.0019598913
0.7160000000 0.3962391890 0.0002891368 1.0945846594 6.9060853670 0.3962391890 0.0001145673 2.7364616650 0.0020900544
0.7180000000 0.3962434278 0.0003076114 1.0945989679 6.9061017718 0.3962434278 0.0001218890 2.7364974385 0.0022045572
0.7200000000 0.3962480679 0.0003281382 1.0946148767 6.9061212780 0.3962480679 0.0001300241 2.7365372132 0.0022746647
0.7220000000 0.3962531703 0.0003510170 1.0946326196 6.9061443000 0.3962531703 0.0001390916 2.7365815733 0.0022854595
0.7240000000 0.3962587912 0.0003765256 1.0946524129 6.9061712219 0.3962587912 0.0001492016 2.7366310605 0.0022456039
0.7260000000 0.3962649801 0.0004049071 1.0946744464 6.9062023795 0.3962649801 0.0001604505 2.7366861485 0.0021888678
0.7280000000 0.3962717840 0.0004363935 1.0946989008 6.9062380933 0.3962717840 0.0001729304 2.7367472898 0.0021649743
0.7300000000 0.3962792620 0.0004712765 1.0947260037 6.9062787679 0.3962792620 0.0001867571 2.7368150533 0.0022225087
0.7320000000 0.3962875074 0.0005100174 1.0947561146 6.9063250466 0.3962875074 0.0002021135 2.7368903381 0.0023917779
0.7340000000 0.3962966737 0.0005533761 1.0947898261 6.9063779928 0.3962966737 0.0002193011 2.7369746258 0.0026757194
0.7360000000 0.3963070014 0.0006025446 1.0948280673 6.9064392773 0.3963070014 0.0002387926 2.7370702401 0.0030516839
0.7380000000 0.3963188459 0.0006592851 1.0948722123 6.9065113735 0.3963188459 0.0002612871 2.7371806168 0.0034809488
0.7400000000 0.3963327097 0.0007260887 1.0949242033 6.9065977798 0.3963327097 0.0002877727 2.7373106126 0.0039204040
0.7420000000 0.3963492818 0.0008063731 1.0949867052 6.9067032980 0.3963492818 0.0003196054 2.7374668918 0.0043319753
0.7440000000 0.3963694893 0.0009047354 1.0950633032 6.9068343905 0.3963694893 0.0003586095 2.7376584202 0.0046878391
0.7460000000 0.3963945616 0.0010272718 1.0951587524 6.9069996297 0.3963945616 0.0004072050 2.7378970902 0.0049716109
0.7480000000 0.3964261088 0.0011819660 1.0952792816 6.9072102473 0.3964261088 0.0004685622 2.7381984809 0.0051768297
0.7500000000 0.3964662132 0.0013791409 1.0954329472 6.9074807729 0.3964662132 0.0005467828 2.7385827450 0.0053042471
0.7520000000 0.3965175306 0.0016319578 1.0956300254 6.9078297437 0.3965175306 0.0006470999 2.7390755916 0.0053590586
0.7540000000 0.3965833946 0.0019569329 1.0958834194 6.9082804404 0.3965833946 0.0007760871 2.7397093079 0.0053486759
0.7560000000 0.3966679163 0.0023744216 1.0962090446 6.9088615877 0.3966679163 0.0009418569 2.7405237296 0.0052812148
0.7580000000 0.3967760638 0.0029090072 1.0966261429 6.9096079273 0.3967760638 0.0011542244 2.7415670360 0.0051646222
0.7600000000 0.3969137080 0.0035897089 1.0971574622 6.9105605521 0.3969137080 0.0014248047 2.7428962127 0.0050062783
0.7620000000 0.3970876127 0.0044499177 1.0978292301 6.9117668727 0.3970876127 0.0017670072 2.7445770067 0.0048129032
0.7640000000 0.3973053549 0.0055269688 1.0986708534 6.9132800953 0.3973053549 0.0021958943 2.7466832019 0.0045906319
0.7660000000 0.3975751585 0.0068612824 1.0997142897 6.9151581124 0.3975751585 0.0027278754 2.7492950825 0.0043451621
0.7680000000 0.3979056369 0.0084950457 1.1009930692 6.9174617681 0.3979056369 0.0033802266 2.7524970305 0.0040819093
0.7700000000 0.3983054524 0.0104704750 1.1025409947 6.9202525437 0.3983054524 0.0041704473 2.7563743200 0.0038061291
0.7720000000 0.3987829132 0.0128277714 1.1043906019 6.9235898115 0.3987829132 0.0051154961 2.7610093150 0.0035229821
0.7740000000 0.3993455460 0.0156029595 1.1065715205 6.9275279017 0.3993455460 0.0062309724 2.7664774121 0.0032375273
0.7760000000 0.3999996894 0.0188258479 1.1091089141 6.9321133022 0.3999996894 0.0075303333 2.7728431677 0.0029546452
0.7780000000 0.4007501596 0.0225183645 1.1120221872 6.9373823232 0.4007501596 0.0090242381 2.7801570734 0.0026789003
0.7800000000 0.4016000280 0.0266934740 1.1153241186 6.9433595132 0.4016000280 0.0107200999 2.7884533748 0.0024143708
0.7820000000 0.4025505364 0.0313548052 1.1190205184 6.9500570021 0.4025505364 0.0126218937 2.7977491744 0.0021644774
0.7840000000 0.4036011542 0.0364969968 1.1231104218 6.9574747988 0.4036011542 0.0147302301 2.8080448590 0.0019318483
0.7860000000 0.4047497571 0.0421066663 1.1275867537 6.9656019308 0.4047497571 0.0170426629 2.8193256892 0.0017182475
0.7880000000 0.4059928957 0.0481638220 1.1324373353 6.9744181983 0.4059928957 0.0195541696 2.8315642399 0.0015245777
0.7900000000 0.4073261113 0.0546435073 1.1376460759 6.9838962709 0.4073261113 0.0222577273 2.8447233098 0.0013509557
0.7920000000 0.4087442598 0.0615174708 1.1431942015 6.9940038568 0.4087442598 0.0251449131 2.8587589296 0.0011968393
0.7940000000 0.4102418119 0.0687557054 1.1490613975 7.0047057327 0.4102418119 0.0282064652 2.8736231714 0.0010611843
0.7960000000 0.4118131092 0.0763277506 1.1552267862 7.0159654876 0.4118131092 0.0314327683 2.8892665616 0.0009426048
0.7980000000 0.4134525672 0.0842037136 1.1616697039 7.0277469160 0.4134525672 0.0348142415 2.9056400039 0.0008395207
0.8000000000 0.4151548227 0.0923550071 1.1683702711 7.0400150470 0.4151548227 0.0383416266 2.9226961983 0.0007502798
0.8020000000 0.4169148329 0.1007548336 1.1753097760 7.0527368446 0.4169148329 0.0420061846 2.9403906031 0.0006732494
0.8040000000 0.4187279332 0.1093784591 1.1824709015 7.0658816287 0.4187279332 0.0457998161 2.9586820104 0.0006068809
0.8060000000 0.4205898624 0.1182033248 1.1898378302 7.0794212792 0.4205898624 0.0497151201 2.9775328219 0.0005497486
0.8080000000 0.4224967658 0.1272090418 1.1973962605 7.0933302794 0.4224967658 0.0537454087 2.9969091021 0.0005005693
0.8100000000 0.4244451814 0.1363773069 1.2051333606 7.1075856501 0.4244451814 0.0578846908 3.0167804807 0.0004582081
0.8120000000 0.4264320167 0.1456917699 1.2130376854 7.1221668107 0.4264320167 0.0621276352 3.0371199560 0.0004216745
0.8140000000 0.4284545197 0.1551378749 1.2210990697 7.1370554028 0.4284545197 0.0664695237 3.0579036447 0.0003901124
0.8160000000 0.4305102483 0.1647026918 1.2293085139 7.1522350927 0.4305102483 0.0709061967 3.0791105055 0.0003627879
0.8180000000 0.4325970383 0.1743747481 1.2376580666 7.1676913721 0.4325970383 0.0754339996 3.1007220589 0.0003390750
0.8200000000 0.4347129737 0.1841438690 1.2461407127 7.1834113631 0.4347129737 0.0800497289 3.1227221150 0.0003184416
0.8220000000 0.4368563585 0.1940010282 1.2547502676 7.1993836367 0.4368563585 0.0847505827 3.1450965190 0.0003004373
0.8240000000 0.4390256909 0.2039382125 1.2634812811 7.2155980439 0.4390256909 0.0895341146 3.1678329163 0.0002846805
0.8260000000 0.4412196401 0.2139482997 1.2723289500 7.2320455658 0.4412196401 0.0943981918 3.1909205414 0.0002708488
0.8280000000 0.4434370257 0.2240249506 1.2812890408 7.2487181764 0.4434370257 0.0993409578 3.2143500285 0.0002586694
0.8300000000 0.4456767997 0.2341625132 1.2903578201 7.2656087236 0.4456767997 0.1043607995 3.2381132437 0.0002479115
0.8320000000 0.4479380298 0.2443559388 1.2995319946 7.2827108223 0.4479380298 0.1094563178 3.2622031371 0.0002383795
0.8340000000 0.4502198858 0.2546007085 1.3088086579 7.3000187625 0.4502198858 0.1146263019 3.2866136136 0.0002299073
0.8360000000 0.4525216272 0.2648927690 1.3181852437 7.3175274267 0.4525216272 0.1198697069 3.3113394185 0.0002223540
0.8380000000 0.4548425925 0.2752284770 1.3276594855 7.3352322198 0.4548425925 0.1251856340 3.3363760395 0.0002155992
0.8400000000 0.4571821896 0.2856045502 1.3372293812 7.3531290064 0.4571821896 0.1305733136 3.3617196192 0.0002095405
0.8420000000 0.4595398877 0.2960180254 1.3468931619 7.3712140573 0.4595398877 0.1360320902 3.3873668802 0.0002040900
0.8440000000 0.4619152106 0.3064662210 1.3566492656 7.3894840014 0.4619152106 0.1415614090 3.4133150590 0.0001991724
0.8460000000 0.4643077300 0.3169467050 1.3664963130 7.4079357856 0.4643077300 0.1471608051 3.4395618487 0.0001947230
0.8480000000 0.4667170602 0.3274572674 1.3764330877 7.4265666379 0.4667170602 0.1528298932 3.4661053489 0.0001906860
0.8500000000 0.4691428536 0.3379958948 1.3864585177 7.4453740364 0.4691428536 0.1585683586 3.4929440213 0.0001870132
0.8520000000 0.4715847961 0.3485607497 1.3965716599 7.4643556816 0.4715847961 0.1643759501 3.5200766519 0.0001836625
0.8540000000 0.4740426040 0.3591501511 1.4067716865 7.4835094720 0.4740426040 0.1702524728 3.5475023168 0.0001805985
0.8560000000 0.4765160204 0.3697625585 1.4170578727 7.5028334836 0.4765160204 0.1761977829 3.5752203532 0.0001777880
0.8580000000 0.4790048126 0.3803965566 1.4274295859 7.5223259499 0.4790048126 0.1822117813 3.6032303318 0.0001752060
0.8600000000 0.4815087696 0.3910508439 1.4378862772 7.5419852477 0.4815087696 0.1882944107 3.6315320370 0.0001728242
0.8620000000 0.4840276997 0.4017242188 1.4484274711 7.5618098787 0.4840276997 0.1944456496 3.6601254412 0.0001706282
0.8640000000 0.4865614291 0.4124155738 1.4590527619 7.5817984631 0.4865614291 0.2006655110 3.6890106957 0.0001685889
0.8660000000 0.4891097993 0.4231238807 1.4697618014 7.6019497182 0.4891097993 0.2069540364 3.7181881009 0.0001667054
0.8680000000 0.4916726669 0.4338481908 1.4805543013 7.6222624631 0.4916726669 0.2133112970 3.7476581133 0.0001649411
0.8700000000 0.4942499003 0.4445876167 1.4914300169 7.6427355885 0.4942499003 0.2197373852 3.7774213024 0.0001633138
0.8720000000 0.4968413813 0.4553413416 1.5023887578 7.6633680785 0.4968413813 0.2262324211 3.8074783817 0.0001617718
0.8740000000 0.4994470002 0.4661085932 1.5134303638 7.6841589633 0.4994470002 0.2327965386 3.8378301430 0.0001603548
0.8760000000 0.5020666598 0.4768886642 1.5245547260 7.7051073635 0.5020666598 0.2394298987 3.8684775173 0.0001589967
0.8780000000 0.5047002685 0.4876808786 1.5357617549 7.7262124254 0.5047002685 0.2461326704 3.8994214858 0.0001577486
0.8800000000 0.5073477462 0.4984846178 1.5470514076 7.7474733781 0.5073477462 0.2529050473 3.9306631568 0.0001565520
0.8820000000 0.5100090174 0.5092992911 1.5584236586 7.7688894730 0.5100090174 0.2597472311 3.9622036867 0.0001554284
0.8840000000 0.5126840142 0.5201243465 1.5698785118 7.7904600134 0.5126840142 0.2666594379 3.9940443123 0.0001543893
0.8860000000 0.5153726779 0.5309592766 1.5814160084 7.8121843615 0.5153726779 0.2736419043 4.0261863749 0.0001533388
0.8880000000 0.5180749466 0.5418035698 1.5930361752 7.8340618512 0.5180749466 0.2806948555 4.0586311753 0.0001524691
0.8900000000 0.5207907805 0.5526568082 1.6047391304 7.8560919763 0.5207907805 0.2878185705 4.0913802723 0.0001514378
0.8920000000 0.5235201176 0.5635184930 1.6165248965 7.8782740509 0.5235201176 0.2950132677 4.1244349574 0.0001507552
0.8940000000 0.5262629396 0.5743883050 1.6283936826 7.9006077278 0.5262629396 0.3022792779 4.1577970475 0.0001496963
0.8960000000 0.5290191787 0.5852657342 1.6403454826 7.9230922553 0.5290191787 0.3096167981 4.1914677577 0.0001492137
0.8980000000 0.5317888406 0.5961505664 1.6523806071 7.9457274681 0.5317888406 0.3170262185 4.2254491977 0.0001480910
0.9000000000 0.5345718470 0.6070422618 1.6644990022 7.9685125101 0.5345718470 0.3245077031 4.2597424504 0.0001478213
0.9020000000 0.5373682296 0.6179407180 1.6767010913 7.9914474232 0.5373682296 0.3320617096 4.2943499538 0.0001465926
0.9040000000 0.5401778947 0.6288453434 1.6889867479 8.0145311974 0.5401778947 0.3396883537 4.3292725894 0.0001465718
0.9060000000 0.5430009048 0.6397561659 1.7013565335 8.0377641348 0.5430009048 0.3473881769 4.3645131979 0.0001451650
0.9080000000 0.5458371416 0.6506725046 1.7138102063 8.0611449844 0.5458371416 0.3551612200 4.4000723359 0.0001454660
0.9100000000 0.5486867080 0.6615945557 1.7263485126 8.0846744066 0.5486867080 0.3630081388 4.4359533858 0.0001437796
0.9120000000 0.5515494483 0.6725214963 1.7389710338 8.1083507820 0.5515494483 0.3709288603 4.4721564006 0.0001444975
0.9140000000 0.5544255185 0.6834537396 1.7516787627 8.1321752606 0.5544255185 0.3789241940 4.5086854855 0.0001424177
0.9160000000 0.5573147105 0.6943902620 1.7644710322 8.1561457023 0.5573147105 0.3869939079 4.5455399810 0.0001436665
0.9180000000 0.5602172484 0.7053317530 1.7773491571 8.1802639104 0.5602172484 0.3951390139 4.5827249394 0.0001410423
0.9200000000 0.5631328523 0.7162769093 1.7903121248 8.2045270186 0.5631328523 0.4033590590 4.6202387020 0.0001430028
0.9220000000 0.5660618387 0.7272267906 1.8033616907 8.2289377281 0.5660618387 0.4116553342 4.6580876206 0.0001395985
0.9240000000 0.5690038230 0.7381796916 1.8164963446 8.2534921498 0.5690038230 0.4200270666 4.6962685866 0.0001425384
0.9260000000 0.5719592536 0.7491371811 1.8297184584 8.2781942011 0.5719592536 0.4284759429 4.7347897760 0.0001380445
0.9280000000 0.5749275931 0.7600969908 1.8430258208 8.3030386440 0.5749275931 0.4370007335 4.7736460232 0.0001423029
0.9300000000 0.5779094794 0.7710613754 1.8564216475 8.3280309170 0.5779094794 0.4456036780 4.8128480113 0.0001363152
0.9320000000 0.5809041491 0.7820272920 1.8699027551 8.3531641287 0.5809041491 0.4542828986 4.8523877002 0.0001423770
0.9340000000 0.5839125196 0.7929979357 1.8834735311 8.3784455887 0.5839125196 0.4630414226 4.8922792739 0.0001342976
0.9360000000 0.5869334983 0.8039691746 1.8971294157 8.4038662119 0.5869334983 0.4718764402 4.9325105953 0.0001428630
0.9380000000 0.5899683765 0.8149455123 1.9108764453 8.4294361966 0.5899683765 0.4807920808 4.9731007877 0.0001318777
0.9400000000 0.5930156892 0.8259213014 1.9247081265 8.4551421596 0.5930156892 0.4897842898 5.0140319553 0.0001438915
0.9420000000 0.5960770200 0.8369028454 1.9386327975 8.4810014402 0.5960770200 0.4988585541 5.0553300654 0.0001288485
0.9440000000 0.5991508406 0.8478823920 1.9526412318 8.5069883361 0.5991508406 0.5080094479 5.0969692124 0.0001457367
0.9460000000 0.6022383579 0.8588687604 1.9667450631 8.5331411113 0.6022383579 0.5172437119 5.1389848905 0.0001248494
0.9480000000 0.6053391319 0.8698512292 1.9809310847 8.5594003265 0.6053391319 0.5265549880 5.1813399635 0.0001488019
0.9500000000 0.6084523087 0.8808421670 1.9952157620 8.5858549763 0.6084523087 0.5359504501 5.2240832829 0.0001193383
0.9520000000 0.6115806086 0.8918266536 2.0095799830 8.6123753163 0.6115806086 0.5454238876 5.2671617378 0.0001537242
0.9540000000 0.6147190645 0.9028221173 2.0240474315 8.6391392142 0.6147190645 0.5549819674 5.3106435761 0.0001114713
0.9560000000 0.6178749013 0.9138075966 2.0385900919 8.6659155156 0.6178749013 0.5646187786 5.3544516943 0.0001613290
0.9580000000 0.6210391349 0.9248078556 2.0532424738 8.6929853814 0.6210391349 0.5743418707 5.3986841214 0.0001002842
0.9600000000 0.6242215048 0.9357931813 2.0679633282 8.7200239592 0.6242215048 0.5841422278 5.4432264773 0.0001724220
0.9620000000 0.6274125958 0.9467990067 2.0828029453 8.7473898699 0.6274125958 0.5940336225 5.4882225850 0.0000843768
0.9640000000 0.6306204719 0.9577829843 2.0977008241 8.7746934944 0.6306204719 0.6039975575 5.5335013519 0.0001880158
0.9660000000 0.6338386149 0.9687961339 2.1127298502 8.8023578326 0.6338386149 0.6140603996 5.5792742962 0.0000614699
0.9680000000 0.6370715470 0.9797778263 2.1278017297 8.8299146520 0.6370715470 0.6241885755 5.6252873870 0.0002101667
0.9700000000 0.6403165208 0.9908015379 2.1430220553 8.8578857115 0.6403165208 0.6344265936 5.6718505606 0.0000293930
0.9720000000 0.6435731253 1.0017797653 2.1582629107 8.8856884215 0.6435731253 0.6447185344 5.7185902678 0.0002440769
0.9740000000 0.6468459432 1.0128178041 2.1736783284 8.9139665097 0.6468459432 0.6551370877 5.7659630743 0.0000128329
0.9760000000 0.6501247859 1.0237883792 2.1890841014 8.9420094972 0.6501247859 0.6655902008 5.8134220100 0.0002969443
0.9780000000 0.6534273027 1.0348426604 2.2047049211 8.9706073026 0.6534273027 0.6761944484 5.8616397336 0.0000700112
0.9800000000 0.6567281711 1.0457960597 2.2202742580 8.9988738488 0.6567281711 0.6868037336 5.9098139643 0.0003728586
0.9820000000 0.6600635695 1.0568686887 2.2361170674 9.0278103763 0.6600635695 0.6976005191 5.9589287414 0.0001574700
0.9840000000 0.6633845256 1.0677937789 2.2518431478 9.0562828954 0.6633845256 0.7083578695 6.0077979326 0.0004769671
0.9860000000 0.6667560388 1.0788947720 2.2679235852 9.0855804356 0.6667560388 0.7193596045 6.0578656212 0.0002916483
0.9880000000 0.6700925221 1.0897809248 2.2837856569 9.1142228970 0.6700925221 0.7302540485 6.1073726084 0.0006351868
0.9900000000 0.6735044175 1.1009280696 2.3001257257 9.1439227151 0.6735044175 0.7414799182 6.1584723418 0.0004906674
0.9920000000 0.6768498319 1.1117543088 2.3160944912 9.1726825272 0.6768498319 0.7524907170 6.2085286264 0.0008843531
0.9940000000 0.6803111859 1.1229730200 2.3327374810 9.2028520219 0.6803111859 0.7639711070 6.2608031731 0.0008140684
0.9960000000 0.6836517162 1.1336943993 2.3487488198 9.2316131514 0.6836517162 0.7750521217 6.3112081743 0.0023801249
0.9980000000 0.6873538932 1.1456017815 2.3666297005 9.2639572157 0.6873538932 0.7874338446 6.3676170590 0.0429539666
1.0000000000 0.6873538932 1.1456017815 2.3666297005 9.2639572157 0.6873538932 0.7874338446 6.3676170590 0.0000000000
