TITLE = "1D Euler Filtered MacCormack Result"
VARIABLES = "x", "rho", "u", "p", "E", "rho_conserved", "rhou", "rhoE", "nu"
ZONE T="t=0.16000000", I=501, F=POINT
0.0000000000 0.4449991788 0.6980061478 3.5279908857 20.0638163805 0.4449991788 0.3106121626 8.9283818137 0.0000000000
0.0020000000 0.4449991788 0.6980061478 3.5279908857 20.0638163805 0.4449991788 0.3106121626 8.9283818137 0.0184941540
0.0040000000 0.4449988417 0.6980086721 3.5279871432 20.0638121353 0.4449988417 0.3106130506 8.9283731595 0.0051408420
0.0060000000 0.4449983030 0.6980127046 3.5279811649 20.0638053540 0.4449983030 0.3106144690 8.9283593350 0.0035308199
0.0080000000 0.4449975728 0.6980181719 3.5279730594 20.0637961599 0.4449975728 0.3106163922 8.9283405918 0.0038170267
0.0100000000 0.4449965663 0.6980257071 3.5279618882 20.0637834881 0.4449965663 0.3106190428 8.9283147590 0.0037788052
0.0120000000 0.4449951923 0.6980359938 3.5279466378 20.0637661895 0.4449951923 0.3106226613 8.9282794936 0.0037480048
0.0140000000 0.4449933297 0.6980499388 3.5279259640 20.0637427390 0.4449933297 0.3106275666 8.9282316870 0.0037060768
0.0160000000 0.4449908213 0.6980687186 3.5278981227 20.0637111587 0.4449908213 0.3106341724 8.9281673062 0.0036552738
0.0180000000 0.4449874648 0.6980938481 3.5278608682 20.0636689012 0.4449874648 0.3106430116 8.9280811582 0.0035978143
0.0200000000 0.4449830015 0.6981272641 3.5278113294 20.0636127104 0.4449830015 0.3106547654 8.9279666042 0.0035349420
0.0220000000 0.4449771032 0.6981714235 3.5277458644 20.0635384560 0.4449771032 0.3106702976 8.9278152230 0.0034675935
0.0240000000 0.4449693572 0.6982294180 3.5276598911 20.0634409415 0.4449693572 0.3106906953 8.9276164194 0.0033964126
0.0260000000 0.4449592483 0.6983051047 3.5275476927 20.0633136845 0.4449592483 0.3107173145 8.9273569751 0.0033218438
0.0280000000 0.4449461395 0.6984032539 3.5274022004 20.0631486702 0.4449461395 0.3107518316 8.9270205462 0.0032441887
0.0300000000 0.4449292504 0.6985297100 3.5272147546 20.0629360816 0.4449292504 0.3107963002 8.9265871111 0.0031636490
0.0320000000 0.4449076343 0.6986915642 3.5269748504 20.0626640121 0.4449076343 0.3108532110 8.9260323841 0.0030803581
0.0340000000 0.4448801546 0.6988973324 3.5266698762 20.0623181705 0.4448801546 0.3109255533 8.9253272103 0.0029944057
0.0360000000 0.4448454613 0.6991571301 3.5262848553 20.0618815913 0.4448454613 0.3110168761 8.9244369716 0.0029058562
0.0380000000 0.4448019695 0.6994828365 3.5258022083 20.0613343683 0.4448019695 0.3111313433 8.9233210379 0.0028147646
0.0400000000 0.4447478413 0.6998882321 3.5252015527 20.0606534336 0.4447478413 0.3112737804 8.9219323097 0.0027211885
0.0420000000 0.4446809731 0.7003890971 3.5244595652 20.0598124086 0.4446809731 0.3114497052 8.9202169020 0.0026251997
0.0440000000 0.4445989906 0.7010032528 3.5235499294 20.0587815542 0.4445989906 0.3116653386 8.9181140315 0.0025268932
0.0460000000 0.4444992538 0.7017505297 3.5224433958 20.0575278533 0.4444992538 0.3119275868 8.9155561641 0.0024263956
0.0480000000 0.4443788744 0.7026526452 3.5211079797 20.0560152507 0.4443788744 0.3122439916 8.9124694826 0.0023238726
0.0500000000 0.4442347472 0.7037329767 3.5195093168 20.0542050768 0.4442347472 0.3126226410 8.9087747228 0.0022195347
0.0520000000 0.4440635968 0.7050162222 3.5176111902 20.0520566699 0.4440635968 0.3130720394 8.9043884087 0.0021136418
0.0540000000 0.4438620403 0.7065279440 3.5153762331 20.0495281997 0.4438620403 0.3136009348 8.8992244947 0.0020065063
0.0560000000 0.4436266645 0.7082940038 3.5127667965 20.0465776809 0.4436266645 0.3142181064 8.8931963917 0.0018984942
0.0580000000 0.4433541157 0.7103399032 3.5097459561 20.0431641452 0.4433541157 0.3149321197 8.8862193159 0.0017900236
0.0600000000 0.4430411987 0.7126900567 3.5062786185 20.0392489248 0.4430411987 0.3157510571 8.8782128657 0.0016815615
0.0620000000 0.4426849797 0.7153670330 3.5023326708 20.0347969805 0.4426849797 0.3166822405 8.8691036944 0.0015736177
0.0640000000 0.4422828869 0.7183908078 3.4978801059 20.0297781959 0.4422828869 0.3177319604 8.8588281247 0.0014667368
0.0660000000 0.4418328037 0.7217780735 3.4928980532 20.0241685544 0.4418328037 0.3189052298 8.8473345343 0.0013614867
0.0680000000 0.4413331462 0.7255416542 3.4873696413 20.0179511149 0.4413331462 0.3202055810 8.8345853467 0.0012584464
0.0700000000 0.4407829213 0.7296900658 3.4812846322 20.0111167136 0.4407829213 0.3216349188 8.8205584829 0.0011581913
0.0720000000 0.4401817594 0.7342272524 3.4746397787 20.0036643401 0.4401817594 0.3231934438 8.8052481639 0.0010612779
0.0740000000 0.4395299214 0.7391525189 3.4674388804 19.9956011579 0.4395299214 0.3248796486 8.7886650062 0.0009682279
0.0760000000 0.4388282777 0.7444606600 3.4596925355 19.9869421709 0.4388282777 0.3266903893 8.7708354101 0.0008795125
0.0780000000 0.4380782624 0.7501422751 3.4514176129 19.9777095655 0.4380782624 0.3286210244 8.7518002937 0.0007955388
0.0800000000 0.4372818065 0.7561842404 3.4426364877 19.9679317819 0.4372818065 0.3306656107 8.7316132811 0.0007166369
0.0820000000 0.4364412548 0.7625703011 3.4333761012 19.9576423885 0.4364412548 0.3328171391 8.7103384861 0.0006430517
0.0840000000 0.4355592735 0.7692817396 3.4236669151 19.9468788408 0.4355592735 0.3350677956 8.6880480562 0.0005749358
0.0860000000 0.4346387540 0.7762980739 3.4135418302 19.9356812100 0.4346387540 0.3374092276 8.6648196423 0.0005123484
0.0880000000 0.4336827194 0.7835977431 3.4030351364 19.9240909571 0.4336827194 0.3398328002 8.6407339485 0.0004552572
0.0900000000 0.4326942379 0.7911587439 3.3921815478 19.9121498154 0.4326942379 0.3423298297 8.6158724885 0.0004035436
0.0920000000 0.4316763475 0.7989591898 3.3810153640 19.8998988273 0.4316763475 0.3448917848 8.5903156405 0.0003570130
0.0940000000 0.4306319942 0.8069777770 3.3695697815 19.8873775620 0.4306319942 0.3475104494 8.5641410587 0.0003154060
0.0960000000 0.4295639839 0.8151941469 3.3578763651 19.8746235230 0.4295639839 0.3501780454 8.5374224593 0.0002784127
0.0980000000 0.4284749483 0.8235891488 3.3459646757 19.8616717387 0.4284749483 0.3528873180 8.5102287723 0.0002456876
0.1000000000 0.4273673238 0.8321450078 3.3338620411 19.8485545205 0.4273673238 0.3556315850 8.4826236268 0.0002168637
0.1020000000 0.4262433409 0.8408454117 3.3215934491 19.8353013610 0.4262433409 0.3584047575 8.4546651207 0.0001915665
0.1040000000 0.4251050235 0.8496755307 3.3091815410 19.8219389470 0.4251050235 0.3612013364 8.4264058211 0.0001694257
0.1060000000 0.4239541937 0.8586219854 3.2966466801 19.8084912568 0.4239541937 0.3640163915 8.3978929387 0.0001500847
0.1080000000 0.4227924829 0.8676727775 3.2840070741 19.7949797173 0.4227924829 0.3668455280 8.3691686244 0.0001332079
0.1100000000 0.4216213452 0.8768171959 3.2712789314 19.7814233976 0.4216213452 0.3696848457 8.3402703434 0.0001184858
0.1120000000 0.4204420724 0.8860457093 3.2584766353 19.7678392209 0.4204420724 0.3725308942 8.3112312883 0.0001056373
0.1140000000 0.4192558099 0.8953498530 3.2456129240 19.7542421806 0.4192558099 0.3753806278 8.2820808051 0.0000944112
0.1160000000 0.4180635728 0.9047221165 3.2326990684 19.7406455517 0.4180635728 0.3782313605 8.2528448094 0.0000845856
0.1180000000 0.4168662602 0.9141558362 3.2197450390 19.7270610892 0.4168662602 0.3810807247 8.2235461818 0.0000759660
0.1200000000 0.4156646693 0.9236450947 3.2067596622 19.7134992110 0.4156646693 0.3839266329 8.1942051312 0.0000683839
0.1220000000 0.4144595079 0.9331846300 3.1937507609 19.6999691636 0.4144595079 0.3867672425 8.1648395252 0.0000616934
0.1240000000 0.4132514055 0.9427697531 3.1807252804 19.6864791693 0.4132514055 0.3896009255 8.1354651851 0.0000557697
0.1260000000 0.4120409233 0.9523962755 3.1676894004 19.6730365562 0.4120409233 0.3924262407 8.1060961460 0.0000505053
0.1280000000 0.4108285631 0.9620604445 3.1546486329 19.6596478722 0.4108285631 0.3952419100 8.0767448861 0.0000458084
0.1300000000 0.4096147748 0.9717588870 3.1416079080 19.6463189846 0.4096147748 0.3980467977 8.0474225266 0.0000416006
0.1320000000 0.4083999631 0.9814885609 3.1285716484 19.6330551663 0.4083999631 0.4008398920 8.0181390054 0.0000378143
0.1340000000 0.4071844933 0.9912467111 3.1155438347 19.6198611707 0.4071844933 0.4036202898 7.9889032290 0.0000343918
0.1360000000 0.4059686963 1.0010308331 3.1025280617 19.6067412975 0.4059686963 0.4063871823 7.9597232041 0.0000312831
0.1380000000 0.4047528734 1.0108386392 3.0895275884 19.5936994484 0.4047528734 0.4091398438 7.9306061523 0.0000284449
0.1400000000 0.4035372996 1.0206680304 3.0765453805 19.5807391773 0.4035372996 0.4118776208 7.9015586111 0.0000258396
0.1420000000 0.4023222273 1.0305170708 3.0635841488 19.5678637330 0.4023222273 0.4145999232 7.8725865212 0.0000234342
0.1440000000 0.4011078896 1.0403839648 3.0506463827 19.5550760971 0.4011078896 0.4173062165 7.8436953048 0.0000211993
0.1460000000 0.3998945025 1.0502670370 3.0377343797 19.5423790174 0.3998945025 0.4199960142 7.8148899340 0.0000191088
0.1480000000 0.3986822674 1.0601647143 3.0248502723 19.5297750375 0.3986822674 0.4226688721 7.7861749928 0.0000171390
0.1500000000 0.3974713735 1.0700755086 3.0119960521 19.5172665232 0.3974713735 0.4253243822 7.7575547325 0.0000152683
0.1520000000 0.3962619999 1.0799980019 2.9991735918 19.5048556865 0.3962619999 0.4279621681 7.7290331226 0.0000134764
0.1540000000 0.3950543170 1.0899308314 2.9863846656 19.4925446071 0.3950543170 0.4305818802 7.7006138973 0.0000117442
0.1560000000 0.3938484888 1.0998726758 2.9736309688 19.4803352526 0.3938484888 0.4331831912 7.6723005997 0.0000100530
0.1580000000 0.3926446740 1.1098222416 2.9609141357 19.4682294969 0.3926446740 0.4357657922 7.6440966233 0.0000083846
0.1600000000 0.3914430283 1.1197782497 2.9482357580 19.4562291381 0.3914430283 0.4383293891 7.6160052529 0.0000067205
0.1620000000 0.3902437058 1.1297394216 2.9355974023 19.4443359151 0.3902437058 0.4408736985 7.5880297043 0.0000050417
0.1640000000 0.3890468606 1.1397044654 2.9230006284 19.4325515248 0.3890468606 0.4433984443 7.5601731646 0.0000033281
0.1660000000 0.3878526488 1.1496720605 2.9104470079 19.4208776382 0.3878526488 0.4459033539 7.5324388337 0.0000015586
0.1680000000 0.3866612301 1.1596408421 2.8979381435 19.4093159168 0.3866612301 0.4483881544 7.5048299673 0.0000002870
0.1700000000 0.3854727695 1.1696093861 2.8854756861 19.3978680358 0.3854727695 0.4508525692 7.4773499136 0.0000021963
0.1720000000 0.3842874362 1.1795762195 2.8730613218 19.3865356578 0.3842874362 0.4532963212 7.4500020848 0.0000041672
0.1740000000 0.3831054034 1.1895398228 2.8606967679 19.3753204264 0.3831054034 0.4557191337 7.4227899486 0.0000062201
0.1760000000 0.3819268499 1.1994986141 2.8483837913 19.3642239848 0.3819268499 0.4581207271 7.3957170669 0.0000083763
0.1780000000 0.3807519616 1.2094509344 2.8361242256 19.3532479891 0.3807519616 0.4605008157 7.3687871351 0.0000106591
0.1800000000 0.3795809338 1.2193950303 2.8239199908 19.3423941228 0.3795809338 0.4628591043 7.3420040227 0.0000130936
0.1820000000 0.3784139729 1.2293290359 2.8117731132 19.3316641103 0.3784139729 0.4651952844 7.3153718182 0.0000157079
0.1840000000 0.3772512987 1.2392509526 2.7996857481 19.3210597329 0.3772512987 0.4675090313 7.2888948763 0.0000185335
0.1860000000 0.3760931469 1.2491586271 2.7876602038 19.3105828445 0.3760931469 0.4697999990 7.2625778704 0.0000216062
0.1880000000 0.3749397717 1.2590497259 2.7756989693 19.3002353895 0.3749397717 0.4720678168 7.2364258509 0.0000249671
0.1900000000 0.3737914490 1.2689217067 2.7638047449 19.2900194226 0.3737914490 0.4743120834 7.2104443114 0.0000286638
0.1920000000 0.3726484798 1.2787717861 2.7519804772 19.2799371305 0.3726484798 0.4765323621 7.1846392628 0.0000327517
0.1940000000 0.3715111944 1.2885969010 2.7402293998 19.2699908573 0.3715111944 0.4787281738 7.1590173201 0.0000372965
0.1960000000 0.3703799570 1.2983936656 2.7285550801 19.2601831334 0.3703799570 0.4808989901 7.1335858015 0.0000423755
0.1980000000 0.3692551713 1.3081583190 2.7169614738 19.2505167088 0.3692551713 0.4830442242 7.1083528447 0.0000480815
0.2000000000 0.3681372868 1.3178866654 2.7054529895 19.2409945924 0.3681372868 0.4851632212 7.0833275437 0.0000545255
0.2020000000 0.3670268065 1.3275740025 2.6940345638 19.2316200983 0.3670268065 0.4872552465 7.0585201084 0.0000618415
0.2040000000 0.3659242961 1.3372150372 2.6827117512 19.2223968995 0.3659242961 0.4893194713 7.0339420555 0.0000701917
0.2060000000 0.3648303945 1.3468037852 2.6714908301 19.2133290924 0.3648303945 0.4913549563 7.0096064327 0.0000797739
0.2080000000 0.3637458264 1.3563334524 2.6603789284 19.2044212729 0.3637458264 0.4933606325 6.9855280861 0.0000908295
0.2100000000 0.3626714175 1.3657962928 2.6493841735 19.1956786256 0.3626714175 0.4953352775 6.9617239765 0.0001036544
0.2120000000 0.3616081124 1.3751834416 2.6385158684 19.1871070307 0.3616081124 0.4972774885 6.9382135550 0.0001186120
0.2140000000 0.3605569955 1.3844847168 2.6277847013 19.1787131876 0.3605569955 0.4991856498 6.9150192047 0.0001361493
0.2160000000 0.3595193160 1.3936883868 2.6172029895 19.1705047606 0.3595193160 0.5010578955 6.8921667588 0.0001568162
0.2180000000 0.3584965161 1.4027809003 2.6067849633 19.1624905447 0.3584965161 0.5028920656 6.8696861005 0.0001812884
0.2200000000 0.3574902641 1.4117465784 2.5965470886 19.1546806539 0.3574902641 0.5046856572 6.8476118462 0.0002103926
0.2220000000 0.3565024905 1.4205672696 2.5865084260 19.1470867265 0.3565024905 0.5064357696 6.8259841042 0.0002451351
0.2240000000 0.3555354271 1.4292219800 2.5766910153 19.1397221408 0.3555354271 0.5081390471 6.8048492857 0.0002867294
0.2260000000 0.3545916462 1.4376864968 2.5671202616 19.1326022232 0.3545916462 0.5097916217 6.7842609193 0.0003366194
0.2280000000 0.3536740967 1.4459330442 2.5578252842 19.1257444239 0.3536740967 0.5113890633 6.7642803830 0.0003964926
0.2300000000 0.3527861291 1.4539300292 2.5488391634 19.1191684179 0.3527861291 0.5129263470 6.7449774178 0.0004682739
0.2320000000 0.3519315022 1.4616419658 2.5401989921 19.1128960705 0.3519315022 0.5143978526 6.7264302246 0.0005540898
0.2340000000 0.3511143569 1.4690296936 2.5319456084 19.1069511945 0.3511143569 0.5157974161 6.7087248811 0.0006561945
0.2360000000 0.3503391444 1.4760510285 2.5241228635 19.1013590086 0.3503391444 0.5171184544 6.6919537721 0.0007768560
0.2380000000 0.3496104922 1.4826619849 2.5167762818 19.0961452177 0.3496104922 0.5183541862 6.6762127279 0.0009182123
0.2400000000 0.3489329995 1.4888186641 2.5099510154 19.0913346669 0.3489329995 0.5194979621 6.6615966694 0.0010821297
0.2420000000 0.3483109622 1.4944798109 2.5036891002 19.0869495892 0.3483109622 0.5205437009 6.6481937763 0.0012701121
0.2440000000 0.3477480431 1.4996098873 2.4980261823 19.0830075688 0.3477480431 0.5214864038 6.6360785394 0.0014833269
0.2460000000 0.3472469243 1.5041823369 2.4929880656 19.0795194511 0.3472469243 0.5223226901 6.6253044463 0.0017228015
0.2480000000 0.3468089896 1.5081825746 2.4885875798 19.0764875115 0.3468089896 0.5230512748 6.6158973587 0.0019898352
0.2500000000 0.3464340943 1.5116101874 2.4848223103 19.0739042072 0.3464340943 0.5236733061 6.6078507280 0.0022866537
0.2520000000 0.3461204646 1.5144799223 2.4816736309 19.0717517649 0.3461204646 0.5241924943 6.6011235812 0.0026173664
0.2540000000 0.3458647508 1.5168212461 2.4791072577 19.0700027126 0.3458647508 0.5246150022 6.5956417350 0.0029893840
0.2560000000 0.3456622268 1.5186765264 2.4770752614 19.0686212942 0.3456622268 0.5249491099 6.5913020988 0.0034156804
0.2580000000 0.3455071056 1.5200981280 2.4755192165 19.0675655538 0.3455071056 0.5252047044 6.5879793853 0.0039187605
0.2600000000 0.3453929196 1.5211448844 2.4743740008 19.0667897836 0.3453929196 0.5253926727 6.5855341901 0.0045383197
0.2620000000 0.3453129128 1.5218784543 2.4735716993 19.0662470032 0.3453129128 0.5255242820 6.5838212892 0.0053476278
0.2640000000 0.3452603947 1.5223600293 2.4730451228 19.0658911695 0.3452603947 0.5256106245 6.5826971098 0.0064928839
0.2660000000 0.3452290166 1.5226477488 2.4727305606 19.0656788870 0.3452290166 0.5256621849 6.5820255727 0.0083012927
0.2680000000 0.3452129444 1.5227950867 2.4725694876 19.0655704437 0.3452129444 0.5256885755 6.5816817091 0.0116687697
0.2700000000 0.3452069238 1.5228502240 2.4725092093 19.0655301626 0.3452069238 0.5256984412 6.5815530177 0.0206909290
0.2720000000 0.3452063189 1.5228556819 2.4725032378 19.0655266033 0.3452063189 0.5256994042 6.5815402568 0.0250996510
0.2740000000 0.3452093851 1.5228274642 2.4725340781 19.0655479367 0.3452093851 0.5256943325 6.5816060790 0.0127119355
0.2760000000 0.3452184705 1.5227440309 2.4726252783 19.0656100897 0.3452184705 0.5256793653 6.5818007537 0.0082580832
0.2780000000 0.3452361084 1.5225821485 2.4728022437 19.0657302581 0.3452361084 0.5256503357 6.5821785181 0.0058722638
0.2800000000 0.3452641206 1.5223251170 2.4730832487 19.0659208390 0.3452641206 0.5256042428 6.5827783920 0.0042995686
0.2820000000 0.3453033066 1.5219656230 2.4734763210 19.0661873281 0.3453033066 0.5255397621 6.5836175283 0.0031124597
0.2840000000 0.3453532103 1.5215078769 2.4739769017 19.0665267291 0.3453532103 0.5254576298 6.5846862157 0.0020920083
0.2860000000 0.3454118858 1.5209697579 2.4745654890 19.0669259362 0.3454118858 0.5253610323 6.5859428436 0.0010852021
0.2880000000 0.3454756772 1.5203848159 2.4752054286 19.0673601956 0.3454756772 0.5252559738 6.5873091751 0.0001114874
0.2900000000 0.3455388732 1.5198054187 2.4758394423 19.0677907250 0.3455388732 0.5251518518 6.5886629206 0.0015269149
0.2920000000 0.3455949725 1.5192911440 2.4764023108 19.0681732542 0.3455949725 0.5250593811 6.5898648108 0.0024740446
0.2940000000 0.3456412471 1.5188669650 2.4768666517 19.0684890965 0.3456412471 0.5249830720 6.5908563519 0.0028023556
0.2960000000 0.3456784572 1.5185258881 2.4772400753 19.0687433234 0.3456784572 0.5249216863 6.5916537732 0.0027896330
0.2980000000 0.3457084092 1.5182513404 2.4775406943 19.0689481722 0.3457084092 0.5248722557 6.5922957386 0.0026152054
0.3000000000 0.3457328497 1.5180273061 2.4777860250 19.0691155043 0.3457328497 0.5248319065 6.5928196451 0.0023592163
0.3020000000 0.3457531950 1.5178408008 2.4779902742 19.0692549510 0.3457531950 0.5247983064 6.5932558263 0.0020686958
0.3040000000 0.3457705188 1.5176819833 2.4781642118 19.0693738192 0.3457705188 0.5247696868 6.5936272791 0.0017845744
0.3060000000 0.3457855992 1.5175437226 2.4783156434 19.0694774070 0.3457855992 0.5247447654 6.5939506708 0.0015464459
0.3080000000 0.3457989712 1.5174211140 2.4784499377 19.0695693599 0.3457989712 0.5247226601 6.5942374660 0.0013856138
0.3100000000 0.3458109767 1.5173110257 2.4785705231 19.0696520055 0.3458109767 0.5247028078 6.5944949854 0.0013133274
0.3120000000 0.3458218150 1.5172116308 2.4786793991 19.0697267013 0.3458218150 0.5246848799 6.5947274989 0.0013135031
0.3140000000 0.3458315984 1.5171218996 2.4787776926 19.0697942115 0.3458315984 0.5246686914 6.5949374124 0.0013489207
0.3160000000 0.3458404043 1.5170411214 2.4788661809 19.0698550630 0.3458404043 0.5246541148 6.5951263856 0.0013798915
0.3180000000 0.3458483108 1.5169685828 2.4789456448 19.0699097857 0.3458483108 0.5246410219 6.5952960858 0.0013823939
0.3200000000 0.3458554075 1.5169034599 2.4790169864 19.0699589920 0.3458554075 0.5246292643 6.5954484390 0.0013540515
0.3220000000 0.3458617911 1.5168448689 2.4790811729 19.0700033397 0.3458617911 0.5246186832 6.5955855112 0.0013082193
0.3240000000 0.3458675531 1.5167919701 2.4791391244 19.0700434542 0.3458675531 0.5246091272 6.5957092668 0.0012633131
0.3260000000 0.3458727717 1.5167440469 2.4791916253 19.0700798689 0.3458727717 0.5246004675 6.5958213813 0.0012332793
0.3280000000 0.3458775087 1.5167005339 2.4792392950 19.0701130051 0.3458775087 0.5245926021 6.5959231774 0.0012223222
0.3300000000 0.3458818116 1.5166609958 2.4792826101 19.0701431872 0.3458818116 0.5245854528 6.5960156729 0.0012252197
0.3320000000 0.3458857186 1.5166250820 2.4793219546 19.0701706764 0.3458857186 0.5245789563 6.5960996879 0.0012323060
0.3340000000 0.3458892635 1.5165924826 2.4793576679 19.0701957036 0.3458892635 0.5245730569 6.5961759472 0.0012356908
0.3360000000 0.3458924785 1.5165629037 2.4793900719 19.0702184879 0.3458924785 0.5245677016 6.5962451382 0.0012328614
0.3380000000 0.3458953942 1.5165360637 2.4794194752 19.0702392396 0.3458953942 0.5245628396 6.5963079199 0.0012261630
0.3400000000 0.3458980394 1.5165117001 2.4794461651 19.0702581542 0.3458980394 0.5245584238 6.5963649062 0.0012195372
0.3420000000 0.3459004397 1.5164895771 2.4794704000 19.0702754080 0.3459004397 0.5245544115 6.5964166489 0.0012151665
0.3440000000 0.3459026180 1.5164694858 2.4794924088 19.0702911567 0.3459026180 0.5245507652 6.5964636367 0.0012120564
0.3460000000 0.3459045946 1.5164512391 2.4795123964 19.0703055401 0.3459045946 0.5245474511 6.5965063070 0.0012069733
0.3480000000 0.3459063884 1.5164346652 2.4795305511 19.0703186867 0.3459063884 0.5245444383 6.5965450625 0.0011966021
0.3500000000 0.3459080170 1.5164196021 2.4795470503 19.0703307174 0.3459080170 0.5245416975 6.5965802818 0.0011792430
0.3520000000 0.3459094971 1.5164058970 2.4795620615 19.0703417463 0.3459094971 0.5245392012 6.5966123226 0.0011550646
0.3540000000 0.3459108443 1.5163934070 2.4795757411 19.0703518804 0.3459108443 0.5245369236 6.5966415192 0.0011251493
0.3560000000 0.3459120729 1.5163820005 2.4795882335 19.0703612179 0.3459120729 0.5245348411 6.5966681795 0.0010903189
0.3580000000 0.3459131960 1.5163715576 2.4795996699 19.0703698486 0.3459131960 0.5245329319 6.5966925842 0.0010506370
0.3600000000 0.3459142257 1.5163619694 2.4796101698 19.0703778539 0.3459142257 0.5245311765 6.5967149883 0.0010058057
0.3620000000 0.3459151725 1.5163531366 2.4796198418 19.0703853082 0.3459151725 0.5245295568 6.5967356239 0.0009559889
0.3640000000 0.3459160465 1.5163449693 2.4796287846 19.0703922787 0.3459160465 0.5245280569 6.5967547016 0.0009023677
0.3660000000 0.3459168563 1.5163373865 2.4796370869 19.0703988261 0.3459168563 0.5245266619 6.5967724109 0.0008470401
0.3680000000 0.3459176100 1.5163303163 2.4796448273 19.0704050041 0.3459176100 0.5245253589 6.5967889199 0.0007924022
0.3700000000 0.3459183142 1.5163236963 2.4796520744 19.0704108598 0.3459183142 0.5245241367 6.5968043749 0.0007404841
0.3720000000 0.3459189748 1.5163174727 2.4796588871 19.0704164335 0.3459189748 0.5245229856 6.5968189018 0.0006926443
0.3740000000 0.3459195969 1.5163115998 2.4796653155 19.0704217595 0.3459195969 0.5245218973 6.5968326073 0.0006496842
0.3760000000 0.3459201846 1.5163060393 2.4796714014 19.0704268666 0.3459201846 0.5245208650 6.5968455812 0.0006121144
0.3780000000 0.3459207413 1.5163007591 2.4796771802 19.0704317792 0.3459207413 0.5245198827 6.5968578987 0.0005802681
0.3800000000 0.3459212701 1.5162957326 2.4796826810 19.0704365173 0.3459212701 0.5245189457 6.5968696219 0.0005541926
0.3820000000 0.3459217733 1.5162909381 2.4796879275 19.0704410976 0.3459217733 0.5245180501 6.5968808018 0.0005335143
0.3840000000 0.3459222528 1.5162863577 2.4796929393 19.0704455336 0.3459222528 0.5245171927 6.5968914801 0.0005174995
0.3860000000 0.3459227102 1.5162819766 2.4796977326 19.0704498366 0.3459227102 0.5245163707 6.5969016913 0.0005053074
0.3880000000 0.3459231468 1.5162777828 2.4797023208 19.0704540162 0.3459231468 0.5245155820 6.5969114639 0.0004962103
0.3900000000 0.3459235638 1.5162737657 2.4797067152 19.0704580802 0.3459235638 0.5245148247 6.5969208221 0.0004895775
0.3920000000 0.3459239621 1.5162699166 2.4797109255 19.0704620361 0.3459239621 0.5245140972 6.5969297868 0.0004846742
0.3940000000 0.3459243426 1.5162662276 2.4797149603 19.0704658895 0.3459243426 0.5245133980 6.5969383763 0.0004805298
0.3960000000 0.3459247061 1.5162626914 2.4797188275 19.0704696470 0.3459247061 0.5245127259 6.5969466073 0.0004760698
0.3980000000 0.3459250532 1.5162593013 2.4797225346 19.0704733128 0.3459250532 0.5245120795 6.5969544961 0.0004704431
0.4000000000 0.3459253848 1.5162560502 2.4797260893 19.0704768945 0.3459253848 0.5245114577 6.5969620589 0.0004632874
0.4020000000 0.3459257017 1.5162529312 2.4797294992 19.0704803951 0.3459257017 0.5245108592 6.5969693119 0.0004547484
0.4040000000 0.3459260044 1.5162499374 2.4797327720 19.0704838236 0.3459260044 0.5245102825 6.5969762714 0.0004452869
0.4060000000 0.3459262939 1.5162470618 2.4797359150 19.0704871811 0.3459262939 0.5245097267 6.5969829535 0.0004354537
0.4080000000 0.3459265707 1.5162442981 2.4797389354 19.0704904786 0.3459265707 0.5245091904 6.5969893731 0.0004257670
0.4100000000 0.3459268356 1.5162416402 2.4797418398 19.0704937139 0.3459268356 0.5245086727 6.5969955446 0.0004166885
0.4120000000 0.3459270891 1.5162390825 2.4797446344 19.0704969007 0.3459270891 0.5245081722 6.5970014809 0.0004086391
0.4140000000 0.3459273319 1.5162366199 2.4797473246 19.0705000317 0.3459273319 0.5245076884 6.5970071939 0.0004020262
0.4160000000 0.3459275642 1.5162342481 2.4797499154 19.0705031253 0.3459275642 0.5245072202 6.5970126938 0.0003972841
0.4180000000 0.3459277867 1.5162319632 2.4797524108 19.0705061665 0.3459277867 0.5245067672 6.5970179897 0.0003948942
0.4200000000 0.3459279994 1.5162297621 2.4797548143 19.0705091809 0.3459279994 0.5245063282 6.5970230884 0.0003953138
0.4220000000 0.3459282030 1.5162276424 2.4797571286 19.0705121431 0.3459282030 0.5245059037 6.5970279964 0.0003988023
0.4240000000 0.3459283971 1.5162256024 2.4797593555 19.0705150877 0.3459283971 0.5245054923 6.5970327169 0.0004052562
0.4260000000 0.3459285826 1.5162236407 2.4797614965 19.0705179790 0.3459285826 0.5245050949 6.5970372535 0.0004142072
0.4280000000 0.3459287586 1.5162217568 2.4797635522 19.0705208585 0.3459287586 0.5245047101 6.5970416071 0.0004250175
0.4300000000 0.3459289262 1.5162199500 2.4797655234 19.0705236850 0.3459289262 0.5245043391 6.5970457799 0.0004371331
0.4320000000 0.3459290844 1.5162182199 2.4797674104 19.0705265023 0.3459290844 0.5245039806 6.5970497719 0.0004502061
0.4340000000 0.3459292342 1.5162165663 2.4797692136 19.0705292683 0.3459292342 0.5245036356 6.5970535847 0.0004640240
0.4360000000 0.3459293747 1.5162149886 2.4797709335 19.0705320272 0.3459293747 0.5245033028 6.5970572185 0.0004783471
0.4380000000 0.3459295068 1.5162134864 2.4797725706 19.0705347365 0.3459295068 0.5245029835 6.5970606751 0.0004928049
0.4400000000 0.3459296297 1.5162120592 2.4797741255 19.0705374406 0.3459296297 0.5245026762 6.5970639550 0.0005069255
0.4420000000 0.3459297443 1.5162107062 2.4797755990 19.0705400993 0.3459297443 0.5245023820 6.5970670609 0.0005202487
0.4440000000 0.3459298500 1.5162094263 2.4797769923 19.0705427520 0.3459298500 0.5245020995 6.5970699944 0.0005324193
0.4460000000 0.3459299476 1.5162082182 2.4797783068 19.0705453682 0.3459299476 0.5245018294 6.5970727591 0.0005431745
0.4480000000 0.3459300365 1.5162070805 2.4797795441 19.0705479759 0.3459300365 0.5245015708 6.5970753580 0.0005522122
0.4500000000 0.3459301176 1.5162060113 2.4797807063 19.0705505562 0.3459301176 0.5245013237 6.5970777958 0.0005590295
0.4520000000 0.3459301905 1.5162050086 2.4797817956 19.0705531307 0.3459301905 0.5245010874 6.5970800769 0.0005628701
0.4540000000 0.3459302559 1.5162040699 2.4797828146 19.0705556816 0.3459302559 0.5245008619 6.5970822073 0.0005628683
0.4560000000 0.3459303137 1.5162031925 2.4797837664 19.0705582354 0.3459303137 0.5245006460 6.5970841929 0.0005583292
0.4580000000 0.3459303647 1.5162023734 2.4797846542 19.0705607684 0.3459303647 0.5245004400 6.5970860415 0.0005489698
0.4600000000 0.3459304086 1.5162016092 2.4797854819 19.0705633141 0.3459304086 0.5245002422 6.5970877603 0.0005349622
0.4620000000 0.3459304466 1.5162008962 2.4797862532 19.0705658426 0.3459304466 0.5245000531 6.5970893584 0.0005167658
0.4640000000 0.3459304781 1.5162002307 2.4797869725 19.0705683965 0.3459304781 0.5244998708 6.5970908437 0.0004948696
0.4660000000 0.3459305046 1.5161996090 2.4797876436 19.0705709311 0.3459305046 0.5244996959 6.5970922260 0.0004695886
0.4680000000 0.3459305252 1.5161990273 2.4797882709 19.0705735154 0.3459305252 0.5244995259 6.5970935127 0.0004409694
0.4700000000 0.3459305421 1.5161984819 2.4797888583 19.0705760610 0.3459305421 0.5244993628 6.5970947146 0.0004087526
0.4720000000 0.3459305530 1.5161979691 2.4797894100 19.0705787068 0.3459305530 0.5244992018 6.5970958373 0.0003723026
0.4740000000 0.3459305622 1.5161974849 2.4797899301 19.0705812511 0.3459305622 0.5244990484 6.5970968944 0.0003304760
0.4760000000 0.3459305640 1.5161970256 2.4797904230 19.0705840257 0.3459305640 0.5244988922 6.5970978876 0.0002814992
0.4780000000 0.3459305690 1.5161965869 2.4797908932 19.0705864993 0.3459305690 0.5244987480 6.5970988387 0.0002230002
0.4800000000 0.3459305607 1.5161961643 2.4797913457 19.0705895586 0.3459305607 0.5244985892 6.5970997388 0.0001523008
0.4820000000 0.3459305678 1.5161957524 2.4797917863 19.0705917494 0.3459305678 0.5244984575 6.5971006326 0.0000669765
0.4840000000 0.3459305446 1.5161953451 2.4797922218 19.0705954805 0.3459305446 0.5244982815 6.5971014810 0.0000341107
0.4860000000 0.3459305645 1.5161949354 2.4797926599 19.0705969965 0.3459305645 0.5244981699 6.5971023841 0.0001452803
0.4880000000 0.3459305259 1.5161945154 2.4797931092 19.0706016038 0.3459305259 0.5244979661 6.5971032429 0.0002508140
0.4900000000 0.3459305551 1.5161940772 2.4797935783 19.0706028173 0.3459305551 0.5244978588 6.5971042194 0.0003346216
0.4920000000 0.3459305202 1.5161936144 2.4797940744 19.0706075125 0.3459305202 0.5244976457 6.5971051765 0.0003864347
0.4940000000 0.3459305427 1.5161931223 2.4797946024 19.0706094164 0.3459305427 0.5244975096 6.5971062643 0.0004034956
0.4960000000 0.3459305292 1.5161925988 2.4797951648 19.0706133863 0.3459305292 0.5244973080 6.5971073803 0.0003888316
0.4980000000 0.3459305349 1.5161920440 2.4797957614 19.0706165614 0.3459305349 0.5244971247 6.5971085872 0.0003484966
0.5000000000 0.3459305468 1.5161914605 2.4797963894 19.0706195950 0.3459305468 0.5244969410 6.5971098650 0.0002895305
0.5020000000 0.3459305365 1.5161908524 2.4797970442 19.0706239412 0.3459305365 0.5244967150 6.5971111712 0.0002190153
0.5040000000 0.3459305692 1.5161902254 2.4797977196 19.0706261753 0.3459305692 0.5244965478 6.5971125686 0.0001438711
0.5060000000 0.3459305412 1.5161895859 2.4797984087 19.0706316391 0.3459305412 0.5244962840 6.5971139237 0.0000709181
0.5080000000 0.3459305838 1.5161889402 2.4797991046 19.0706334785 0.3459305838 0.5244961253 6.5971153736 0.0000068149
0.5100000000 0.3459305594 1.5161882939 2.4797998009 19.0706387959 0.3459305594 0.5244958647 6.5971167474 0.0000420718
0.5120000000 0.3459305779 1.5161876514 2.4798004931 19.0706418686 0.3459305779 0.5244956704 6.5971181620 0.0000703827
0.5140000000 0.3459305826 1.5161870151 2.4798011783 19.0706456122 0.3459305826 0.5244954574 6.5971195467 0.0000773069
0.5160000000 0.3459305438 1.5161863855 2.4798018560 19.0706515648 0.3459305438 0.5244951808 6.5971208663 0.0000668062
0.5180000000 0.3459306066 1.5161857618 2.4798025273 19.0706522165 0.3459306066 0.5244950603 6.5971222895 0.0000451403
0.5200000000 0.3459305342 1.5161851420 2.4798031942 19.0706598493 0.3459305342 0.5244947360 6.5971235484 0.0000180558
0.5220000000 0.3459305681 1.5161845237 2.4798038593 19.0706619629 0.3459305681 0.5244945735 6.5971249259 0.0000111284
0.5240000000 0.3459305317 1.5161839044 2.4798045255 19.0706677234 0.3459305317 0.5244943041 6.5971262246 0.0000414179
0.5260000000 0.3459305156 1.5161832815 2.4798051954 19.0706724512 0.3459305156 0.5244940644 6.5971275544 0.0000725331
0.5280000000 0.3459305797 1.5161826523 2.4798058723 19.0706730685 0.3459305797 0.5244939439 6.5971289902 0.0001031250
0.5300000000 0.3459304752 1.5161820140 2.4798065590 19.0706824764 0.3459304752 0.5244935646 6.5971302520 0.0001296529
0.5320000000 0.3459304178 1.5161813642 2.4798072582 19.0706895219 0.3459304178 0.5244932527 6.5971315931 0.0001475407
0.5340000000 0.3459305710 1.5161807012 2.4798079717 19.0706857323 0.3459305710 0.5244932558 6.5971332055 0.0001540551
0.5360000000 0.3459304241 1.5161800242 2.4798087005 19.0706975866 0.3459304241 0.5244927987 6.5971345034 0.0001506376
0.5380000000 0.3459305082 1.5161793335 2.4798094443 19.0706975580 0.3459305082 0.5244926873 6.5971360972 0.0001426335
0.5400000000 0.3459303406 1.5161786295 2.4798102024 19.0707106498 0.3459303406 0.5244921897 6.5971374307 0.0001361370
0.5420000000 0.3459302497 1.5161779128 2.4798109744 19.0707198505 0.3459302497 0.5244918040 6.5971388804 0.0001337952
0.5440000000 0.3459307119 1.5161771834 2.4798117602 19.0707004795 0.3459307119 0.5244922524 6.5971409936 0.0001325967
0.5460000000 0.3459303726 1.5161764414 2.4798125598 19.0707227132 0.3459303726 0.5244914812 6.5971422133 0.0001258901
0.5480000000 0.3459300165 1.5161756872 2.4798133726 19.0707458924 0.3459300165 0.5244906804 6.5971434403 0.0001085217
0.5500000000 0.3459304229 1.5161749224 2.4798141968 19.0707296346 0.3459304229 0.5244910321 6.5971455670 0.0000809568
0.5520000000 0.3459302638 1.5161741498 2.4798150296 19.0707427222 0.3459302638 0.5244905236 6.5971470609 0.0000490012
0.5540000000 0.3459304855 1.5161733723 2.4798158676 19.0707361142 0.3459304855 0.5244905908 6.5971490029 0.0000195111
0.5560000000 0.3459305397 1.5161725929 2.4798167076 19.0707381941 0.3459305397 0.5244904034 6.5971507563 0.0000045347
0.5580000000 0.3459294716 1.5161718140 2.4798175469 19.0707984146 0.3459294716 0.5244885144 6.5971512184 0.0000256081
0.5600000000 0.3459296304 1.5161710376 2.4798183833 19.0707950556 0.3459296304 0.5244884866 6.5971530847 0.0000485897
0.5620000000 0.3459312019 1.5161702660 2.4798192143 19.0707184795 0.3459312019 0.5244906023 6.5971565638 0.0000760145
0.5640000000 0.3459307205 1.5161695020 2.4798200370 19.0707482039 0.3459307205 0.5244896082 6.5971576666 0.0001060737
0.5660000000 0.3459293003 1.5161687482 2.4798208482 19.0708264973 0.3459293003 0.5244871943 6.5971576670 0.0001352693
0.5680000000 0.3459288419 1.5161680076 2.4798216450 19.0708548819 0.3459288419 0.5244862430 6.5971587436 0.0001622084
0.5700000000 0.3459293620 1.5161672825 2.4798224247 19.0708324747 0.3459293620 0.5244867807 6.5971609102 0.0001882158
0.5720000000 0.3459315529 1.5161665751 2.4798231848 19.0707233922 0.3459315529 0.5244898577 6.5971649576 0.0002149532
0.5740000000 0.3459322591 1.5161658876 2.4798239229 19.0706910969 0.3459322591 0.5244906907 6.5971672540 0.0002425943
0.5760000000 0.3459278967 1.5161652223 2.4798246366 19.0709212484 0.3459278967 0.5244838464 6.5971636754 0.0002704361
0.5780000000 0.3459245728 1.5161645811 2.4798253238 19.0710974447 0.3459245728 0.5244785850 6.5971612365 0.0002981941
0.5800000000 0.3459298881 1.5161639659 2.4798259822 19.0708258995 0.3459298881 0.5244864311 6.5971686693 0.0003260096
0.5820000000 0.3459359163 1.5161633786 2.4798266101 19.0705172531 0.3459359163 0.5244953676 6.5971768595 0.0003538042
0.5840000000 0.3459322480 1.5161628206 2.4798272056 19.0707107483 0.3459322480 0.5244896128 6.5971738393 0.0003815559
0.5860000000 0.3459237218 1.5161622934 2.4798277672 19.0711557240 0.3459237218 0.5244765034 6.5971651671 0.0004099017
0.5880000000 0.3459213803 1.5161617984 2.4798282935 19.0712800898 0.3459213803 0.5244727820 6.5971635318 0.0004391506
0.5900000000 0.3459284719 1.5161613366 2.4798287831 19.0709155238 0.3459284719 0.5244833743 6.5971726648 0.0004670858
0.5920000000 0.3459387024 1.5161609090 2.4798292352 19.0703881440 0.3459387024 0.5244987375 6.5971853294 0.0004889889
0.5940000000 0.3459389220 1.5161605158 2.4798296494 19.0703791647 0.3459389220 0.5244989345 6.5971864111 0.0005016070
0.5960000000 0.3459228304 1.5161601566 2.4798300262 19.0712149914 0.3459228304 0.5244744127 6.5971686694 0.0005069660
0.5980000000 0.3459080698 1.5161598305 2.4798303666 19.0719817184 0.3459080698 0.5244519205 6.5971523839 0.0005103769
0.6000000000 0.3459194166 1.5161595364 2.4798306717 19.0713955829 0.3459194166 0.5244690223 6.5971660342 0.0005140753
0.6020000000 0.3459477265 1.5161592733 2.4798309428 19.0699305304 0.3459477265 0.5245118537 6.5971991124 0.0005146467
0.6040000000 0.3459539544 1.5161590399 2.4798311811 19.0696092909 0.3459539544 0.5245212154 6.5972067439 0.0005075612
0.6060000000 0.3459249745 1.5161588349 2.4798313882 19.0711117480 0.3459249745 0.5244772063 6.5971738456 0.0004917822
0.6080000000 0.3458948849 1.5161586561 2.4798315664 19.0726717885 0.3458948849 0.5244315238 6.5971396132 0.0004682818
0.6100000000 0.3458992321 1.5161585015 2.4798317179 19.0724473903 0.3458992321 0.5244380615 6.5971449075 0.0004368063
0.6120000000 0.3459343460 1.5161583686 2.4798318455 19.0706288380 0.3459343460 0.5244912537 6.5971855155 0.0003966336
0.6140000000 0.3459680019 1.5161582548 2.4798319519 19.0688860469 0.3459680019 0.5245422420 6.5972244050 0.0003476036
0.6160000000 0.3459676404 1.5161581573 2.4798320404 19.0689052652 0.3459676404 0.5245416601 6.5972241595 0.0002868926
0.6180000000 0.3459200526 1.5161580729 2.4798321144 19.0713708423 0.3459200526 0.5244694803 6.5971696043 0.0002071266
0.6200000000 0.3458565547 1.5161579977 2.4798321781 19.0746615947 0.3458565547 0.5243731815 6.5970967417 0.0001015823
0.6220000000 0.3458453903 1.5161579270 2.4798322367 19.0752405657 0.3458453903 0.5243562301 6.5970840191 0.0000304522
0.6240000000 0.3459322040 1.5161578549 2.4798322967 19.0707422908 0.3459322040 0.5244878283 6.5971839120 0.0001796207
0.6260000000 0.3460469905 1.5161577748 2.4798323653 19.0647980008 0.3460469905 0.5246618352 6.5973159736 0.0003240431
0.6280000000 0.3460577572 1.5161576798 2.4798324501 19.0642410770 0.3460577572 0.5246781263 6.5973285105 0.0004413258
0.6300000000 0.3459103057 1.5161575642 2.4798325573 19.0718782699 0.3459103057 0.5244545264 6.5971592419 0.0005134187
0.6320000000 0.3457336251 1.5161574235 2.4798326917 19.0810379849 0.3457336251 0.5241866023 6.5969564334 0.0005320340
0.6340000000 0.3457143633 1.5161572560 2.4798328553 19.0820379944 0.3457143633 0.5241573404 6.5969346158 0.0005008351
0.6360000000 0.3459096560 1.5161570620 2.4798330478 19.0719147163 0.3459096560 0.5244533677 6.5971594580 0.0004311457
0.6380000000 0.3461730987 1.5161568446 2.4798332659 19.0582766411 0.3461730987 0.5248527131 6.5974626814 0.0003363921
0.6400000000 0.3462596676 1.5161566083 2.4798335046 19.0538005727 0.3462596676 0.5249838833 6.5975626535 0.0002273434
0.6420000000 0.3460433851 1.5161563590 2.4798337574 19.0649925753 0.3460433851 0.5246558787 6.5973145668 0.0001084730
0.6440000000 0.3456366280 1.5161561035 2.4798340165 19.0860777886 0.3456366280 0.5240390831 6.5968475685 0.0000235244
0.6460000000 0.3453655531 1.5161558494 2.4798342737 19.1001576616 0.3453655531 0.5236280034 6.5965365143 0.0001735883
0.6480000000 0.3455246942 1.5161556054 2.4798345195 19.0918913253 0.3455246942 0.5238692019 6.5967199121 0.0003393436
0.6500000000 0.3461160383 1.5161553808 2.4798347441 19.0612375490 0.3461160383 0.5247656938 6.5974000253 0.0005126536
0.6520000000 0.3467050447 1.5161551845 2.4798349379 19.0308087261 0.3467050447 0.5256586509 6.5980773891 0.0006741681
0.6540000000 0.3467613515 1.5161550236 2.4798350928 19.0279060220 0.3467613515 0.5257439651 6.5981424088 0.0007936548
0.6560000000 0.3460913881 1.5161549021 2.4798352042 19.0625159092 0.3460913881 0.5247281547 6.5973725924 0.0008465893
0.6580000000 0.3450861760 1.5161548201 2.4798352719 19.1146960512 0.3450861760 0.5232040691 6.5962173654 0.0008342436
0.6600000000 0.3445114337 1.5161547745 2.4798352994 19.1446674256 0.3445114337 0.5223326551 6.5955568230 0.0007826885
0.6620000000 0.3449226184 1.5161547609 2.4798352915 19.1232150164 0.3449226184 0.5229560701 6.5960293965 0.0007091729
0.6640000000 0.3462079966 1.5161547755 2.4798352524 19.0564826255 0.3462079966 0.5249049074 6.5975066720 0.0006354015
0.6660000000 0.3475921629 1.5161548160 2.4798351844 18.9851732487 0.3475921629 0.5270035318 6.5990974323 0.0005908779
0.6680000000 0.3480795302 1.5161548818 2.4798350881 18.9601996565 0.3480795302 0.5277424789 6.5996573882 0.0005657408
0.6700000000 0.3471297302 1.5161549729 2.4798349640 19.0089320722 0.3471297302 0.5263024666 6.5985654610 0.0005288154
0.6720000000 0.3451060032 1.5161550887 2.4798348132 19.1136609793 0.3451060032 0.5232342230 6.5962391478 0.0004627339
0.6740000000 0.3431363548 1.5161552269 2.4798346386 19.2167773836 0.3431363548 0.5202479778 6.5939749420 0.0003726515
0.6760000000 0.3424810358 1.5161553837 2.4798344442 19.2513472238 0.3424810358 0.5192544663 6.5932213378 0.0002767095
0.6780000000 0.3437960371 1.5161555547 2.4798342339 19.1821068411 0.3437960371 0.5212482714 6.5947323157 0.0001870066
0.6800000000 0.3466915690 1.5161557355 2.4798340113 19.0314979165 0.3466915690 0.5256384109 6.5980598740 0.0000990440
0.6820000000 0.3498171948 1.5161559214 2.4798337808 18.8717192180 0.3498171948 0.5303774114 6.6016518784 0.0000069588
0.6840000000 0.3515157514 1.5161561069 2.4798335489 18.7860817942 0.3515157514 0.5329527532 6.6036036579 0.0001467451
0.6860000000 0.3505598967 1.5161562846 2.4798333250 18.8341696502 0.3505598967 0.5315035905 6.6025045672 0.0003024898
0.6880000000 0.3469998831 1.5161564466 2.4798331197 19.0156040539 0.3469998831 0.5261061098 6.5984123843 0.0004461559
0.6900000000 0.3420867795 1.5161565860 2.4798329413 19.2722006676 0.3420867795 0.5186571237 6.5927650602 0.0005669628
0.6920000000 0.3378882480 1.5161566979 2.4798327950 19.4973904673 0.3378882480 0.5122915303 6.5879391049 0.0006561384
0.6940000000 0.3363244689 1.5161567795 2.4798326827 19.5827009975 0.3363244689 0.5099206236 6.5861415120 0.0007022159
0.6960000000 0.3383954788 1.5161568303 2.4798326036 19.4698868665 0.3383954788 0.5130606165 6.5885216882 0.0006992429
0.6980000000 0.3438860077 1.5161568522 2.4798325551 19.1773787125 0.3438860077 0.5213851270 6.5948322043 0.0006624775
0.7000000000 0.3514032710 1.5161568477 2.4798325342 18.7917210240 0.3514032710 0.5327824756 6.6034722348 0.0006131924
0.7020000000 0.3587715026 1.5161568188 2.4798325392 18.4293930185 0.3587715026 0.5439538600 6.6119410251 0.0005835019
0.7040000000 0.3636394566 1.5161567654 2.4798325706 18.1980695804 0.3636394566 0.5513344223 6.6175361337 0.0005704330
0.7060000000 0.3640382235 1.5161566870 2.4798326289 18.1793947370 0.3640382235 0.5519389870 6.6179945652 0.0005378031
0.7080000000 0.3588330951 1.5161565841 2.4798327130 18.4264278159 0.3588330951 0.5440471597 6.6120121240 0.0004760588
0.7100000000 0.3480868346 1.5161564586 2.4798328190 18.9598119968 0.3480868346 0.5277541025 6.5996609431 0.0004052455
0.7120000000 0.3331992155 1.5161563132 2.4798329422 19.7555983344 0.3331992155 0.5051820941 6.5825498662 0.0003443555
0.7140000000 0.3167830008 1.5161561504 2.4798330781 20.7198046911 0.3167830008 0.4802924949 6.5636819053 0.0002900393
0.7160000000 0.3023012152 1.5161559725 2.4798332234 21.6573305150 0.3023012152 0.4583357930 6.5470373335 0.0002369927
0.7180000000 0.2934828382 1.5161557821 2.4798333769 22.2735412510 0.2934828382 0.4449657021 6.5369021032 0.0001898131
0.7200000000 0.2936106713 1.5161555815 2.4798335395 22.2643452270 0.2936106713 0.4451594580 6.5370493471 0.0001495325
0.7220000000 0.3049596595 1.5161553727 2.4798337149 21.4785582353 0.3049596595 0.4623662262 6.5500938062 0.0001152196
0.7240000000 0.3283204287 1.5161551577 2.4798339085 20.0320894599 0.3283204287 0.4977847114 6.5769442001 0.0000820127
0.7260000000 0.3634003814 1.5161549381 2.4798341264 18.2092935794 0.3634003814 0.5509712827 6.6172642316 0.0000417983
0.7280000000 0.4088549871 1.5161547162 2.4798343737 16.3126505988 0.4088549871 0.6198874169 6.6695085494 0.0000072340
0.7300000000 0.4629235067 1.5161544947 2.4798346536 14.5416107180 0.4629235067 0.7018635553 6.7316534261 0.0000629748
0.7320000000 0.5236474854 1.5161542768 2.4798349661 12.9886002912 0.5236474854 0.7939303745 6.8014478817 0.0001407007
0.7340000000 0.5890558289 1.5161540666 2.4798353081 11.6739807486 0.5890558289 0.8930993905 6.8766264065 0.0001968416
0.7360000000 0.6568804620 1.5161538672 2.4798356747 10.5872872682 0.6568804620 0.9959318527 6.9545821518 0.0002105652
0.7380000000 0.7255008051 1.5161536792 2.4798360616 9.6946170534 0.7255008051 1.0999707149 7.0334524772 0.0002183320
0.7400000000 0.7932124765 1.5161535026 2.4798364630 8.9651620876 0.7932124765 1.2026318746 7.1112784220 0.0002524733
0.7420000000 0.8587524780 1.5161533392 2.4798368702 8.3686609523 0.8587524780 1.3020004371 7.1866083306 0.0000377366
0.7440000000 0.9208307589 1.5161531777 2.4798372889 7.8819689765 0.9208307589 1.3961204813 7.2579594744 0.0001982239
0.7460000000 0.9784986911 1.5161530061 2.4798377249 7.4851827639 0.9784986911 1.4835537320 7.3242415373 0.0005329276
0.7480000000 1.0312096822 1.5161528061 2.4798381992 7.1613236773 1.0312096822 1.5634714534 7.3848263137 0.0007621141
0.7500000000 1.0788839254 1.5161525636 2.4798387308 6.8956649765 1.0788839254 1.6357526294 7.4396220984 0.0008645115
0.7520000000 1.1215778335 1.5161522698 2.4798393272 6.6769273665 1.1215778335 1.7004827780 7.4886937299 0.0009383134
0.7540000000 1.1593432863 1.5161519162 2.4798399957 6.4968684653 1.1593432863 1.7577405450 7.5321008369 0.0009519234
0.7560000000 1.1922322863 1.5161514973 2.4798407442 6.3493526251 1.1922322863 1.8076047659 7.5699031966 0.0009030585
0.7580000000 1.2203834033 1.5161510117 2.4798415812 6.2294030489 1.2203834033 1.8502855317 7.6022600935 0.0008017351
0.7600000000 1.2440995973 1.5161504630 2.4798425150 6.1325634874 1.2440995973 1.8862421805 7.6295197651 0.0006637634
0.7620000000 1.2638065530 1.5161498590 2.4798435505 6.0548598106 1.2638065530 1.9161201271 7.6521715064 0.0005120310
0.7640000000 1.2800270827 1.5161492102 2.4798446857 5.9926983882 1.2800270827 1.9407120505 7.6708162355 0.0003372321
0.7660000000 1.2932615885 1.5161485309 2.4798459129 5.9431356927 1.2932615885 1.9607766574 7.6860291064 0.0001278240
0.7680000000 1.3040267037 1.5161478398 2.4798472176 5.9035630939 1.3040267037 1.9770972699 7.6984039215 0.0001139135
0.7700000000 1.3127082535 1.5161471592 2.4798485616 5.8721228147 1.3127082535 1.9902588895 7.7083840847 0.0003546112
0.7720000000 1.3197034839 1.5161465107 2.4798498842 5.8470907771 1.3197034839 2.0008638323 7.7164260695 0.0005341035
0.7740000000 1.3253270254 1.5161459086 2.4798511421 5.8271590895 1.3253270254 2.0093891471 7.7228914225 0.0007815676
0.7760000000 1.3298347268 1.5161453713 2.4798522971 5.8113042124 1.3298347268 2.0162227657 7.7280741496 0.0010099640
0.7780000000 1.3334357416 1.5161449121 2.4798533142 5.7987155612 1.3334357416 2.0216818151 7.7322145844 0.0011666906
0.7800000000 1.3363075412 1.5161445357 2.4798541593 5.7887248202 1.3363075412 2.0260353766 7.7355166311 0.0012768212
0.7820000000 1.3385988743 1.5161442420 2.4798548096 5.7807841813 1.3385988743 2.0295089756 7.7381511976 0.0014018443
0.7840000000 1.3404308833 1.5161440299 2.4798552625 5.7744547732 1.3404308833 2.0322862813 7.7402575125 0.0015307782
0.7860000000 1.3418994163 1.5161438975 2.4798555294 5.7693934949 1.3418994163 2.0345126110 7.7419457632 0.0016065723
0.7880000000 1.3430766678 1.5161438390 2.4798556286 5.7653439653 1.3430766678 2.0362974152 7.7432989618 0.0015608917
0.7900000000 1.3440229920 1.5161438448 2.4798555834 5.7620937740 1.3440229920 2.0377321867 7.7443865145 0.0012091970
0.7920000000 1.3447858054 1.5161439002 2.4798554214 5.7594770321 1.3447858054 2.0388887959 7.7452629591 0.0005442965
0.7940000000 1.3454030881 1.5161439795 2.4798551979 5.7573615684 1.3454030881 2.0398247921 7.7459720335 0.0005800437
0.7960000000 1.3458987259 1.5161440332 2.4798550461 5.7556644300 1.3458987259 2.0405763227 7.7465414233 0.0006692973
0.7980000000 1.3462969826 1.5161440590 2.4798550049 5.7543017682 1.3462969826 2.0411801718 7.7469991076 0.0007285714
0.8000000000 1.3466186321 1.5161440558 2.4798550633 5.7532019451 1.3466186321 2.0416678345 7.7473689338 0.0007284780
0.8020000000 1.3468762203 1.5161440234 2.4798551877 5.7523216461 1.3468762203 2.0420583318 7.7476652369 0.0001656604
0.8040000000 1.3470807458 1.5161439840 2.4798553705 5.7516230618 1.3470807458 2.0423683686 7.7479006837 0.0001679731
0.8060000000 1.3472431275 1.5161439513 2.4798556565 5.7510688359 1.3472431275 2.0426145187 7.7480879651 0.0003692657
0.8080000000 1.3473723744 1.5161439033 2.4798560849 5.7506281372 1.3473723744 2.0428104110 7.7482374875 0.0011104406
0.8100000000 1.3474758068 1.5161438064 2.4798566683 5.7502758777 1.3474758068 2.0429670986 7.7483576274 0.0013866594
0.8120000000 1.3475583782 1.5161436417 2.4798574335 5.7499951265 1.3475583782 2.0430920668 7.7484541070 0.0012631448
0.8140000000 1.3476246228 1.5161434085 2.4798584227 5.7497704557 1.3476246228 2.0431921890 7.7485322415 0.0009826658
0.8160000000 1.3476783279 1.5161431173 2.4798596696 5.7495889998 1.3476783279 2.0432732213 7.7485964896 0.0007405763
0.8180000000 1.3477224775 1.5161427797 2.4798611621 5.7494405587 1.3477224775 2.0433397033 7.7486502741 0.0008308818
0.8200000000 1.3477592872 1.5161423870 2.4798627876 5.7493173416 1.3477592872 2.0433949828 7.7486958424 0.0006088420
0.8220000000 1.3477895499 1.5161419511 2.4798643884 5.7492163646 1.3477895499 2.0434402779 7.7487337361 0.0006410360
0.8240000000 1.3478150639 1.5161415601 2.4798659455 5.7491315844 1.3478150639 2.0434784337 7.7487661539 0.0018724421
0.8260000000 1.3478366000 1.5161412892 2.4798674544 5.7490604760 1.3478366000 2.0435107204 7.7487941250 0.0023853937
0.8280000000 1.3478544364 1.5161411492 2.4798687642 5.7490018241 1.3478544364 2.0435375741 7.7488176135 0.0023518708
0.8300000000 1.3478691890 1.5161411164 2.4798697263 5.7489532150 1.3478691890 2.0435598969 7.7488369074 0.0024217913
0.8320000000 1.3478815825 1.5161411868 2.4798703091 5.7489121100 1.3478815825 2.0435787822 7.7488527527 0.0030094670
0.8340000000 1.3478921294 1.5161414064 2.4798706073 5.7488770058 1.3478921294 2.0435950688 7.7488660691 0.0034643821
0.8360000000 1.3479010445 1.5161418482 2.4798708189 5.7488476466 1.3479010445 2.0436091807 7.7488777475 0.0016754961
0.8380000000 1.3479085001 1.5161424225 2.4798709846 5.7488233834 1.3479085001 2.0436212586 7.7488879043 0.0018386014
0.8400000000 1.3479151081 1.5161428558 2.4798709333 5.7488013969 1.3479151081 2.0436318614 7.7488962564 0.0046614311
0.8420000000 1.3479210724 1.5161430041 2.4798706843 5.7487808085 1.3479210724 2.0436411040 7.7489027923 0.0019260582
0.8440000000 1.3479265023 1.5161430581 2.4798708723 5.7487627107 1.3479265023 2.0436494094 7.7489096135 0.0053387266
0.8460000000 1.3479317394 1.5161433977 2.4798721662 5.7487477553 1.3479317394 2.0436578073 7.7489195614 0.0043324712
0.8480000000 1.3479367703 1.5161440824 2.4798748418 5.7487365896 1.3479367703 2.0436663577 7.7489334318 0.0052274923
0.8500000000 1.3479412514 1.5161443717 2.4798771647 5.7487260461 1.3479412514 2.0436735417 7.7489449806 0.0188078267
0.8520000000 1.3479433849 1.5161420038 2.4798741728 5.7487096273 1.3479433849 2.0436735845 7.7489351137 0.0202016457
0.8540000000 1.3479282196 1.5161192348 2.4798273425 5.7486399971 1.3479282196 2.0436199009 7.7487540763 0.0189884872
0.8560000000 1.3478047861 1.5159679131 2.4795020925 5.7482285030 1.3478047861 2.0432288088 7.7474898878 0.0179171396
0.8580000000 1.3471052103 1.5151313633 2.4776940376 5.7459936456 1.3471052103 2.0410413538 7.7404579784 0.0168858686
0.8600000000 1.3437571503 1.5111423201 2.4690831604 5.7353942014 1.3437571503 2.0306082978 7.7069769681 0.0157292341
0.8620000000 1.3300331820 1.4947472680 2.4339605121 5.6921343009 1.3300331820 1.9880634652 7.5707274967 0.0142598841
0.8640000000 1.2832683710 1.4379311910 2.3155386321 5.5448409458 1.2832683710 1.8452516171 7.1155190080 0.0122099736
0.8660000000 1.1600482265 1.2789678987 2.0103332918 5.1503141770 1.1600482265 1.4836644426 5.9746128269 0.0084563051
0.8680000000 0.9472019109 0.9635718323 1.5055986576 4.4380413459 0.9472019109 0.9126970808 4.2037212433 0.0017634680
0.8700000000 0.7487045549 0.5997528574 1.0625588335 3.7278428269 0.7487045549 0.4490376962 2.7910529045 0.0031121381
0.8720000000 0.6219215633 0.3130531775 0.7968513540 3.2521838339 0.6219215633 0.1946945216 2.0226032542 0.0066247995
0.8740000000 0.5547494964 0.1427495321 0.6666555165 3.0144975099 0.5547494964 0.0791902310 1.6722909754 0.0089658099
0.8760000000 0.5231571960 0.0599764387 0.6098213413 2.9159386670 0.5231571960 0.0313771055 1.5254942969 0.0102590728
0.8780000000 0.5094360093 0.0241977436 0.5864402484 2.8781824200 0.5094360093 0.0123272020 1.4662497662 0.0108663436
0.8800000000 0.5037659243 0.0095910146 0.5770855613 2.8639036576 0.5037659243 0.0048316263 1.4427370733 0.0111239478
0.8820000000 0.5014871800 0.0037733047 0.5733889275 2.8584497193 0.5014871800 0.0018922639 1.4334758888 0.0112279292
0.8840000000 0.5005841860 0.0014794983 0.5719358834 2.8563432415 0.5005841860 0.0007406135 1.4298402564 0.0112684689
0.8860000000 0.5002287426 0.0005788262 0.5713660236 2.8555239256 0.5002287426 0.0002895455 1.4284151428 0.0112820972
0.8880000000 0.5000892761 0.0002258280 0.5711427846 2.8552041456 0.5000892761 0.0001129342 1.4278569743 0.0112809013
0.8900000000 0.5000346558 0.0000876498 0.5710554156 2.8550791918 0.5000346558 0.0000438279 1.4276385409 0.0112631391
0.8920000000 0.5000133077 0.0000336550 0.5710212776 2.8550304007 0.5000133077 0.0000168280 1.4275531943 0.0112115582
0.8940000000 0.5000049969 0.0000126366 0.5710079892 2.8550114137 0.5000049969 0.0000063184 1.4275199729 0.0110778065
0.8960000000 0.5000017922 0.0000045323 0.5710028654 2.8550040935 0.5000017922 0.0000022662 1.4275071635 0.0107414587
0.8980000000 0.5000005862 0.0000014824 0.5710009372 2.8550013389 0.5000005862 0.0000007412 1.4275023430 0.0099246572
0.9000000000 0.5000001600 0.0000004047 0.5710002558 2.8550003655 0.5000001600 0.0000002023 1.4275006396 0.0080843514
0.9020000000 0.5000000321 0.0000000813 0.5710000514 2.8550000734 0.5000000321 0.0000000406 1.4275001284 0.0046613543
0.9040000000 0.5000000047 0.0000000119 0.5710000075 2.8550000108 0.5000000047 0.0000000060 1.4275000188 0.0013809826
0.9060000000 0.5000000006 0.0000000015 0.5710000009 2.8550000014 0.5000000006 0.0000000007 1.4275000024 0.0002267299
0.9080000000 0.5000000001 0.0000000002 0.5710000001 2.8550000002 0.5000000001 0.0000000001 1.4275000003 0.0000290976
0.9100000000 0.5000000000 0.0000000000 0.5710000000 2.8550000000 0.5000000000 0.0000000000 1.4275000000 0.0000035111
0.9120000000 0.5000000000 0.0000000000 0.5710000000 2.8550000000 0.5000000000 0.0000000000 1.4275000000 0.0000004194
0.9140000000 0.5000000000 0.0000000000 0.5710000000 2.8550000000 0.5000000000 0.0000000000 1.4275000000 0.0000000500
0.9160000000 0.5000000000 0.0000000000 0.5710000000 2.8550000000 0.5000000000 0.0000000000 1.4275000000 0.0000000060
0.9180000000 0.5000000000 0.0000000000 0.5710000000 2.8550000000 0.5000000000 0.0000000000 1.4275000000 0.0000000007
0.9200000000 0.5000000000 0.0000000000 0.5710000000 2.8550000000 0.5000000000 0.0000000000 1.4275000000 0.0000000001
0.9220000000 0.5000000000 0.0000000000 0.5710000000 2.8550000000 0.5000000000 0.0000000000 1.4275000000 0.0000000000
0.9240000000 0.5000000000 0.0000000000 0.5710000000 2.8550000000 0.5000000000 0.0000000000 1.4275000000 0.0000000000
0.9260000000 0.5000000000 0.0000000000 0.5710000000 2.8550000000 0.5000000000 0.0000000000 1.4275000000 0.0000000000
0.9280000000 0.5000000000 0.0000000000 0.5710000000 2.8550000000 0.5000000000 0.0000000000 1.4275000000 0.0000000000
0.9300000000 0.5000000000 0.0000000000 0.5710000000 2.8550000000 0.5000000000 0.0000000000 1.4275000000 0.0000000000
0.9320000000 0.5000000000 0.0000000000 0.5710000000 2.8550000000 0.5000000000 0.0000000000 1.4275000000 0.0000000000
0.9340000000 0.5000000000 0.0000000000 0.5710000000 2.8550000000 0.5000000000 0.0000000000 1.4275000000 0.0000000000
0.9360000000 0.5000000000 0.0000000000 0.5710000000 2.8550000000 0.5000000000 0.0000000000 1.4275000000 0.0000000000
0.9380000000 0.5000000000 0.0000000000 0.5710000000 2.8550000000 0.5000000000 0.0000000000 1.4275000000 0.0000000000
0.9400000000 0.5000000000 0.0000000000 0.5710000000 2.8550000000 0.5000000000 0.0000000000 1.4275000000 0.0000000000
0.9420000000 0.5000000000 0.0000000000 0.5710000000 2.8550000000 0.5000000000 0.0000000000 1.4275000000 0.0000000000
0.9440000000 0.5000000000 0.0000000000 0.5710000000 2.8550000000 0.5000000000 0.0000000000 1.4275000000 0.0000000000
0.9460000000 0.5000000000 0.0000000000 0.5710000000 2.8550000000 0.5000000000 0.0000000000 1.4275000000 0.0000000000
0.9480000000 0.5000000000 0.0000000000 0.5710000000 2.8550000000 0.5000000000 0.0000000000 1.4275000000 0.0000000000
0.9500000000 0.5000000000 0.0000000000 0.5710000000 2.8550000000 0.5000000000 0.0000000000 1.4275000000 0.0000000000
0.9520000000 0.5000000000 0.0000000000 0.5710000000 2.8550000000 0.5000000000 0.0000000000 1.4275000000 0.0000000000
0.9540000000 0.5000000000 0.0000000000 0.5710000000 2.8550000000 0.5000000000 0.0000000000 1.4275000000 0.0000000000
0.9560000000 0.5000000000 0.0000000000 0.5710000000 2.8550000000 0.5000000000 0.0000000000 1.4275000000 0.0000000000
0.9580000000 0.5000000000 0.0000000000 0.5710000000 2.8550000000 0.5000000000 0.0000000000 1.4275000000 0.0000000000
0.9600000000 0.5000000000 0.0000000000 0.5710000000 2.8550000000 0.5000000000 0.0000000000 1.4275000000 0.0000000000
0.9620000000 0.5000000000 0.0000000000 0.5710000000 2.8550000000 0.5000000000 0.0000000000 1.4275000000 0.0000000000
0.9640000000 0.5000000000 0.0000000000 0.5710000000 2.8550000000 0.5000000000 0.0000000000 1.4275000000 0.0000000000
0.9660000000 0.5000000000 0.0000000000 0.5710000000 2.8550000000 0.5000000000 0.0000000000 1.4275000000 0.0000000000
0.9680000000 0.5000000000 0.0000000000 0.5710000000 2.8550000000 0.5000000000 0.0000000000 1.4275000000 0.0000000000
0.9700000000 0.5000000000 0.0000000000 0.5710000000 2.8550000000 0.5000000000 0.0000000000 1.4275000000 0.0000000000
0.9720000000 0.5000000000 0.0000000000 0.5710000000 2.8550000000 0.5000000000 0.0000000000 1.4275000000 0.0000000000
0.9740000000 0.5000000000 0.0000000000 0.5710000000 2.8550000000 0.5000000000 0.0000000000 1.4275000000 0.0000000000
0.9760000000 0.5000000000 0.0000000000 0.5710000000 2.8550000000 0.5000000000 0.0000000000 1.4275000000 0.0000000000
0.9780000000 0.5000000000 0.0000000000 0.5710000000 2.8550000000 0.5000000000 0.0000000000 1.4275000000 0.0000000000
0.9800000000 0.5000000000 0.0000000000 0.5710000000 2.8550000000 0.5000000000 0.0000000000 1.4275000000 0.0000000000
0.9820000000 0.5000000000 0.0000000000 0.5710000000 2.8550000000 0.5000000000 0.0000000000 1.4275000000 0.0000000000
0.9840000000 0.5000000000 0.0000000000 0.5710000000 2.8550000000 0.5000000000 0.0000000000 1.4275000000 0.0000000000
0.9860000000 0.5000000000 0.0000000000 0.5710000000 2.8550000000 0.5000000000 0.0000000000 1.4275000000 0.0000000000
0.9880000000 0.5000000000 0.0000000000 0.5710000000 2.8550000000 0.5000000000 0.0000000000 1.4275000000 0.0000000000
0.9900000000 0.5000000000 0.0000000000 0.5710000000 2.8550000000 0.5000000000 0.0000000000 1.4275000000 0.0000000000
0.9920000000 0.5000000000 0.0000000000 0.5710000000 2.8550000000 0.5000000000 0.0000000000 1.4275000000 0.0000000000
0.9940000000 0.5000000000 0.0000000000 0.5710000000 2.8550000000 0.5000000000 0.0000000000 1.4275000000 0.0000000000
0.9960000000 0.5000000000 0.0000000000 0.5710000000 2.8550000000 0.5000000000 0.0000000000 1.4275000000 0.0000000000
0.9980000000 0.5000000000 0.0000000000 0.5710000000 2.8550000000 0.5000000000 0.0000000000 1.4275000000 0.0000000000
1.0000000000 0.5000000000 0.0000000000 0.5710000000 2.8550000000 0.5000000000 0.0000000000 1.4275000000 0.0000000000
