TITLE = "1D Euler Filtered MacCormack Result"
VARIABLES = "x", "rho", "u", "p", "E", "rho_conserved", "rhou", "rhoE", "nu"
ZONE T="t=0.16000000", I=501, F=POINT
0.0000000000 0.4449999994 0.6980000041 3.5279999939 20.0638267122 0.4449999994 0.3106100014 8.9284028759 0.0000000000
0.0020000000 0.4449999994 0.6980000041 3.5279999939 20.0638267122 0.4449999994 0.3106100014 8.9284028759 0.0000183764
0.0040000000 0.4449999988 0.6980000092 3.5279999863 20.0638267036 0.4449999988 0.3106100033 8.9284028583 0.0000114547
0.0060000000 0.4449999977 0.6980000175 3.5279999741 20.0638266897 0.4449999977 0.3106100062 8.9284028300 0.0000280774
0.0080000000 0.4449999955 0.6980000335 3.5279999503 20.0638266627 0.4449999955 0.3106100118 8.9284027750 0.0000498981
0.0100000000 0.4449999915 0.6980000634 3.5279999059 20.0638266124 0.4449999915 0.3106100223 8.9284026725 0.0000912943
0.0120000000 0.4449999841 0.6980001188 3.5279998239 20.0638265193 0.4449999841 0.3106100418 8.9284024828 0.0001631881
0.0140000000 0.4449999706 0.6980002200 3.5279996739 20.0638263492 0.4449999706 0.3106100774 8.9284021359 0.0002860577
0.0160000000 0.4449999462 0.6980004027 3.5279994030 20.0638260419 0.4449999462 0.3106101416 8.9284015095 0.0004881026
0.0180000000 0.4449999027 0.6980007282 3.5279989204 20.0638254945 0.4449999027 0.3106102562 8.9284003935 0.0008035617
0.0200000000 0.4449998264 0.6980012995 3.5279980735 20.0638245338 0.4449998264 0.3106104571 8.9283984350 0.0012614375
0.0220000000 0.4449996948 0.6980022851 3.5279966122 20.0638228762 0.4449996948 0.3106108038 8.9283950559 0.0018641736
0.0240000000 0.4449994718 0.6980039541 3.5279941378 20.0638200695 0.4449994718 0.3106113909 8.9283893341 0.0025667502
0.0260000000 0.4449991020 0.6980067232 3.5279900326 20.0638154128 0.4449991020 0.3106123650 8.9283798410 0.0032803115
0.0280000000 0.4449985011 0.6980112221 3.5279833627 20.0638078471 0.4449985011 0.3106139476 8.9283644174 0.0039093541
0.0300000000 0.4449975445 0.6980183833 3.5279727459 20.0637958043 0.4449975445 0.3106164666 8.9283398668 0.0043934345
0.0320000000 0.4449960510 0.6980295651 3.5279561686 20.0637770003 0.4449960510 0.3106203999 8.9283015328 0.0047195383
0.0340000000 0.4449937596 0.6980467198 3.5279307363 20.0637481523 0.4449937596 0.3106264342 8.9282427225 0.0049067899
0.0360000000 0.4449903005 0.6980726178 3.5278923422 20.0637046019 0.4449903005 0.3106355439 8.9281539390 0.0049857556
0.0380000000 0.4449851554 0.6981111378 3.5278352363 20.0636398277 0.4449851554 0.3106490931 8.9280218868 0.0049855259
0.0400000000 0.4449776096 0.6981676324 3.5277514846 20.0635448311 0.4449776096 0.3106689642 8.9278282190 0.0049289857
0.0420000000 0.4449666918 0.6982493737 3.5276303083 20.0634073888 0.4449666918 0.3106977139 8.9275480127 0.0048325331
0.0440000000 0.4449511047 0.6983660769 3.5274573092 20.0632111746 0.4449511047 0.3107387574 8.9271479764 0.0047073571
0.0460000000 0.4449291461 0.6985304896 3.5272135985 20.0629347740 0.4449291461 0.3107965743 8.9265844378 0.0045609062
0.0480000000 0.4448986257 0.6987590179 3.5268748722 20.0625506405 0.4448986257 0.3108769268 8.9258012085 0.0043980991
0.0500000000 0.4448567832 0.6990723425 3.5264105050 20.0620240747 0.4448567832 0.3109870735 8.9247274935 0.0042222108
0.0520000000 0.4448002170 0.6994959554 3.5257827660 20.0613123478 0.4448002170 0.3111359527 8.9232760853 0.0040354925
0.0540000000 0.4447248367 0.7000605271 3.5249462921 20.0603641231 0.4447248367 0.3113343036 8.9213421586 0.0038395962
0.0560000000 0.4446258519 0.7008019994 3.5238479774 20.0591193592 0.4446258519 0.3115946860 8.9188030330 0.0036358671
0.0580000000 0.4444978134 0.7017612945 3.5224274424 20.0575098818 0.4444978134 0.3119313609 8.9155192839 0.0034255442
0.0600000000 0.4443347189 0.7029835469 3.5206182247 20.0554607868 0.4443347189 0.3123599967 8.9113375310 0.0032098969
0.0620000000 0.4441301911 0.7045168000 3.5183497748 20.0528927696 0.4441301911 0.3128971810 8.9060950973 0.0029903132
0.0640000000 0.4438777269 0.7064101728 3.5155502500 20.0497253686 0.4438777269 0.3135597417 8.8996265207 0.0027683499
0.0660000000 0.4435710073 0.7087115769 3.5121499776 20.0458809704 0.4435710073 0.3143639081 8.8917716145 0.0025457478
0.0680000000 0.4432042445 0.7114651534 3.5080853275 20.0412892738 0.4432042445 0.3153243758 8.8823844715 0.0023244182
0.0700000000 0.4427725328 0.7147086689 3.5033026270 20.0358917799 0.4427725328 0.3164533676 8.8713425501 0.0021064012
0.0720000000 0.4422721655 0.7184711543 3.4977616808 20.0296458040 0.4422721655 0.3177597933 8.8585548247 0.0018938022
0.0740000000 0.4417008792 0.7227710676 3.4914384703 20.0225275129 0.4417008792 0.3192486160 8.8439680072 0.0016887109
0.0760000000 0.4410579942 0.7276152085 3.4843266887 20.0145335954 0.4410579942 0.3209205044 8.8275700417 0.0014931106
0.0780000000 0.4403444342 0.7329985150 3.4764379223 20.0056813534 0.4403444342 0.3227718164 8.8093904369 0.0013087864
0.0800000000 0.4395626259 0.7389047498 3.4678004767 19.9960072246 0.4395626259 0.3247949121 8.7894974435 0.0011372392
0.0820000000 0.4387162923 0.7453079639 3.4584570363 19.9855639653 0.4387162923 0.3269787466 8.7679925226 0.0009796162
0.0840000000 0.4378101716 0.7521745286 3.4484614870 19.9744168901 0.4378101716 0.3293096595 8.7450028864 0.0008366620
0.0860000000 0.4368496964 0.7594654718 3.4378753126 19.9626396486 0.4368496964 0.3317722608 8.7206730697 0.0007086972
0.0880000000 0.4358406703 0.7671388527 3.4267639731 19.9503100181 0.4358406703 0.3343503117 8.6951564901 0.0005956252
0.0900000000 0.4347889727 0.7751519450 3.4151936128 19.9375061114 0.4347889727 0.3370275178 8.6686078000 0.0004969661
0.0920000000 0.4337003142 0.7834630644 3.4032283379 19.9243032704 0.4337003142 0.3397881772 8.6411765881 0.0004119151
0.0940000000 0.4325800527 0.7920329533 3.3909281879 19.9107717818 0.4325800527 0.3426176567 8.6130027069 0.0003394153
0.0960000000 0.4314330732 0.8008257044 3.3783478131 19.8969754176 0.4314330732 0.3455026948 8.5842132522 0.0002782407
0.0980000000 0.4302637243 0.8098092641 3.3655357924 19.8829707162 0.4302637243 0.3484315499 8.5549210295 0.0002270779
0.1000000000 0.4290758015 0.8189555853 3.3525344712 19.8688068594 0.4290758015 0.3513940241 8.5252242273 0.0001846008
0.1020000000 0.4278725658 0.8282405204 3.3393801841 19.8545259838 0.4278725658 0.3543813966 8.4952069763 0.0001495315
0.1040000000 0.4266567847 0.8376435390 3.3261037279 19.8401637692 0.4266567847 0.3573862991 8.4649404819 0.0001206857
0.1060000000 0.4254307853 0.8471473471 3.3127309719 19.8257501747 0.4254307853 0.3604025611 8.4344844665 0.0000970016
0.1080000000 0.4241965132 0.8567374673 3.2992835159 19.8113102203 0.4241965132 0.3634250463 8.4038887167 0.0000775537
0.1100000000 0.4229555893 0.8664018208 3.2857793367 19.7968647456 0.4229555893 0.3664494927 8.3731945955 0.0000615541
0.1120000000 0.4217093636 0.8761303390 3.2722333825 19.7824311045 0.4217093636 0.3694723677 8.3424364315 0.0000483454
0.1140000000 0.4204589613 0.8859146184 3.2586580987 19.7680237745 0.4204589613 0.3724907402 8.3116427428 0.0000373882
0.1160000000 0.4192053234 0.8957476237 3.2450638768 19.7536548755 0.4192053234 0.3755021723 8.2808372814 0.0000282455
0.1180000000 0.4179492405 0.9056234394 3.2314594293 19.7393346015 0.4179492405 0.3785046287 8.2500399052 0.0000205664
0.1200000000 0.4166913799 0.9155370641 3.2178520980 19.7250715750 0.4166913799 0.3814964026 8.2192672932 0.0000140710
0.1220000000 0.4154323084 0.9254842441 3.2042481043 19.7108731335 0.4154323084 0.3844760559 8.1885335268 0.0000085369
0.1240000000 0.4141725105 0.9354613375 3.1906527518 19.6967455611 0.4141725105 0.3874423707 8.1578505585 0.0000037869
0.1260000000 0.4129124030 0.9454652058 3.1770705887 19.6826942748 0.4129124030 0.3903943100 8.1272285902 0.0000003193
0.1280000000 0.4116523464 0.9554931257 3.1635055392 19.6687239755 0.4116523464 0.3933309872 8.0966763753 0.0000038909
0.1300000000 0.4103926546 0.9655427219 3.1499610046 19.6548387619 0.4103926546 0.3962516408 8.0662014554 0.0000070156
0.1320000000 0.4091336020 0.9756119111 3.1364399465 19.6410422248 0.4091336020 0.3991556153 8.0358103527 0.0000097666
0.1340000000 0.4078754299 0.9856988553 3.1229449573 19.6273375287 0.4078754299 0.4020423443 8.0055087324 0.0000122030
0.1360000000 0.4066183516 0.9958019235 3.1094783163 19.6137274764 0.4066183516 0.4049113366 7.9753015347 0.0000143734
0.1380000000 0.4053625565 1.0059196607 3.0960420372 19.6002145625 0.4053625565 0.4077621653 7.9451930825 0.0000163176
0.1400000000 0.4041082137 1.0160507615 3.0826379063 19.5868010171 0.4041082137 0.4105944583 7.9151871718 0.0000180684
0.1420000000 0.4028554750 1.0261940492 3.0692675147 19.5734888431 0.4028554750 0.4134078912 7.8852871457 0.0000196537
0.1440000000 0.4016044770 1.0363484569 3.0559322855 19.5602798461 0.4016044770 0.4162021800 7.8554959573 0.0000210966
0.1460000000 0.4003553433 1.0465130129 3.0426334965 19.5471756613 0.4003553433 0.4189770766 7.8258162226 0.0000224169
0.1480000000 0.3991081865 1.0566868270 3.0293722997 19.5341777748 0.3991081865 0.4217323632 7.7962502656 0.0000236315
0.1500000000 0.3978631092 1.0668690796 3.0161497381 19.5212875427 0.3978631092 0.4244678491 7.7668001569 0.0000247550
0.1520000000 0.3966202058 1.0770590119 3.0029667598 19.5085062074 0.3966202058 0.4271833670 7.7374677472 0.0000258003
0.1540000000 0.3953795634 1.0872559171 2.9898242312 19.4958349118 0.3953795634 0.4298787698 7.7082546961 0.0000267784
0.1560000000 0.3941412628 1.0974591330 2.9767229474 19.4832747109 0.3941412628 0.4325539286 7.6791624982 0.0000276994
0.1580000000 0.3929053793 1.1076680354 2.9636636422 19.4708265836 0.3929053793 0.4352087296 7.6501925048 0.0000285722
0.1600000000 0.3916719838 1.1178820316 2.9506469972 19.4584914412 0.3916719838 0.4378430730 7.6213459449 0.0000294051
0.1620000000 0.3904411432 1.1281005551 2.9376736491 19.4462701365 0.3904411432 0.4404568704 7.5926239429 0.0000302056
0.1640000000 0.3892129212 1.1383230604 2.9247441978 19.4341634713 0.3892129212 0.4430500436 7.5640275354 0.0000309807
0.1660000000 0.3879873790 1.1485490177 2.9118592125 19.4221722032 0.3879873790 0.4456225230 7.5355576867 0.0000317374
0.1680000000 0.3867645757 1.1587779087 2.8990192382 19.4102970523 0.3867645757 0.4481742462 7.5072153033 0.0000324822
0.1700000000 0.3855445691 1.1690092213 2.8862248022 19.3985387068 0.3855445691 0.4507051566 7.4790012476 0.0000332217
0.1720000000 0.3843274162 1.1792424457 2.8734764199 19.3868978288 0.3843274162 0.4532152023 7.4509163516 0.0000339627
0.1740000000 0.3831131737 1.1894770689 2.8607746007 19.3753750600 0.3831131737 0.4557043348 7.4229614301 0.0000347122
0.1760000000 0.3819018983 1.1997125701 2.8481198544 19.3639710265 0.3819018983 0.4581725080 7.3951372946 0.0000354774
0.1780000000 0.3806936482 1.2099484156 2.8355126974 19.3526863446 0.3806936482 0.4606196765 7.3674447673 0.0000362665
0.1800000000 0.3794884827 1.2201840525 2.8229536594 19.3415216260 0.3794884827 0.4630457947 7.3398846956 0.0000370880
0.1820000000 0.3782864637 1.2304189031 2.8104432911 19.3304774834 0.3782864637 0.4654508157 7.3124579687 0.0000379520
0.1840000000 0.3770876560 1.2406523571 2.7979821719 19.3195545369 0.3770876560 0.4678346892 7.2851655348 0.0000388695
0.1860000000 0.3758921284 1.2508837640 2.7855709195 19.3087534203 0.3758921284 0.4701973605 7.2580084208 0.0000398534
0.1880000000 0.3746999550 1.2611124238 2.7732101996 19.2980747884 0.3746999550 0.4725387684 7.2309877548 0.0000409187
0.1900000000 0.3735112157 1.2713375758 2.7609007385 19.2875193252 0.3735112157 0.4748588436 7.2041047918 0.0000420831
0.1920000000 0.3723259984 1.2815583864 2.7486433367 19.2770877536 0.3723259984 0.4771575057 7.1773609432 0.0000433677
0.1940000000 0.3711443998 1.2917739334 2.7364388856 19.2667808461 0.3711443998 0.4794346612 7.1507578131 0.0000447979
0.1960000000 0.3699665282 1.3019831881 2.7242883875 19.2565994379 0.3699665282 0.4816901999 7.1242972398 0.0000464044
0.1980000000 0.3687925055 1.3121849929 2.7121929790 19.2465444424 0.3687925055 0.4839239912 7.0979813470 0.0000482252
0.2000000000 0.3676224699 1.3223780345 2.7001539607 19.2366168697 0.3676224699 0.4861358792 7.0718126059 0.0000503071
0.2020000000 0.3664565799 1.3325608106 2.6881728326 19.2268178498 0.3664565799 0.4883256772 7.0457939117 0.0000527081
0.2040000000 0.3652950186 1.3427315887 2.6762513387 19.2171486605 0.3652950186 0.4904931606 7.0199286772 0.0000555018
0.2060000000 0.3641379991 1.3528883538 2.6643915222 19.2076107627 0.3641379991 0.4926380582 6.9942209513 0.0000587810
0.2080000000 0.3629857719 1.3630287440 2.6525957956 19.1982058439 0.3629857719 0.4947600408 6.9686755674 0.0000626648
0.2100000000 0.3618386333 1.3731499669 2.6408670291 19.1889358745 0.3618386333 0.4968587074 6.9432983316 0.0000673070
0.2120000000 0.3606969373 1.3832486933 2.6292086650 19.1798031786 0.3606969373 0.4989335672 6.9180962648 0.0000729080
0.2140000000 0.3595611101 1.3933209199 2.6176248636 19.1708105260 0.3595611101 0.5009840167 6.8930779144 0.0000797322
0.2160000000 0.3584316695 1.4033617891 2.6061206957 19.1619612510 0.3584316695 0.5030093089 6.8682537612 0.0000881310
0.2180000000 0.3573092499 1.4133653538 2.5947023939 19.1532594094 0.3573092499 0.5050085144 6.8436367535 0.0000985777
0.2200000000 0.3561946366 1.4233242634 2.5833776856 19.1447099844 0.3561946366 0.5069804687 6.8192430151 0.0001117157
0.2220000000 0.3550888096 1.4332293457 2.5721562394 19.1363191619 0.3550888096 0.5089237022 6.7950927910 0.0001284308
0.2240000000 0.3539930048 1.4430690430 2.5610502644 19.1280947005 0.3539930048 0.5108363467 6.7712117200 0.0001499566
0.2260000000 0.3529087957 1.4528286462 2.5500753230 19.1200464297 0.3529087957 0.5127160079 6.7476325593 0.0001780334
0.2280000000 0.3518382046 1.4624892516 2.5392514392 19.1121869285 0.3518382046 0.5145595925 6.7243975346 0.0002151475
0.2300000000 0.3507838557 1.4720263320 2.5286046134 19.1045324491 0.3507838557 0.5163630724 6.7015615531 0.0002649005
0.2320000000 0.3497491838 1.4814077791 2.5181688955 19.0971041762 0.3497491838 0.5181211616 6.6791965985 0.0003325834
0.2340000000 0.3487387191 1.4905912362 2.5079892077 19.0899299358 0.3487387191 0.5198268784 6.6573977140 0.0004260894
0.2360000000 0.3477584701 1.4995205045 2.4981251416 19.0830464844 0.3477584701 0.5214709565 6.6362910498 0.0005573923
0.2380000000 0.3468164257 1.5081208261 2.4886559373 19.0765024999 0.3468164257 0.5230410744 6.6160444118 0.0007450112
0.2400000000 0.3459231828 1.5162929878 2.4796866981 19.0703622982 0.3459231828 0.5245208964 6.5968804239 0.0010182776
0.2420000000 0.3450926546 1.5239066509 2.4713554079 19.0647100096 0.3450926546 0.5258889914 6.5790913855 0.0014251409
0.2440000000 0.3443426965 1.5307944358 2.4638391299 19.0596532288 0.3443426965 0.5271178837 6.5630523866 0.0020476440
0.2460000000 0.3436952332 1.5367506700 2.4573552449 19.0553236165 0.3436952332 0.5281738799 6.5492238940 0.0030363876
0.2480000000 0.3431750004 1.5415430775 2.4521489374 19.0518690475 0.3431750004 0.5290190462 6.5381251677 0.0047010703
0.2500000000 0.3428053111 1.5449522529 2.4484510942 19.0494273547 0.3428053111 0.5296178377 6.5302448712 0.0078102709
0.2520000000 0.3425985077 1.5468606009 2.4463832379 19.0480664262 0.3425985077 0.5299521335 6.5258391326 0.0150861250
0.2540000000 0.3425388832 1.5474109292 2.4457871763 19.0476749141 0.3425388832 0.5300484116 6.5245692934 0.0281257499
0.2560000000 0.3425750148 1.5470773941 2.4461484075 19.0479123068 0.3425750148 0.5299900611 6.5253388400 0.0150467444
0.2580000000 0.3426873631 1.5460405035 2.4472716933 19.0486509549 0.3426873631 0.5298085434 6.5277319669 0.0082500702
0.2600000000 0.3428897523 1.5441732749 2.4492956111 19.0499842478 0.3428897523 0.5294811918 6.5320443807 0.0055189543
0.2620000000 0.3431879539 1.5414237044 2.4522785267 19.0519547861 0.3431879539 0.5289980473 6.5384013816 0.0036198657
0.2640000000 0.3435713171 1.5378918025 2.4561147622 19.0544983380 0.3435713171 0.5283755120 6.5465790897 0.0018884708
0.2660000000 0.3440070068 1.5338818734 2.4604765143 19.0574026040 0.3440070068 0.5276661121 6.5558800281 0.0000550801
0.2680000000 0.3444381313 1.5299182485 2.4647945008 19.0602903231 0.3444381313 0.5269621826 6.5650907817 0.0025828864
0.2700000000 0.3447940668 1.5266490846 2.4683608802 19.0626848303 0.3447940668 0.5263795465 6.5727006270 0.0059733168
0.2720000000 0.3450231937 1.5245460885 2.4706574127 19.0642314457 0.3450231937 0.5260037604 6.5776020195 0.0108796866
0.2740000000 0.3451229197 1.5236310790 2.4716571883 19.0649061075 0.3451229197 0.5258400065 6.5797360590 0.0197580280
0.2760000000 0.3451391981 1.5234817159 2.4718204183 19.0650164447 0.3451391981 0.5258132578 6.5800844879 0.0275061028
0.2780000000 0.3451268443 1.5235950407 2.4716965711 19.0649328809 0.3451268443 0.5258335483 6.5798201211 0.0046589077
0.2800000000 0.3451100946 1.5237487030 2.4715286505 19.0648195555 0.3451100946 0.5258610590 6.5794616797 0.0089729362
0.2820000000 0.3451021443 1.5238216332 2.4714489568 19.0647658245 0.3451021443 0.5258741132 6.5792915670 0.0262765726
0.2840000000 0.3451063465 1.5237830605 2.4714911068 19.0647943811 0.3451063465 0.5258672049 6.5793815366 0.0157954785
0.2860000000 0.3451212408 1.5236463874 2.4716404598 19.0648953472 0.3451212408 0.5258427318 6.5797003388 0.0074805819
0.2880000000 0.3451467809 1.5234120491 2.4718965567 19.0650684463 0.3451467809 0.5258007647 6.5802470020 0.0037984633
0.2900000000 0.3451800560 1.5231067668 2.4722302194 19.0652940106 0.3451800560 0.5257460790 6.5809592538 0.0009169452
0.2920000000 0.3452152894 1.5227835463 2.4725835307 19.0655329306 0.3452152894 0.5256881627 6.5817134690 0.0020626184
0.2940000000 0.3452453948 1.5225073897 2.4728854313 19.0657371647 0.3452453948 0.5256386648 6.5823579541 0.0052958981
0.2960000000 0.3452656768 1.5223213484 2.4730888339 19.0658748336 0.3452656768 0.5256053106 6.5827921774 0.0083420014
0.2980000000 0.3452764392 1.5222226223 2.4731967790 19.0659479543 0.3452764392 0.5255876067 6.5830226199 0.0095615021
0.3000000000 0.3452815587 1.5221756521 2.4732481368 19.0659828006 0.3452815587 0.5255791817 6.5831322588 0.0042050520
0.3020000000 0.3452853493 1.5221408692 2.4732861694 19.0660086349 0.3452853493 0.5255729417 6.5832134507 0.0051132355
0.3040000000 0.3452911147 1.5220879746 2.4733440068 19.0660478731 0.3452911147 0.5255634534 6.5833369232 0.0058783199
0.3060000000 0.3453000846 1.5220056922 2.4734339801 19.0661088619 0.3453000846 0.5255486942 6.5835290024 0.0031563912
0.3080000000 0.3453113195 1.5219026388 2.4735466700 19.0661852313 0.3453113195 0.5255302084 6.5837695804 0.0000669603
0.3100000000 0.3453223833 1.5218011581 2.4736576445 19.0662604490 0.3453223833 0.5255120028 6.5840064983 0.0038043129
0.3120000000 0.3453306125 1.5217256732 2.4737401940 19.0663164346 0.3453306125 0.5254984588 6.5841827330 0.0077409832
0.3140000000 0.3453350472 1.5216849863 2.4737846899 19.0663466657 0.3453350472 0.5254911566 6.5842777265 0.0106797488
0.3160000000 0.3453367799 1.5216690780 2.4738020880 19.0663585555 0.3453367799 0.5254882995 6.5843148680 0.0079004935
0.3180000000 0.3453375743 1.5216617732 2.4738100771 19.0663640774 0.3453375743 0.5254869857 6.5843319219 0.0038232848
0.3200000000 0.3453388167 1.5216503609 2.4738225582 19.0663726421 0.3453388167 0.5254849350 6.5843585661 0.0066227091
0.3220000000 0.3453410980 1.5216294207 2.4738454596 19.0663882629 0.3453410980 0.5254811748 6.5844074568 0.0033193650
0.3240000000 0.3453440775 1.5216020770 2.4738753643 19.0664086271 0.3453440775 0.5254762657 6.5844712994 0.0009052245
0.3260000000 0.3453467982 1.5215771075 2.4739026727 19.0664272354 0.3453467982 0.5254717823 6.5845295990 0.0061605586
0.3280000000 0.3453483341 1.5215630027 2.4739180990 19.0664378011 0.3453483341 0.5254692482 6.5845625311 0.0127003628
0.3300000000 0.3453485928 1.5215606088 2.4739207175 19.0664396971 0.3453485928 0.5254688151 6.5845681189 0.0123392891
0.3320000000 0.3453481071 1.5215650414 2.4739158702 19.0664365401 0.3453481071 0.5254696068 6.5845577675 0.0035826403
0.3340000000 0.3453473572 1.5215718957 2.4739083743 19.0664315918 0.3453473572 0.5254708330 6.5845417614 0.0007921219
0.3360000000 0.3453466844 1.5215780433 2.4739016512 19.0664271687 0.3453466844 0.5254719322 6.5845274053 0.0021474506
0.3380000000 0.3453461742 1.5215826987 2.4738965602 19.0664238526 0.3453461742 0.5254727637 6.5845165335 0.0004621559
0.3400000000 0.3453456187 1.5215877701 2.4738910142 19.0664202303 0.3453456187 0.5254736698 6.5845046902 0.0039658637
0.3420000000 0.3453447137 1.5215960451 2.4738819646 19.0664142380 0.3453447137 0.5254751506 6.5844853669 0.0043083425
0.3440000000 0.3453433121 1.5216088744 2.4738679342 19.0664048757 0.3453433121 0.5254774484 6.5844554099 0.0029932141
0.3460000000 0.3453414727 1.5216257184 2.4738495132 19.0663925430 0.3453414727 0.5254804664 6.5844160792 0.0015686012
0.3480000000 0.3453393686 1.5216449883 2.4738284393 19.0663784165 0.3453393686 0.5254839196 6.5843710846 0.0006237803
0.3500000000 0.3453371521 1.5216652897 2.4738062376 19.0663635288 0.3453371521 0.5254875576 6.5843236822 0.0004133267
0.3520000000 0.3453348544 1.5216863353 2.4737832220 19.0663480926 0.3453348544 0.5254913290 6.5842745424 0.0007831933
0.3540000000 0.3453323946 1.5217088668 2.4737585817 19.0663315590 0.3453323946 0.5254953669 6.5842219339 0.0011342165
0.3560000000 0.3453296879 1.5217336625 2.4737314655 19.0663133520 0.3453296879 0.5254998108 6.5841640395 0.0010127332
0.3580000000 0.3453267479 1.5217605973 2.4737020102 19.0662935645 0.3453267479 0.5255046382 6.5841011516 0.0004913472
0.3600000000 0.3453236928 1.5217885873 2.4736714013 19.0662729990 0.3453236928 0.5255096547 6.5840358008 0.0000776428
0.3620000000 0.3453206616 1.5218163582 2.4736410324 19.0662525991 0.3453206616 0.5255146317 6.5839709625 0.0003413769
0.3640000000 0.3453177147 1.5218433556 2.4736115096 19.0662327751 0.3453177147 0.5255194697 6.5839079307 0.0001800104
0.3660000000 0.3453148087 1.5218699785 2.4735823966 19.0662132317 0.3453148087 0.5255242404 6.5838457738 0.0001342724
0.3680000000 0.3453118682 1.5218969163 2.4735529397 19.0661934587 0.3453118682 0.5255290674 6.5837828827 0.0001998401
0.3700000000 0.3453088802 1.5219242896 2.4735230068 19.0661733670 0.3453088802 0.5255339722 6.5837189756 0.0000680744
0.3720000000 0.3453059121 1.5219514803 2.4734932738 19.0661534138 0.3453059121 0.5255388441 6.5836554954 0.0003856657
0.3740000000 0.3453030387 1.5219778028 2.4734644905 19.0661341066 0.3453030387 0.5255435601 6.5835940427 0.0004069005
0.3760000000 0.3453002588 1.5220032669 2.4734366462 19.0661154379 0.3453002588 0.5255481219 6.5835345948 0.0000735201
0.3780000000 0.3452974921 1.5220286097 2.4734089349 19.0660968624 0.3452974921 0.5255526618 6.5834754308 0.0003062915
0.3800000000 0.3452946518 1.5220546275 2.4733804856 19.0660777909 0.3452946518 0.5255573226 6.5834146914 0.0004038045
0.3820000000 0.3452917157 1.5220815235 2.4733510764 19.0660580733 0.3452917157 0.5255621406 6.5833519028 0.0002309863
0.3840000000 0.3452887252 1.5221089171 2.4733211233 19.0660379913 0.3452887252 0.5255670477 6.5832879533 0.0000335335
0.3860000000 0.3452857279 1.5221363743 2.4732911012 19.0660178663 0.3452857279 0.5255719659 6.5832238562 0.0000112933
0.3880000000 0.3452827332 1.5221638065 2.4732611066 19.0659977639 0.3452827332 0.5255768794 6.5831598182 0.0000468766
0.3900000000 0.3452797267 1.5221913461 2.4732309949 19.0659775861 0.3452797267 0.5255818120 6.5830955301 0.0000300333
0.3920000000 0.3452767138 1.5222189442 2.4732008195 19.0659573695 0.3452767138 0.5255867548 6.5830311063 0.0001277180
0.3940000000 0.3452737342 1.5222462367 2.4731709786 19.0659373832 0.3452737342 0.5255916425 6.5829673965 0.0003024937
0.3960000000 0.3452708290 1.5222728464 2.4731418846 19.0659179064 0.3452708290 0.5255964077 6.5829052814 0.0003365738
0.3980000000 0.3452680031 1.5222987282 2.4731135868 19.0658989721 0.3452680031 0.5256010420 6.5828448658 0.0002277800
0.4000000000 0.3452652291 1.5223241341 2.4730858095 19.0658803940 0.3452652291 0.5256055909 6.5827855618 0.0001307132
0.4020000000 0.3452624847 1.5223492673 2.4730583307 19.0658620217 0.3452624847 0.5256100906 6.5827268949 0.0001640385
0.4040000000 0.3452597783 1.5223740516 2.4730312336 19.0658439117 0.3452597783 0.5256145276 6.5826690429 0.0002730901
0.4060000000 0.3452571338 1.5223982687 2.4730047568 19.0658262256 0.3452571338 0.5256188627 6.5826125153 0.0003137223
0.4080000000 0.3452545576 1.5224218573 2.4729789675 19.0658090090 0.3452545576 0.5256230849 6.5825574554 0.0002334706
0.4100000000 0.3452520308 1.5224449934 2.4729536732 19.0657921318 0.3452520308 0.5256272257 6.5825034520 0.0001306137
0.4120000000 0.3452495311 1.5224678793 2.4729286525 19.0657754446 0.3452495311 0.5256313215 6.5824500330 0.0001252883
0.4140000000 0.3452470583 1.5224905191 2.4729039012 19.0657589444 0.3452470583 0.5256353729 6.5823971889 0.0002166290
0.4160000000 0.3452446312 1.5225127379 2.4728796104 19.0657427606 0.3452446312 0.5256393487 6.5823453279 0.0003062110
0.4180000000 0.3452422671 1.5225343787 2.4728559516 19.0657270092 0.3452422671 0.5256432206 6.5822948161 0.0003327859
0.4200000000 0.3452399694 1.5225554093 2.4728329601 19.0657117138 0.3452399694 0.5256469829 6.5822457290 0.0003398009
0.4220000000 0.3452377382 1.5225758298 2.4728106358 19.0656968743 0.3452377382 0.5256506357 6.5821980660 0.0004020770
0.4240000000 0.3452355840 1.5225955435 2.4727890845 19.0656825623 0.3452355840 0.5256541616 6.5821520532 0.0005213025
0.4260000000 0.3452335263 1.5226143707 2.4727685024 19.0656689109 0.3452335263 0.5256575284 6.5821081095 0.0006289510
0.4280000000 0.3452315800 1.5226321754 2.4727490383 19.0656560209 0.3452315800 0.5256607117 6.5820665523 0.0006779401
0.4300000000 0.3452297480 1.5226489312 2.4727307211 19.0656439120 0.3452297480 0.5256637068 6.5820274434 0.0006940777
0.4320000000 0.3452280274 1.5226646643 2.4727135219 19.0656325651 0.3452280274 0.5256665184 6.5819907212 0.0007250351
0.4340000000 0.3452264175 1.5226793805 2.4726974346 19.0656219759 0.3452264175 0.5256691475 6.5819563724 0.0007680372
0.4360000000 0.3452249189 1.5226930753 2.4726824639 19.0656121476 0.3452249189 0.5256715934 6.5819244073 0.0007808298
0.4380000000 0.3452235271 1.5227057889 2.4726685659 19.0656030504 0.3452235271 0.5256738632 6.5818947320 0.0007528467
0.4400000000 0.3452222329 1.5227176071 2.4726556469 19.0655946208 0.3452222329 0.5256759724 6.5818671466 0.0007285184
0.4420000000 0.3452210284 1.5227286014 2.4726436285 19.0655868060 0.3452210284 0.5256779337 6.5818414838 0.0007499182
0.4440000000 0.3452199117 1.5227387888 2.4726324925 19.0655795938 0.3452199117 0.5256797502 6.5818177042 0.0008053795
0.4460000000 0.3452188844 1.5227481551 2.4726222539 19.0655729949 0.3452188844 0.5256814194 6.5817958405 0.0008540962
0.4480000000 0.3452179465 1.5227567010 2.4726129123 19.0655670093 0.3452179465 0.5256829413 6.5817758914 0.0008811399
0.4500000000 0.3452170951 1.5227644512 2.4726044406 19.0655616190 0.3452170951 0.5256843204 6.5817577992 0.0009040879
0.4520000000 0.3452163272 1.5227714345 2.4725968071 19.0655568027 0.3452163272 0.5256855619 6.5817414964 0.0009339149
0.4540000000 0.3452156402 1.5227776755 2.4725899853 19.0655525422 0.3452156402 0.5256866701 6.5817269259 0.0009569979
0.4560000000 0.3452150305 1.5227832051 2.4725839410 19.0655488146 0.3452150305 0.5256876506 6.5817140153 0.0009616781
0.4580000000 0.3452144935 1.5227880669 2.4725786269 19.0655455878 0.3452144935 0.5256885112 6.5817026631 0.0009612402
0.4600000000 0.3452140244 1.5227923045 2.4725739951 19.0655428300 0.3452140244 0.5256892597 6.5816927673 0.0009770784
0.4620000000 0.3452136198 1.5227959489 2.4725700117 19.0655405188 0.3452136198 0.5256899017 6.5816842557 0.0010117523
0.4640000000 0.3452132775 1.5227990202 2.4725666548 19.0655386394 0.3452132775 0.5256904408 6.5816770811 0.0010525259
0.4660000000 0.3452129955 1.5228015372 2.4725639040 19.0655371780 0.3452129955 0.5256908802 6.5816712001 0.0010926718
0.4680000000 0.3452127715 1.5228035206 2.4725617364 19.0655361190 0.3452127715 0.5256912238 6.5816665641 0.0011344336
0.4700000000 0.3452126032 1.5228049917 2.4725601288 19.0655354468 0.3452126032 0.5256914754 6.5816631233 0.0011752273
0.4720000000 0.3452124881 1.5228059736 2.4725590559 19.0655351448 0.3452124881 0.5256916390 6.5816608239 0.0012062819
0.4740000000 0.3452124231 1.5228064939 2.4725584878 19.0655351931 0.3452124231 0.5256917197 6.5816596016 0.0012268530
0.4760000000 0.3452124049 1.5228065831 2.4725583908 19.0655355694 0.3452124049 0.5256917228 6.5816593850 0.0011921293
0.4780000000 0.3452124304 1.5228062701 2.4725587336 19.0655362530 0.3452124304 0.5256916535 6.5816601070 0.0010733804
0.4800000000 0.3452124969 1.5228055791 2.4725594895 19.0655372261 0.3452124969 0.5256915163 6.5816617106 0.0009388327
0.4820000000 0.3452126019 1.5228045334 2.4725606332 19.0655384716 0.3452126019 0.5256913151 6.5816641418 0.0008192659
0.4840000000 0.3452127425 1.5228031584 2.4725621369 19.0655399712 0.3452127425 0.5256910546 6.5816673413 0.0007118458
0.4860000000 0.3452129159 1.5228014811 2.4725639709 19.0655417060 0.3452129159 0.5256907397 6.5816712458 0.0006189871
0.4880000000 0.3452131191 1.5227995285 2.4725661061 19.0655436559 0.3452131191 0.5256903750 6.5816757928 0.0005388693
0.4900000000 0.3452133493 1.5227973261 2.4725685142 19.0655458013 0.3452133493 0.5256899652 6.5816809222 0.0004672839
0.4920000000 0.3452136038 1.5227948990 2.4725711680 19.0655481246 0.3452136038 0.5256895149 6.5816865758 0.0004032268
0.4940000000 0.3452138798 1.5227922716 2.4725740408 19.0655506101 0.3452138798 0.5256890282 6.5816926966 0.0003474700
0.4960000000 0.3452141749 1.5227894667 2.4725771075 19.0655532399 0.3452141749 0.5256885093 6.5816992312 0.0002981933
0.4980000000 0.3452144868 1.5227865061 2.4725803445 19.0655559969 0.3452144868 0.5256879622 6.5817061290 0.0002531406
0.5000000000 0.3452148132 1.5227834100 2.4725837297 19.0655588690 0.3452148132 0.5256873904 6.5817133428 0.0002140454
0.5020000000 0.3452151520 1.5227801965 2.4725872432 19.0655618454 0.3452151520 0.5256867970 6.5817208300 0.0001832966
0.5040000000 0.3452155016 1.5227768813 2.4725908679 19.0655649113 0.3452155016 0.5256861849 6.5817285543 0.0001579690
0.5060000000 0.3452158607 1.5227734777 2.4725945893 19.0655680535 0.3452158607 0.5256855567 6.5817364849 0.0001334540
0.5080000000 0.3452162278 1.5227699972 2.4725983946 19.0655712689 0.3452162278 0.5256849142 6.5817445942 0.0001110370
0.5100000000 0.3452166017 1.5227664508 2.4726022721 19.0655745561 0.3452166017 0.5256842593 6.5817528570 0.0000940484
0.5120000000 0.3452169813 1.5227628488 2.4726062103 19.0655779009 0.3452169813 0.5256835939 6.5817612493 0.0000782805
0.5140000000 0.3452173657 1.5227592015 2.4726101981 19.0655812861 0.3452173657 0.5256829201 6.5817697472 0.0000566258
0.5160000000 0.3452177536 1.5227555193 2.4726142240 19.0655847129 0.3452177536 0.5256822397 6.5817783260 0.0000325920
0.5180000000 0.3452181435 1.5227518132 2.4726182761 19.0655881900 0.3452181435 0.5256815540 6.5817869600 0.0000156495
0.5200000000 0.3452185343 1.5227480944 2.4726223420 19.0655917004 0.3452185343 0.5256808653 6.5817956229 0.0000017980
0.5220000000 0.3452189252 1.5227443753 2.4726264082 19.0655952110 0.3452189252 0.5256801766 6.5818042867 0.0000245748
0.5240000000 0.3452193144 1.5227406696 2.4726304599 19.0655987189 0.3452193144 0.5256794900 6.5818129191 0.0000643023
0.5260000000 0.3452196996 1.5227369931 2.4726344796 19.0656022517 0.3452196996 0.5256788074 6.5818214823 0.0000982502
0.5280000000 0.3452200786 1.5227333649 2.4726384466 19.0656057990 0.3452200786 0.5256781319 6.5818299318 0.0001222272
0.5300000000 0.3452204498 1.5227298079 2.4726423357 19.0656092893 0.3452204498 0.5256774692 6.5818382152 0.0001662847
0.5320000000 0.3452208108 1.5227263496 2.4726461169 19.0656126813 0.3452208108 0.5256768251 6.5818462688 0.0002497815
0.5340000000 0.3452211567 1.5227230215 2.4726497559 19.0656160256 0.3452211567 0.5256762028 6.5818540176 0.0003366608
0.5360000000 0.3452214826 1.5227198578 2.4726532150 19.0656193561 0.3452214826 0.5256756068 6.5818613802 0.0003837517
0.5380000000 0.3452217862 1.5227168939 2.4726564557 19.0656225647 0.3452217862 0.5256750459 6.5818682759 0.0004244105
0.5400000000 0.3452220659 1.5227141642 2.4726594406 19.0656255145 0.3452220659 0.5256745295 6.5818746273 0.0005298654
0.5420000000 0.3452223170 1.5227116994 2.4726621357 19.0656282551 0.3452223170 0.5256740609 6.5818803605 0.0006753262
0.5440000000 0.3452225331 1.5227095256 2.4726645127 19.0656309499 0.3452225331 0.5256736396 6.5818854109 0.0007418443
0.5460000000 0.3452227125 1.5227076624 2.4726665503 19.0656335630 0.3452227125 0.5256732695 6.5818897335 0.0007055381
0.5480000000 0.3452228587 1.5227061218 2.4726682351 19.0656358334 0.3452228587 0.5256729603 6.5818933052 0.0007242168
0.5500000000 0.3452229728 1.5227049090 2.4726695617 19.0656376760 0.3452229728 0.5256727153 6.5818961164 0.0009005574
0.5520000000 0.3452230493 1.5227040226 2.4726705314 19.0656393812 0.3452230493 0.5256725258 6.5818981633 0.0010656443
0.5540000000 0.3452230840 1.5227034573 2.4726711502 19.0656411992 0.3452230840 0.5256723835 6.5818994534 0.0009842626
0.5560000000 0.3452230826 1.5227032040 2.4726714278 19.0656428952 0.3452230826 0.5256722940 6.5819000127 0.0007370085
0.5580000000 0.3452230545 1.5227032516 2.4726713765 19.0656440530 0.3452230545 0.5256722677 6.5818998769 0.0007194647
0.5600000000 0.3452229994 1.5227035881 2.4726710094 19.0656447661 0.3452229994 0.5256722999 6.5818990720 0.0009211270
0.5620000000 0.3452229076 1.5227042021 2.4726703389 19.0656456106 0.3452229076 0.5256723720 6.5818976121 0.0009214944
0.5640000000 0.3452227760 1.5227050819 2.4726693778 19.0656468141 0.3452227760 0.5256724754 6.5818955194 0.0005955883
0.5660000000 0.3452226170 1.5227062152 2.4726681396 19.0656478181 0.3452226170 0.5256726246 6.5818928354 0.0003103481
0.5680000000 0.3452224435 1.5227075894 2.4726666380 19.0656480378 0.3452224435 0.5256728348 6.5818896026 0.0004154172
0.5700000000 0.3452222506 1.5227091922 2.4726648866 19.0656478026 0.3452222506 0.5256730943 6.5818858430 0.0007193280
0.5720000000 0.3452220222 1.5227110119 2.4726628981 19.0656480189 0.3452220222 0.5256733747 6.5818815634 0.0007212314
0.5740000000 0.3452217557 1.5227130369 2.4726606852 19.0656489011 0.3452217557 0.5256736680 6.5818767866 0.0003390371
0.5760000000 0.3452214700 1.5227152543 2.4726582619 19.0656495453 0.3452214700 0.5256739985 6.5818715629 0.0000309853
0.5780000000 0.3452211826 1.5227176493 2.4726556444 19.0656491449 0.3452211826 0.5256743877 6.5818659450 0.0001884133
0.5800000000 0.3452208855 1.5227202056 2.4726528506 19.0656482169 0.3452208855 0.5256748177 6.5818599598 0.0005715728
0.5820000000 0.3452205564 1.5227229061 2.4726498993 19.0656480271 0.3452205564 0.5256752488 6.5818536195 0.0005978784
0.5840000000 0.3452201913 1.5227257331 2.4726468096 19.0656488915 0.3452201913 0.5256756689 6.5818469582 0.0001667165
0.5860000000 0.3452198152 1.5227286691 2.4726436008 19.0656496329 0.3452198152 0.5256761098 6.5818400434 0.0002144791
0.5880000000 0.3452194520 1.5227316976 2.4726402908 19.0656491125 0.3452194520 0.5256766023 6.5818329395 0.0000699933
0.5900000000 0.3452190940 1.5227348041 2.4726368956 19.0656478269 0.3452190940 0.5256771295 6.5818256695 0.0004120781
0.5920000000 0.3452187117 1.5227379753 2.4726334298 19.0656473874 0.3452187117 0.5256776421 6.5818182287 0.0005627332
0.5940000000 0.3452182935 1.5227411991 2.4726299064 19.0656484709 0.3452182935 0.5256781182 6.5818106301 0.0001493950
0.5960000000 0.3452178645 1.5227444638 2.4726263384 19.0656498540 0.3452178645 0.5256785920 6.5818029288 0.0003531360
0.5980000000 0.3452174578 1.5227477574 2.4726227387 19.0656498996 0.3452174578 0.5256791097 6.5817951893 0.0003446516
0.6000000000 0.3452170735 1.5227510680 2.4726191204 19.0656486682 0.3452170735 0.5256796674 6.5817874385 0.0002013384
0.6020000000 0.3452166780 1.5227543837 2.4726154966 19.0656479892 0.3452166780 0.5256802098 6.5817796635 0.0005874509
0.6040000000 0.3452162450 1.5227576930 2.4726118798 19.0656492977 0.3452162450 0.5256806928 6.5817718590 0.0003049757
0.6060000000 0.3452157905 1.5227609856 2.4726082813 19.0656518253 0.3452157905 0.5256811374 6.5817640668 0.0003491494
0.6080000000 0.3452153580 1.5227642520 2.4726047114 19.0656533823 0.3452153580 0.5256816064 6.5817563575 0.0006725410
0.6100000000 0.3452149687 1.5227674840 2.4726011791 19.0656529154 0.3452149687 0.5256821293 6.5817487745 0.0002334060
0.6120000000 0.3452145955 1.5227706735 2.4725976933 19.0656518841 0.3452145955 0.5256826622 6.5817413040 0.0005219555
0.6140000000 0.3452141910 1.5227738133 2.4725942618 19.0656527976 0.3452141910 0.5256831300 6.5817339068 0.0006949775
0.6160000000 0.3452137406 1.5227768959 2.4725908929 19.0656564584 0.3452137406 0.5256835083 6.5817265826 0.0000668586
0.6180000000 0.3452132837 1.5227799142 2.4725875941 19.0656608626 0.3452132837 0.5256838546 6.5817193928 0.0007770347
0.6200000000 0.3452128764 1.5227828620 2.4725843726 19.0656631488 0.3452128764 0.5256842519 6.5817124163 0.0010247553
0.6220000000 0.3452125329 1.5227857325 2.4725812355 19.0656626186 0.3452125329 0.5256847198 6.5817056843 0.0002169997
0.6240000000 0.3452122047 1.5227885199 2.4725781893 19.0656618290 0.3452122047 0.5256851822 6.5816991535 0.0008984380
0.6260000000 0.3452118241 1.5227912193 2.4725752392 19.0656643179 0.3452118241 0.5256855345 6.5816927561 0.0010914021
0.6280000000 0.3452113721 1.5227938256 2.4725723911 19.0656711049 0.3452113721 0.5256857459 6.5816864817 0.0001566358
0.6300000000 0.3452109065 1.5227963343 2.4725696495 19.0656792186 0.3452109065 0.5256859031 6.5816804068 0.0011577852
0.6320000000 0.3452105141 1.5227987426 2.4725670178 19.0656841828 0.3452105141 0.5256861368 6.5816746387 0.0018416432
0.6340000000 0.3452102305 1.5228010464 2.4725645003 19.0656841727 0.3452102305 0.5256865002 6.5816692271 0.0008393598
0.6360000000 0.3452099953 1.5228032421 2.4725621010 19.0656823360 0.3452099953 0.5256869001 6.5816641103 0.0012846246
0.6380000000 0.3452096943 1.5228053286 2.4725598210 19.0656846190 0.3452096943 0.5256871619 6.5816591581 0.0022219177
0.6400000000 0.3452092569 1.5228073031 2.4725576635 19.0656946850 0.3452092569 0.5256871776 6.5816542954 0.0011722080
0.6420000000 0.3452087343 1.5228091632 2.4725556311 19.0657099094 0.3452087343 0.5256870238 6.5816495861 0.0009689919
0.6440000000 0.3452082738 1.5228109097 2.4725537228 19.0657226373 0.3452082738 0.5256869254 6.5816451996 0.0030804114
0.6460000000 0.3452079979 1.5228125421 2.4725519393 19.0657265152 0.3452079979 0.5256870688 6.5816412791 0.0035226717
0.6480000000 0.3452078954 1.5228140593 2.4725502817 19.0657221372 0.3452078954 0.5256874365 6.5816378138 0.0001690655
0.6500000000 0.3452077936 1.5228154627 2.4725487485 19.0657184545 0.3452077936 0.5256877659 6.5816346004 0.0042877739
0.6520000000 0.3452074823 1.5228167542 2.4725473376 19.0657263470 0.3452074823 0.5256877378 6.5816313913 0.0043423817
0.6540000000 0.3452068735 1.5228179329 2.4725460499 19.0657503992 0.3452068735 0.5256872175 6.5816280858 0.0015789514
0.6560000000 0.3452061230 1.5228189995 2.4725448850 19.0657825151 0.3452061230 0.5256864428 6.5816248639 0.0020664905
0.6580000000 0.3452055319 1.5228199577 2.4725438385 19.0658070567 0.3452055319 0.5256858735 6.5816220659 0.0064370396
0.6600000000 0.3452053342 1.5228208089 2.4725429089 19.0658118745 0.3452053342 0.5256858663 6.5816199604 0.0085976880
0.6620000000 0.3452055738 1.5228215516 2.4725420980 19.0657947054 0.3452055738 0.5256864875 6.5816186012 0.0019821044
0.6640000000 0.3452059433 1.5228221853 2.4725414062 19.0657714922 0.3452059433 0.5256872690 6.5816176333 0.0081181154
0.6660000000 0.3452059316 1.5228227172 2.4725408257 19.0657687060 0.3452059316 0.5256874348 6.5816164482 0.0132467641
0.6680000000 0.3452050050 1.5228231432 2.4725403611 19.0658140528 0.3452050050 0.5256861708 6.5816144361 0.0073793489
0.6700000000 0.3452030349 1.5228234619 2.4725400136 19.0659142172 0.3452030349 0.5256832807 6.5816114506 0.0014782129
0.6720000000 0.3452007508 1.5228236750 2.4725397817 19.0660313422 0.3452007508 0.5256798760 6.5816083346 0.0045941536
0.6740000000 0.3451992083 1.5228237868 2.4725396604 19.0661106472 0.3451992083 0.5256775657 6.5816063017 0.0187278963
0.6760000000 0.3451995412 1.5228237985 2.4725396486 19.0660933152 0.3451995412 0.5256780765 6.5816066642 0.0189027904
0.6780000000 0.3452035002 1.5228237012 2.4725397561 19.0658885819 0.3452035002 0.5256840718 6.5816114721 0.0075769240
0.6800000000 0.3452109091 1.5228234942 2.4725399833 19.0655056039 0.3452109091 0.5256952828 6.5816205220 0.0001674378
0.6820000000 0.3452183728 1.5228231802 2.4725403276 19.0651204849 0.3452183728 0.5257065404 6.5816298718 0.0095303215
0.6840000000 0.3452219888 1.5228227657 2.4725407817 19.0649355919 0.3452219888 0.5257119038 6.5816349819 0.0261470638
0.6860000000 0.3452145423 1.5228222449 2.4725413519 19.0653251611 0.3452145423 0.5257003843 6.5816274995 0.0162721213
0.6880000000 0.3451843562 1.5228216115 2.4725420454 19.0668950695 0.3451843562 0.5256541976 6.5815938997 0.0070117121
0.6900000000 0.3451329264 1.5228208713 2.4725428554 19.0695682729 0.3451329264 0.5255756237 6.5815359031 0.0005633716
0.6920000000 0.3450785335 1.5228200317 2.4725437740 19.0723967212 0.3450785335 0.5254925033 6.5814746901 0.0056287522
0.6940000000 0.3450417409 1.5228191034 2.4725447894 19.0743127595 0.3450417409 0.5254361545 6.5814340803 0.0278059617
0.6960000000 0.3450490256 1.5228180973 2.4725458899 19.0739409805 0.3450490256 0.5254469006 6.5814447494 0.0243354140
0.6980000000 0.3451758452 1.5228170160 2.4725470726 19.0673660243 0.3451758452 0.5256396506 6.5815941838 0.0113501415
0.7000000000 0.3454805629 1.5228158795 2.4725483166 19.0515783448 0.3454805629 0.5261032873 6.5819500116 0.0047813857
0.7020000000 0.3459157980 1.5228147089 2.4725495992 19.0290738030 0.3459157980 0.5267656652 6.5824572496 0.0001361601
0.7040000000 0.3463522429 1.5228135275 2.4725508952 19.0065635525 0.3463522429 0.5274298808 6.5829659166 0.0050639653
0.7060000000 0.3466603832 1.5228123581 2.4725521793 18.9907070761 0.3466603832 0.5278987156 6.5833257923 0.0234294168
0.7080000000 0.3467025678 1.5228112201 2.4725534298 18.9885447702 0.3467025678 0.5279625602 6.5833772298 0.0283752906
0.7100000000 0.3459955905 1.5228101391 2.4725546169 19.0249820638 0.3459955905 0.5268855934 6.5825599041 0.0137815019
0.7120000000 0.3438874127 1.5228091404 2.4725557094 19.1345117288 0.3438874127 0.5236748954 6.5801177322 0.0073611475
0.7140000000 0.3402494983 1.5228082414 2.4725566841 19.3267048736 0.3402494983 0.5181347401 6.5759016365 0.0032093870
0.7160000000 0.3356366656 1.5228074564 2.4725575233 19.5763918381 0.3356366656 0.5111100170 6.5705548806 0.0000228961
0.7180000000 0.3309925693 1.5228067942 2.4725582178 19.8348005213 0.3309925693 0.5040377334 6.5651715871 0.0030907513
0.7200000000 0.3272257250 1.5228062595 2.4725587660 20.0497841248 0.3272257250 0.4983013824 6.5608051472 0.0078881166
0.7220000000 0.3250612823 1.5228058538 2.4725591702 20.1755690672 0.3250612823 0.4950052235 6.5582963514 0.0284032188
0.7240000000 0.3261527063 1.5228055777 2.4725594332 20.1119359677 0.3261527063 0.4966671603 6.5595623439 0.0222050627
0.7260000000 0.3361880074 1.5228054466 2.4725595427 19.5462004014 0.3361880074 0.5119489288 6.5711981652 0.0122260019
0.7280000000 0.3619352849 1.5228054597 2.4725594980 18.2382085565 0.3619352849 0.5511570280 6.6010512106 0.0077274025
0.7300000000 0.4074017904 1.5228056245 2.4725592760 16.3322005034 0.4074017904 0.6203937379 6.6537677267 0.0049719126
0.7320000000 0.4725982065 1.5228059553 2.4725588292 14.2390723130 0.4725982065 0.7196753634 6.7293600377 0.0030500032
0.7340000000 0.5538699610 1.5228064727 2.4725580916 12.3198425426 0.5538699610 0.8434367617 6.8235907091 0.0016168015
0.7360000000 0.6452849000 1.5228072005 2.4725569885 10.7387938654 0.6452849000 0.9826444921 6.9295815254 0.0005171083
0.7380000000 0.7403568159 1.5228081663 2.4725554506 9.5086743804 0.7403568159 1.1274214053 7.0398118879 0.0003244511
0.7400000000 0.8334804623 1.5228093963 2.4725534252 8.5758251121 0.8334804623 1.2692318796 7.1477826791 0.0009775889
0.7420000000 0.9205579048 1.5228109137 2.4725508752 7.8742928001 0.9205579048 1.4018356241 7.2487424817 0.0015116557
0.7440000000 0.9989510899 1.5228127293 2.4725477925 7.3473392942 0.9989510899 1.5212154357 7.3396325959 0.0019678724
0.7460000000 1.0672752350 1.5228148391 2.4725441955 6.9512036088 1.0672752350 1.6252625652 7.4188474648 0.0023698650
0.7480000000 1.1251453012 1.5228172283 2.4725401147 6.6533101798 1.1251453012 1.7133906490 7.4859406863 0.0027323766
0.7500000000 1.1729115586 1.5228198708 2.4725355896 6.4295712259 1.1729115586 1.7861330280 7.5413184074 0.0030653867
0.7520000000 1.2114124765 1.5228227328 2.4725306655 6.2620725480 1.2114124765 1.8447664580 7.5859528131 0.0033761696
0.7540000000 1.2417635676 1.5228257765 2.4725253901 6.1373497369 1.2417635676 1.8909895690 7.6211373048 0.0036704142
0.7560000000 1.2651910700 1.5228289632 2.4725198089 6.0451688622 1.2651910700 1.9266696053 7.6482936610 0.0039528612
0.7580000000 1.2829115087 1.5228322551 2.4725139627 5.9776783861 1.2829115087 1.9536590260 7.6688323969 0.0042276502
0.7600000000 1.2960528341 1.5228356129 2.4725078986 5.9288179827 1.2960528341 1.9736754119 7.6840613493 0.0044984944
0.7620000000 1.3056098620 1.5228389938 2.4725016748 5.8939000423 1.3056098620 1.9882336085 7.6951340208 0.0047688033
0.7640000000 1.3124257112 1.5228423537 2.4724953544 5.8693059562 1.3124257112 1.9986174592 7.7030280440 0.0050418615
0.7660000000 1.3171913299 1.5228456496 2.4724889982 5.8522588485 1.3171913299 2.0058790865 7.7085446157 0.0053210054
0.7680000000 1.3204564598 1.5228488421 2.4724826621 5.8406478698 1.3204564598 2.0108555909 7.7123212093 0.0056095161
0.7700000000 1.3226469083 1.5228518963 2.4724764016 5.8328882499 1.3226469083 2.0141953524 7.7148516099 0.0059098191
0.7720000000 1.3240843781 1.5228547779 2.4724702703 5.8278075190 1.3240843781 2.0163882215 7.7165088943 0.0062213470
0.7740000000 1.3250062682 1.5228574484 2.4724643135 5.8245523417 1.3250062682 2.0177956648 7.7175683625 0.0065360725
0.7760000000 1.3255838105 1.5228598660 2.4724585719 5.8225127038 1.3255838105 2.0186783840 7.7182285763 0.0068311513
0.7780000000 1.3259376560 1.5228619936 2.4724530990 5.8212612466 1.3259376560 2.0192200623 7.7186294922 0.0070606279
0.7800000000 1.3261506186 1.5228638089 2.4724479678 5.8205057282 1.3261506186 2.0195467822 7.7188672720 0.0071521671
0.7820000000 1.3262777591 1.5228653057 2.4724432293 5.8200522649 1.3262777591 2.0197423850 7.7190058757 0.0070190681
0.7840000000 1.3263542786 1.5228664883 2.4724388307 5.8197769035 1.3263542786 2.0198604825 7.7190859967 0.0066091349
0.7860000000 1.3264016484 1.5228673852 2.4724345657 5.8196038005 1.3264016484 2.0199338101 7.7191320742 0.0060307545
0.7880000000 1.3264321887 1.5228681037 2.4724301225 5.8194892257 1.3264321887 2.0199812718 7.7191578306 0.0056857275
0.7900000000 1.3264523536 1.5228688690 2.4724251895 5.8194102530 1.3264523536 2.0200129955 7.7191704266 0.0061234787
0.7920000000 1.3264652105 1.5228699472 2.4724194707 5.8193559508 1.3264652105 2.0200340051 7.7191732162 0.0078479218
0.7940000000 1.3264723344 1.5228714690 2.4724126207 5.8193203322 1.3264723344 2.0200468726 7.7191674258 0.0128343029
0.7960000000 1.3264748049 1.5228733538 2.4724044286 5.8192990843 1.3264748049 2.0200531348 7.7191536176 0.0242199290
0.7980000000 1.3264716353 1.5228754582 2.4723948369 5.8192953462 1.3264716353 2.0200510993 7.7191302139 0.0153723498
0.8000000000 1.3264592425 1.5228776659 2.4723844232 5.8193226158 1.3264592425 2.0200351552 7.7190942691 0.0083651313
0.8020000000 1.3264357367 1.5228800396 2.4723745074 5.8193901177 1.3264357367 2.0200025072 7.7190470177 0.0049094000
0.8040000000 1.3264019362 1.5228824632 2.4723656473 5.8194958541 1.3264019362 2.0199542478 7.7189905684 0.0026595525
0.8060000000 1.3263608279 1.5228842452 2.4723568848 5.8196264776 1.3263608279 2.0198940082 7.7189245930 0.0008446375
0.8080000000 1.3263169503 1.5228848177 2.4723473622 5.8197635648 1.3263169503 2.0198279471 7.7188510630 0.0008111518
0.8100000000 1.3262753242 1.5228846471 2.4723383156 5.8198925154 1.3262753242 2.0197643290 7.7187798327 0.0024488418
0.8120000000 1.3262402030 1.5228847615 2.4723321222 5.8200044281 1.3262402030 2.0197109952 7.7187238541 0.0040503241
0.8140000000 1.3262138623 1.5228853765 2.4723293490 5.8200927001 1.3262138623 2.0196716970 7.7186876187 0.0053885385
0.8160000000 1.3261960451 1.5228853577 2.4723277382 5.8201522480 1.3261960451 2.0196445386 7.7186628933 0.0065313977
0.8180000000 1.3261850543 1.5228835407 2.4723249324 5.8201828162 1.3261850543 2.0196253912 7.7186394644 0.0089097633
0.8200000000 1.3261794872 1.5228802642 2.4723217805 5.8201914493 1.3261794872 2.0196125678 7.7186185116 0.0189231904
0.8220000000 1.3261786074 1.5228769672 2.4723214601 5.8201889163 1.3261786074 2.0196068556 7.7186100318 0.0228507345
0.8240000000 1.3261818815 1.5228745906 2.4723267299 5.8201837249 1.3261818815 2.0196086898 7.7186222030 0.0015487610
0.8260000000 1.3261858509 1.5228717316 2.4723349549 5.8201809265 1.3261858509 2.0196109432 7.7186415944 0.0209246495
0.8280000000 1.3261863015 1.5228656625 2.4723400178 5.8201796445 1.3261863015 2.0196035807 7.7186425170 0.0243061214
0.8300000000 1.3261807817 1.5228558656 2.4723410692 5.8201861054 1.3261807817 2.0195821823 7.7186189592 0.0029096676
0.8320000000 1.3261733444 1.5228492801 2.4723516269 5.8202221167 1.3261733444 2.0195621228 7.7186234296 0.0079341597
0.8340000000 1.3261692574 1.5228527585 2.4723843691 5.8203035003 1.3261692574 2.0195605118 7.7187075708 0.0077496575
0.8360000000 1.3261627917 1.5228589795 2.4724219620 5.8204065656 1.3261627917 2.0195589155 7.7188066196 0.0165283300
0.8380000000 1.3261363842 1.5228464279 2.4724169869 5.8204708843 1.3261363842 2.0195020557 7.7187382130 0.0080654617
0.8400000000 1.3260860689 1.5228101043 2.4723577791 5.8204807973 1.3260860689 2.0193772649 7.7184584994 0.0031749526
0.8420000000 1.3260435963 1.5227881099 2.4723258447 5.8205363880 1.3260435963 2.0192834215 7.7182850041 0.0278559130
0.8440000000 1.3260488398 1.5228294782 2.4724262122 5.8207701758 1.3260488398 2.0193462627 7.7186255383 0.0188303867
0.8460000000 1.3260976071 1.5229312620 2.4726522188 5.8211798367 1.3260976071 2.0195555024 7.7194526519 0.0280518177
0.8480000000 1.3260791535 1.5229585385 2.4727154179 5.8214053932 1.3260791535 2.0195635696 7.7196443359 0.0222829694
0.8500000000 1.3258513850 1.5227378633 2.4722441227 5.8209815089 1.3258513850 2.0189241051 7.7177563959 0.0023866455
0.8520000000 1.3255581405 1.5224388887 2.4716025804 5.8203476048 1.3255581405 2.0180812624 7.7152091483 0.0283397376
0.8540000000 1.3256256765 1.5225732817 2.4718871921 5.8208514847 1.3256256765 2.0183622366 7.7162701873 0.0211955911
0.8560000000 1.3263488055 1.5234873055 2.4738403809 5.8233834935 1.3263488055 2.0206755678 7.7238377404 0.0037938939
0.8580000000 1.3269743379 1.5242572341 2.4754848091 5.8254567759 1.3269743379 2.0226502340 7.7302316484 0.0283948855
0.8600000000 1.3260019178 1.5230540073 2.4728981553 5.8221668500 1.3260019178 2.0195725346 7.7202044092 0.0116252485
0.8620000000 1.3233324627 1.5197525267 2.4658256894 5.8131878100 1.3233324627 2.0111378538 7.6927801409 0.0170421160
0.8640000000 1.3223885304 1.5185421530 2.4632333527 5.8097733940 1.3223885304 2.0081027261 7.6827777004 0.0284072882
0.8660000000 1.3278509039 1.5251547447 2.4773765380 5.8273081119 1.3278509039 2.0251781063 7.7377963438 0.0049200441
0.8680000000 1.3364581430 1.5355418159 2.4997577901 5.8550312795 1.3364581430 2.0521873637 7.8250042308 0.0284091669
0.8700000000 1.3344409419 1.5331070336 2.4944839719 5.8484839157 1.3344409419 2.0458407938 7.8044563849 0.0217871422
0.8720000000 1.3102830181 1.5036982162 2.4316291527 5.7700654726 1.3102830181 1.9702702371 7.5604188022 0.0018839977
0.8740000000 1.2867107990 1.4743118120 2.3703961485 5.6923316893 1.2867107990 1.8970129295 7.3243846560 0.0284110454
0.8760000000 1.3126114843 1.5074034714 2.4392630337 5.7819532971 1.3126114843 1.9786351080 7.5894582996 0.0136276506
0.8780000000 1.3994597951 1.6117490149 2.6690091960 6.0667950491 1.3994597951 2.2555779461 8.4902357563 0.0142613861
0.8800000000 1.4373821575 1.6562945106 2.7738796354 6.1961897519 1.4373821575 2.3807281771 8.9062925939 0.0284114616
0.8820000000 1.2466981606 1.4442385582 2.3024646956 5.6600379029 1.2466981606 1.8005295540 7.0563588426 0.0078970701
0.8840000000 0.8778542598 0.8951097880 1.4011747221 4.3909505821 0.8778542598 0.7857759404 3.8546146730 0.0055331376
0.8860000000 0.6174659963 0.3173995962 0.7996956245 3.2881836547 0.6174659963 0.1959834579 2.0303415964 0.0140038302
0.8880000000 0.5247843023 0.0655721394 0.6134854575 2.9247099161 0.5247843023 0.0344112294 1.5348418528 0.0184218710
0.8900000000 0.5042707506 0.0109205869 0.5779337605 2.8652553597 0.5042707506 0.0055069326 1.4448644707 0.0200760856
0.8920000000 0.5006900040 0.0017484052 0.5721061808 2.8565903169 0.5006900040 0.0008754090 1.4302662173 0.0205083230
0.8940000000 0.5001097416 0.0002776176 0.5711755332 2.8552510247 0.5001097416 0.0001388392 1.4279388522 0.0205682479
0.8960000000 0.5000172259 0.0000435645 0.5710275428 2.8550393534 0.5000172259 0.0000217830 1.4275688574 0.0204353056
0.8980000000 0.5000025883 0.0000065456 0.5710041382 2.8550059119 0.5000025883 0.0000032728 1.4275103456 0.0195393447
0.9000000000 0.5000003412 0.0000008628 0.5710005455 2.8550007793 0.5000003412 0.0000004314 1.4275013638 0.0148875949
0.9020000000 0.5000000363 0.0000000917 0.5710000580 2.8550000829 0.5000000363 0.0000000459 1.4275001450 0.0050868496
0.9040000000 0.5000000033 0.0000000083 0.5710000053 2.8550000075 0.5000000033 0.0000000042 1.4275000132 0.0006938534
0.9060000000 0.5000000003 0.0000000007 0.5710000005 2.8550000006 0.5000000003 0.0000000004 1.4275000011 0.0000649469
0.9080000000 0.5000000000 0.0000000001 0.5710000000 2.8550000001 0.5000000000 0.0000000000 1.4275000001 0.0000055565
0.9100000000 0.5000000000 0.0000000000 0.5710000000 2.8550000000 0.5000000000 0.0000000000 1.4275000000 0.0000004696
0.9120000000 0.5000000000 0.0000000000 0.5710000000 2.8550000000 0.5000000000 0.0000000000 1.4275000000 0.0000000396
0.9140000000 0.5000000000 0.0000000000 0.5710000000 2.8550000000 0.5000000000 0.0000000000 1.4275000000 0.0000000033
0.9160000000 0.5000000000 0.0000000000 0.5710000000 2.8550000000 0.5000000000 0.0000000000 1.4275000000 0.0000000003
0.9180000000 0.5000000000 0.0000000000 0.5710000000 2.8550000000 0.5000000000 0.0000000000 1.4275000000 0.0000000000
0.9200000000 0.5000000000 0.0000000000 0.5710000000 2.8550000000 0.5000000000 0.0000000000 1.4275000000 0.0000000000
0.9220000000 0.5000000000 0.0000000000 0.5710000000 2.8550000000 0.5000000000 0.0000000000 1.4275000000 0.0000000000
0.9240000000 0.5000000000 0.0000000000 0.5710000000 2.8550000000 0.5000000000 0.0000000000 1.4275000000 0.0000000000
0.9260000000 0.5000000000 0.0000000000 0.5710000000 2.8550000000 0.5000000000 0.0000000000 1.4275000000 0.0000000000
0.9280000000 0.5000000000 0.0000000000 0.5710000000 2.8550000000 0.5000000000 0.0000000000 1.4275000000 0.0000000000
0.9300000000 0.5000000000 0.0000000000 0.5710000000 2.8550000000 0.5000000000 0.0000000000 1.4275000000 0.0000000000
0.9320000000 0.5000000000 0.0000000000 0.5710000000 2.8550000000 0.5000000000 0.0000000000 1.4275000000 0.0000000000
0.9340000000 0.5000000000 0.0000000000 0.5710000000 2.8550000000 0.5000000000 0.0000000000 1.4275000000 0.0000000000
0.9360000000 0.5000000000 0.0000000000 0.5710000000 2.8550000000 0.5000000000 0.0000000000 1.4275000000 0.0000000000
0.9380000000 0.5000000000 0.0000000000 0.5710000000 2.8550000000 0.5000000000 0.0000000000 1.4275000000 0.0000000000
0.9400000000 0.5000000000 0.0000000000 0.5710000000 2.8550000000 0.5000000000 0.0000000000 1.4275000000 0.0000000000
0.9420000000 0.5000000000 0.0000000000 0.5710000000 2.8550000000 0.5000000000 0.0000000000 1.4275000000 0.0000000000
0.9440000000 0.5000000000 0.0000000000 0.5710000000 2.8550000000 0.5000000000 0.0000000000 1.4275000000 0.0000000000
0.9460000000 0.5000000000 0.0000000000 0.5710000000 2.8550000000 0.5000000000 0.0000000000 1.4275000000 0.0000000000
0.9480000000 0.5000000000 0.0000000000 0.5710000000 2.8550000000 0.5000000000 0.0000000000 1.4275000000 0.0000000000
0.9500000000 0.5000000000 0.0000000000 0.5710000000 2.8550000000 0.5000000000 0.0000000000 1.4275000000 0.0000000000
0.9520000000 0.5000000000 0.0000000000 0.5710000000 2.8550000000 0.5000000000 0.0000000000 1.4275000000 0.0000000000
0.9540000000 0.5000000000 0.0000000000 0.5710000000 2.8550000000 0.5000000000 0.0000000000 1.4275000000 0.0000000000
0.9560000000 0.5000000000 0.0000000000 0.5710000000 2.8550000000 0.5000000000 0.0000000000 1.4275000000 0.0000000000
0.9580000000 0.5000000000 0.0000000000 0.5710000000 2.8550000000 0.5000000000 0.0000000000 1.4275000000 0.0000000000
0.9600000000 0.5000000000 0.0000000000 0.5710000000 2.8550000000 0.5000000000 0.0000000000 1.4275000000 0.0000000000
0.9620000000 0.5000000000 0.0000000000 0.5710000000 2.8550000000 0.5000000000 0.0000000000 1.4275000000 0.0000000000
0.9640000000 0.5000000000 0.0000000000 0.5710000000 2.8550000000 0.5000000000 0.0000000000 1.4275000000 0.0000000000
0.9660000000 0.5000000000 0.0000000000 0.5710000000 2.8550000000 0.5000000000 0.0000000000 1.4275000000 0.0000000000
0.9680000000 0.5000000000 0.0000000000 0.5710000000 2.8550000000 0.5000000000 0.0000000000 1.4275000000 0.0000000000
0.9700000000 0.5000000000 0.0000000000 0.5710000000 2.8550000000 0.5000000000 0.0000000000 1.4275000000 0.0000000000
0.9720000000 0.5000000000 0.0000000000 0.5710000000 2.8550000000 0.5000000000 0.0000000000 1.4275000000 0.0000000000
0.9740000000 0.5000000000 0.0000000000 0.5710000000 2.8550000000 0.5000000000 0.0000000000 1.4275000000 0.0000000000
0.9760000000 0.5000000000 0.0000000000 0.5710000000 2.8550000000 0.5000000000 0.0000000000 1.4275000000 0.0000000000
0.9780000000 0.5000000000 0.0000000000 0.5710000000 2.8550000000 0.5000000000 0.0000000000 1.4275000000 0.0000000000
0.9800000000 0.5000000000 0.0000000000 0.5710000000 2.8550000000 0.5000000000 0.0000000000 1.4275000000 0.0000000000
0.9820000000 0.5000000000 0.0000000000 0.5710000000 2.8550000000 0.5000000000 0.0000000000 1.4275000000 0.0000000000
0.9840000000 0.5000000000 0.0000000000 0.5710000000 2.8550000000 0.5000000000 0.0000000000 1.4275000000 0.0000000000
0.9860000000 0.5000000000 0.0000000000 0.5710000000 2.8550000000 0.5000000000 0.0000000000 1.4275000000 0.0000000000
0.9880000000 0.5000000000 0.0000000000 0.5710000000 2.8550000000 0.5000000000 0.0000000000 1.4275000000 0.0000000000
0.9900000000 0.5000000000 0.0000000000 0.5710000000 2.8550000000 0.5000000000 0.0000000000 1.4275000000 0.0000000000
0.9920000000 0.5000000000 0.0000000000 0.5710000000 2.8550000000 0.5000000000 0.0000000000 1.4275000000 0.0000000000
0.9940000000 0.5000000000 0.0000000000 0.5710000000 2.8550000000 0.5000000000 0.0000000000 1.4275000000 0.0000000000
0.9960000000 0.5000000000 0.0000000000 0.5710000000 2.8550000000 0.5000000000 0.0000000000 1.4275000000 0.0000000000
0.9980000000 0.5000000000 0.0000000000 0.5710000000 2.8550000000 0.5000000000 0.0000000000 1.4275000000 0.0000000000
1.0000000000 0.5000000000 0.0000000000 0.5710000000 2.8550000000 0.5000000000 0.0000000000 1.4275000000 0.0000000000
