TITLE = "1D Euler Filtered MacCormack Result"
VARIABLES = "x", "rho", "u", "p", "E", "rho_conserved", "rhou", "rhoE", "nu"
ZONE T="t=0.20000000", I=101, F=POINT
0.0000000000 0.4000001308 0.4999993883 1.0000004577 6.3750005115 0.4000001308 0.1999998207 2.5500010383 0.0000000000
0.0100000000 0.4000001308 0.4999993883 1.0000004577 6.3750005115 0.4000001308 0.1999998207 2.5500010383 0.0043038662
0.0200000000 0.4000004467 0.4999979108 1.0000015634 6.3750017472 0.4000004467 0.1999993877 2.5500035465 0.0030245303
0.0300000000 0.4000012954 0.4999939412 1.0000045340 6.3750050670 0.4000012954 0.1999982242 2.5500102851 0.0033825372
0.0400000000 0.4000035239 0.4999835186 1.0000123336 6.3750137838 0.4000035239 0.1999951693 2.5500279783 0.0034749940
0.0500000000 0.4000092050 0.4999569475 1.0000322179 6.3750360067 0.4000092050 0.1999873811 2.5500730851 0.0034904891
0.0600000000 0.4000234290 0.4998904219 1.0000820034 6.3750916514 0.4000234290 0.1999678807 2.5501860226 0.0034760501
0.0700000000 0.4000585729 0.4997260570 1.0002050168 6.3752291656 0.4000585729 0.1999196932 2.5504650821 0.0034510172
0.0800000000 0.4001444559 0.4993244126 1.0005056651 6.3755653919 0.4001444559 0.1998018954 2.5511471447 0.0034224224
0.0900000000 0.4003522501 0.4983527647 1.0012332838 6.3763799161 0.4003522501 0.1995166507 2.5527980467 0.0033911405
0.1000000000 0.4008499542 0.4960262751 1.0029771942 6.3783366676 0.4008499542 0.1988321096 2.5567559608 0.0033527623
0.1100000000 0.4020274439 0.4905266579 1.0071093069 6.3829982373 0.4020274439 0.1972051784 2.5661404658 0.0032943946
0.1200000000 0.4047605815 0.4777864478 1.0167340242 6.3939882720 0.4047605815 0.1933891204 2.5880344110 0.0031861421
0.1300000000 0.4108840373 0.4493806186 1.0384601043 6.4194215064 0.4108840373 0.1846433229 2.6376378260 0.0029656782
0.1400000000 0.4236826715 0.3907212911 1.0845225078 6.4757112223 0.4236826715 0.1655418404 2.7436466304 0.0025215101
0.1500000000 0.4471885995 0.2860459952 1.1709577600 6.5871299174 0.4471885995 0.1279165080 2.9456894025 0.0016917271
0.1600000000 0.4819136995 0.1399320673 1.3015612864 6.7618359717 0.4819136995 0.0674351802 3.2586213882 0.0002483063
0.1700000000 0.5180079553 -0.0007334347 1.4395406394 6.9474835294 0.5180079553 -0.0003799250 3.5988517378 0.0022109056
0.1800000000 0.5383693619 -0.0758678115 1.5184145000 7.0538665934 0.5383693619 -0.0408449052 3.7975856567 0.0058837318
0.1900000000 0.5416340765 -0.0878351385 1.5312526189 7.0716025273 0.5416340765 -0.0475745041 3.8302209039 0.0082485853
0.2000000000 0.5393463586 -0.0794498609 1.5222325450 7.0590698435 0.5393463586 -0.0428509932 3.8072836152 0.0007776038
0.2100000000 0.5366218408 -0.0693914891 1.5114834908 7.0440679161 0.5366218408 -0.0372369886 3.7800006920 0.0035932700
0.2200000000 0.5355660721 -0.0654870306 1.5073279105 7.0382878482 0.5355660721 -0.0350726318 3.7694681775 0.0082471784
0.2300000000 0.5356696840 -0.0658839737 1.5077488676 7.0389175865 0.5356696840 -0.0352920473 3.7705347591 0.0045670996
0.2400000000 0.5360180448 -0.0671886306 1.5091356840 7.0408993186 0.5360180448 -0.0360143184 3.7740490864 0.0011183034
0.2500000000 0.5362786670 -0.0681694635 1.5101787731 7.0424076678 0.5362786670 -0.0365578290 3.7766929965 0.0055320678
0.2600000000 0.5363246536 -0.0683581245 1.5103785381 7.0427480771 0.5363246536 -0.0366621474 3.7771994231 0.0082247287
0.2700000000 0.5362854700 -0.0682338047 1.5102449417 7.0426312083 0.5362854700 -0.0365927980 3.7768607872 0.0013555674
0.2800000000 0.5362328894 -0.0680623501 1.5100610965 7.0424527499 0.5362328894 -0.0364972706 3.7763947862 0.0027217172
0.2900000000 0.5362028527 -0.0679782073 1.5099701383 7.0424173118 0.5362028527 -0.0364501087 3.7761642522 0.0081653165
0.3000000000 0.5361963089 -0.0679849327 1.5099758350 7.0425302473 0.5361963089 -0.0364532700 3.7761787240 0.0063096279
0.3100000000 0.5361980184 -0.0680250566 1.5100170106 7.0427025104 0.5361980184 -0.0364749005 3.7762831300 0.0010318216
0.3200000000 0.5362021080 -0.0680761373 1.5100697685 7.0428982695 0.5362021080 -0.0365025683 3.7764168982 0.0011722698
0.3300000000 0.5362035414 -0.0681146035 1.5101089999 7.0430649793 0.5362035414 -0.0365232916 3.7765163845 0.0032952993
0.3400000000 0.5362055427 -0.0681317479 1.5101254206 7.0431164286 0.5362055427 -0.0365326209 3.7765580673 0.0050495736
0.3500000000 0.5362258675 -0.0681368949 1.5101289666 7.0428664417 0.5362258675 -0.0365367656 3.7765671673 0.0042712799
0.3600000000 0.5362932763 -0.0681395739 1.5101297811 7.0419854670 0.5362932763 -0.0365427953 3.7765694580 0.0031512471
0.3700000000 0.5364979934 -0.0681439403 1.5101322528 7.0393110847 0.5364979934 -0.0365590873 3.7765762722 0.0027382867
0.3800000000 0.5370016556 -0.0681511465 1.5101376449 7.0327365779 0.5370016556 -0.0365972785 3.7765911855 0.0014770823
0.3900000000 0.5381588285 -0.0681608548 1.5101455800 7.0176569938 0.5381588285 -0.0366813658 3.7766140666 0.0006154604
0.4000000000 0.5406859412 -0.0681719819 1.5101548521 6.9849116462 0.5406859412 -0.0368596322 3.7766435274 0.0000053448
0.4100000000 0.5460639587 -0.0681830807 1.5101640925 6.9161853264 0.5460639587 -0.0372323230 3.7766795385 0.0005855853
0.4200000000 0.5570720224 -0.0681931301 1.5101720280 6.7795997549 0.5570720224 -0.0379884849 3.7767253467 0.0009054678
0.4300000000 0.5783065434 -0.0682015322 1.5101782876 6.5307763565 0.5783065434 -0.0394413923 3.7767907007 0.0011552644
0.4400000000 0.6154522025 -0.0682084939 1.5101828857 6.1367704322 0.6154522025 -0.0419790678 3.7768888786 0.0009002480
0.4500000000 0.6748050566 -0.0682143835 1.5101864851 5.5972257140 0.6748050566 -0.0460314109 3.7770362148 0.0001175904
0.4600000000 0.7583306815 -0.0682199061 1.5101899815 4.9809926784 0.7583306815 -0.0517332479 3.7772395723 0.0002851752
0.4700000000 0.8674064534 -0.0682260413 1.5101937670 4.3549401798 0.8674064534 -0.0591797085 3.7775032161 0.0012281731
0.4800000000 0.9886329988 -0.0682320450 1.5101990472 3.8212349460 0.9886329988 -0.0674564513 3.7777989639 0.0002490910
0.4900000000 1.1103459413 -0.0682385379 1.5102039839 3.4026288394 1.1103459413 -0.0757683836 3.7780951216 0.0008952559
0.5000000000 1.2165586426 -0.0682442639 1.5102078462 3.1057709920 1.2165586426 -0.0830231490 3.7783525423 0.0009039432
0.5100000000 1.2937224112 -0.0682491841 1.5102108499 2.9206730438 1.2937224112 -0.0882954990 3.7785401727 0.0009917861
0.5200000000 1.3512252448 -0.0682540778 1.5102131097 2.7964843098 1.3512252448 -0.0922266329 3.7786801960 0.0011778349
0.5300000000 1.3886360170 -0.0682594352 1.5102146803 2.7212111205 1.3886360170 -0.0947875103 3.7787717718 0.0027364283
0.5400000000 1.4114459703 -0.0682648873 1.5102152164 2.6772734179 1.4114459703 -0.0963522001 3.7788267769 0.0037994865
0.5500000000 1.4268513789 -0.0682701063 1.5102148991 2.6483924278 1.4268513789 -0.0974112953 3.7788623874 0.0037088563
0.5600000000 1.4359878947 -0.0682755902 1.5102132611 2.6315543021 1.4359878947 -0.0980429210 3.7788801220 0.0049537001
0.5700000000 1.4403397079 -0.0682844451 1.5102052070 2.6235970443 1.4403397079 -0.0983527977 3.7788710005 0.0026076789
0.5800000000 1.4419471814 -0.0682975526 1.5101891460 2.6206479234 1.4419471814 -0.0984814634 3.7788358866 0.0022203613
0.5900000000 1.4429196107 -0.0683061515 1.5101800591 2.6188682007 1.4429196107 -0.0985602855 3.7788162846 0.0081184045
0.6000000000 1.4434720969 -0.0682794398 1.5102323964 2.6179555474 1.4434720969 -0.0985594662 3.7789457835 0.0063741671
0.6100000000 1.4439453429 -0.0680455982 1.5106465868 2.6177994660 1.4439453429 -0.0982541246 3.7799593474 0.0026399354
0.6200000000 1.4445719900 -0.0675845589 1.5114572773 2.6180366125 1.4445719900 -0.0976307608 3.7819423592 0.0047071501
0.6300000000 1.4447800972 -0.0674582809 1.5116820869 2.6180403141 1.4447800972 -0.0974623816 3.7824925395 0.0082478418
0.6400000000 1.4399731299 -0.0715244662 1.5045923959 2.6147461939 1.4399731299 -0.1029933095 3.7651642606 0.0061067194
0.6500000000 1.4071374624 -0.0993177626 1.4568601565 2.5932721595 1.4071374624 -0.1397537444 3.6490904058 0.0038648347
0.6600000000 1.3140738306 -0.1807213306 1.3243094226 2.5358031152 1.3140738306 -0.2374811712 3.3322325131 0.0009206551
0.6700000000 1.1942541532 -0.2937214541 1.1577266287 2.4666710062 1.1942541532 -0.3507780665 2.9458320937 0.0011672286
0.6800000000 1.1016517667 -0.3887794852 1.0321700300 2.4178984738 1.1016517667 -0.4282996067 2.6636821252 0.0022689946
0.6900000000 1.0473942986 -0.4473703205 0.9606813518 2.3930970761 1.0473942986 -0.4685731231 2.5065162336 0.0028776867
0.7000000000 1.0205965455 -0.4769829221 0.9261406637 2.3823821585 1.0205965455 -0.4868071226 2.4314510011 0.0031929777
0.7100000000 1.0086008416 -0.4903629554 0.9108706245 2.3779858568 1.0086008416 -0.4945804895 2.3984385365 0.0033520064
0.7200000000 1.0035061734 -0.4960671532 0.9044234340 2.3761999304 1.0035061734 -0.4978064506 2.3845312993 0.0034394939
0.7300000000 1.0014043605 -0.4984240484 0.9017704143 2.3754777150 1.0014043605 -0.4991240155 2.3788137421 0.0034985490
0.7400000000 1.0005536403 -0.4993786068 0.9006977320 2.3751878598 1.0005536403 -0.4996550829 2.3765028595 0.0035480413
0.7500000000 1.0002146821 -0.4997590294 0.9002705217 2.3750727717 1.0002146821 -0.4998663188 2.3755826574 0.0035948621
0.7600000000 1.0000816833 -0.4999083121 0.9001029242 2.3750276774 1.0000816833 -0.4999491462 2.3752216775 0.0036392931
0.7700000000 1.0000303442 -0.4999659389 0.9000382342 2.3750102801 1.0000303442 -0.4999811099 2.3750823480 0.0036754570
0.7800000000 1.0000108949 -0.4999877705 0.9000137277 2.3750036908 1.0000108949 -0.4999932178 2.3750295663 0.0036856216
0.7900000000 1.0000037028 -0.4999958436 0.9000046656 2.3750012544 1.0000037028 -0.4999976950 2.3750100486 0.0036225990
0.8000000000 1.0000011428 -0.4999987172 0.9000014399 2.3750003871 1.0000011428 -0.4999992886 2.3750031013 0.0033674183
0.8100000000 1.0000002980 -0.4999996654 0.9000003755 2.3750001010 1.0000002980 -0.4999998145 2.3750008088 0.0026684184
0.8200000000 1.0000000615 -0.4999999310 0.9000000774 2.3750000208 1.0000000615 -0.4999999617 2.3750001668 0.0014057309
0.8300000000 1.0000000104 -0.4999999883 0.9000000131 2.3750000035 1.0000000104 -0.4999999935 2.3750000283 0.0004033924
0.8400000000 1.0000000016 -0.4999999982 0.9000000020 2.3750000005 1.0000000016 -0.4999999990 2.3750000044 0.0000755510
0.8500000000 1.0000000002 -0.4999999997 0.9000000003 2.3750000001 1.0000000002 -0.4999999999 2.3750000006 0.0000119408
0.8600000000 1.0000000000 -0.5000000000 0.9000000000 2.3750000000 1.0000000000 -0.5000000000 2.3750000001 0.0000017751
0.8700000000 1.0000000000 -0.5000000000 0.9000000000 2.3750000000 1.0000000000 -0.5000000000 2.3750000000 0.0000002550
0.8800000000 1.0000000000 -0.5000000000 0.9000000000 2.3750000000 1.0000000000 -0.5000000000 2.3750000000 0.0000000356
0.8900000000 1.0000000000 -0.5000000000 0.9000000000 2.3750000000 1.0000000000 -0.5000000000 2.3750000000 0.0000000048
0.9000000000 1.0000000000 -0.5000000000 0.9000000000 2.3750000000 1.0000000000 -0.5000000000 2.3750000000 0.0000000007
0.9100000000 1.0000000000 -0.5000000000 0.9000000000 2.3750000000 1.0000000000 -0.5000000000 2.3750000000 0.0000000001
0.9200000000 1.0000000000 -0.5000000000 0.9000000000 2.3750000000 1.0000000000 -0.5000000000 2.3750000000 0.0000000000
0.9300000000 1.0000000000 -0.5000000000 0.9000000000 2.3750000000 1.0000000000 -0.5000000000 2.3750000000 0.0000000000
0.9400000000 1.0000000000 -0.5000000000 0.9000000000 2.3750000000 1.0000000000 -0.5000000000 2.3750000000 0.0000000000
0.9500000000 1.0000000000 -0.5000000000 0.9000000000 2.3750000000 1.0000000000 -0.5000000000 2.3750000000 0.0000000000
0.9600000000 1.0000000000 -0.5000000000 0.9000000000 2.3750000000 1.0000000000 -0.5000000000 2.3750000000 0.0000000000
0.9700000000 1.0000000000 -0.5000000000 0.9000000000 2.3750000000 1.0000000000 -0.5000000000 2.3750000000 0.0000000000
0.9800000000 1.0000000000 -0.5000000000 0.9000000000 2.3750000000 1.0000000000 -0.5000000000 2.3750000000 0.0000000000
0.9900000000 1.0000000000 -0.5000000000 0.9000000000 2.3750000000 1.0000000000 -0.5000000000 2.3750000000 0.0000000000
1.0000000000 1.0000000000 -0.5000000000 0.9000000000 2.3750000000 1.0000000000 -0.5000000000 2.3750000000 0.0000000000
