TITLE = "1D Euler Filtered MacCormack Result"
VARIABLES = "x", "rho", "u", "p", "E", "rho_conserved", "rhou", "rhoE", "nu"
ZONE T="t=0.20000000", I=501, F=POINT
0.0000000000 1.0000000000 -0.2000000000 0.5000000000 1.2700000000 1.0000000000 -0.2000000000 1.2700000000 0.0000000000
0.0020000000 1.0000000000 -0.2000000000 0.5000000000 1.2700000000 1.0000000000 -0.2000000000 1.2700000000 0.0000000000
0.0040000000 1.0000000000 -0.2000000000 0.5000000000 1.2700000000 1.0000000000 -0.2000000000 1.2700000000 0.0000000000
0.0060000000 1.0000000000 -0.2000000000 0.5000000000 1.2700000000 1.0000000000 -0.2000000000 1.2700000000 0.0000000000
0.0080000000 1.0000000000 -0.2000000000 0.5000000000 1.2700000000 1.0000000000 -0.2000000000 1.2700000000 0.0000000000
0.0100000000 1.0000000000 -0.2000000000 0.5000000000 1.2700000000 1.0000000000 -0.2000000000 1.2700000000 0.0000000000
0.0120000000 1.0000000000 -0.2000000000 0.5000000000 1.2700000000 1.0000000000 -0.2000000000 1.2700000000 0.0000000000
0.0140000000 1.0000000000 -0.2000000000 0.5000000000 1.2700000000 1.0000000000 -0.2000000000 1.2700000000 0.0000000000
0.0160000000 1.0000000000 -0.2000000000 0.5000000000 1.2700000000 1.0000000000 -0.2000000000 1.2700000000 0.0000000000
0.0180000000 1.0000000000 -0.2000000000 0.5000000000 1.2700000000 1.0000000000 -0.2000000000 1.2700000000 0.0000000000
0.0200000000 1.0000000000 -0.2000000000 0.5000000000 1.2700000000 1.0000000000 -0.2000000000 1.2700000000 0.0000000000
0.0220000000 1.0000000000 -0.2000000000 0.5000000000 1.2700000000 1.0000000000 -0.2000000000 1.2700000000 0.0000000000
0.0240000000 1.0000000000 -0.2000000000 0.5000000000 1.2700000000 1.0000000000 -0.2000000000 1.2700000000 0.0000000000
0.0260000000 1.0000000000 -0.2000000000 0.5000000000 1.2700000000 1.0000000000 -0.2000000000 1.2700000000 0.0000000000
0.0280000000 1.0000000000 -0.2000000000 0.5000000000 1.2700000000 1.0000000000 -0.2000000000 1.2700000000 0.0000000000
0.0300000000 1.0000000000 -0.2000000000 0.5000000000 1.2700000000 1.0000000000 -0.2000000000 1.2700000000 0.0000000000
0.0320000000 1.0000000000 -0.2000000000 0.5000000000 1.2700000000 1.0000000000 -0.2000000000 1.2700000000 0.0000000000
0.0340000000 1.0000000000 -0.2000000000 0.5000000000 1.2700000000 1.0000000000 -0.2000000000 1.2700000000 0.0000000000
0.0360000000 1.0000000000 -0.2000000000 0.5000000000 1.2700000000 1.0000000000 -0.2000000000 1.2700000000 0.0000000000
0.0380000000 1.0000000000 -0.2000000000 0.5000000000 1.2700000000 1.0000000000 -0.2000000000 1.2700000000 0.0000000000
0.0400000000 1.0000000000 -0.2000000000 0.5000000000 1.2700000000 1.0000000000 -0.2000000000 1.2700000000 0.0000000000
0.0420000000 1.0000000000 -0.2000000000 0.5000000000 1.2700000000 1.0000000000 -0.2000000000 1.2700000000 0.0000000000
0.0440000000 1.0000000000 -0.2000000000 0.5000000000 1.2700000000 1.0000000000 -0.2000000000 1.2700000000 0.0000000000
0.0460000000 1.0000000000 -0.2000000000 0.5000000000 1.2700000000 1.0000000000 -0.2000000000 1.2700000000 0.0000000000
0.0480000000 1.0000000000 -0.2000000000 0.5000000000 1.2700000000 1.0000000000 -0.2000000000 1.2700000000 0.0000000000
0.0500000000 1.0000000000 -0.2000000000 0.5000000000 1.2700000000 1.0000000000 -0.2000000000 1.2700000000 0.0000000000
0.0520000000 1.0000000000 -0.2000000000 0.5000000000 1.2700000000 1.0000000000 -0.2000000000 1.2700000000 0.0000000000
0.0540000000 1.0000000000 -0.2000000000 0.5000000000 1.2700000000 1.0000000000 -0.2000000000 1.2700000000 0.0000000000
0.0560000000 1.0000000000 -0.2000000000 0.5000000000 1.2700000000 1.0000000000 -0.2000000000 1.2700000000 0.0000000000
0.0580000000 1.0000000000 -0.2000000000 0.5000000000 1.2700000000 1.0000000000 -0.2000000000 1.2700000000 0.0000000000
0.0600000000 1.0000000000 -0.2000000000 0.5000000000 1.2700000000 1.0000000000 -0.2000000000 1.2700000000 0.0000000000
0.0620000000 1.0000000000 -0.2000000000 0.5000000000 1.2700000000 1.0000000000 -0.2000000000 1.2700000000 0.0000000000
0.0640000000 1.0000000000 -0.2000000000 0.5000000000 1.2700000000 1.0000000000 -0.2000000000 1.2700000000 0.0000000000
0.0660000000 1.0000000000 -0.2000000000 0.5000000000 1.2700000000 1.0000000000 -0.2000000000 1.2700000000 0.0000000000
0.0680000000 1.0000000000 -0.2000000000 0.5000000000 1.2700000000 1.0000000000 -0.2000000000 1.2700000000 0.0000000000
0.0700000000 1.0000000000 -0.2000000000 0.5000000000 1.2700000000 1.0000000000 -0.2000000000 1.2700000000 0.0000000000
0.0720000000 1.0000000000 -0.2000000000 0.5000000000 1.2700000000 1.0000000000 -0.2000000000 1.2700000000 0.0000000000
0.0740000000 1.0000000000 -0.2000000000 0.5000000000 1.2700000000 1.0000000000 -0.2000000000 1.2700000000 0.0000000000
0.0760000000 1.0000000000 -0.2000000000 0.5000000000 1.2700000000 1.0000000000 -0.2000000000 1.2700000000 0.0000000000
0.0780000000 1.0000000000 -0.2000000000 0.5000000000 1.2700000000 1.0000000000 -0.2000000000 1.2700000000 0.0000000000
0.0800000000 1.0000000000 -0.2000000000 0.5000000000 1.2700000000 1.0000000000 -0.2000000000 1.2700000000 0.0000000000
0.0820000000 1.0000000000 -0.2000000000 0.5000000000 1.2700000000 1.0000000000 -0.2000000000 1.2700000000 0.0000000000
0.0840000000 1.0000000000 -0.2000000000 0.5000000000 1.2700000000 1.0000000000 -0.2000000000 1.2700000000 0.0000000000
0.0860000000 1.0000000000 -0.2000000000 0.5000000000 1.2700000000 1.0000000000 -0.2000000000 1.2700000000 0.0000000000
0.0880000000 1.0000000000 -0.2000000000 0.5000000000 1.2700000000 1.0000000000 -0.2000000000 1.2700000000 0.0000000000
0.0900000000 1.0000000000 -0.2000000000 0.5000000000 1.2700000000 1.0000000000 -0.2000000000 1.2700000000 0.0000000000
0.0920000000 1.0000000000 -0.2000000000 0.5000000000 1.2700000000 1.0000000000 -0.2000000000 1.2700000000 0.0000000000
0.0940000000 1.0000000000 -0.2000000000 0.5000000000 1.2700000000 1.0000000000 -0.2000000000 1.2700000000 0.0000000000
0.0960000000 1.0000000000 -0.2000000000 0.5000000000 1.2700000000 1.0000000000 -0.2000000000 1.2700000000 0.0000000000
0.0980000000 1.0000000000 -0.2000000000 0.5000000000 1.2700000000 1.0000000000 -0.2000000000 1.2700000000 0.0000000000
0.1000000000 1.0000000000 -0.2000000000 0.5000000000 1.2700000000 1.0000000000 -0.2000000000 1.2700000000 0.0000000000
0.1020000000 1.0000000000 -0.2000000000 0.5000000000 1.2700000000 1.0000000000 -0.2000000000 1.2700000000 0.0000000000
0.1040000000 1.0000000000 -0.2000000000 0.5000000000 1.2700000000 1.0000000000 -0.2000000000 1.2700000000 0.0000000000
0.1060000000 1.0000000000 -0.2000000000 0.5000000000 1.2700000000 1.0000000000 -0.2000000000 1.2700000000 0.0000000000
0.1080000000 1.0000000000 -0.2000000000 0.5000000000 1.2700000000 1.0000000000 -0.2000000000 1.2700000000 0.0000000000
0.1100000000 1.0000000000 -0.2000000000 0.5000000000 1.2700000000 1.0000000000 -0.2000000000 1.2700000000 0.0000000000
0.1120000000 1.0000000000 -0.2000000000 0.5000000000 1.2700000000 1.0000000000 -0.2000000000 1.2700000000 0.0000000000
0.1140000000 1.0000000000 -0.2000000000 0.5000000000 1.2700000000 1.0000000000 -0.2000000000 1.2700000000 0.0000000000
0.1160000000 1.0000000000 -0.2000000000 0.5000000000 1.2700000000 1.0000000000 -0.2000000000 1.2700000000 0.0000000000
0.1180000000 1.0000000000 -0.2000000000 0.5000000000 1.2700000000 1.0000000000 -0.2000000000 1.2700000000 0.0000000000
0.1200000000 1.0000000000 -0.2000000000 0.5000000000 1.2700000000 1.0000000000 -0.2000000000 1.2700000000 0.0000000000
0.1220000000 1.0000000000 -0.2000000000 0.5000000000 1.2700000000 1.0000000000 -0.2000000000 1.2700000000 0.0000000000
0.1240000000 1.0000000000 -0.2000000000 0.5000000000 1.2700000000 1.0000000000 -0.2000000000 1.2700000000 0.0000000000
0.1260000000 1.0000000000 -0.2000000000 0.5000000000 1.2700000000 1.0000000000 -0.2000000000 1.2700000000 0.0000000000
0.1280000000 1.0000000000 -0.2000000000 0.5000000000 1.2700000000 1.0000000000 -0.2000000000 1.2700000000 0.0000000000
0.1300000000 1.0000000000 -0.2000000000 0.5000000000 1.2700000000 1.0000000000 -0.2000000000 1.2700000000 0.0000000000
0.1320000000 1.0000000000 -0.2000000000 0.5000000000 1.2700000000 1.0000000000 -0.2000000000 1.2700000000 0.0000000000
0.1340000000 1.0000000000 -0.2000000000 0.5000000000 1.2700000000 1.0000000000 -0.2000000000 1.2700000000 0.0000000000
0.1360000000 1.0000000000 -0.2000000000 0.5000000000 1.2700000000 1.0000000000 -0.2000000000 1.2700000000 0.0000000000
0.1380000000 1.0000000000 -0.2000000000 0.5000000000 1.2700000000 1.0000000000 -0.2000000000 1.2700000000 0.0000000000
0.1400000000 1.0000000000 -0.2000000000 0.5000000000 1.2700000000 1.0000000000 -0.2000000000 1.2700000000 0.0000000000
0.1420000000 1.0000000000 -0.2000000000 0.5000000000 1.2700000000 1.0000000000 -0.2000000000 1.2700000000 0.0000000000
0.1440000000 1.0000000000 -0.2000000000 0.5000000000 1.2700000000 1.0000000000 -0.2000000000 1.2700000000 0.0000000000
0.1460000000 1.0000000000 -0.2000000000 0.5000000000 1.2700000000 1.0000000000 -0.2000000000 1.2700000000 0.0000000000
0.1480000000 1.0000000000 -0.2000000000 0.5000000000 1.2700000000 1.0000000000 -0.2000000000 1.2700000000 0.0000000000
0.1500000000 1.0000000000 -0.2000000000 0.5000000000 1.2700000000 1.0000000000 -0.2000000000 1.2700000000 0.0000000000
0.1520000000 1.0000000000 -0.2000000000 0.5000000000 1.2700000000 1.0000000000 -0.2000000000 1.2700000000 0.0000000000
0.1540000000 1.0000000000 -0.2000000000 0.5000000000 1.2700000000 1.0000000000 -0.2000000000 1.2700000000 0.0000000000
0.1560000000 1.0000000000 -0.2000000000 0.5000000000 1.2700000000 1.0000000000 -0.2000000000 1.2700000000 0.0000000000
0.1580000000 1.0000000000 -0.2000000000 0.5000000000 1.2700000000 1.0000000000 -0.2000000000 1.2700000000 0.0000000000
0.1600000000 1.0000000000 -0.2000000000 0.5000000000 1.2700000000 1.0000000000 -0.2000000000 1.2700000000 0.0000000000
0.1620000000 1.0000000000 -0.2000000000 0.5000000000 1.2700000000 1.0000000000 -0.2000000000 1.2700000000 0.0000000000
0.1640000000 1.0000000000 -0.2000000000 0.5000000000 1.2700000000 1.0000000000 -0.2000000000 1.2700000000 0.0000000000
0.1660000000 1.0000000000 -0.2000000000 0.5000000000 1.2700000000 1.0000000000 -0.2000000000 1.2700000000 0.0000000000
0.1680000000 1.0000000000 -0.2000000000 0.5000000000 1.2700000000 1.0000000000 -0.2000000000 1.2700000000 0.0000000000
0.1700000000 1.0000000000 -0.2000000000 0.5000000000 1.2700000000 1.0000000000 -0.2000000000 1.2700000000 0.0000000000
0.1720000000 1.0000000000 -0.2000000000 0.5000000000 1.2700000000 1.0000000000 -0.2000000000 1.2700000000 0.0000000000
0.1740000000 1.0000000000 -0.2000000000 0.5000000000 1.2700000000 1.0000000000 -0.2000000000 1.2700000000 0.0000000000
0.1760000000 1.0000000000 -0.2000000000 0.5000000000 1.2700000000 1.0000000000 -0.2000000000 1.2700000000 0.0000000000
0.1780000000 1.0000000000 -0.2000000000 0.5000000000 1.2700000000 1.0000000000 -0.2000000000 1.2700000000 0.0000000000
0.1800000000 1.0000000000 -0.2000000000 0.5000000000 1.2700000000 1.0000000000 -0.2000000000 1.2700000000 0.0000000000
0.1820000000 1.0000000000 -0.2000000000 0.5000000000 1.2700000000 1.0000000000 -0.2000000000 1.2700000000 0.0000000000
0.1840000000 1.0000000000 -0.2000000000 0.5000000000 1.2700000000 1.0000000000 -0.2000000000 1.2700000000 0.0000000000
0.1860000000 1.0000000000 -0.2000000000 0.5000000000 1.2700000000 1.0000000000 -0.2000000000 1.2700000000 0.0000000000
0.1880000000 1.0000000000 -0.2000000000 0.5000000000 1.2700000000 1.0000000000 -0.2000000000 1.2700000000 0.0000000000
0.1900000000 1.0000000000 -0.2000000000 0.5000000000 1.2700000000 1.0000000000 -0.2000000000 1.2700000000 0.0000000000
0.1920000000 1.0000000000 -0.2000000000 0.5000000000 1.2700000000 1.0000000000 -0.2000000000 1.2700000000 0.0000000000
0.1940000000 1.0000000000 -0.2000000000 0.5000000000 1.2700000000 1.0000000000 -0.2000000000 1.2700000000 0.0000000000
0.1960000000 1.0000000000 -0.2000000000 0.5000000000 1.2700000000 1.0000000000 -0.2000000000 1.2700000000 0.0000000000
0.1980000000 1.0000000000 -0.2000000000 0.5000000000 1.2700000000 1.0000000000 -0.2000000000 1.2700000000 0.0000000000
0.2000000000 1.0000000000 -0.2000000000 0.5000000000 1.2700000000 1.0000000000 -0.2000000000 1.2700000000 0.0000000000
0.2020000000 1.0000000000 -0.2000000000 0.5000000000 1.2700000000 1.0000000000 -0.2000000000 1.2700000000 0.0000000000
0.2040000000 1.0000000000 -0.2000000000 0.5000000000 1.2700000000 1.0000000000 -0.2000000000 1.2700000000 0.0000000000
0.2060000000 1.0000000000 -0.2000000000 0.5000000000 1.2700000000 1.0000000000 -0.2000000000 1.2700000000 0.0000000000
0.2080000000 1.0000000000 -0.2000000000 0.5000000000 1.2700000000 1.0000000000 -0.2000000000 1.2700000000 0.0000000000
0.2100000000 1.0000000000 -0.2000000000 0.5000000000 1.2700000000 1.0000000000 -0.2000000000 1.2700000000 0.0000000001
0.2120000000 1.0000000000 -0.2000000000 0.5000000000 1.2700000000 1.0000000000 -0.2000000000 1.2700000000 0.0000000002
0.2140000000 1.0000000000 -0.2000000000 0.5000000000 1.2700000000 1.0000000000 -0.2000000000 1.2700000000 0.0000000008
0.2160000000 1.0000000000 -0.2000000000 0.5000000000 1.2700000000 1.0000000000 -0.2000000000 1.2700000000 0.0000000028
0.2180000000 1.0000000000 -0.2000000000 0.5000000000 1.2700000000 1.0000000000 -0.2000000000 1.2700000000 0.0000000099
0.2200000000 1.0000000000 -0.2000000000 0.5000000000 1.2700000000 1.0000000000 -0.2000000000 1.2700000000 0.0000000334
0.2220000000 1.0000000000 -0.2000000000 0.5000000000 1.2700000000 1.0000000000 -0.2000000000 1.2700000000 0.0000001101
0.2240000000 1.0000000000 -0.2000000000 0.5000000000 1.2700000000 1.0000000000 -0.2000000000 1.2700000000 0.0000003538
0.2260000000 1.0000000000 -0.2000000000 0.5000000000 1.2700000000 1.0000000000 -0.2000000000 1.2700000000 0.0000011088
0.2280000000 1.0000000000 -0.2000000000 0.5000000000 1.2700000000 1.0000000000 -0.2000000000 1.2700000000 0.0000033860
0.2300000000 0.9999999999 -0.1999999999 0.5000000000 1.2700000000 0.9999999999 -0.1999999999 1.2699999999 0.0000100736
0.2320000000 0.9999999998 -0.1999999998 0.4999999999 1.2699999999 0.9999999998 -0.1999999998 1.2699999996 0.0000291869
0.2340000000 0.9999999994 -0.1999999995 0.4999999996 1.2699999996 0.9999999994 -0.1999999994 1.2699999988 0.0000822949
0.2360000000 0.9999999982 -0.1999999985 0.4999999987 1.2699999988 0.9999999982 -0.1999999981 1.2699999965 0.0002254315
0.2380000000 0.9999999950 -0.1999999958 0.4999999965 1.2699999966 0.9999999950 -0.1999999948 1.2699999903 0.0005976317
0.2400000000 0.9999999863 -0.1999999885 0.4999999904 1.2699999909 0.9999999863 -0.1999999858 1.2699999734 0.0015199624
0.2420000000 0.9999999637 -0.1999999696 0.4999999746 1.2699999758 0.9999999637 -0.1999999624 1.2699999296 0.0036418277
0.2440000000 0.9999999070 -0.1999999222 0.4999999349 1.2699999379 0.9999999070 -0.1999999036 1.2699998198 0.0079599301
0.2460000000 0.9999997712 -0.1999998086 0.4999998398 1.2699998473 0.9999997712 -0.1999997628 1.2699995568 0.0151956244
0.2480000000 0.9999994633 -0.1999995510 0.4999996243 1.2699996419 0.9999994633 -0.1999994437 1.2699989603 0.0244507068
0.2500000000 0.9999988049 -0.1999990001 0.4999991634 1.2699992024 0.9999988049 -0.1999987610 1.2699976846 0.0331264268
0.2520000000 0.9999974701 -0.1999978833 0.4999982291 1.2699983117 0.9999974701 -0.1999973774 1.2699950988 0.0391827588
0.2540000000 0.9999948822 -0.1999957181 0.4999964175 1.2699965847 0.9999948822 -0.1999946946 1.2699900852 0.0424309619
0.2560000000 0.9999900395 -0.1999916664 0.4999930277 1.2699933531 0.9999900395 -0.1999896744 1.2699807033 0.0436470631
0.2580000000 0.9999812381 -0.1999843026 0.4999868667 1.2699874797 0.9999812381 -0.1999805505 1.2699636523 0.0436149487
0.2600000000 0.9999656455 -0.1999712567 0.4999759521 1.2699770745 0.9999656455 -0.1999643868 1.2699334451 0.0428553928
0.2620000000 0.9999386714 -0.1999486880 0.4999570708 1.2699590747 0.9999386714 -0.1999364254 1.2698811899 0.0416671208
0.2640000000 0.9998930781 -0.1999105401 0.4999251570 1.2699286513 0.9998930781 -0.1998891653 1.2697928681 0.0402116323
0.2660000000 0.9998177853 -0.1998475404 0.4998724564 1.2698784124 0.9998177853 -0.1998111252 1.2696470219 0.0385739894
0.2680000000 0.9996963601 -0.1997459341 0.4997874701 1.2697973982 0.9996963601 -0.1996852833 1.2694118371 0.0367985191
0.2700000000 0.9995052554 -0.1995860053 0.4996537255 1.2696699090 0.9995052554 -0.1994872612 1.2690417466 0.0349086663
0.2720000000 0.9992119687 -0.1993405247 0.4994484939 1.2694742859 0.9992119687 -0.1991834381 1.2684739004 0.0329180846
0.2740000000 0.9987734406 -0.1989733859 0.4991416825 1.2691818573 0.9987734406 -0.1987293332 1.2676251304 0.0308370887
0.2760000000 0.9981351543 -0.1984388072 0.4986952268 1.2687563650 0.9981351543 -0.1980687495 1.2663903302 0.0286766245
0.2780000000 0.9972314936 -0.1976815536 0.4980633779 1.2681542425 0.9972314936 -0.1971342709 1.2646433493 0.0264507836
0.2800000000 0.9959878768 -0.1966386012 0.4971942499 1.2673260950 0.9959878768 -0.1958496629 1.2622414266 0.0241782826
0.2820000000 0.9943249626 -0.1952424867 0.4960328310 1.2662195701 0.9943249626 -0.1941344783 1.2590337267 0.0218830272
0.2840000000 0.9921647846 -0.1934262355 0.4945253543 1.2647835191 0.9921647846 -0.1919106993 1.2548736679 0.0195937814
0.2860000000 0.9894381258 -0.1911293248 0.4926245255 1.2629729699 0.9894381258 -0.1891106409 1.2496336083 0.0173429930
0.2880000000 0.9860919392 -0.1883037423 0.4902947538 1.2607541007 0.9860919392 -0.1856848024 1.2432194560 0.0151649180
0.2900000000 0.9820953878 -0.1849190086 0.4875163659 1.2581082504 0.9820953878 -0.1816081054 1.2355823100 0.0130932949
0.2920000000 0.9774432500 -0.1809651615 0.4842879160 1.2550341272 0.9774432500 -0.1768831756 1.2267246361 0.0111588828
0.2940000000 0.9721560080 -0.1764531322 0.4806261198 1.2515477681 0.9721560080 -0.1715399726 1.2166996821 0.0093871926
0.2960000000 0.9662767174 -0.1714125448 0.4765635034 1.2476803320 0.9662767174 -0.1656319511 1.2056044556 0.0077966938
0.2980000000 0.9598654725 -0.1658875333 0.4721443691 1.2434742881 0.9598654725 -0.1592297156 1.1935680351 0.0063977080
0.3000000000 0.9529927008 -0.1599315157 0.4674199707 1.2389788423 0.9529927008 -0.1524135671 1.1807377931 0.0051921075
0.3020000000 0.9457325513 -0.1536019146 0.4624438033 1.2342454533 0.9457325513 -0.1452663306 1.1672661015 0.0041738330
0.3040000000 0.9381573490 -0.1469556182 0.4572676934 1.2293240960 0.9381573490 -0.1378674932 1.1532994350 0.0033301365
0.3060000000 0.9303336379 -0.1400456367 0.4519390469 1.2242606153 0.9303336379 -0.1302891666 1.1389708320 0.0026433462
0.3080000000 0.9223198988 -0.1329190685 0.4464992992 1.2190952218 0.9223198988 -0.1225939018 1.1243957816 0.0020928760
0.3100000000 0.9141657080 -0.1256162319 0.4409833890 1.2138619653 0.9141657080 -0.1148340515 1.1096709829 0.0016571817
0.3120000000 0.9059119505 -0.1181706758 0.4354199704 1.2085889168 0.9059119505 -0.1070522274 1.0948751430 0.0013154077
0.3140000000 0.8975916792 -0.1106097540 0.4298320691 1.2032987808 0.8975916792 -0.0992823949 1.0800709733 0.0010485690
0.3160000000 0.8892312756 -0.1029554843 0.4242379382 1.1980097031 0.8892312756 -0.0915512367 1.0653076965 0.0008402268
0.3180000000 0.8808516687 -0.0952254898 0.4186519434 1.1927361105 0.8808516687 -0.0838795316 1.0506235933 0.0006767122
0.3200000000 0.8724694668 -0.0874338945 0.4130853757 1.1874894837 0.8724694668 -0.0762834033 1.0360483167 0.0005470144
0.3220000000 0.8640979319 -0.0795921097 0.4075471469 1.1822790198 0.8640979319 -0.0687753774 1.0216048559 0.0004424602
0.3240000000 0.8557477816 -0.0717094903 0.4020443586 1.1771121739 0.8557477816 -0.0613652373 1.0073111315 0.0003562990
0.3260000000 0.8474278321 -0.0637938694 0.3965827549 1.1719950896 0.8474278321 -0.0540607004 0.9931812579 0.0002832716
0.3280000000 0.8391455075 -0.0558519886 0.3911670793 1.1669329377 0.8391455075 -0.0468679453 0.9792265322 0.0002192098
0.3300000000 0.8309072494 -0.0478898516 0.3858013584 1.1619301839 0.8309072494 -0.0397920249 0.9654562131 0.0001606813
0.3320000000 0.8227188539 -0.0399130233 0.3804891333 1.1569908053 0.8227188539 -0.0328371968 0.9518781493 0.0001046803
0.3340000000 0.8145857657 -0.0319269006 0.3752336576 1.1521184732 0.8145857657 -0.0260071987 0.9384993087 0.0000483545
0.3360000000 0.8065133520 -0.0239369768 0.3700380781 1.1473167188 0.8065133520 -0.0193054914 0.9253262527 0.0000110801
0.3380000000 0.7985071513 -0.0159491000 0.3649055987 1.1425890863 0.7985071513 -0.0127354704 0.9123655564 0.0000762140
0.3400000000 0.7905730991 -0.0079696983 0.3598396163 1.1379392351 0.7905730991 -0.0063006291 0.8996241477 0.0001504097
0.3420000000 0.7827178441 -0.0000061264 0.3548439179 1.1333711137 0.7827178441 -0.0000047953 0.8871097947 0.0002385134
0.3440000000 0.7749491562 0.0079328799 0.3499229322 1.1288891761 0.7749491562 0.0061475786 0.8748317145 0.0003469551
0.3460000000 0.7672764657 0.0158365996 0.3450820536 1.1244986498 0.7672764657 0.0121510502 0.8628013497 0.0004847531
0.3480000000 0.7597115901 0.0236914943 0.3403280800 1.1202059034 0.7597115901 0.0179987028 0.8510334081 0.0006648997
0.3500000000 0.7522697512 0.0314800420 0.3356698182 1.1160189430 0.7522697512 0.0236814834 0.8395472926 0.0009065996
0.3520000000 0.7449710097 0.0391790747 0.3311189388 1.1119481179 0.7449710097 0.0291872749 0.8283691121 0.0012388108
0.3540000000 0.7378423154 0.0467573986 0.3266911914 1.1080071132 0.7378423154 0.0344995872 0.8175345339 0.0017060366
0.3560000000 0.7309204201 0.0541723911 0.3224081312 1.1042143618 0.7309204201 0.0395957068 0.8070928251 0.0023778235
0.3580000000 0.7242559598 0.0613652168 0.3182995319 1.1005950044 0.7242559598 0.0444441240 0.7971124913 0.0033645463
0.3600000000 0.7179189377 0.0682543642 0.3144066223 1.0971835174 0.7179189377 0.0490011006 0.7876888252 0.0048438845
0.3620000000 0.7120054627 0.0747276434 0.3107860575 1.0940269175 0.7120054627 0.0532064903 0.7789531416 0.0071060112
0.3640000000 0.7066444006 0.0806341700 0.3075138245 1.0911878951 0.7066444006 0.0569796847 0.7710818160 0.0106336649
0.3660000000 0.7019997811 0.0857811418 0.3046866196 1.0887458497 0.7019997811 0.0602183428 0.7642993481 0.0162566643
0.3680000000 0.6982596397 0.0899462823 0.3024151623 1.0867912728 0.6982596397 0.0628058587 0.7588624826 0.0255030797
0.3700000000 0.6955958643 0.0929239762 0.3008002410 1.0854058075 0.6955958643 0.0646375336 0.7550037908 0.0416333377
0.3720000000 0.6940808694 0.0946215139 0.2998829086 1.0846205939 0.6940808694 0.0656749826 0.7528144048 0.0737679632
0.3740000000 0.6935728987 0.0951910757 0.2995756408 1.0843581887 0.6935728987 0.0660219503 0.7520814522 0.1634171864
0.3760000000 0.6936644863 0.0950880947 0.2996311843 1.0844059981 0.6936644863 0.0659592343 0.7522139296 0.1275500528
0.3780000000 0.6941540395 0.0945389184 0.2999275215 1.0846595983 0.6941540395 0.0656245721 0.7529208417 0.0475974119
0.3800000000 0.6950197887 0.0935687368 0.3004516530 1.0851081245 0.6950197887 0.0650321237 0.7541716194 0.0238987325
0.3820000000 0.6961505983 0.0923032617 0.3011365250 1.0856945010 0.6961505983 0.0642569709 0.7558068764 0.0042918784
0.3840000000 0.6973079084 0.0910101610 0.3018377798 1.0862952916 0.6973079084 0.0634621050 0.7574822977 0.0192098432
0.3860000000 0.6981808277 0.0900361025 0.3023669740 1.0867490287 0.6981808277 0.0628614805 0.7587473363 0.0512305048
0.3880000000 0.6986056850 0.0895622235 0.3026247166 1.0869703794 0.6986056850 0.0625686785 0.7593636865 0.1052087098
0.3900000000 0.6986828560 0.0894758631 0.3026717093 1.0870111809 0.6986828560 0.0625152516 0.7594760763 0.1627997078
0.3920000000 0.6986083597 0.0895585112 0.3026267446 1.0869731578 0.6986083597 0.0625663246 0.7593685349 0.0544260304
0.3940000000 0.6984624851 0.0897207264 0.3025385060 1.0868980452 0.6984624851 0.0626665616 0.7591575097 0.0065765286
0.3960000000 0.6983127617 0.0898872517 0.3024479476 1.0868209714 0.6983127617 0.0627694150 0.7589409540 0.0344957386
0.3980000000 0.6982228319 0.0899871023 0.3023936609 1.0867750374 0.6982228319 0.0628310494 0.7588111443 0.0889078151
0.4000000000 0.6981996167 0.0900125297 0.3023798408 1.0867638417 0.6981996167 0.0628467138 0.7587780978 0.1598712398
0.4020000000 0.6982086360 0.0900019846 0.3023855777 1.0867694482 0.6982086360 0.0628401629 0.7587918140 0.0677192222
0.4040000000 0.6982306966 0.0899768722 0.3023992349 1.0867818790 0.6982306966 0.0628246142 0.7588244684 0.0009545180
0.4060000000 0.6982514502 0.0899531886 0.3024121158 1.0867936855 0.6982514502 0.0628099444 0.7588552669 0.0518184998
0.4080000000 0.6982605531 0.0899424654 0.3024179503 1.0867994950 0.6982605531 0.0628032756 0.7588692165 0.1303613895
0.4100000000 0.6982604194 0.0899420104 0.3024182018 1.0868005618 0.6982604194 0.0628029459 0.7588698161 0.1350598811
0.4120000000 0.6982564591 0.0899457941 0.3024161486 1.0867996920 0.6982564591 0.0628052317 0.7588649047 0.0148961209
0.4140000000 0.6982518776 0.0899502355 0.3024137378 1.0867985644 0.6982518776 0.0628079208 0.7588591382 0.0417682660
0.4160000000 0.6982493318 0.0899523634 0.3024125849 1.0867985756 0.6982493318 0.0628091777 0.7588563792 0.1138467303
0.4180000000 0.6982487316 0.0899522786 0.3024126352 1.0867996788 0.6982487316 0.0628090645 0.7588564972 0.0867982960
0.4200000000 0.6982490145 0.0899511673 0.3024132438 1.0868013191 0.6982490145 0.0628083139 0.7588579500 0.0016678592
0.4220000000 0.6982492026 0.0899501118 0.3024138222 1.0868030033 0.6982492026 0.0628075938 0.7588593305 0.0467125233
0.4240000000 0.6982486758 0.0899497994 0.3024139966 1.0868044168 0.6982486758 0.0628073283 0.7588597449 0.0632732057
0.4260000000 0.6982475872 0.0899500588 0.3024138604 1.0868056402 0.6982475872 0.0628074115 0.7588594161 0.0171183787
0.4280000000 0.6982463270 0.0899504480 0.3024136535 1.0868068889 0.6982463270 0.0628075699 0.7588589184 0.0238623372
0.4300000000 0.6982452323 0.0899505811 0.3024135860 1.0868083567 0.6982452323 0.0628075644 0.7588587534 0.0377709659
0.4320000000 0.6982443239 0.0899504325 0.3024136716 1.0868100583 0.6982443239 0.0628073789 0.7588589544 0.0119043659
0.4340000000 0.6982434114 0.0899502088 0.3024137980 1.0868119058 0.6982434114 0.0628071406 0.7588592526 0.0144819801
0.4360000000 0.6982422988 0.0899501184 0.3024138518 1.0868138159 0.6982422988 0.0628069775 0.7588593771 0.0224875681
0.4380000000 0.6982409647 0.0899501784 0.3024138240 1.0868157902 0.6982409647 0.0628068994 0.7588593058 0.0058816355
0.4400000000 0.6982395101 0.0899502652 0.3024137816 1.0868179019 0.6982395101 0.0628068291 0.7588591994 0.0112841328
0.4420000000 0.6982380216 0.0899502694 0.3024137842 1.0868202200 0.6982380216 0.0628066982 0.7588592003 0.0119429354
0.4440000000 0.6982364823 0.0899502010 0.3024138264 1.0868227520 0.6982364823 0.0628065120 0.7588592953 0.0000153412
0.4460000000 0.6982348059 0.0899501408 0.3024138644 1.0868254822 0.6982348059 0.0628063191 0.7588593796 0.0082129711
0.4480000000 0.6982329359 0.0899501357 0.3024138724 1.0868284104 0.6982329359 0.0628061473 0.7588593918 0.0052520564
0.4500000000 0.6982308795 0.0899501590 0.3024138652 1.0868315753 0.6982308795 0.0628059786 0.7588593668 0.0024124213
0.4520000000 0.6982286584 0.0899501634 0.3024138682 1.0868350313 0.6982286584 0.0628057819 0.7588593658 0.0044674571
0.4540000000 0.6982262597 0.0899501411 0.3024138860 1.0868388127 0.6982262597 0.0628055506 0.7588593991 0.0003457531
0.4560000000 0.6982236324 0.0899501196 0.3024139034 1.0868429472 0.6982236324 0.0628052993 0.7588594305 0.0029510035
0.4580000000 0.6982207301 0.0899501172 0.3024139103 1.0868474729 0.6982207301 0.0628050365 0.7588594360 0.0016228937
0.4600000000 0.6982175276 0.0899501229 0.3024139128 1.0868524486 0.6982175276 0.0628047524 0.7588594295 0.0012593686
0.4620000000 0.6982139980 0.0899501198 0.3024139199 1.0868579478 0.6982139980 0.0628044328 0.7588594330 0.0014643156
0.4640000000 0.6982100941 0.0899501085 0.3024139316 1.0868640427 0.6982100941 0.0628040737 0.7588594456 0.0004724079
0.4660000000 0.6982057457 0.0899501012 0.3024139411 1.0868708198 0.6982057457 0.0628036775 0.7588594512 0.0014445341
0.4680000000 0.6982008785 0.0899501027 0.3024139459 1.0868783857 0.6982008785 0.0628032407 0.7588594437 0.0005489736
0.4700000000 0.6981954144 0.0899501067 0.3024139495 1.0868868733 0.6981954144 0.0628027520 0.7588594309 0.0004571696
0.4720000000 0.6981892546 0.0899501077 0.3024139551 1.0868964468 0.6981892546 0.0628021986 0.7588594200 0.0003876598
0.4740000000 0.6981822690 0.0899501065 0.3024139621 1.0869073060 0.6981822690 0.0628015695 0.7588594091 0.0000688123
0.4760000000 0.6981743270 0.0899501059 0.3024139689 1.0869196483 0.6981743270 0.0628008547 0.7588593939 0.0000693103
0.4780000000 0.6981650820 0.0899501057 0.3024139755 1.0869340111 0.6981650820 0.0628000229 0.7588593730 0.0001181870
0.4800000000 0.6981550027 0.0899501048 0.3024139823 1.0869496695 0.6981550027 0.0627991157 0.7588593494 0.0000230776
0.4820000000 0.6981405794 0.0899501042 0.3024139889 1.0869720653 0.6981405794 0.0627978179 0.7588593074 0.0003084186
0.4840000000 0.6981341224 0.0899501056 0.3024139943 1.0869821006 0.6981341224 0.0627972381 0.7588592948 0.0003053390
0.4860000000 0.6980902784 0.0899501088 0.3024139987 1.0870501310 0.6980902784 0.0627932965 0.7588591286 0.0000603181
0.4880000000 0.6981440331 0.0899501121 0.3024140029 1.0869667590 0.6981440331 0.0627981340 0.7588593570 0.0001035772
0.4900000000 0.6979462582 0.0899501147 0.3024140077 1.0872736403 0.6979462582 0.0627803460 0.7588585689 0.0000806891
0.4920000000 0.6982276002 0.0899501169 0.3024140129 1.0868371859 0.6982276002 0.0628056543 0.7588597201 0.0000008822
0.4940000000 0.6977882123 0.0899501191 0.3024140182 1.0875190247 0.6977882123 0.0627661328 0.7588579561 0.0000732611
0.4960000000 0.6979723959 0.0899501218 0.3024140236 1.0872331330 0.6979723959 0.0627827020 0.7588587147 0.0001246410
0.4980000000 0.6981556128 0.0899501253 0.3024140287 1.0869488908 0.6981556128 0.0627991849 0.7588594690 0.0001258773
0.5000000000 0.6973784556 0.0899501296 0.3024140335 1.0881556938 0.6973784556 0.0627292825 0.7588563372 0.0000553732
0.5020000000 0.6975114523 0.0899501343 0.3024140380 1.0879489997 0.6975114523 0.0627412488 0.7588568868 0.0000488281
0.5040000000 0.6978482214 0.0899501386 0.3024140424 1.0874259434 0.6978482214 0.0627715442 0.7588582605 0.0001022251
0.5060000000 0.6978298863 0.0899501422 0.3024140468 1.0874544247 0.6978298863 0.0627698975 0.7588581975 0.0000666825
0.5080000000 0.6935531320 0.0899501455 0.3024140511 1.0941352174 0.6935531320 0.0623852051 0.7588409069 0.0000331480
0.5100000000 0.6760267025 0.0899501490 0.3024140552 1.1223965133 0.6760267025 0.0608087026 0.7587700138 0.0001161655
0.5120000000 0.6387529331 0.0899501532 0.3024140588 1.1876567485 0.6387529331 0.0574559242 0.7586192317 0.0001084617
0.5140000000 0.5843790537 0.0899501580 0.3024140622 1.2977865396 0.5843790537 0.0525649882 0.7583992700 0.0000321481
0.5160000000 0.5231766404 0.0899501629 0.3024140654 1.4491313721 0.5231766404 0.0470598241 0.7581516828 0.0000278438
0.5180000000 0.4665432548 0.0899501677 0.3024140684 1.6245494316 0.4665432548 0.0419656440 0.7579225794 0.0000432350
0.5200000000 0.4217077862 0.0899501723 0.3024140713 1.7968394914 0.4217077862 0.0379326880 0.7577412041 0.0000354686
0.5220000000 0.3904895378 0.0899501766 0.3024140739 1.9401670051 0.3904895378 0.0351246029 0.7576149170 0.0000187844
0.5240000000 0.3709840619 0.0899501810 0.3024140763 2.0419637693 0.3709840619 0.0333700835 0.7575360134 0.0000005392
0.5260000000 0.3598818036 0.0899501853 0.3024140785 2.1048330227 0.3598818036 0.0323714349 0.7574911045 0.0000134274
0.5280000000 0.3540594327 0.0899501898 0.3024140803 2.1393796769 0.3540594327 0.0318477132 0.7574675546 0.0000184951
0.5300000000 0.3512219497 0.0899501944 0.3024140818 2.1566308145 0.3512219497 0.0315924826 0.7574560795 0.0000115134
0.5320000000 0.3499293780 0.0899501990 0.3024140831 2.1645820595 0.3499293780 0.0314762172 0.7574508538 0.0000069726
0.5340000000 0.3493782607 0.0899502035 0.3024140843 2.1679901484 0.3493782607 0.0314266457 0.7574486272 0.0000311407
0.5360000000 0.3491599525 0.0899502078 0.3024140854 2.1693431382 0.3491599525 0.0314070103 0.7574477470 0.0000509239
0.5380000000 0.3490820228 0.0899502117 0.3024140866 2.1698265323 0.3490820228 0.0314000018 0.7574474349 0.0000562255
0.5400000000 0.3490596670 0.0899502152 0.3024140880 2.1699652511 0.3490596670 0.0313979922 0.7574473481 0.0000426067
0.5420000000 0.3490576823 0.0899502185 0.3024140895 2.1699775779 0.3490576823 0.0313978148 0.7574473440 0.0000149232
0.5440000000 0.3490622994 0.0899502217 0.3024140912 2.1699489408 0.3490622994 0.0313982312 0.7574473668 0.0000140355
0.5460000000 0.3490684785 0.0899502251 0.3024140928 2.1699106123 0.3490684785 0.0313987882 0.7574473960 0.0000297243
0.5480000000 0.3490745390 0.0899502288 0.3024140942 2.1698730206 0.3490745390 0.0313993346 0.7574474243 0.0000231995
0.5500000000 0.3490800137 0.0899502326 0.3024140955 2.1698390625 0.3490800137 0.0313998284 0.7574474496 0.0000048765
0.5520000000 0.3490848379 0.0899502364 0.3024140965 2.1698091397 0.3490848379 0.0314002637 0.7574474717 0.0000454961
0.5540000000 0.3490890621 0.0899502399 0.3024140971 2.1697829375 0.3490890621 0.0314006449 0.7574474906 0.0000860331
0.5560000000 0.3490927626 0.0899502429 0.3024140976 2.1697599836 0.3490927626 0.0314009788 0.7574475068 0.0001150425
0.5580000000 0.3490960169 0.0899502451 0.3024140978 2.1697397959 0.3490960169 0.0314012723 0.7574475206 0.0001250722
0.5600000000 0.3490988966 0.0899502466 0.3024140979 2.1697219321 0.3490988966 0.0314015318 0.7574475325 0.0001137455
0.5620000000 0.3491014618 0.0899502473 0.3024140979 2.1697060189 0.3491014618 0.0314017628 0.7574475429 0.0000842372
0.5640000000 0.3491037595 0.0899502474 0.3024140979 2.1696917653 0.3491037595 0.0314019695 0.7574475521 0.0000452857
0.5660000000 0.3491058251 0.0899502473 0.3024140978 2.1696789510 0.3491058251 0.0314021553 0.7574475603 0.0000098453
0.5680000000 0.3491076874 0.0899502472 0.3024140977 2.1696673973 0.3491076874 0.0314023228 0.7574475675 0.0000085406
0.5700000000 0.3491093720 0.0899502471 0.3024140974 2.1696569453 0.3491093720 0.0314024743 0.7574475737 0.0000006112
0.5720000000 0.3491109019 0.0899502471 0.3024140970 2.1696474523 0.3491109019 0.0314026119 0.7574475789 0.0000346354
0.5740000000 0.3491122962 0.0899502469 0.3024140965 2.1696387989 0.3491122962 0.0314027372 0.7574475831 0.0000889695
0.5760000000 0.3491135698 0.0899502462 0.3024140956 2.1696308925 0.3491135698 0.0314028516 0.7574475861 0.0001479181
0.5780000000 0.3491147345 0.0899502446 0.3024140945 2.1696236598 0.3491147345 0.0314029558 0.7574475879 0.0001963445
0.5800000000 0.3491158009 0.0899502419 0.3024140929 2.1696170335 0.3491158009 0.0314030507 0.7574475883 0.0002235337
0.5820000000 0.3491167805 0.0899502378 0.3024140909 2.1696109421 0.3491167805 0.0314031374 0.7574475871 0.0002252535
0.5840000000 0.3491176849 0.0899502323 0.3024140884 2.1696053140 0.3491176849 0.0314032169 0.7574475844 0.0002029231
0.5860000000 0.3491185233 0.0899502255 0.3024140855 2.1696000915 0.3491185233 0.0314032899 0.7574475802 0.0001624133
0.5880000000 0.3491193017 0.0899502177 0.3024140821 2.1695952383 0.3491193017 0.0314033572 0.7574475746 0.0001144053
0.5900000000 0.3491200238 0.0899502092 0.3024140783 2.1695907315 0.3491200238 0.0314034192 0.7574475679 0.0000749970
0.5920000000 0.3491206937 0.0899502001 0.3024140743 2.1695865472 0.3491206937 0.0314034762 0.7574475603 0.0000631391
0.5940000000 0.3491213164 0.0899501906 0.3024140702 2.1695826541 0.3491213164 0.0314035289 0.7574475521 0.0000936800
0.5960000000 0.3491218971 0.0899501806 0.3024140658 2.1695790196 0.3491218971 0.0314035777 0.7574475433 0.0001695013
0.5980000000 0.3491224402 0.0899501696 0.3024140612 2.1695756169 0.3491224402 0.0314036227 0.7574475335 0.0002782519
0.6000000000 0.3491229482 0.0899501570 0.3024140560 2.1695724273 0.3491229482 0.0314036640 0.7574475222 0.0003961343
0.6020000000 0.3491234233 0.0899501422 0.3024140499 2.1695694356 0.3491234233 0.0314037016 0.7574475085 0.0004960674
0.6040000000 0.3491238678 0.0899501244 0.3024140427 2.1695666253 0.3491238678 0.0314037353 0.7574474916 0.0005541752
0.6060000000 0.3491242842 0.0899501031 0.3024140340 2.1695639782 0.3491242842 0.0314037653 0.7574474710 0.0005483715
0.6080000000 0.3491246751 0.0899500782 0.3024140239 2.1695614794 0.3491246751 0.0314037918 0.7574474466 0.0004497939
0.6100000000 0.3491250421 0.0899500502 0.3024140126 2.1695591188 0.3491250421 0.0314038151 0.7574474188 0.0002263691
0.6120000000 0.3491253872 0.0899500204 0.3024140005 2.1695568894 0.3491253872 0.0314038357 0.7574473890 0.0001076212
0.6140000000 0.3491257125 0.0899499907 0.3024139885 2.1695547832 0.3491257125 0.0314038546 0.7574473594 0.0003937626
0.6160000000 0.3491260204 0.0899499634 0.3024139775 2.1695527918 0.3491260204 0.0314038728 0.7574473323 0.0002743262
0.6180000000 0.3491263124 0.0899499384 0.3024139675 2.1695509068 0.3491263124 0.0314038903 0.7574473077 0.0006270181
0.6200000000 0.3491265880 0.0899499112 0.3024139567 2.1695491179 0.3491265880 0.0314039056 0.7574472809 0.0022058509
0.6220000000 0.3491268447 0.0899498718 0.3024139412 2.1695474112 0.3491268447 0.0314039149 0.7574472420 0.0034856933
0.6240000000 0.3491270804 0.0899498098 0.3024139170 2.1695457700 0.3491270804 0.0314039145 0.7574471806 0.0030489147
0.6260000000 0.3491272963 0.0899497244 0.3024138837 2.1695441847 0.3491272963 0.0314039041 0.7574470954 0.0001912696
0.6280000000 0.3491274986 0.0899496320 0.3024138476 2.1695426634 0.3491274986 0.0314038900 0.7574470031 0.0041916875
0.6300000000 0.3491276972 0.0899495632 0.3024138205 2.1695412307 0.3491276972 0.0314038839 0.7574469340 0.0073516568
0.6320000000 0.3491278998 0.0899495415 0.3024138114 2.1695399075 0.3491278998 0.0314038945 0.7574469115 0.0045649982
0.6340000000 0.3491281036 0.0899495565 0.3024138166 2.1695386821 0.3491281036 0.0314039181 0.7574469258 0.0052452758
0.6360000000 0.3491282922 0.0899495528 0.3024138147 2.1695374980 0.3491282922 0.0314039337 0.7574469216 0.0150030777
0.6380000000 0.3491284438 0.0899494570 0.3024137775 2.1695362830 0.3491284438 0.0314039139 0.7574468263 0.0152429147
0.6400000000 0.3491285468 0.0899492317 0.3024136906 2.1695350012 0.3491285468 0.0314038445 0.7574466023 0.0059096052
0.6420000000 0.3491286172 0.0899489276 0.3024135734 2.1695336986 0.3491286172 0.0314037447 0.7574463001 0.0090991002
0.6440000000 0.3491286977 0.0899486803 0.3024134780 2.1695324936 0.3491286977 0.0314036656 0.7574460541 0.0265712651
0.6460000000 0.3491288295 0.0899486172 0.3024134533 2.1695314939 0.3491288295 0.0314036554 0.7574459909 0.0258177747
0.6480000000 0.3491290195 0.0899487583 0.3024135069 2.1695307121 0.3491290195 0.0314037218 0.7574461303 0.0008508090
0.6500000000 0.3491292169 0.0899489410 0.3024135765 2.1695300018 0.3491292169 0.0314038033 0.7574463106 0.0360253850
0.6520000000 0.3491293362 0.0899488938 0.3024135577 2.1695291227 0.3491293362 0.0314037976 0.7574462626 0.0441746741
0.6540000000 0.3491293119 0.0899484107 0.3024133713 2.1695278960 0.3491293119 0.0314036267 0.7574457814 0.0204989908
0.6560000000 0.3491291632 0.0899475526 0.3024130409 2.1695263752 0.3491291632 0.0314033138 0.7574449279 0.0107294759
0.6580000000 0.3491290334 0.0899467694 0.3024127395 2.1695249513 0.3491290334 0.0314030287 0.7574441492 0.0635435376
0.6600000000 0.3491290861 0.0899465754 0.3024126646 2.1695240714 0.3491290861 0.0314029657 0.7574439562 0.0790871470
0.6620000000 0.3491294184 0.0899472772 0.3024129342 2.1695240032 0.3491294184 0.0314032406 0.7574446534 0.0228303081
0.6640000000 0.3491299476 0.0899486136 0.3024134477 2.1695245181 0.3491299476 0.0314037547 0.7574459812 0.0364263418
0.6660000000 0.3491303202 0.0899494685 0.3024137759 2.1695246343 0.3491303202 0.0314040867 0.7574468302 0.1106959342
0.6680000000 0.3491301421 0.0899485976 0.3024134405 2.1695232593 0.3491301421 0.0314037667 0.7574459637 0.0725495536
0.6700000000 0.3491290295 0.0899447913 0.3024119765 2.1695193341 0.3491290295 0.0314023377 0.7574421796 0.0234668895
0.6720000000 0.3491272105 0.0899387684 0.3024096603 2.1695134895 0.3491272105 0.0314000713 0.7574361926 0.0242046932
0.6740000000 0.3491257716 0.0899339554 0.3024078093 2.1695087265 0.3491257716 0.0313982616 0.7574314081 0.1388708765
0.6760000000 0.3491258006 0.0899337805 0.3024077415 2.1695080459 0.3491258006 0.0313982031 0.7574312334 0.1227457910
0.6780000000 0.3491286653 0.0899425580 0.3024111158 2.1695152289 0.3491286653 0.0314015252 0.7574399562 0.0465713664
0.6800000000 0.3491348605 0.0899618488 0.3024185322 2.1695316448 0.3491348605 0.0314088175 0.7574591281 0.0017291359
0.6820000000 0.3491416706 0.0899830885 0.3024266981 2.1695497886 0.3491416706 0.0314168459 0.7574802376 0.0732987931
0.6840000000 0.3491449079 0.0899930680 0.3024305347 2.1695580791 0.3491449079 0.0314206214 0.7574901558 0.1585152387
0.6860000000 0.3491402373 0.0899781127 0.3024247842 2.1695445267 0.3491402373 0.0314149796 0.7574752909 0.0809803572
0.6880000000 0.3491213504 0.0899183232 0.3024017967 2.1694916886 0.3491213504 0.0313924064 0.7574158681 0.0314396361
0.6900000000 0.3490896729 0.0898181912 0.3023633021 2.1694035117 0.3490896729 0.0313546030 0.7573163622 0.0084121047
0.6920000000 0.3490582135 0.0897187482 0.3023250766 2.1693159656 0.3490582135 0.0313170660 0.7572175554 0.0670219345
0.6940000000 0.3490425555 0.0896691556 0.3023060147 2.1692721225 0.3490425555 0.0312983512 0.7571682852 0.1622741642
0.6960000000 0.3490576319 0.0897165285 0.3023242227 2.1693132586 0.3490576319 0.0313162390 0.7572153489 0.0888834692
0.6980000000 0.3491294882 0.0899430125 0.3024112867 2.1695113899 0.3491294882 0.0314017579 0.7574404012 0.0393606732
0.7000000000 0.3492615996 0.0903594744 0.3025714371 2.1698761765 0.3492615996 0.0315590946 0.7578544244 0.0051388527
0.7020000000 0.3494151259 0.0908433122 0.3027575883 2.1703002818 0.3494151259 0.0317420274 0.7583357463 0.0294146796
0.7040000000 0.3495299565 0.0912050360 0.3028968231 2.1706174286 0.3495299565 0.0318788923 0.7586958154 0.1409838505
0.7060000000 0.3495583976 0.0912944846 0.3029312635 2.1706956351 0.3495583976 0.0319127537 0.7587848879 0.1633597216
0.7080000000 0.3494286939 0.0908855847 0.3027738631 2.1703364513 0.3494286939 0.0317580312 0.7583778315 0.0696935285
0.7100000000 0.3490345742 0.0896427318 0.3022958629 2.1692465522 0.3490345742 0.0312884127 0.7571420467 0.0339462386
0.7120000000 0.3483813104 0.0875802509 0.3015040536 2.1674418407 0.3483813104 0.0305113226 0.7550962286 0.0103311697
0.7140000000 0.3475968792 0.0850994378 0.3005539971 2.1652772830 0.3475968792 0.0295802990 0.7526436262 0.0080327389
0.7160000000 0.3468553279 0.0827498630 0.2996565828 2.1632333411 0.3468553279 0.0287022308 0.7503290098 0.0246764825
0.7180000000 0.3462838847 0.0809363431 0.2989654981 2.1616597764 0.3462838847 0.0280269513 0.7485479447 0.0455079388
0.7200000000 0.3459398684 0.0798433314 0.2985496451 2.1607130522 0.3459398684 0.0276209915 0.7474767888 0.1012238489
0.7220000000 0.3458264102 0.0794825541 0.2984124948 2.1604006810 0.3458264102 0.0274871664 0.7471236120 0.1634526265
0.7240000000 0.3459678402 0.0799318885 0.2985833375 2.1607891532 0.3459678402 0.0276538628 0.7475635565 0.0758204948
0.7260000000 0.3464781318 0.0815523554 0.2992001337 2.1621927665 0.3464781318 0.0282561077 0.7491525104 0.0405031264
0.7280000000 0.3473927671 0.0844521961 0.3003066083 2.1647121775 0.3473927671 0.0293380821 0.7520053534 0.0242130812
0.7300000000 0.3486740591 0.0885042310 0.3018585861 2.1682486188 0.3486740591 0.0308591295 0.7560120470 0.0153421084
0.7320000000 0.3502573545 0.0934948071 0.3037794799 2.1726297492 0.3502573545 0.0327472438 0.7609795484 0.0100829024
0.7340000000 0.3520776146 0.0992099159 0.3059921130 2.1776816581 0.3520776146 0.0349295905 0.7667129635 0.0068156644
0.7360000000 0.3540799785 0.1054694191 0.3084313514 2.1832574071 0.3540799785 0.0373446096 0.7730477357 0.0047215882
0.7380000000 0.3562218686 0.1121337188 0.3110466367 2.1892427787 0.3562218686 0.0399444829 0.7798561535 0.0033457681
0.7400000000 0.3584715857 0.1190990040 0.3138003337 2.1955525871 0.3584715857 0.0426936088 0.7870432174 0.0024216697
0.7420000000 0.3608059704 0.1262894941 0.3166649612 2.2021244708 0.3608059704 0.0455660035 0.7945396567 0.0017879147
0.7440000000 0.3632081963 0.1336501555 0.3196205732 2.2089130138 0.3632081963 0.0485428319 0.8022953116 0.0013444560
0.7460000000 0.3656660071 0.1411409019 0.3226526661 2.2158850449 0.3656660071 0.0516104300 0.8102738366 0.0010280422
0.7480000000 0.3681704090 0.1487323017 0.3257506235 2.2230161422 0.3681704090 0.0547588323 0.8184487623 0.0007979640
0.7500000000 0.3707147331 0.1564025076 0.3289066011 2.2302881262 0.3707147331 0.0579807139 0.8268006674 0.0006275689
0.7520000000 0.3732939742 0.1641350945 0.3321147395 2.2376872865 0.3732939742 0.0612706417 0.8353151801 0.0004991134
0.7540000000 0.3759043261 0.1719175427 0.3353706099 2.2452031357 0.3759043261 0.0646245480 0.8439815716 0.0004005901
0.7560000000 0.3785428543 0.1797401717 0.3386708241 2.2528275294 0.3785428543 0.0680393576 0.8527917631 0.0003237407
0.7580000000 0.3812072641 0.1875953858 0.3420127575 2.2605540432 0.3812072641 0.0715127238 0.8617396222 0.0002627954
0.7600000000 0.3838957351 0.1954771362 0.3453943512 2.2683775249 0.3838957351 0.0750428389 0.8708204575 0.0002136589
0.7620000000 0.3866068010 0.2033805320 0.3488139685 2.2762937729 0.3866068010 0.0786282969 0.8800306537 0.0001733791
0.7640000000 0.3893392621 0.2113015574 0.3522702902 2.2842992976 0.3893392621 0.0822679924 0.8893674030 0.0001397943
0.7660000000 0.3920921205 0.2192368615 0.3557622363 2.2923911470 0.3920921205 0.0859610459 0.8988285058 0.0001112957
0.7680000000 0.3948645309 0.2271836020 0.3592889074 2.3005667729 0.3948645309 0.0897067464 0.9084122195 0.0000866650
0.7700000000 0.3976557633 0.2351393250 0.3628495395 2.3088239297 0.3976557633 0.0935045078 0.9181171422 0.0000649623
0.7720000000 0.4004651743 0.2431018731 0.3664434685 2.3171605938 0.4004651743 0.0973538340 0.9279421210 0.0000454465
0.7740000000 0.4032921828 0.2510693118 0.3700701021 2.3255749006 0.4032921828 0.1012542908 0.9378861779 0.0000275176
0.7760000000 0.4061362519 0.2590398710 0.3737288961 2.3340650900 0.4061362519 0.1052054823 0.9479484475 0.0000106748
0.7780000000 0.4089968725 0.2670118961 0.3774193342 2.3426294626 0.4089968725 0.1092070304 0.9581281236 0.0000055120
0.7800000000 0.4118735486 0.2749838053 0.3811409102 2.3512663366 0.4118735486 0.1132585557 0.9684244098 0.0000213368
0.7820000000 0.4147657870 0.2829540571 0.3848931137 2.3599740171 0.4147657870 0.1173596622 0.9788364804 0.0000370760
0.7840000000 0.4176730880 0.2909211285 0.3886754192 2.3687507739 0.4176730880 0.1215099261 0.9893634503 0.0000530746
0.7860000000 0.4205949347 0.2988834825 0.3924872714 2.3775948060 0.4205949347 0.1257088788 1.0000043322 0.0000697003
0.7880000000 0.4235307800 0.3068395343 0.3963280676 2.3865042025 0.4235307800 0.1299559873 1.0107579863 0.0000873462
0.7900000000 0.4264800323 0.3147876152 0.4001971390 2.3954769000 0.4264800323 0.1342506323 1.0216230657 0.0001064506
0.7920000000 0.4294420403 0.3227259336 0.4040937292 2.4045106340 0.4294420403 0.1385920834 1.0325979527 0.0001275223
0.7940000000 0.4324160745 0.3306525297 0.4080169688 2.4136028816 0.4324160745 0.1429794689 1.0436806835 0.0001511716
0.7960000000 0.4354013051 0.3385652231 0.4119658452 2.4227507929 0.4354013051 0.1474117400 1.0548688572 0.0001781513
0.7980000000 0.4383967756 0.3464615479 0.4159391649 2.4319511056 0.4383967756 0.1518876255 1.0661595231 0.0002094123
0.8000000000 0.4414013687 0.3543386727 0.4199355066 2.4412000387 0.4414013687 0.1564055751 1.0775490384 0.0002461797
0.8020000000 0.4444137636 0.3621932994 0.4239531606 2.4504931554 0.4444137636 0.1609636874 1.0890328859 0.0002900586
0.8040000000 0.4474323803 0.3700215318 0.4279900508 2.4598251861 0.4474323803 0.1655596147 1.1006054380 0.0003431800
0.8060000000 0.4504553063 0.3778187041 0.4320436321 2.4691897959 0.4504553063 0.1701904401 1.1122596459 0.0004084020
0.8080000000 0.4534802011 0.3855791549 0.4361107548 2.4785792771 0.4534802011 0.1748525127 1.1239866290 0.0004895814
0.8100000000 0.4565041674 0.3932959284 0.4401874845 2.4879841411 0.4565041674 0.1795412303 1.1357751287 0.0005919324
0.8120000000 0.4595235819 0.4009603781 0.4442688628 2.4973925763 0.4595235819 0.1842507491 1.1476107821 0.0007224827
0.8140000000 0.4625338726 0.4085616482 0.4483485923 2.5067897345 0.4625338726 0.1889736014 1.1594751638 0.0008906219
0.8160000000 0.4655292293 0.4160860053 0.4524186272 2.5161568064 0.4655292293 0.1937001973 1.1713445388 0.0011087127
0.8180000000 0.4685022396 0.4235160001 0.4564686570 2.5254698537 0.4685022396 0.1984181946 1.1831882826 0.0013926893
0.8200000000 0.4714434493 0.4308294641 0.4604854785 2.5346983960 0.4714434493 0.2031117286 1.1949669547 0.0017625157
0.8220000000 0.4743408632 0.4379983847 0.4644522817 2.5438038056 0.4743408632 0.2077605319 1.2066300929 0.0022423165
0.8240000000 0.4771794371 0.4449877819 0.4683479151 2.5527376657 0.4771794371 0.2123390193 1.2181139224 0.0028599549
0.8260000000 0.4799406544 0.4517548074 0.4721462625 2.5614403921 0.4799406544 0.2168154979 1.2293393779 0.0036458412
0.8280000000 0.4826023368 0.4582484193 0.4758159425 2.5698405988 0.4826023368 0.2211517580 1.2402110781 0.0046308341
0.8300000000 0.4851388910 0.4644100872 0.4793206177 2.5778558511 0.4851388910 0.2253033947 1.2506181289 0.0058432593
0.8320000000 0.4875222086 0.4701760149 0.4826202250 2.5853955102 0.4875222086 0.2292212492 1.2604377293 0.0073052977
0.8340000000 0.4897233833 0.4754812308 0.4856733715 2.5923662035 0.4897233833 0.2328542770 1.2695423479 0.0090292366
0.8360000000 0.4917152564 0.4802655288 0.4884409187 2.5986799595 0.4917152564 0.2361538876 1.2778105825 0.0110142724
0.8380000000 0.4934755431 0.4844806572 0.4908904167 2.6042642262 0.4934755431 0.2390793554 1.2851407033 0.0132446189
0.8400000000 0.4949900023 0.4880975053 0.4930006312 2.6090720556 0.4949900023 0.2416033853 1.2914645829 0.0156895527
0.8420000000 0.4962549130 0.4911116023 0.4947651131 2.6130900881 0.4962549130 0.2437165455 1.2967587944 0.0183056736
0.8440000000 0.4972781442 0.4935453328 0.4961937899 2.6163420498 0.4972781442 0.2454293072 1.3010497192 0.0210411391
0.8460000000 0.4980784224 0.4954460038 0.4973120004 2.6188864771 0.4980784224 0.2467709639 1.3044108449 0.0238410868
0.8480000000 0.4986829044 0.4968800569 0.4981571157 2.6208090087 0.4986829044 0.2477855899 1.3069526483 0.0266531069
0.8500000000 0.4991236592 0.4979248287 0.4987735934 2.6222111650 0.4991236592 0.2485260625 1.3088076320 0.0294316335
0.8520000000 0.4994339156 0.4986598338 0.4992076808 2.6231983587 0.4994339156 0.2490476334 1.3101142276 0.0321404661
0.8540000000 0.4996448693 0.4991593870 0.4995028964 2.6238696779 0.4996448693 0.2494024267 1.3110030222 0.0347531316
0.8560000000 0.4997835345 0.4994876683 0.4996969783 2.6243109968 0.4997835345 0.2496357123 1.3115874257 0.0372511845
0.8580000000 0.4998717442 0.4996964633 0.4998204525 2.6245917537 0.4998717442 0.2497841427 1.3119592577 0.0396206052
0.8600000000 0.4999261089 0.4998251325 0.4998965560 2.6247647955 0.4999261089 0.2498756336 1.3121884510 0.0418460456
0.8620000000 0.4999586055 0.4999020398 0.4999420488 2.6248682345 0.4999586055 0.2499303267 1.3123254621 0.0439016302
0.8640000000 0.4999774627 0.4999466662 0.4999684481 2.6249282596 0.4999774627 0.2499620657 1.3124049710 0.0457349550
0.8660000000 0.4999880920 0.4999718203 0.4999833289 2.6249620944 0.4999880920 0.2499799565 1.3124497891 0.0472370378
0.8680000000 0.4999939120 0.4999855932 0.4999914769 2.6249806207 0.4999939120 0.2499897527 1.3124743296 0.0481842208
0.8700000000 0.4999970044 0.4999929111 0.4999958062 2.6249904644 0.4999970044 0.2499949578 1.3124873687 0.0481305316
0.8720000000 0.4999985938 0.4999966723 0.4999980313 2.6249955238 0.4999985938 0.2499976331 1.3124940707 0.0462454873
0.8740000000 0.4999993786 0.4999985296 0.4999991301 2.6249980220 0.4999993786 0.2499989541 1.3124973799 0.0412508851
0.8760000000 0.4999997460 0.4999993990 0.4999996444 2.6249991916 0.4999997460 0.2499995725 1.3124989291 0.0321306793
0.8780000000 0.4999999057 0.4999997768 0.4999998679 2.6249996997 0.4999999057 0.2499998412 1.3124996023 0.0202483403
0.8800000000 0.4999999685 0.4999999254 0.4999999559 2.6249998996 0.4999999685 0.2499999469 1.3124998670 0.0098522699
0.8820000000 0.4999999905 0.4999999774 0.4999999867 2.6249999697 0.4999999905 0.2499999840 1.3124999598 0.0037690045
0.8840000000 0.4999999974 0.4999999937 0.4999999963 2.6249999916 0.4999999974 0.2499999955 1.3124999889 0.0012053279
0.8860000000 0.4999999993 0.4999999984 0.4999999990 2.6249999978 0.4999999993 0.2499999989 1.3124999971 0.0003420623
0.8880000000 0.4999999998 0.4999999996 0.4999999998 2.6249999995 0.4999999998 0.2499999997 1.3124999993 0.0000892677
0.8900000000 0.5000000000 0.4999999999 0.4999999999 2.6249999999 0.5000000000 0.2499999999 1.3124999998 0.0000217395
0.8920000000 0.5000000000 0.5000000000 0.5000000000 2.6250000000 0.5000000000 0.2500000000 1.3125000000 0.0000049604
0.8940000000 0.5000000000 0.5000000000 0.5000000000 2.6250000000 0.5000000000 0.2500000000 1.3125000000 0.0000010603
0.8960000000 0.5000000000 0.5000000000 0.5000000000 2.6250000000 0.5000000000 0.2500000000 1.3125000000 0.0000002120
0.8980000000 0.5000000000 0.5000000000 0.5000000000 2.6250000000 0.5000000000 0.2500000000 1.3125000000 0.0000000395
0.9000000000 0.5000000000 0.5000000000 0.5000000000 2.6250000000 0.5000000000 0.2500000000 1.3125000000 0.0000000069
0.9020000000 0.5000000000 0.5000000000 0.5000000000 2.6250000000 0.5000000000 0.2500000000 1.3125000000 0.0000000012
0.9040000000 0.5000000000 0.5000000000 0.5000000000 2.6250000000 0.5000000000 0.2500000000 1.3125000000 0.0000000002
0.9060000000 0.5000000000 0.5000000000 0.5000000000 2.6250000000 0.5000000000 0.2500000000 1.3125000000 0.0000000000
0.9080000000 0.5000000000 0.5000000000 0.5000000000 2.6250000000 0.5000000000 0.2500000000 1.3125000000 0.0000000000
0.9100000000 0.5000000000 0.5000000000 0.5000000000 2.6250000000 0.5000000000 0.2500000000 1.3125000000 0.0000000000
0.9120000000 0.5000000000 0.5000000000 0.5000000000 2.6250000000 0.5000000000 0.2500000000 1.3125000000 0.0000000000
0.9140000000 0.5000000000 0.5000000000 0.5000000000 2.6250000000 0.5000000000 0.2500000000 1.3125000000 0.0000000000
0.9160000000 0.5000000000 0.5000000000 0.5000000000 2.6250000000 0.5000000000 0.2500000000 1.3125000000 0.0000000000
0.9180000000 0.5000000000 0.5000000000 0.5000000000 2.6250000000 0.5000000000 0.2500000000 1.3125000000 0.0000000000
0.9200000000 0.5000000000 0.5000000000 0.5000000000 2.6250000000 0.5000000000 0.2500000000 1.3125000000 0.0000000000
0.9220000000 0.5000000000 0.5000000000 0.5000000000 2.6250000000 0.5000000000 0.2500000000 1.3125000000 0.0000000000
0.9240000000 0.5000000000 0.5000000000 0.5000000000 2.6250000000 0.5000000000 0.2500000000 1.3125000000 0.0000000000
0.9260000000 0.5000000000 0.5000000000 0.5000000000 2.6250000000 0.5000000000 0.2500000000 1.3125000000 0.0000000000
0.9280000000 0.5000000000 0.5000000000 0.5000000000 2.6250000000 0.5000000000 0.2500000000 1.3125000000 0.0000000000
0.9300000000 0.5000000000 0.5000000000 0.5000000000 2.6250000000 0.5000000000 0.2500000000 1.3125000000 0.0000000000
0.9320000000 0.5000000000 0.5000000000 0.5000000000 2.6250000000 0.5000000000 0.2500000000 1.3125000000 0.0000000000
0.9340000000 0.5000000000 0.5000000000 0.5000000000 2.6250000000 0.5000000000 0.2500000000 1.3125000000 0.0000000001
0.9360000000 0.5000000000 0.5000000000 0.5000000000 2.6250000000 0.5000000000 0.2500000000 1.3125000000 0.0000000001
0.9380000000 0.5000000000 0.5000000000 0.5000000000 2.6250000000 0.5000000000 0.2500000000 1.3125000000 0.0000000000
0.9400000000 0.5000000000 0.5000000000 0.5000000000 2.6250000000 0.5000000000 0.2500000000 1.3125000000 0.0000000000
0.9420000000 0.5000000000 0.5000000000 0.5000000000 2.6250000000 0.5000000000 0.2500000000 1.3125000000 0.0000000000
0.9440000000 0.5000000000 0.5000000000 0.5000000000 2.6250000000 0.5000000000 0.2500000000 1.3125000000 0.0000000000
0.9460000000 0.5000000000 0.5000000000 0.5000000000 2.6250000000 0.5000000000 0.2500000000 1.3125000000 0.0000000000
0.9480000000 0.5000000000 0.5000000000 0.5000000000 2.6250000000 0.5000000000 0.2500000000 1.3125000000 0.0000000000
0.9500000000 0.5000000000 0.5000000000 0.5000000000 2.6250000000 0.5000000000 0.2500000000 1.3125000000 0.0000000000
0.9520000000 0.5000000000 0.5000000000 0.5000000000 2.6250000000 0.5000000000 0.2500000000 1.3125000000 0.0000000000
0.9540000000 0.5000000000 0.5000000000 0.5000000000 2.6250000000 0.5000000000 0.2500000000 1.3125000000 0.0000000000
0.9560000000 0.5000000000 0.5000000000 0.5000000000 2.6250000000 0.5000000000 0.2500000000 1.3125000000 0.0000000000
0.9580000000 0.5000000000 0.5000000000 0.5000000000 2.6250000000 0.5000000000 0.2500000000 1.3125000000 0.0000000000
0.9600000000 0.5000000000 0.5000000000 0.5000000000 2.6250000000 0.5000000000 0.2500000000 1.3125000000 0.0000000000
0.9620000000 0.5000000000 0.5000000000 0.5000000000 2.6250000000 0.5000000000 0.2500000000 1.3125000000 0.0000000000
0.9640000000 0.5000000000 0.5000000000 0.5000000000 2.6250000000 0.5000000000 0.2500000000 1.3125000000 0.0000000000
0.9660000000 0.5000000000 0.5000000000 0.5000000000 2.6250000000 0.5000000000 0.2500000000 1.3125000000 0.0000000000
0.9680000000 0.5000000000 0.5000000000 0.5000000000 2.6250000000 0.5000000000 0.2500000000 1.3125000000 0.0000000000
0.9700000000 0.5000000000 0.5000000000 0.5000000000 2.6250000000 0.5000000000 0.2500000000 1.3125000000 0.0000000000
0.9720000000 0.5000000000 0.5000000000 0.5000000000 2.6250000000 0.5000000000 0.2500000000 1.3125000000 0.0000000000
0.9740000000 0.5000000000 0.5000000000 0.5000000000 2.6250000000 0.5000000000 0.2500000000 1.3125000000 0.0000000000
0.9760000000 0.5000000000 0.5000000000 0.5000000000 2.6250000000 0.5000000000 0.2500000000 1.3125000000 0.0000000000
0.9780000000 0.5000000000 0.5000000000 0.5000000000 2.6250000000 0.5000000000 0.2500000000 1.3125000000 0.0000000000
0.9800000000 0.5000000000 0.5000000000 0.5000000000 2.6250000000 0.5000000000 0.2500000000 1.3125000000 0.0000000000
0.9820000000 0.5000000000 0.5000000000 0.5000000000 2.6250000000 0.5000000000 0.2500000000 1.3125000000 0.0000000000
0.9840000000 0.5000000000 0.5000000000 0.5000000000 2.6250000000 0.5000000000 0.2500000000 1.3125000000 0.0000000000
0.9860000000 0.5000000000 0.5000000000 0.5000000000 2.6250000000 0.5000000000 0.2500000000 1.3125000000 0.0000000000
0.9880000000 0.5000000000 0.5000000000 0.5000000000 2.6250000000 0.5000000000 0.2500000000 1.3125000000 0.0000000000
0.9900000000 0.5000000000 0.5000000000 0.5000000000 2.6250000000 0.5000000000 0.2500000000 1.3125000000 0.0000000000
0.9920000000 0.5000000000 0.5000000000 0.5000000000 2.6250000000 0.5000000000 0.2500000000 1.3125000000 0.0000000000
0.9940000000 0.5000000000 0.5000000000 0.5000000000 2.6250000000 0.5000000000 0.2500000000 1.3125000000 0.0000000000
0.9960000000 0.5000000000 0.5000000000 0.5000000000 2.6250000000 0.5000000000 0.2500000000 1.3125000000 0.0000000000
0.9980000000 0.5000000000 0.5000000000 0.5000000000 2.6250000000 0.5000000000 0.2500000000 1.3125000000 0.0000000000
1.0000000000 0.5000000000 0.5000000000 0.5000000000 2.6250000000 0.5000000000 0.2500000000 1.3125000000 0.0000000000
