TITLE = "1D Euler Filtered MacCormack Result"
VARIABLES = "x", "rho", "u", "p", "E", "rho_conserved", "rhou", "rhoE", "nu"
ZONE T="t=0.15000000", I=501, F=POINT
0.0000000000 0.9999999760 -1.9999999820 0.3999999866 2.9999999545 0.9999999760 -1.9999999341 2.9999998825 0.0000000000
0.0020000000 0.9999999760 -1.9999999820 0.3999999866 2.9999999545 0.9999999760 -1.9999999341 2.9999998825 0.0004212995
0.0040000000 0.9999999449 -1.9999999587 0.3999999691 2.9999998954 0.9999999449 -1.9999998485 2.9999997301 0.0001860477
0.0060000000 0.9999998997 -1.9999999250 0.3999999438 2.9999998098 0.9999998997 -1.9999997244 2.9999995090 0.0005503058
0.0080000000 0.9999998117 -1.9999998591 0.3999998946 2.9999996429 0.9999998117 -1.9999994826 2.9999990781 0.0008228959
0.0100000000 0.9999996562 -1.9999997427 0.3999998075 2.9999993479 0.9999996562 -1.9999990551 2.9999983164 0.0013011052
0.0120000000 0.9999993843 -1.9999995393 0.3999996552 2.9999988322 0.9999993843 -1.9999983079 2.9999969852 0.0018411389
0.0140000000 0.9999989258 -1.9999991961 0.3999993984 2.9999979625 0.9999989258 -1.9999970477 2.9999947399 0.0024095008
0.0160000000 0.9999981773 -1.9999986360 0.3999989793 2.9999965430 0.9999981773 -1.9999949906 2.9999910749 0.0029155358
0.0180000000 0.9999969939 -1.9999977504 0.3999983166 2.9999942984 0.9999969939 -1.9999917382 2.9999852802 0.0033186162
0.0200000000 0.9999951736 -1.9999963882 0.3999972972 2.9999908459 0.9999951736 -1.9999867354 2.9999763667 0.0036103102
0.0220000000 0.9999924365 -1.9999943400 0.3999957645 2.9999856546 0.9999924365 -1.9999792131 2.9999629643 0.0038051944
0.0240000000 0.9999883960 -1.9999913163 0.3999935018 2.9999779911 0.9999883960 -1.9999681083 2.9999431792 0.0039237411
0.0260000000 0.9999825194 -1.9999869187 0.3999902109 2.9999668452 0.9999825194 -1.9999519577 2.9999144040 0.0039850869
0.0280000000 0.9999740777 -1.9999806014 0.3999854837 2.9999508343 0.9999740777 -1.9999287573 2.9998730686 0.0040045640
0.0300000000 0.9999620793 -1.9999716226 0.3999787647 2.9999280775 0.9999620793 -1.9998957822 2.9998143181 0.0039936652
0.0320000000 0.9999451858 -1.9999589804 0.3999693047 2.9998960364 0.9999451858 -1.9998493543 2.9997315995 0.0039607007
0.0340000000 0.9999216057 -1.9999413342 0.3999561004 2.9998513130 0.9999216057 -1.9997845501 2.9996161417 0.0039115550
0.0360000000 0.9998889612 -1.9999169043 0.3999378208 2.9997893978 0.9998889612 -1.9996948360 2.9994563049 0.0038503389
0.0380000000 0.9998441258 -1.9998833505 0.3999127152 2.9997043602 0.9998441258 -1.9995716203 2.9992367838 0.0037798955
0.0400000000 0.9997830268 -1.9998376241 0.3998785040 2.9995884758 0.9997830268 -1.9994037130 2.9989376455 0.0037021738
0.0420000000 0.9997004125 -1.9997757933 0.3998322477 2.9994317827 0.9997004125 -1.9991766855 2.9985331905 0.0036184980
0.0440000000 0.9995895815 -1.9996928398 0.3997701963 2.9992215687 0.9995895815 -1.9988721288 2.9979906326 0.0035297585
0.0460000000 0.9994420765 -1.9995824288 0.3996876182 2.9989417894 0.9994420765 -1.9984668147 2.9972686092 0.0034365470
0.0480000000 0.9992473481 -1.9994366551 0.3995786136 2.9985724283 0.9992473481 -1.9979317753 2.9963155471 0.0033392523
0.0500000000 0.9989923985 -1.9992457736 0.3994359162 2.9980888176 0.9989923985 -1.9972313305 2.9950679388 0.0032381285
0.0520000000 0.9986614203 -1.9989979238 0.3992506943 2.9974609486 0.9986614203 -1.9963221057 2.9934486082 0.0031333459
0.0540000000 0.9982354543 -1.9986788659 0.3990123631 2.9966528126 0.9982354543 -1.9951521056 2.9913650817 0.0030250277
0.0560000000 0.9976920942 -1.9982717477 0.3987084252 2.9956218271 0.9976920942 -1.9936599247 2.9887082140 0.0029132800
0.0580000000 0.9970052749 -1.9977569287 0.3983243604 2.9943184117 0.9970052749 -1.9917741959 2.9853512512 0.0027982140
0.0600000000 0.9961451848 -1.9971118895 0.3978435878 2.9926857896 0.9961451848 -1.9894133923 2.9811495390 0.0026799660
0.0620000000 0.9950783456 -1.9963112563 0.3972475250 2.9906600910 0.9950783456 -1.9864861022 2.9759410956 0.0025587124
0.0640000000 0.9937678997 -1.9953269699 0.3965157678 2.9881708352 0.9937678997 -1.9828918921 2.9695482548 0.0024346836
0.0660000000 0.9921741410 -1.9941286238 0.3956264094 2.9851418511 0.9921741410 -1.9785228544 2.9617805519 0.0023081739
0.0680000000 0.9902553083 -1.9926839839 0.3945565109 2.9814926744 0.9902553083 -1.9732658927 2.9524389474 0.0021795497
0.0700000000 0.9879686425 -1.9909596950 0.3932827213 2.9771404253 0.9879686425 -1.9670057472 2.9413213844 0.0020492535
0.0720000000 0.9852716857 -1.9889221578 0.3917820341 2.9720021251 0.9852716857 -1.9596286871 2.9282295436 0.0019178059
0.0740000000 0.9821237690 -1.9865385444 0.3900326476 2.9659973657 0.9821237690 -1.9510267224 2.9129765116 0.0017858025
0.0760000000 0.9784876119 -1.9837779030 0.3880148831 2.9590511948 0.9784876119 -1.9411021029 2.8953949372 0.0016539079
0.0780000000 0.9743309314 -1.9806122862 0.3857120995 2.9510970428 0.9743309314 -1.9297718136 2.8753451304 0.0015228451
0.0800000000 0.9696279440 -1.9770178270 0.3831115375 2.9420794897 0.9696279440 -1.9169717307 2.8527224865 0.0013933814
0.0820000000 0.9643606420 -1.9729756856 0.3802050227 2.9319566665 0.9643606420 -1.9026600988 2.8274636132 0.0012663107
0.0840000000 0.9585197371 -1.9684727939 0.3769894665 2.9207021003 0.9585197371 -1.8868200248 2.7995506092 0.0011424326
0.0860000000 0.9521051863 -1.9635023397 0.3734671187 2.9083058528 0.9521051863 -1.8694607609 2.7690130858 0.0010225302
0.0880000000 0.9451262553 -1.9580639528 0.3696455472 2.8947748615 0.9451262553 -1.8506176513 2.7359277247 0.0009073455
0.0900000000 0.9376011129 -1.9521635828 0.3655373450 2.8801324595 0.9376011129 -1.8303507478 2.7004153993 0.0007975560
0.0920000000 0.9295559965 -1.9458130811 0.3611595930 2.8644171261 0.9295559965 -1.8087422176 2.6626361161 0.0006937521
0.0940000000 0.9210240241 -1.9390295298 0.3565331246 2.8476805838 0.9210240241 -1.7858927804 2.6227822306 0.0005964174
0.0960000000 0.9120437578 -1.9318343760 0.3516816576 2.8299854073 0.9120437578 -1.7619174838 2.5810705255 0.0005059124
0.0980000000 0.9026576365 -1.9242524426 0.3466308632 2.8114023436 0.9026576365 -1.7369411620 2.5377337948 0.0004224641
0.1000000000 0.8929103965 -1.9163108928 0.3414074418 2.7920075431 0.8929103965 -1.7110939191 2.4930125623 0.0003461609
0.1020000000 0.8828475850 -1.9080382187 0.3360382659 2.7718798928 0.8828475850 -1.6845069334 2.4471474692 0.0002769529
0.1040000000 0.8725142509 -1.8994633157 0.3305496378 2.7510986069 0.8725142509 -1.6573088120 2.4003727401 0.0002146594
0.1060000000 0.8619538690 -1.8906146877 0.3249666901 2.7297411889 0.8619538690 -1.6296226449 2.3529109792 0.0001589792
0.1080000000 0.8512075266 -1.8815198143 0.3193129450 2.7078818362 0.8512075266 -1.6015638275 2.3049694002 0.0001095049
0.1100000000 0.8403133774 -1.8722046933 0.3136100305 2.6855903142 0.8403133774 -1.5732386491 2.2567374674 0.0000657358
0.1120000000 0.8293063455 -1.8626935617 0.3078775438 2.6629313060 0.8293063455 -1.5447435905 2.2083858298 0.0000270920
0.1140000000 0.8182180298 -1.8530087971 0.3021330448 2.6399642475 0.8182180298 -1.5161652071 2.1600663452 0.0000070068
0.1160000000 0.8070766841 -1.8431709539 0.2963921241 2.6167435556 0.8070766841 -1.4875803018 2.1119127121 0.0000367707
0.1180000000 0.7959073076 -1.8331984679 0.2906683615 2.5933177747 0.7959073076 -1.4590560569 2.0640405678 0.0000624298
0.1200000000 0.7847316520 -1.8231075269 0.2849733522 2.5697293239 0.7847316520 -1.4306501813 2.0165479374 0.0000844614
0.1220000000 0.7735683963 -1.8129122266 0.2793168820 2.5460150468 0.7735683963 -1.4024116037 1.9695167766 0.0001033586
0.1240000000 0.7624334629 -1.8026247692 0.2737071364 2.5222067919 0.7624334629 -1.3743814451 1.9230148585 0.0001195852
0.1260000000 0.7513403656 -1.7922556830 0.2681509125 2.4983320179 0.7513403656 -1.3465940401 1.8770976917 0.0001335595
0.1280000000 0.7403005451 -1.7818140449 0.2626538201 2.4744143907 0.7403005451 -1.3190779087 1.8318103222 0.0001456443
0.1300000000 0.7293236758 -1.7713076872 0.2572204616 2.4504743315 0.7293236758 -1.2918566334 1.7871889469 0.0001561500
0.1320000000 0.7184179366 -1.7607433833 0.2518545903 2.4265295048 0.7184179366 -1.2649496284 1.7432623200 0.0001653366
0.1340000000 0.7075902423 -1.7501270101 0.2465592447 2.4025952434 0.7075902423 -1.2383727951 1.7000529504 0.0001734200
0.1360000000 0.6968464408 -1.7394636860 0.2413368626 2.3786849069 0.6968464408 -1.2121390784 1.6575781111 0.0001805790
0.1380000000 0.6861914779 -1.7287578883 0.2361893762 2.3548101867 0.6861914779 -1.1862589303 1.6158506822 0.0001869602
0.1400000000 0.6756295351 -1.7180135512 0.2311182914 2.3309813589 0.6756295351 -1.1607406969 1.5748798519 0.0001926851
0.1420000000 0.6651641443 -1.7072341470 0.2261247538 2.3072074963 0.6651641443 -1.1355909405 1.5346716999 0.0001978528
0.1440000000 0.6547982824 -1.6964227553 0.2212096032 2.2834966441 0.6547982824 -1.1108147064 1.4952296805 0.0002025462
0.1460000000 0.6445344519 -1.6855821189 0.2163734195 2.2598559674 0.6445344519 -1.0864157472 1.4565550274 0.0002068337
0.1480000000 0.6343747466 -1.6747146918 0.2116165611 2.2362918737 0.6343747466 -1.0623967082 1.4186470906 0.0002107718
0.1500000000 0.6243209075 -1.6638226793 0.2069391964 2.2128101154 0.6243209075 -1.0387592851 1.3815036194 0.0002144088
0.1520000000 0.6143743701 -1.6529080709 0.2023413313 2.1894158772 0.6143743701 -1.0155043548 1.3451210004 0.0002177842
0.1540000000 0.6045363034 -1.6419726690 0.1978228318 2.1661138484 0.6045363034 -0.9926320876 1.3094944587 0.0002209322
0.1560000000 0.5948076445 -1.6310181131 0.1933834433 2.1429082855 0.5948076445 -0.9701420420 1.2746182297 0.0002238813
0.1580000000 0.5851891263 -1.6200458995 0.1890228073 2.1198030648 0.5851891263 -0.9480332446 1.2404857035 0.0002266558
0.1600000000 0.5756813031 -1.6090573994 0.1847404753 2.0968017266 0.5756813031 -0.9263042604 1.2070895503 0.0002292769
0.1620000000 0.5662845706 -1.5980538732 0.1805359210 2.0739075151 0.5662845706 -0.9049532513 1.1744218266 0.0002317621
0.1640000000 0.5569991848 -1.5870364837 0.1764085509 2.0511234105 0.5569991848 -0.8839780277 1.1424740676 0.0002341273
0.1660000000 0.5478252777 -1.5760063071 0.1723577132 2.0284521582 0.5478252777 -0.8633760928 1.1112373668 0.0002363853
0.1680000000 0.5387628704 -1.5649643420 0.1683827056 2.0058962930 0.5387628704 -0.8431446810 1.0807024445 0.0002385478
0.1700000000 0.5298118854 -1.5539115185 0.1644827823 1.9834581614 0.5298118854 -0.8232807914 1.0508597081 0.0002406251
0.1720000000 0.5209721569 -1.5428487044 0.1606571597 1.9611399394 0.5209721569 -0.8037812173 1.0216993042 0.0002426255
0.1740000000 0.5122434397 -1.5317767123 0.1569050219 1.9389436495 0.5122434397 -0.7846425720 0.9932111644 0.0002445569
0.1760000000 0.5036254173 -1.5206963043 0.1532255251 1.9168711748 0.5036254173 -0.7658613109 0.9653850453 0.0002464260
0.1780000000 0.4951177091 -1.5096081973 0.1496178018 1.8949242716 0.4951177091 -0.7474337522 0.9382105642 0.0002482387
0.1800000000 0.4867198762 -1.4985130669 0.1460809642 1.8731045805 0.4867198762 -0.7293560944 0.9116772295 0.0002500002
0.1820000000 0.4784314273 -1.4874115510 0.1426141076 1.8514136363 0.4784314273 -0.7116244314 0.8857744686 0.0002517151
0.1840000000 0.4702518236 -1.4763042534 0.1392163129 1.8298528766 0.4702518236 -0.6942347674 0.8604916522 0.0002533875
0.1860000000 0.4621804830 -1.4651917462 0.1358866494 1.8084236496 0.4621804830 -0.6771830289 0.8358181158 0.0002550211
0.1880000000 0.4542167839 -1.4540745724 0.1326241770 1.7871272211 0.4542167839 -0.6604650758 0.8117431788 0.0002566190
0.1900000000 0.4463600691 -1.4429532486 0.1294279479 1.7659647807 0.4463600691 -0.6440767118 0.7882561616 0.0002581842
0.1920000000 0.4386096489 -1.4318282662 0.1262970089 1.7449374471 0.4386096489 -0.6280136931 0.7653464010 0.0002597192
0.1940000000 0.4309648035 -1.4207000938 0.1232304026 1.7240462734 0.4309648035 -0.6122717368 0.7430032635 0.0002612265
0.1960000000 0.4234247862 -1.4095691781 0.1202271690 1.7032922515 0.4234247862 -0.5968465278 0.7212161573 0.0002627079
0.1980000000 0.4159888250 -1.3984359460 0.1172863468 1.6826763161 0.4159888250 -0.5817337261 0.6999745437 0.0002641654
0.2000000000 0.4086561256 -1.3873008050 0.1144069745 1.6621993485 0.4086561256 -0.5669289720 0.6792679458 0.0002656008
0.2020000000 0.4014258725 -1.3761641447 0.1115880916 1.6418621796 0.4014258725 -0.5524278925 0.6590859580 0.0002670153
0.2040000000 0.3942972312 -1.3650263378 0.1088287395 1.6216655937 0.3942972312 -0.5382261054 0.6394182535 0.0002684106
0.2060000000 0.3872693494 -1.3538877404 0.1061279623 1.6016103304 0.3872693494 -0.5243192245 0.6202545907 0.0002697876
0.2080000000 0.3803413592 -1.3427486934 0.1034848077 1.5816970879 0.3803413592 -0.5107028632 0.6015848203 0.0002711477
0.2100000000 0.3735123776 -1.3316095224 0.1008983276 1.5619265248 0.3735123776 -0.4973726388 0.5833988900 0.0002724919
0.2120000000 0.3667815083 -1.3204705385 0.0983675789 1.5422992625 0.3667815083 -0.4843241758 0.5656868498 0.0002738208
0.2140000000 0.3601478425 -1.3093320389 0.0958916239 1.5228158874 0.3601478425 -0.4715531090 0.5484388564 0.0002751355
0.2160000000 0.3536104603 -1.2981943069 0.0934695309 1.5034769523 0.3536104603 -0.4590550864 0.5316451771 0.0002764365
0.2180000000 0.3471684311 -1.2870576126 0.0911003748 1.4842829782 0.3471684311 -0.4468257721 0.5152961928 0.0002777248
0.2200000000 0.3408208152 -1.2759222125 0.0887832375 1.4652344561 0.3408208152 -0.4348608486 0.4993824017 0.0002790006
0.2220000000 0.3345666642 -1.2647883501 0.0865172080 1.4463318481 0.3345666642 -0.4231560192 0.4838944217 0.0002802647
0.2240000000 0.3284050218 -1.2536562559 0.0843013833 1.4275755893 0.3284050218 -0.4117070101 0.4688229926 0.0002815176
0.2260000000 0.3223349249 -1.2425261475 0.0821348681 1.4089660884 0.3223349249 -0.4005095724 0.4541589782 0.0002827596
0.2280000000 0.3163554037 -1.2313982294 0.0800167757 1.3905037295 0.3163554037 -0.3895594840 0.4398933687 0.0002839915
0.2300000000 0.3104654831 -1.2202726932 0.0779462279 1.3721888728 0.3104654831 -0.3788525512 0.4260172813 0.0002852132
0.2320000000 0.3046641829 -1.2091497174 0.0759223554 1.3540218561 0.3046641829 -0.3683846106 0.4125219624 0.0002864253
0.2340000000 0.2989505184 -1.1980294670 0.0739442978 1.3360029951 0.2989505184 -0.3581515303 0.3993987880 0.0002876281
0.2360000000 0.2933235016 -1.1869120940 0.0720112042 1.3181325848 0.2933235016 -0.3481492115 0.3866392653 0.0002888220
0.2380000000 0.2877821408 -1.1757977368 0.0701222329 1.3004109005 0.2877821408 -0.3383735899 0.3742350329 0.0002900074
0.2400000000 0.2823254422 -1.1646865198 0.0682765521 1.2828381986 0.2823254422 -0.3288206367 0.3621778617 0.0002911845
0.2420000000 0.2769524097 -1.1535785540 0.0664733394 1.2654147177 0.2769524097 -0.3194863603 0.3504596553 0.0002923538
0.2440000000 0.2716620459 -1.1424739358 0.0647117827 1.2481406791 0.2716620459 -0.3103668068 0.3390724505 0.0002935155
0.2460000000 0.2664533529 -1.1313727479 0.0629910797 1.2310162879 0.2664533529 -0.3014580621 0.3280084174 0.0002946701
0.2480000000 0.2613253322 -1.1202750580 0.0613104384 1.2140417338 0.2613253322 -0.2927562517 0.3172598593 0.0002958179
0.2500000000 0.2562769858 -1.1091809194 0.0596690767 1.1972171914 0.2562769858 -0.2842575427 0.3068192132 0.0002969592
0.2520000000 0.2513073167 -1.0980903703 0.0580662233 1.1805428220 0.2513073167 -0.2759581445 0.2966790488 0.0002980948
0.2540000000 0.2464153294 -1.0870034341 0.0565011170 1.1640187737 0.2464153294 -0.2678543093 0.2868320696 0.0002992250
0.2560000000 0.2416000307 -1.0759201188 0.0549730072 1.1476451828 0.2416000307 -0.2599423337 0.2772711114 0.0003003505
0.2580000000 0.2368604300 -1.0648404175 0.0534811539 1.1314221744 0.2368604300 -0.2522185592 0.2679891427 0.0003014719
0.2600000000 0.2321955404 -1.0537643077 0.0520248277 1.1153498634 0.2321955404 -0.2446793729 0.2589792642 0.0003025899
0.2620000000 0.2276043788 -1.0426917521 0.0506033098 1.0994283558 0.2276043788 -0.2373212085 0.2502347079 0.0003037054
0.2640000000 0.2230859670 -1.0316226979 0.0492158924 1.0836577497 0.2230859670 -0.2301405472 0.2417488370 0.0003048190
0.2660000000 0.2186393323 -1.0205570775 0.0478618782 1.0680381365 0.2186393323 -0.2231339180 0.2335151450 0.0003059321
0.2680000000 0.2142635077 -1.0094948087 0.0465405808 1.0525696016 0.2142635077 -0.2162978987 0.2255272549 0.0003070454
0.2700000000 0.2099575333 -0.9984357946 0.0452513248 1.0372522265 0.2099575333 -0.2096291166 0.2177789189 0.0003081603
0.2720000000 0.2057204566 -0.9873799248 0.0439934457 1.0220860895 0.2057204566 -0.2031242490 0.2102640171 0.0003092780
0.2740000000 0.2015513334 -0.9763270751 0.0427662897 1.0070712674 0.2015513334 -0.1967800238 0.2029765567 0.0003104000
0.2760000000 0.1974492281 -0.9652771090 0.0415692141 0.9922078372 0.1974492281 -0.1905932200 0.1959106715 0.0003115280
0.2780000000 0.1934132150 -0.9542298779 0.0404015873 0.9774958774 0.1934132150 -0.1845606685 0.1890606203 0.0003126633
0.2800000000 0.1894423788 -0.9431852227 0.0392627884 0.9629354703 0.1894423788 -0.1786792522 0.1824207861 0.0003138083
0.2820000000 0.1855358151 -0.9321429741 0.0381522077 0.9485267032 0.1855358151 -0.1729459065 0.1759856750 0.0003149645
0.2840000000 0.1816926314 -0.9211029546 0.0370692464 0.9342696707 0.1816926314 -0.1673576196 0.1697499149 0.0003161342
0.2860000000 0.1779119477 -0.9100649795 0.0360133167 0.9201644769 0.1779119477 -0.1619114330 0.1637082543 0.0003173197
0.2880000000 0.1741928971 -0.8990288588 0.0349838418 0.9062112372 0.1741928971 -0.1566044415 0.1578555608 0.0003185233
0.2900000000 0.1705346266 -0.8879943987 0.0339802559 0.8924100807 0.1705346266 -0.1514337932 0.1521868199 0.0003197477
0.2920000000 0.1669362976 -0.8769614035 0.0330020040 0.8787611526 0.1669362976 -0.1463966898 0.1466971333 0.0003209952
0.2940000000 0.1633970867 -0.8659296782 0.0320485420 0.8652646164 0.1633970867 -0.1414903867 0.1413817176 0.0003222690
0.2960000000 0.1599161862 -0.8548990302 0.0311193368 0.8519206562 0.1599161862 -0.1367121925 0.1362359023 0.0003235716
0.2980000000 0.1564928046 -0.8438692720 0.0302138658 0.8387294794 0.1564928046 -0.1320594691 0.1312551285 0.0003249062
0.3000000000 0.1531261671 -0.8328402240 0.0293316174 0.8256913192 0.1531261671 -0.1275296313 0.1264349469 0.0003262756
0.3020000000 0.1498155159 -0.8218117167 0.0284720905 0.8128064366 0.1498155159 -0.1231201463 0.1217710156 0.0003276828
0.3040000000 0.1465601109 -0.8107835942 0.0276347944 0.8000751237 0.1465601109 -0.1188285335 0.1172590988 0.0003291311
0.3060000000 0.1433592295 -0.7997557163 0.0268192491 0.7874977054 0.1433592295 -0.1146523633 0.1128950643 0.0003306232
0.3080000000 0.1402121673 -0.7887279626 0.0260249847 0.7750745420 0.1402121673 -0.1105892571 0.1086748814 0.0003321624
0.3100000000 0.1371182378 -0.7777002347 0.0252515413 0.7628060317 0.1371182378 -0.1066368858 0.1045946189 0.0003337514
0.3120000000 0.1340767727 -0.7666724600 0.0244984694 0.7506926125 0.1340767727 -0.1027929692 0.1006504428 0.0003353933
0.3140000000 0.1310871218 -0.7556445943 0.0237653290 0.7387347641 0.1310871218 -0.0990552749 0.0968386140 0.0003370904
0.3160000000 0.1281486526 -0.7446166257 0.0230516898 0.7269330103 0.1281486526 -0.0954216173 0.0931554858 0.0003388457
0.3180000000 0.1252607505 -0.7335885769 0.0223571310 0.7152879200 0.1252607505 -0.0918898557 0.0895975017 0.0003406613
0.3200000000 0.1224228183 -0.7225605090 0.0216812410 0.7038001093 0.1224228183 -0.0884578939 0.0861611929 0.0003425393
0.3220000000 0.1196342754 -0.7115325240 0.0210236172 0.6924702424 0.1196342754 -0.0851236779 0.0828431757 0.0003444818
0.3240000000 0.1168945576 -0.7005047675 0.0203838657 0.6812990328 0.1168945576 -0.0818851949 0.0796401491 0.0003464902
0.3260000000 0.1142031164 -0.6894774322 0.0197616013 0.6702872448 0.1142031164 -0.0787404714 0.0765488922 0.0003485663
0.3280000000 0.1115594180 -0.6784507595 0.0191564467 0.6594356932 0.1115594180 -0.0756875718 0.0735662621 0.0003507107
0.3300000000 0.1089629427 -0.6674250425 0.0185680330 0.6487452452 0.1089629427 -0.0727245966 0.0706891909 0.0003529249
0.3320000000 0.1064131840 -0.6564006282 0.0179959987 0.6382168194 0.1064131840 -0.0698496808 0.0679146838 0.0003552091
0.3340000000 0.1039096475 -0.6453779192 0.0174399898 0.6278513873 0.1039096475 -0.0670609921 0.0652398164 0.0003575643
0.3360000000 0.1014518501 -0.6343573761 0.0168996598 0.6176499726 0.1014518501 -0.0643567295 0.0626617325 0.0003599904
0.3380000000 0.0990393187 -0.6233395191 0.0163746687 0.6076136523 0.0990393187 -0.0617351213 0.0601776422 0.0003624882
0.3400000000 0.0966715892 -0.6123249298 0.0158646835 0.5977435565 0.0966715892 -0.0591944241 0.0577848196 0.0003650579
0.3420000000 0.0943482055 -0.6013142533 0.0153693775 0.5880408695 0.0943482055 -0.0567329207 0.0554806008 0.0003677001
0.3440000000 0.0920687183 -0.5903081998 0.0148884304 0.5785068301 0.0920687183 -0.0543489193 0.0532623824 0.0003704157
0.3460000000 0.0898326843 -0.5793075469 0.0144215277 0.5691427330 0.0898326843 -0.0520407520 0.0511276195 0.0003732057
0.3480000000 0.0876396653 -0.5683131420 0.0139683610 0.5599499304 0.0876396653 -0.0498067735 0.0490738245 0.0003760723
0.3500000000 0.0854892269 -0.5573259052 0.0135286275 0.5509298337 0.0854892269 -0.0476453608 0.0470985656 0.0003790174
0.3520000000 0.0833809382 -0.5463468325 0.0131020299 0.5420839169 0.0833809382 -0.0455549115 0.0451994656 0.0003820453
0.3540000000 0.0813143709 -0.5353770000 0.0126882767 0.5334137197 0.0813143709 -0.0435338440 0.0433742011 0.0003851598
0.3560000000 0.0792890989 -0.5244175698 0.0122870815 0.5249208532 0.0792890989 -0.0415805965 0.0416205014 0.0003883680
0.3580000000 0.0773046975 -0.5134697947 0.0118981636 0.5166070046 0.0773046975 -0.0396936271 0.0399361482 0.0003916770
0.3600000000 0.0753607437 -0.5025350273 0.0115212475 0.5084739449 0.0753607437 -0.0378714134 0.0383189747 0.0003950974
0.3620000000 0.0734568161 -0.4916147281 0.0111560634 0.5005235363 0.0734568161 -0.0361124527 0.0367668654 0.0003986408
0.3640000000 0.0715924947 -0.4807104771 0.0108023470 0.4927577421 0.0715924947 -0.0344152623 0.0352777560 0.0004023227
0.3660000000 0.0697673616 -0.4698239862 0.0104598396 0.4851786378 0.0697673616 -0.0327783799 0.0338496335 0.0004061607
0.3680000000 0.0679810012 -0.4589571154 0.0101282883 0.4777884243 0.0679810012 -0.0312003642 0.0324805354 0.0004101768
0.3700000000 0.0662330012 -0.4481118900 0.0098074466 0.4705894419 0.0662330012 -0.0296797953 0.0311685511 0.0004143962
0.3720000000 0.0645229531 -0.4372905230 0.0094970738 0.4635841876 0.0645229531 -0.0282152759 0.0299118208 0.0004188495
0.3740000000 0.0628504538 -0.4264954374 0.0091969359 0.4567753327 0.0628504538 -0.0268054318 0.0287085369 0.0004235716
0.3760000000 0.0612151061 -0.4157292957 0.0089068058 0.4501657439 0.0612151061 -0.0254489129 0.0275569438 0.0004286041
0.3780000000 0.0596165207 -0.4049950303 0.0086264633 0.4437585052 0.0596165207 -0.0241443946 0.0264553381 0.0004339940
0.3800000000 0.0580543176 -0.3942958801 0.0083556958 0.4375569435 0.0580543176 -0.0228905782 0.0254020698 0.0004397969
0.3820000000 0.0565281270 -0.3836354295 0.0080942983 0.4315646555 0.0565281270 -0.0216861923 0.0243955417 0.0004460754
0.3840000000 0.0550375917 -0.3730176544 0.0078420742 0.4257855380 0.0550375917 -0.0205299934 0.0234342106 0.0004529021
0.3860000000 0.0535823681 -0.3624469702 0.0075988353 0.4202238195 0.0535823681 -0.0194207670 0.0225165874 0.0004603599
0.3880000000 0.0521621279 -0.3519282870 0.0073644023 0.4148840954 0.0521621279 -0.0183573283 0.0216412372 0.0004685430
0.3900000000 0.0507765596 -0.3414670666 0.0071386051 0.4097713646 0.0507765596 -0.0173385228 0.0208067801 0.0004775588
0.3920000000 0.0494253693 -0.3310693858 0.0069212836 0.4048910696 0.0494253693 -0.0163632267 0.0200118907 0.0004875270
0.3940000000 0.0481082819 -0.3207420009 0.0067122873 0.4002491377 0.0481082819 -0.0154303466 0.0192552983 0.0004985839
0.3960000000 0.0468250405 -0.3104924141 0.0065114762 0.3958520250 0.0468250405 -0.0145388199 0.0185357871 0.0005108780
0.3980000000 0.0455754063 -0.3003289391 0.0063187206 0.3917067604 0.0455754063 -0.0136876134 0.0178521947 0.0005245751
0.4000000000 0.0443591566 -0.2902607611 0.0061339014 0.3878209897 0.0443591566 -0.0128757226 0.0172034120 0.0005398518
0.4020000000 0.0431760818 -0.2802979877 0.0059569097 0.3842030184 0.0431760818 -0.0121021688 0.0165883809 0.0005568956
0.4040000000 0.0420259801 -0.2704516831 0.0057876464 0.3808618504 0.0420259801 -0.0113659970 0.0160060925 0.0005758989
0.4060000000 0.0409086504 -0.2607338775 0.0056260218 0.3778072217 0.0409086504 -0.0106662710 0.0154555835 0.0005970494
0.4080000000 0.0398238820 -0.2511575417 0.0054719538 0.3750496240 0.0398238820 -0.0100020683 0.0149359320 0.0006205202
0.4100000000 0.0387714416 -0.2417365140 0.0053253668 0.3726003164 0.0387714416 -0.0093724731 0.0144462514 0.0006464546
0.4120000000 0.0377510555 -0.2324853659 0.0051861887 0.3704713217 0.0377510555 -0.0087765680 0.0139856834 0.0006749437
0.4140000000 0.0367623897 -0.2234191963 0.0050543483 0.3686754053 0.0367623897 -0.0082134236 0.0135533889 0.0007060056
0.4160000000 0.0358050247 -0.2145533398 0.0049297714 0.3672260325 0.0358050247 -0.0076820876 0.0131485372 0.0007395585
0.4180000000 0.0348784287 -0.2059029864 0.0048123762 0.3661373089 0.0348784287 -0.0071815726 0.0127702940 0.0007753914
0.4200000000 0.0339819286 -0.1974827132 0.0047020684 0.3654239000 0.0339819286 -0.0067108435 0.0124178089 0.0008131406
0.4220000000 0.0331146821 -0.1893059414 0.0045987362 0.3651009412 0.0331146821 -0.0062688061 0.0120902016 0.0008522713
0.4240000000 0.0322756528 -0.1813843433 0.0045022444 0.3651839411 0.0322756528 -0.0058542981 0.0117865501 0.0008920687
0.4260000000 0.0314635927 -0.1737272372 0.0044124305 0.3656886914 0.0314635927 -0.0054660830 0.0115058801 0.0009316430
0.4280000000 0.0306770350 -0.1663410220 0.0043291005 0.3666311924 0.0306770350 -0.0051028494 0.0112471579 0.0009699566
0.4300000000 0.0299142999 -0.1592287046 0.0042520271 0.3680276010 0.0299142999 -0.0047632152 0.0110092880 0.0010058737
0.4320000000 0.0291735175 -0.1523895726 0.0041809492 0.3698942098 0.0291735175 -0.0044457399 0.0107911152 0.0010382312
0.4340000000 0.0284526673 -0.1458190578 0.0041155742 0.3722474490 0.0284526673 -0.0041489411 0.0105914328 0.0010659313
0.4360000000 0.0277496344 -0.1395088170 0.0040555818 0.3751039010 0.0277496344 -0.0038713187 0.0104089961 0.0010880498
0.4380000000 0.0270622807 -0.1334470326 0.0040006304 0.3784803009 0.0270622807 -0.0036113810 0.0102425401 0.0011039510
0.4400000000 0.0263885264 -0.1276189159 0.0039503644 0.3823934881 0.0263885264 -0.0033676751 0.0100908006 0.0011133969
0.4420000000 0.0257264384 -0.1220073682 0.0039044230 0.3868602638 0.0257264384 -0.0031388150 0.0099525367 0.0011166293
0.4440000000 0.0250743186 -0.1165937447 0.0038624485 0.3918971013 0.0250743186 -0.0029235087 0.0098265528 0.0011144051
0.4460000000 0.0244307878 -0.1113586531 0.0038240952 0.3975196482 0.0244307878 -0.0027205796 0.0097117182 0.0011079660
0.4480000000 0.0237948605 -0.1062827220 0.0037890360 0.4037419577 0.0237948605 -0.0025289825 0.0096069836 0.0010989318
0.4500000000 0.0231660062 -0.1013472770 0.0037569679 0.4105753887 0.0231660062 -0.0023478117 0.0095113920 0.0010891221
0.4520000000 0.0225441939 -0.0965348791 0.0037276160 0.4180271241 0.0225441939 -0.0021763010 0.0094240845 0.0010803374
0.4540000000 0.0219299180 -0.0918296941 0.0037007345 0.4260982781 0.0219299180 -0.0020138177 0.0093443003 0.0010741430
0.4560000000 0.0213242053 -0.0872176873 0.0036761064 0.4347815909 0.0213242053 -0.0018598479 0.0092713719 0.0010717081
0.4580000000 0.0207286004 -0.0826866572 0.0036535420 0.4440587582 0.0207286004 -0.0017139787 0.0092047165 0.0010737492
0.4600000000 0.0201451327 -0.0782261431 0.0036328751 0.4538974902 0.0201451327 -0.0015758760 0.0091438252 0.0010805776
0.4620000000 0.0195762652 -0.0738272501 0.0036139604 0.4642484582 0.0195762652 -0.0014452618 0.0090882509 0.0010922220
0.4640000000 0.0190248253 -0.0694824385 0.0035966694 0.4750423500 0.0190248253 -0.0013218913 0.0090375977 0.0011086182
0.4660000000 0.0184939230 -0.0651853084 0.0035808878 0.4861873251 0.0184939230 -0.0012055321 0.0089915110 0.0011297470
0.4680000000 0.0179868559 -0.0609304061 0.0035665126 0.4975672161 0.0179868559 -0.0010959464 0.0089496698 0.0011557926
0.4700000000 0.0175070053 -0.0567130516 0.0035534508 0.5090408878 0.0175070053 -0.0009928757 0.0089117815 0.0011871686
0.4720000000 0.0170577270 -0.0525291999 0.0035416174 0.5204431607 0.0170577270 -0.0008960288 0.0088775774 0.0012247318
0.4740000000 0.0166422379 -0.0483753004 0.0035309349 0.5315877631 0.0166422379 -0.0008050733 0.0088468100 0.0012697168
0.4760000000 0.0162635033 -0.0442481975 0.0035213323 0.5422725806 0.0162635033 -0.0007196307 0.0088192519 0.0013241753
0.4780000000 0.0159241190 -0.0401450092 0.0035127451 0.5522876734 0.0159241190 -0.0006392739 0.0087946946 0.0013909974
0.4800000000 0.0156261884 -0.0360630704 0.0035051150 0.5614260163 0.0156261884 -0.0005635283 0.0087729487 0.0014749777
0.4820000000 0.0153711680 -0.0319998166 0.0034983899 0.5694976867 0.0153711680 -0.0004918746 0.0087538446 0.0015827799
0.4840000000 0.0151596817 -0.0279527829 0.0034925244 0.5763467617 0.0151596817 -0.0004237553 0.0087372335 0.0017257132
0.4860000000 0.0149912510 -0.0239194438 0.0034874801 0.5818719812 0.0149912510 -0.0003585824 0.0087229889 0.0019196434
0.4880000000 0.0148640270 -0.0198972777 0.0034832259 0.5860462426 0.0148640270 -0.0002957537 0.0087110072 0.0021962849
0.4900000000 0.0147744936 -0.0158833115 0.0034797389 0.5889346270 0.0147744936 -0.0002346679 0.0087012109 0.0025994332
0.4920000000 0.0147175868 -0.0118745020 0.0034770022 0.5906908076 0.0147175868 -0.0001747640 0.0086935432 0.0033276463
0.4940000000 0.0146863866 -0.0078631892 0.0034750254 0.5915694375 0.0146863866 -0.0001154818 0.0086880175 0.0047842595
0.4960000000 0.0146733622 -0.0038372651 0.0034738436 0.5918695952 0.0146733622 -0.0000563056 0.0086847170 0.0071874201
0.4980000000 0.0146727358 0.0002041470 0.0034734123 0.5918140324 0.0146727358 0.0000029954 0.0086835309 0.0097036739
0.5000000000 0.0146812550 0.0042472294 0.0034736141 0.5915139898 0.0146812550 0.0000623547 0.0086841677 0.0082824860
0.5020000000 0.0146999621 0.0082766742 0.0034745103 0.5909388899 0.0146999621 0.0001216668 0.0086867793 0.0055112119
0.5040000000 0.0147327488 0.0122868902 0.0034761951 0.5899509947 0.0147327488 0.0001810197 0.0086915998 0.0037281278
0.5060000000 0.0147848983 0.0162879496 0.0034786448 0.5883417679 0.0147848983 0.0002408157 0.0086985732 0.0027828678
0.5080000000 0.0148623486 0.0202900958 0.0034818327 0.5858859307 0.0148623486 0.0003015585 0.0087076410 0.0023015361
0.5100000000 0.0149703208 0.0242970275 0.0034857676 0.5824082109 0.0149703208 0.0003637343 0.0087188377 0.0019850460
0.5120000000 0.0151134514 0.0283114911 0.0034904667 0.5777782597 0.0151134514 0.0004278843 0.0087322237 0.0017631166
0.5140000000 0.0152954070 0.0323359569 0.0034959539 0.5719286385 0.0152954070 0.0004945916 0.0087478813 0.0016021121
0.5160000000 0.0155185417 0.0363726519 0.0035022602 0.5648672362 0.0155185417 0.0005644505 0.0087659157 0.0014811968
0.5180000000 0.0157838445 0.0404237711 0.0035094229 0.5566738334 0.0157838445 0.0006380425 0.0087864532 0.0013881446
0.5200000000 0.0160910531 0.0444914560 0.0035174856 0.5474868535 0.0160910531 0.0007159144 0.0088096401 0.0013144383
0.5220000000 0.0164388995 0.0485779080 0.0035264977 0.5374837106 0.0164388995 0.0007985673 0.0088356407 0.0012547567
0.5240000000 0.0168253500 0.0526853893 0.0035365141 0.5268619459 0.0168253500 0.0008864501 0.0088646367 0.0012053162
0.5260000000 0.0172478257 0.0568163312 0.0035475947 0.5158230224 0.0172478257 0.0009799582 0.0088968256 0.0011638425
0.5280000000 0.0177033686 0.0609733805 0.0035598050 0.5045605254 0.0177033686 0.0010794342 0.0089324210 0.0011287253
0.5300000000 0.0181887830 0.0651595273 0.0035732161 0.4932519560 0.0181887830 0.0011851725 0.0089716528 0.0010990838
0.5320000000 0.0187007514 0.0693781958 0.0035879051 0.4820538517 0.0187007514 0.0012974244 0.0090147692 0.0010743256
0.5340000000 0.0192359424 0.0736333964 0.0036039567 0.4710993125 0.0192359424 0.0014164078 0.0090620393 0.0010543026
0.5360000000 0.0197911106 0.0779298682 0.0036214642 0.4604974958 0.0197911106 0.0015423186 0.0091137569 0.0010390697
0.5380000000 0.0203631917 0.0822732809 0.0036405317 0.4503344882 0.0203631917 0.0016753466 0.0091702475 0.0010289483
0.5400000000 0.0209493908 0.0866704610 0.0036612772 0.4406751758 0.0209493908 0.0018156934 0.0092318765 0.0010243061
0.5420000000 0.0215472635 0.0911296675 0.0036838358 0.4315657291 0.0215472635 0.0019635950 0.0092990605 0.0010254267
0.5440000000 0.0221547848 0.0956608762 0.0037083646 0.4230364148 0.0221547848 0.0021193461 0.0093722807 0.0010322398
0.5460000000 0.0227704066 0.1002760409 0.0037350466 0.4151044845 0.0227704066 0.0022833262 0.0094520979 0.0010441390
0.5480000000 0.0233930971 0.1049892701 0.0037640951 0.4077769497 0.0233930971 0.0024560242 0.0095391658 0.0010598716
0.5500000000 0.0240223634 0.1098168606 0.0037957566 0.4010530996 0.0240223634 0.0026380605 0.0096342433 0.0010775928
0.5520000000 0.0246582518 0.1147771412 0.0038303119 0.3949266677 0.0246582518 0.0028302036 0.0097382012 0.0010950638
0.5540000000 0.0253013281 0.1198901036 0.0038680750 0.3893876012 0.0253013281 0.0030333788 0.0098520234 0.0011099455
0.5560000000 0.0259526366 0.1251768267 0.0039093890 0.3844234297 0.0259526366 0.0032486687 0.0099768016 0.0011201043
0.5580000000 0.0266136403 0.1306587259 0.0039546210 0.3800202626 0.0266136403 0.0034773043 0.0101137226 0.0011238620
0.5600000000 0.0272861446 0.1363566798 0.0040041532 0.3761634632 0.0272861446 0.0037206481 0.0102640506 0.0011201487
0.5620000000 0.0279722087 0.1422901058 0.0040583739 0.3728380629 0.0279722087 0.0039801685 0.0104291041 0.0011085506
0.5640000000 0.0286740506 0.1484760595 0.0041176671 0.3700289754 0.0286740506 0.0042574100 0.0106102296 0.0010892694
0.5660000000 0.0293939505 0.1549284370 0.0041824025 0.3677210759 0.0293939505 0.0045539588 0.0108087751 0.0010630180
0.5680000000 0.0301341596 0.1616573518 0.0042529261 0.3658991977 0.0301341596 0.0048714084 0.0110260648 0.0010308840
0.5700000000 0.0308968199 0.1686687394 0.0043295531 0.3645480973 0.0308968199 0.0052113277 0.0112633769 0.0009941817
0.5720000000 0.0316839003 0.1759642202 0.0044125625 0.3636524199 0.0316839003 0.0055752328 0.0115219270 0.0009543142
0.5740000000 0.0324971518 0.1835412202 0.0045021944 0.3631966926 0.0324971518 0.0059645669 0.0118028580 0.0009126558
0.5760000000 0.0333380821 0.1913933230 0.0045986505 0.3631653574 0.0333380821 0.0063806863 0.0121072365 0.0008704623
0.5780000000 0.0342079502 0.1995108026 0.0047020957 0.3635428447 0.0342079502 0.0068248556 0.0124360555 0.0008288109
0.5800000000 0.0351077755 0.2078812701 0.0048126633 0.3643136822 0.0351077755 0.0072982490 0.0127902430 0.0007885670
0.5820000000 0.0360383607 0.2164903695 0.0049304598 0.3654626241 0.0360383607 0.0078019580 0.0131706739 0.0007503743
0.5840000000 0.0370003211 0.2253224608 0.0050555712 0.3669747872 0.0370003211 0.0083370034 0.0135781850 0.0007146668
0.5860000000 0.0379941185 0.2343612449 0.0051880693 0.3688357798 0.0379941185 0.0089043489 0.0140135903 0.0006816939
0.5880000000 0.0390200947 0.2435902967 0.0053280175 0.3710318122 0.0390200947 0.0095049164 0.0144776964 0.0006515517
0.5900000000 0.0400785034 0.2529934927 0.0054754759 0.3735497833 0.0400785034 0.0101396006 0.0149713163 0.0006242165
0.5920000000 0.0411695384 0.2625553332 0.0056305056 0.3763773397 0.0411695384 0.0108092819 0.0154952813 0.0005995780
0.5940000000 0.0422933566 0.2722611650 0.0057931721 0.3795029096 0.0422933566 0.0115148385 0.0160504519 0.0005774697
0.5960000000 0.0434500972 0.2820973192 0.0059635478 0.3829157126 0.0434500972 0.0122571559 0.0166377249 0.0005576898
0.5980000000 0.0446398957 0.2920511810 0.0061417141 0.3866057508 0.0446398957 0.0130371343 0.0172580404 0.0005400219
0.6000000000 0.0458628947 0.3021112069 0.0063277622 0.3905637852 0.0458628947 0.0138556945 0.0179123858 0.0005242487
0.6020000000 0.0471192513 0.3122669031 0.0065217943 0.3947813013 0.0471192513 0.0147137827 0.0186017993 0.0005101589
0.6040000000 0.0484091414 0.3225087787 0.0067239235 0.3992504680 0.0484091414 0.0156123731 0.0193273724 0.0004975551
0.6060000000 0.0497327631 0.3328282823 0.0069342741 0.4039640920 0.0497327631 0.0165524701 0.0200902505 0.0004862563
0.6080000000 0.0510903372 0.3432177303 0.0071529817 0.4089155709 0.0510903372 0.0175351096 0.0208916344 0.0004760981
0.6100000000 0.0524821082 0.3536702316 0.0073801921 0.4140988465 0.0524821082 0.0185613594 0.0217327805 0.0004669352
0.6120000000 0.0539083427 0.3641796119 0.0076160621 0.4195083590 0.0539083427 0.0196323193 0.0226150004 0.0004586374
0.6140000000 0.0553693291 0.3747403419 0.0078607580 0.4251390032 0.0553693291 0.0207491213 0.0235396614 0.0004510920
0.6160000000 0.0568653757 0.3853474687 0.0081144560 0.4309860879 0.0568653757 0.0219129286 0.0245081858 0.0004441990
0.6180000000 0.0583968091 0.3959965527 0.0083773414 0.4370452969 0.0583968091 0.0231249351 0.0255220508 0.0004378720
0.6200000000 0.0599639725 0.4066836101 0.0086496081 0.4433126536 0.0599639725 0.0243863648 0.0265827878 0.0004320356
0.6220000000 0.0615672238 0.4174050603 0.0089314586 0.4497844880 0.0615672238 0.0256984708 0.0276919822 0.0004266244
0.6240000000 0.0632069341 0.4281576792 0.0092231029 0.4564574071 0.0632069341 0.0270625342 0.0288512732 0.0004215820
0.6260000000 0.0648834856 0.4389385571 0.0095247591 0.4633282671 0.0648834856 0.0284798635 0.0300623529 0.0004168593
0.6280000000 0.0665972704 0.4497450618 0.0098366523 0.4703941483 0.0665972704 0.0299517935 0.0313269663 0.0004124147
0.6300000000 0.0683486891 0.4605748052 0.0101590144 0.4776523319 0.0683486891 0.0314796842 0.0326469107 0.0004082115
0.6320000000 0.0701381491 0.4714256153 0.0104920843 0.4851002804 0.0701381491 0.0330649201 0.0340240358 0.0004042191
0.6340000000 0.0719660640 0.4822955099 0.0108361070 0.4927356178 0.0719660640 0.0347089095 0.0354602430 0.0004004107
0.6360000000 0.0738328519 0.4931826759 0.0111913338 0.5005561143 0.0738328519 0.0364130835 0.0369574855 0.0003967643
0.6380000000 0.0757389354 0.5040854497 0.0115580221 0.5085596707 0.0757389354 0.0381788953 0.0385177680 0.0003932607
0.6400000000 0.0776847402 0.5150023014 0.0119364350 0.5167443055 0.0776847402 0.0400078200 0.0401431471 0.0003898844
0.6420000000 0.0796706954 0.5259318205 0.0123268413 0.5251081434 0.0796706954 0.0419013539 0.0418357309 0.0003866219
0.6440000000 0.0816972323 0.5368727048 0.0127295155 0.5336494055 0.0816972323 0.0438610141 0.0435976795 0.0003834630
0.6460000000 0.0837647853 0.5478237500 0.0131447377 0.5423664001 0.0837647853 0.0458883388 0.0454312051 0.0003803985
0.6480000000 0.0858737911 0.5587838417 0.0135727932 0.5512575155 0.0858737911 0.0479848869 0.0473385727 0.0003774218
0.6500000000 0.0880246894 0.5697519486 0.0140139732 0.5603212142 0.0880246894 0.0501522383 0.0493221008 0.0003745272
0.6520000000 0.0902179230 0.5807271165 0.0144685744 0.5695560271 0.0902179230 0.0523919943 0.0513841618 0.0003717104
0.6540000000 0.0924539385 0.5917084643 0.0149368988 0.5789605496 0.0924539385 0.0547057779 0.0535271830 0.0003689683
0.6560000000 0.0947331865 0.6026951792 0.0154192546 0.5885334379 0.0947331865 0.0570952348 0.0557536479 0.0003662982
0.6580000000 0.0970561227 0.6136865143 0.0159159555 0.5982734064 0.0970561227 0.0595620336 0.0580660971 0.0003636986
0.6600000000 0.0994232086 0.6246817854 0.0164273213 0.6081792252 0.0994232086 0.0621078675 0.0604671300 0.0003611680
0.6620000000 0.1018349121 0.6356803688 0.0169536779 0.6182497187 0.1018349121 0.0647344545 0.0629594058 0.0003587057
0.6640000000 0.1042917086 0.6466816993 0.0174953577 0.6284837643 0.1042917086 0.0674435393 0.0655456456 0.0003563107
0.6660000000 0.1067940817 0.6576852683 0.0180526995 0.6388802914 0.1067940817 0.0702368943 0.0682286341 0.0003539827
0.6680000000 0.1093425246 0.6686906215 0.0186260489 0.6494382810 0.1093425246 0.0731163207 0.0710112212 0.0003517209
0.6700000000 0.1119375403 0.6796973583 0.0192157585 0.6601567649 0.1119375403 0.0760836504 0.0738963245 0.0003495250
0.6720000000 0.1145796431 0.6907051286 0.0198221883 0.6710348250 0.1145796431 0.0791407471 0.0768869307 0.0003473940
0.6740000000 0.1172693591 0.7017136322 0.0204457055 0.6820715933 0.1172693591 0.0822895079 0.0799860986 0.0003453274
0.6760000000 0.1200072273 0.7127226159 0.0210866853 0.6932662511 0.1200072273 0.0855318650 0.0831969606 0.0003433241
0.6780000000 0.1227938004 0.7237318723 0.0217455107 0.7046180282 0.1227938004 0.0888697871 0.0865227255 0.0003413830
0.6800000000 0.1256296452 0.7347412370 0.0224225731 0.7161262030 0.1256296452 0.0923052809 0.0899666808 0.0003395029
0.6820000000 0.1285153436 0.7457505866 0.0231182721 0.7277901009 0.1285153436 0.0958403929 0.0935321949 0.0003376819
0.6840000000 0.1314514927 0.7567598364 0.0238330163 0.7396090942 0.1314514927 0.0994772101 0.0972227195 0.0003359186
0.6860000000 0.1344387059 0.7677689374 0.0245672232 0.7515826004 0.1344387059 0.1032178624 0.1010417922 0.0003342107
0.6880000000 0.1374776126 0.7787778745 0.0253213192 0.7637100813 0.1374776126 0.1070645230 0.1049930387 0.0003325564
0.6900000000 0.1405688592 0.7897866631 0.0260957402 0.7759910412 0.1405688592 0.1110194102 0.1090801754 0.0003309532
0.6920000000 0.1437131085 0.8007953468 0.0268909319 0.7884250259 0.1437131085 0.1150847885 0.1133070113 0.0003293988
0.6940000000 0.1469110407 0.8118039942 0.0277073493 0.8010116202 0.1469110407 0.1192629696 0.1176774507 0.0003278906
0.6960000000 0.1501633527 0.8228126967 0.0285454575 0.8137504469 0.1501633527 0.1235563132 0.1221954954 0.0003264260
0.6980000000 0.1534707586 0.8338215656 0.0294057317 0.8266411644 0.1534707586 0.1279672282 0.1268652466 0.0003250023
0.7000000000 0.1568339892 0.8448307288 0.0302886573 0.8396834644 0.1568339892 0.1324981734 0.1316909074 0.0003236167
0.7020000000 0.1602537918 0.8558403292 0.0311947298 0.8528770707 0.1602537918 0.1371516579 0.1366767845 0.0003222668
0.7040000000 0.1637309302 0.8668505209 0.0321244554 0.8662217360 0.1637309302 0.1419302421 0.1418272906 0.0003209493
0.7060000000 0.1672661841 0.8778614678 0.0330783506 0.8797172401 0.1672661841 0.1468365379 0.1471469458 0.0003196621
0.7080000000 0.1708603490 0.8888733403 0.0340569427 0.8933633877 0.1708603490 0.1518732091 0.1526403802 0.0003184021
0.7100000000 0.1745142354 0.8998863136 0.0350607697 0.9071600060 0.1745142354 0.1570429719 0.1583123348 0.0003171670
0.7120000000 0.1782286685 0.9109005654 0.0360903802 0.9211069423 0.1782286685 0.1623485949 0.1641676639 0.0003159543
0.7140000000 0.1820044879 0.9219162739 0.0371463336 0.9352040620 0.1820044879 0.1677928993 0.1702113364 0.0003147614
0.7160000000 0.1858425465 0.9329336158 0.0382292005 0.9494512467 0.1858425465 0.1733787589 0.1764484375 0.0003135862
0.7180000000 0.1897437105 0.9439527645 0.0393395620 0.9638483911 0.1897437105 0.1791091001 0.1828841701 0.0003124262
0.7200000000 0.1937088583 0.9549738890 0.0404780103 0.9783954021 0.1937088583 0.1849869017 0.1895238563 0.0003112798
0.7220000000 0.1977388802 0.9659971516 0.0416451486 0.9930921960 0.1977388802 0.1910151950 0.1963729387 0.0003101445
0.7240000000 0.2018346774 0.9770227075 0.0428415910 1.0079386969 0.2018346774 0.1971970629 0.2034369817 0.0003090189
0.7260000000 0.2059971617 0.9880507030 0.0440679625 1.0229348346 0.2059971617 0.2035356404 0.2107216725 0.0003079011
0.7280000000 0.2102272548 0.9990812749 0.0453248991 1.0380805433 0.2102272548 0.2100341137 0.2182328228 0.0003067894
0.7300000000 0.2145258872 1.0101145493 0.0466130478 1.0533757593 0.2145258872 0.2166957199 0.2259763693 0.0003056826
0.7320000000 0.2188939983 1.0211506409 0.0479330666 1.0688204198 0.2188939983 0.2235237467 0.2339583752 0.0003045790
0.7340000000 0.2233325350 1.0321896523 0.0492856243 1.0844144613 0.2233325350 0.2305215317 0.2421850307 0.0003034777
0.7360000000 0.2278424515 1.0432316738 0.0506714007 1.1001578179 0.2278424515 0.2376924621 0.2506626543 0.0003023772
0.7380000000 0.2324247084 1.0542767824 0.0520910864 1.1160504203 0.2324247084 0.2450399737 0.2593976935 0.0003012766
0.7400000000 0.2370802722 1.0653250418 0.0535453829 1.1320921942 0.2370802722 0.2525675509 0.2683967255 0.0003001750
0.7420000000 0.2418101145 1.0763765019 0.0550350025 1.1482830591 0.2418101145 0.2602787252 0.2776664581 0.0002990713
0.7440000000 0.2466152117 1.0874311989 0.0565606682 1.1646229274 0.2466152117 0.2681770754 0.2872137298 0.0002979650
0.7460000000 0.2514965441 1.0984891548 0.0581231139 1.1811117028 0.2514965441 0.2762662261 0.2970455114 0.0002968551
0.7480000000 0.2564550950 1.1095503777 0.0597230840 1.1977492795 0.2564550950 0.2845498475 0.3071689053 0.0002957412
0.7500000000 0.2614918510 1.1206148613 0.0613613334 1.2145355414 0.2614918510 0.2930316544 0.3175911469 0.0002946225
0.7520000000 0.2666078006 1.1316825854 0.0630386278 1.2314703608 0.2666078006 0.3017154051 0.3283196044 0.0002934984
0.7540000000 0.2718039338 1.1427535159 0.0647557432 1.2485535974 0.2718039338 0.3106049010 0.3393617793 0.0002923686
0.7560000000 0.2770812417 1.1538276044 0.0665134659 1.2657850974 0.2770812417 0.3197039853 0.3507253065 0.0002912323
0.7580000000 0.2824407159 1.1649047888 0.0683125926 1.2831646927 0.2824407159 0.3290165425 0.3624179544 0.0002900894
0.7600000000 0.2878833478 1.1759849932 0.0701539300 1.3006921996 0.2878833478 0.3385464968 0.3744476249 0.0002889393
0.7620000000 0.2934101282 1.1870681282 0.0720382950 1.3183674184 0.2934101282 0.3482978117 0.3868223533 0.0002877817
0.7640000000 0.2990220466 1.1981540907 0.0739665144 1.3361901323 0.2990220466 0.3582744883 0.3995503079 0.0002866160
0.7660000000 0.3047200904 1.2092427642 0.0759394247 1.3541601062 0.3047200904 0.3684805644 0.4126397900 0.0002854420
0.7680000000 0.3105052449 1.2203340192 0.0779578721 1.3722770863 0.3105052449 0.3789201135 0.4260992328 0.0002842593
0.7700000000 0.3163784924 1.2314277129 0.0800227121 1.3905407983 0.3163784924 0.3895972433 0.4399372014 0.0002830674
0.7720000000 0.3223408114 1.2425236894 0.0821348096 1.4089509470 0.3223408114 0.4005160942 0.4541623915 0.0002818660
0.7740000000 0.3283931763 1.2536217800 0.0842950384 1.4275072153 0.3283931763 0.4116808383 0.4687836287 0.0002806546
0.7760000000 0.3345365566 1.2647218029 0.0865042813 1.4462092632 0.3345365566 0.4230956770 0.4838098670 0.0002794329
0.7780000000 0.3407719161 1.2758235634 0.0887634295 1.4650567260 0.3407719161 0.4347648403 0.4992501878 0.0002782001
0.7800000000 0.3471002126 1.2869268537 0.0910733826 1.4840492138 0.3471002126 0.4466925845 0.5151137976 0.0002769558
0.7820000000 0.3535223964 1.2980314533 0.0934350478 1.5031863098 0.3535223964 0.4588831900 0.5314100265 0.0002756996
0.7840000000 0.3600394105 1.3091371282 0.0958493403 1.5224675688 0.3600394105 0.4713409599 0.5481483260 0.0002744307
0.7860000000 0.3666521890 1.3202436309 0.0983171822 1.5418925163 0.3666521890 0.4840702172 0.5653382662 0.0002731485
0.7880000000 0.3733616565 1.3313507008 0.1008395028 1.5614606463 0.3733616565 0.4970753030 0.5829895334 0.0002718522
0.7900000000 0.3801687270 1.3424580631 0.1034172371 1.5811714201 0.3801687270 0.5103605730 0.6011119260 0.0002705409
0.7920000000 0.3870743033 1.3535654290 0.1060513266 1.6010242642 0.3870743033 0.5239303954 0.6197153517 0.0002692140
0.7940000000 0.3940792751 1.3646724949 0.1087427175 1.6210185687 0.3940792751 0.5377891476 0.6388098225 0.0002678700
0.7960000000 0.4011845185 1.3757789422 0.1114923608 1.6411536846 0.4011845185 0.5519412125 0.6584054508 0.0002665083
0.7980000000 0.4083908943 1.3868844364 0.1143012115 1.6614289217 0.4083908943 0.5663909753 0.6785124431 0.0002651272
0.8000000000 0.4156992465 1.3979886267 0.1171702277 1.6818435463 0.4156992465 0.5811428187 0.6991410949 0.0002637257
0.8020000000 0.4231104010 1.4090911450 0.1201003698 1.7023967781 0.4231104010 0.5962011194 0.7203017834 0.0002623021
0.8040000000 0.4306251636 1.4201916049 0.1230925993 1.7230877872 0.4306251636 0.6115702421 0.7420049602 0.0002608547
0.8060000000 0.4382443182 1.4312896010 0.1261478785 1.7439156912 0.4382443182 0.6272545354 0.7642611431 0.0002593817
0.8080000000 0.4459686249 1.4423847075 0.1292671684 1.7648795506 0.4459686249 0.6432583246 0.7870809063 0.0002578810
0.8100000000 0.4537988172 1.4534764767 0.1324514282 1.7859783657 0.4537988172 0.6595859060 0.8104748700 0.0002563504
0.8120000000 0.4617356001 1.4645644379 0.1357016134 1.8072110718 0.4617356001 0.6762415396 0.8344536887 0.0002547871
0.8140000000 0.4697796466 1.4756480950 0.1390186744 1.8285765337 0.4697796466 0.6932294405 0.8590280377 0.0002531883
0.8160000000 0.4779315950 1.4867269255 0.1424035547 1.8500735411 0.4779315950 0.7105537709 0.8842085984 0.0002515510
0.8180000000 0.4861920455 1.4978003773 0.1458571890 1.8717008017 0.4861920455 0.7282186292 0.9100060413 0.0002498712
0.8200000000 0.4945615558 1.5088678671 0.1493805009 1.8934569349 0.4945615558 0.7462280398 0.9364310075 0.0002481451
0.8220000000 0.5030406373 1.5199287767 0.1529744003 1.9153404634 0.5030406373 0.7645859405 0.9634940873 0.0002463681
0.8240000000 0.5116297498 1.5309824506 0.1566397810 1.9373498051 0.5116297498 0.7832961682 0.9912057961 0.0002445349
0.8260000000 0.5203292965 1.5420281919 0.1603775173 1.9594832634 0.5203292965 0.8023624443 1.0195765480 0.0002426398
0.8280000000 0.5291396173 1.5530652583 0.1641884605 1.9817390157 0.5291396173 0.8217883565 1.0486166244 0.0002406759
0.8300000000 0.5380609823 1.5640928575 0.1680734350 2.0041151015 0.5380609823 0.8415773394 1.0783361403 0.0002386360
0.8320000000 0.5470935836 1.5751101415 0.1720332335 2.0266094078 0.5470935836 0.8617326519 1.1087450035 0.0002365112
0.8340000000 0.5562375266 1.5861162011 0.1760686124 2.0492196532 0.5562375266 0.8822573525 1.1398528713 0.0002342916
0.8360000000 0.5654928193 1.5971100580 0.1801802854 2.0719433694 0.5654928193 0.9031542695 1.1716690975 0.0002319660
0.8380000000 0.5748593614 1.6080906575 0.1843689171 2.0947778800 0.5748593614 0.9244259685 1.2042026744 0.0002295212
0.8400000000 0.5843369303 1.6190568586 0.1886351150 2.1177202759 0.5843369303 0.9460747147 1.2374621652 0.0002269422
0.8420000000 0.5939251655 1.6300074236 0.1929794209 2.1407673880 0.5939251655 0.9681024288 1.2714556252 0.0002242112
0.8440000000 0.6036235515 1.6409410053 0.1974023008 2.1639157537 0.6036235515 0.9905106374 1.3061905124 0.0002213079
0.8460000000 0.6134313965 1.6518561325 0.2019041322 2.1871615798 0.6134313965 1.0133004142 1.3416735822 0.0002182086
0.8480000000 0.6233478086 1.6627511932 0.2064851915 2.2105006980 0.6233478086 1.0364723125 1.3779107660 0.0002148848
0.8500000000 0.6333716677 1.6736244144 0.2111456367 2.2339285138 0.6333716677 1.0600262864 1.4149070282 0.0002113040
0.8520000000 0.6435015924 1.6844738390 0.2158854892 2.2574399459 0.6435015924 1.0839615978 1.4526662000 0.0002074268
0.8540000000 0.6537359018 1.6952972979 0.2207046112 2.2810293545 0.6537359018 1.1082767079 1.4911907821 0.0002032068
0.8560000000 0.6640725688 1.7060923778 0.2256026795 2.3046904578 0.6640725688 1.1329691480 1.5304817127 0.0001985888
0.8580000000 0.6745091668 1.7168563821 0.2305791544 2.3284162309 0.6745091668 1.1580353679 1.5705380920 0.0001935058
0.8600000000 0.6850428041 1.7275862849 0.2356332420 2.3521987872 0.6850428041 1.1834705530 1.6113568530 0.0001878783
0.8620000000 0.6956700472 1.7382786754 0.2407638507 2.3760292350 0.6956700472 1.2092684082 1.6529323701 0.0001816088
0.8640000000 0.7063868278 1.7489296923 0.2459695367 2.3998975066 0.7063868278 1.2354208973 1.6952559867 0.0001745805
0.8660000000 0.7171883312 1.7595349437 0.2512484411 2.4237921535 0.7171883312 1.2619179299 1.7383154496 0.0001666502
0.8680000000 0.7280688633 1.7700894122 0.2565982121 2.4477000979 0.7280688633 1.2887469863 1.7820942281 0.0001576447
0.8700000000 0.7390216893 1.7805873414 0.2620159128 2.4716063403 0.7390216893 1.3158926650 1.8265706929 0.0001473544
0.8720000000 0.7500388428 1.7910221004 0.2674979104 2.4954936065 0.7500388428 1.3433361436 1.8717171368 0.0001355257
0.8740000000 0.7611108989 1.8013860262 0.2730397449 2.5193419352 0.7611108989 1.3710545378 1.9174986051 0.0001218569
0.8760000000 0.7722267104 1.8116702413 0.2786359748 2.5431282002 0.7722267104 1.3990201508 1.9638715242 0.0001059923
0.8780000000 0.7833731061 1.8218644492 0.2842800002 2.5668255686 0.7833731061 1.4271996124 2.0107821184 0.0000875222
0.8800000000 0.7945345583 1.8319567152 0.2899638649 2.5904029137 0.7945345583 1.4555529195 2.0581646348 0.0000659877
0.8820000000 0.8056928359 1.8419332432 0.2956780450 2.6138242035 0.8056928359 1.4840324182 2.1059394351 0.0000408978
0.8840000000 0.8168266780 1.8517781729 0.3014112383 2.6370479163 0.8168266780 1.5125818133 2.1540110891 0.0000117655
0.8860000000 0.8279115860 1.8614734144 0.3071501800 2.6600264824 0.8279115860 1.5411354069 2.2022667440 0.0000216951
0.8880000000 0.8389198148 1.8709987034 0.3128795840 2.6827063027 0.8389198148 1.5696178857 2.2505754745 0.0000596430
0.8900000000 0.8498202794 1.8803319377 0.3185821995 2.7050287257 0.8498202794 1.5979442127 2.2987882676 0.0001026301
0.8920000000 0.8605785645 1.8894491547 0.3242387459 2.7269298712 0.8605785645 1.6260194412 2.3467373940 0.0001512472
0.8940000000 0.8711569984 1.8983246029 0.3298279026 2.7483407139 0.8711569984 1.6537387631 2.3942362469 0.0002060099
0.8960000000 0.8815149147 1.9069309927 0.3353264243 2.7691876608 0.8815149147 1.6809881114 2.4410802247 0.0002673426
0.8980000000 0.8916091586 1.9152399260 0.3407094011 2.7893936038 0.8916091586 1.7076454589 2.4870488840 0.0003355648
0.9000000000 0.9013948596 1.9232225042 0.3459506760 2.8088794449 0.9013948596 1.7335828791 2.5319094928 0.0004108779
0.9020000000 0.9108264698 1.9308500996 0.3510234201 2.8275660723 0.9108264698 1.7586693799 2.5754220238 0.0004933526
0.9040000000 0.9198590423 1.9380952657 0.3559008566 2.8453767225 0.9198590423 1.7827744550 2.6173455070 0.0005829218
0.9060000000 0.9284496972 1.9449327406 0.3605571039 2.8622396220 0.9284496972 1.8057722140 2.6574455103 0.0006793787
0.9080000000 0.9365591954 1.9513404854 0.3649680946 2.8780907573 0.9365591954 1.8275458749 2.6955023639 0.0007823807
0.9100000000 0.9441535176 1.9573006874 0.3691125113 2.8928765879 0.9441535176 1.8479923290 2.7313196063 0.0008914596
0.9120000000 0.9512053299 1.9628006515 0.3729726701 2.9065564986 0.9512053299 1.8670264412 2.7647320330 0.0010060370
0.9140000000 0.9576952176 1.9678335064 0.3765352811 2.9191047926 0.9576952176 1.8845847381 2.7956126995 0.0011254434
0.9160000000 0.9636125790 1.9723986640 0.3797920196 2.9305120499 0.9636125790 1.9006281635 2.8238782743 0.0012489411
0.9180000000 0.9689560976 1.9765019880 0.3827398575 2.9407857276 0.9689560976 1.9151436532 2.8494922626 0.0013757476
0.9200000000 0.9737337480 1.9801556524 0.3853811238 2.9499499392 0.9737337480 1.9281443850 2.8724658107 0.0015050604
0.9220000000 0.9779623337 1.9833776980 0.3877232906 2.9580444255 0.9779623337 1.9396686821 2.8928560294 0.0016360797
0.9240000000 0.9816665983 1.9861913210 0.3897785044 2.9651227991 0.9816665983 1.9497776776 2.9107620116 0.0017680299
0.9260000000 0.9848779883 1.9886239486 0.3915629068 2.9712502075 0.9848779883 1.9585519540 2.9263189272 0.0019001778
0.9280000000 0.9876331739 1.9907061744 0.3930958052 2.9765005987 0.9876331739 1.9660874572 2.9396907333 0.0020318477
0.9300000000 0.9899724447 1.9924706307 0.3943987621 2.9809537989 0.9899724447 1.9724910212 2.9510621198 0.0021624322
0.9320000000 0.9919381008 1.9939508739 0.3954946719 2.9846926036 0.9919381008 1.9778758430 2.9606303127 0.0022913989
0.9340000000 0.9935729413 1.9951803513 0.3964068882 2.9878000641 0.9935729413 1.9823572100 2.9685972977 0.0024182940
0.9360000000 0.9949189339 1.9961915000 0.3971584493 2.9903571113 0.9949189339 1.9860487191 2.9751629092 0.0025427409
0.9380000000 0.9960161208 1.9970150160 0.3977714375 2.9924406104 0.9960161208 1.9890591494 2.9805190884 0.0026644363
0.9400000000 0.9969017869 1.9976793063 0.3982664867 2.9941218954 0.9969017869 1.9914900701 2.9848454677 0.0027831424
0.9420000000 0.9976098945 1.9982101267 0.3986624430 2.9954657831 0.9976098945 1.9934341937 2.9883063038 0.0028986770
0.9440000000 0.9981707631 1.9986303911 0.3989761665 2.9965300347 0.9981707631 1.9949744226 2.9910486714 0.0030109005
0.9460000000 0.9986109642 1.9989601284 0.3992224573 2.9973652046 0.9986109642 1.9961835012 2.9932017571 0.0031197003
0.9480000000 0.9989533888 1.9992165598 0.3994140816 2.9980148038 0.9989533888 1.9971241574 2.9948770478 0.0032249721
0.9500000000 0.9992174450 1.9994142655 0.3995618742 2.9985156982 0.9992174450 1.9978496139 2.9961691947 0.0033265975
0.9520000000 0.9994193447 1.9995654111 0.3996748921 2.9988986674 0.9994193447 1.9984043529 2.9971573411 0.0034244152
0.9540000000 0.9995724418 1.9996800100 0.3997606002 2.9991890566 0.9995724418 1.9988250305 2.9979067289 0.0035181856
0.9560000000 0.9996875924 1.9997661976 0.3998250696 2.9994074651 0.9996875924 1.9991414554 2.9984704274 0.0036075417
0.9580000000 0.9997735128 1.9998305034 0.3998731768 2.9995704299 0.9997735128 1.9993775675 2.9988910657 0.0036919240
0.9600000000 0.9998371202 1.9998781074 0.3999087924 2.9996910725 0.9998371202 1.9995523677 2.9992024834 0.0037704883
0.9620000000 0.9998838426 1.9999130736 0.3999349545 2.9997796892 0.9998838426 1.9996807688 2.9994312426 0.0038419771
0.9640000000 0.9999178949 1.9999385571 0.3999540225 2.9998442749 0.9999178949 1.9997743520 2.9995979724 0.0039045369
0.9660000000 0.9999425172 1.9999569833 0.3999678103 2.9998909748 0.9999425172 1.9998420201 2.9997185326 0.0039554604
0.9680000000 0.9999601761 1.9999701983 0.3999776989 2.9999244676 0.9999601761 1.9998905516 2.9998049988 0.0039908283
0.9700000000 0.9999727324 1.9999795947 0.3999847303 2.9999482828 0.9999727324 1.9999250602 2.9998664815 0.0040050216
0.9720000000 0.9999815779 1.9999862141 0.3999896837 2.9999650595 0.9999815779 1.9999493701 2.9999097937 0.0039900883
0.9740000000 0.9999877444 1.9999908287 0.3999931369 2.9999767553 0.9999877444 1.9999663177 2.9999399888 0.0039349941
0.9760000000 0.9999919916 1.9999940071 0.3999955153 2.9999848109 0.9999919916 1.9999779904 2.9999607859 0.0038249255
0.9780000000 0.9999948747 1.9999961646 0.3999971299 2.9999902791 0.9999948747 1.9999859141 2.9999749034 0.0036411955
0.9800000000 0.9999967972 1.9999976032 0.3999982064 2.9999939254 0.9999967972 1.9999911977 2.9999843170 0.0033631399
0.9820000000 0.9999980510 1.9999985415 0.3999989086 2.9999963035 0.9999980510 1.9999946436 2.9999904566 0.0029750190
0.9840000000 0.9999988471 1.9999991372 0.3999993544 2.9999978133 0.9999988471 1.9999968314 2.9999943545 0.0024799264
0.9860000000 0.9999993369 1.9999995038 0.3999996287 2.9999987424 0.9999993369 1.9999981777 2.9999967532 0.0019184333
0.9880000000 0.9999996284 1.9999997219 0.3999997919 2.9999992952 0.9999996284 1.9999989787 2.9999981804 0.0013613538
0.9900000000 0.9999997965 1.9999998477 0.3999998860 2.9999996139 0.9999997965 1.9999994406 2.9999990033 0.0008965351
0.9920000000 0.9999998902 1.9999999178 0.3999999385 2.9999997918 0.9999998902 1.9999996983 2.9999994624 0.0005314893
0.9940000000 0.9999999424 1.9999999569 0.3999999677 2.9999998907 0.9999999424 1.9999998416 2.9999997179 0.0003463663
0.9960000000 0.9999999683 1.9999999763 0.3999999823 2.9999999399 0.9999999683 1.9999999130 2.9999998449 0.0000969435
0.9980000000 0.9999999871 1.9999999903 0.3999999928 2.9999999755 0.9999999871 1.9999999645 2.9999999368 0.0002555734
1.0000000000 0.9999999871 1.9999999903 0.3999999928 2.9999999755 0.9999999871 1.9999999645 2.9999999368 0.0000000000
