TITLE = "1D Euler Filtered MacCormack Result"
VARIABLES = "x", "rho", "u", "p", "E", "rho_conserved", "rhou", "rhoE", "nu"
ZONE T="t=0.20000000", I=201, F=POINT
0.0000000000 0.4000000000 0.5000000000 1.0000000000 6.3750000000 0.4000000000 0.2000000000 2.5500000000 0.0000000000
0.0050000000 0.4000000000 0.5000000000 1.0000000000 6.3750000000 0.4000000000 0.2000000000 2.5500000000 0.0000000001
0.0100000000 0.4000000000 0.5000000000 1.0000000000 6.3750000000 0.4000000000 0.2000000000 2.5500000000 0.0000000002
0.0150000000 0.4000000000 0.5000000000 1.0000000000 6.3750000000 0.4000000000 0.2000000000 2.5500000000 0.0000000006
0.0200000000 0.4000000000 0.5000000000 1.0000000000 6.3750000000 0.4000000000 0.2000000000 2.5500000000 0.0000000022
0.0250000000 0.4000000000 0.5000000000 1.0000000000 6.3750000000 0.4000000000 0.2000000000 2.5500000000 0.0000000083
0.0300000000 0.4000000000 0.5000000000 1.0000000000 6.3750000000 0.4000000000 0.2000000000 2.5500000000 0.0000000312
0.0350000000 0.4000000000 0.5000000000 1.0000000000 6.3750000000 0.4000000000 0.2000000000 2.5500000000 0.0000001159
0.0400000000 0.4000000000 0.5000000000 1.0000000000 6.3750000000 0.4000000000 0.2000000000 2.5500000000 0.0000004265
0.0450000000 0.4000000000 0.4999999999 1.0000000001 6.3750000001 0.4000000000 0.2000000000 2.5500000001 0.0000015575
0.0500000000 0.4000000001 0.4999999997 1.0000000002 6.3750000002 0.4000000001 0.1999999999 2.5500000004 0.0000056418
0.0550000000 0.4000000002 0.4999999991 1.0000000007 6.3750000008 0.4000000002 0.1999999997 2.5500000016 0.0000202467
0.0600000000 0.4000000007 0.4999999967 1.0000000025 6.3750000028 0.4000000007 0.1999999990 2.5500000056 0.0000715650
0.0650000000 0.4000000025 0.4999999881 1.0000000089 6.3750000099 0.4000000025 0.1999999965 2.5500000202 0.0002442611
0.0700000000 0.4000000090 0.4999999581 1.0000000314 6.3750000351 0.4000000090 0.1999999877 2.5500000712 0.0007620762
0.0750000000 0.4000000306 0.4999998568 1.0000001071 6.3750001197 0.4000000306 0.1999999580 2.5500002430 0.0019496929
0.0800000000 0.4000000985 0.4999995391 1.0000003449 6.3750003854 0.4000000985 0.1999998649 2.5500007824 0.0036584043
0.0850000000 0.4000002921 0.4999986339 1.0000010223 6.3750011424 0.4000002921 0.1999995996 2.5500023190 0.0050833878
0.0900000000 0.4000007979 0.4999962683 1.0000027926 6.3750031209 0.4000007979 0.1999989062 2.5500063348 0.0058788783
0.0950000000 0.4000020509 0.4999904076 1.0000071783 6.3750080223 0.4000020509 0.1999971885 2.5500162837 0.0062459955
0.1000000000 0.4000050726 0.4999762753 1.0000177540 6.3750198416 0.4000050726 0.1999930463 2.5500402743 0.0064019339
0.1050000000 0.4000122656 0.4999426332 1.0000429301 6.3750479790 0.4000122656 0.1999831854 2.5500973854 0.0064639754
0.1100000000 0.4000292815 0.4998630505 1.0001024878 6.3751145475 0.4000292815 0.1999598569 2.5502324916 0.0064857518
0.1150000000 0.4000693976 0.4996754336 1.0002429069 6.3752715252 0.4000693976 0.1999048497 2.5505510384 0.0064898869
0.1200000000 0.4001637603 0.4992341429 1.0005732465 6.3756409816 0.4001637603 0.1997754119 2.5513004696 0.0064842710
0.1250000000 0.4003852358 0.4981985674 1.0013487969 6.3765092584 0.4003852358 0.1994713509 2.5530601629 0.0064681723
0.1300000000 0.4009033320 0.4957769455 1.0031642488 6.3785466241 0.4009033320 0.1987586294 2.5571805951 0.0064319404
0.1350000000 0.4021073880 0.4901539865 1.0073898742 6.3833147540 0.4021073880 0.1970945392 2.5667780226 0.0063502910
0.1400000000 0.4048658145 0.4772985645 1.0171043583 6.3944097953 0.4048658145 0.1932418720 2.5888779297 0.0061659403
0.1450000000 0.4109890145 0.4489023438 1.0388302547 6.4198443816 0.4109890145 0.1844939319 2.6384855159 0.0057601883
0.1500000000 0.4237108672 0.3906140109 1.0846120405 6.4757717313 0.4237108672 0.1655074013 2.7438548561 0.0049206425
0.1550000000 0.4470112938 0.2868643250 1.1702687986 6.5861077154 0.4470112938 0.1282315931 2.9440645311 0.0033381102
0.1600000000 0.4814679255 0.1418005869 1.2998245298 6.7593326325 0.4814679255 0.0682724344 3.2544018602 0.0005794088
0.1650000000 0.5175174304 0.0011578207 1.4376098481 6.9447418693 0.5175174304 0.0005991924 3.5940249672 0.0041263542
0.1700000000 0.5381972825 -0.0751908203 1.5176991472 7.0527469825 0.5381972825 -0.0404674952 3.7957692602 0.0111399729
0.1750000000 0.5417374849 -0.0881514274 1.5316067477 7.0719154730 0.5417374849 -0.0477549326 3.8311217019 0.0161198380
0.1800000000 0.5395669191 -0.0801901745 1.5230404603 7.0599880182 0.5395669191 -0.0432679654 3.8093359836 0.0019716144
0.1850000000 0.5368712994 -0.0702342827 1.5123959766 7.0451039195 0.5368712994 -0.0377067706 3.7823140956 0.0063916905
0.1900000000 0.5357416083 -0.0660462230 1.5079375900 7.0388642522 0.5357416083 -0.0353837098 3.7710124552 0.0161171461
0.1950000000 0.5357876359 -0.0662172251 1.5081193071 7.0391189616 0.5357876359 -0.0354783705 3.7714729074 0.0127840905
0.2000000000 0.5360798112 -0.0672998156 1.5092710619 7.0407271450 0.5360798112 -0.0360780724 3.7743916786 0.0018729052
0.2050000000 0.5363059140 -0.0681370881 1.5101624042 7.0419714866 0.5363059140 -0.0365423233 3.7766509541 0.0102108944
0.2100000000 0.5363542815 -0.0683163257 1.5103532484 7.0422384356 0.5363542815 -0.0366417538 3.7771347360 0.0160634230
0.2150000000 0.5363339351 -0.0682412213 1.5102732424 7.0421274435 0.5363339351 -0.0366000827 3.7769319232 0.0026439531
0.2200000000 0.5363065354 -0.0681400225 1.5101654549 7.0419777505 0.5363065354 -0.0365439394 3.7766586896 0.0066688324
0.2250000000 0.5362955925 -0.0680997893 1.5101225897 7.0419188301 0.5362955925 -0.0365216168 3.7765500315 0.0158154878
0.2300000000 0.5362974714 -0.0681070715 1.5101303200 7.0419306988 0.5362974714 -0.0365256502 3.7765696276 0.0080631390
0.2350000000 0.5363030994 -0.0681282769 1.5101528762 7.0419634162 0.5363030994 -0.0365374060 3.7766268058 0.0001017507
0.2400000000 0.5363086969 -0.0681494308 1.5101753779 7.0419962754 0.5363086969 -0.0365491324 3.7766838461 0.0049439918
0.2450000000 0.5363114857 -0.0681602674 1.5101868933 7.0420140861 0.5363114857 -0.0365551343 3.7767130370 0.0084603578
0.2500000000 0.5363121477 -0.0681633190 1.5101901186 7.0420206398 0.5363121477 -0.0365568160 3.7767212134 0.0039932252
0.2550000000 0.5363124330 -0.0681650715 1.5101919601 7.0420255985 0.5363124330 -0.0365577753 3.7767258818 0.0059910569
0.2600000000 0.5363133934 -0.0681694459 1.5101965930 7.0420348857 0.5363133934 -0.0365601869 3.7767376262 0.0040550312
0.2650000000 0.5363151741 -0.0681769862 1.5102045963 7.0420493331 0.5363151741 -0.0365643522 3.7767579144 0.0014214353
0.2700000000 0.5363173132 -0.0681860010 1.5102141691 7.0420664940 0.5363173132 -0.0365693329 3.7767821811 0.0009918092
0.2750000000 0.5363190909 -0.0681938579 1.5102225079 7.0420825648 0.5363190909 -0.0365736679 3.7768033194 0.0031168566
0.2800000000 0.5363200784 -0.0681989951 1.5102279492 7.0420953180 0.5363200784 -0.0365764904 3.7768171131 0.0039674127
0.2850000000 0.5363204103 -0.0682019322 1.5102310465 7.0421055995 0.5363204103 -0.0365780883 3.7768249644 0.0023073977
0.2900000000 0.5363204539 -0.0682040495 1.5102332691 7.0421155315 0.5363204539 -0.0365792268 3.7768305986 0.0010119431
0.2950000000 0.5363205180 -0.0682065362 1.5102358834 7.0421270460 0.5363205180 -0.0365805648 3.7768372253 0.0021253177
0.3000000000 0.5363207332 -0.0682099103 1.5102394407 7.0421410332 0.5363207332 -0.0365823891 3.7768462425 0.0013009989
0.3050000000 0.5363210274 -0.0682139401 1.5102436940 7.0421572735 0.5363210274 -0.0365845704 3.7768570238 0.0001470229
0.3100000000 0.5363212281 -0.0682180381 1.5102480174 7.0421750716 0.5363212281 -0.0365867820 3.7768679828 0.0008681028
0.3150000000 0.5363211723 -0.0682216644 1.5102518360 7.0421938511 0.5363211723 -0.0365887230 3.7768776617 0.0014228517
0.3200000000 0.5363207937 -0.0682246325 1.5102549506 7.0422135422 0.5363207937 -0.0365902891 3.7768855560 0.0013734087
0.3250000000 0.5363201097 -0.0682270733 1.5102575005 7.0422345726 0.5363201097 -0.0365915514 3.7768920184 0.0009047709
0.3300000000 0.5363191615 -0.0682292176 1.5102597311 7.0422575634 0.5363191615 -0.0365926367 3.7768976712 0.0003864239
0.3350000000 0.5363179730 -0.0682312491 1.5102618379 7.0422831235 0.5363179730 -0.0365936452 3.7769030098 0.0000530581
0.3400000000 0.5363165412 -0.0682332705 1.5102639298 7.0423118072 0.5363165412 -0.0365946316 3.7769083103 0.0000868513
0.3450000000 0.5363148421 -0.0682353229 1.5102660504 7.0423441347 0.5363148421 -0.0365956165 3.7769136829 0.0000745624
0.3500000000 0.5363128355 -0.0682374020 1.5102681945 7.0423806112 0.5363128355 -0.0365965946 3.7769191146 0.0000849456
0.3550000000 0.5363104620 -0.0682394579 1.5102703089 7.0424217645 0.5363104620 -0.0365975352 3.7769244703 0.0003565786
0.3600000000 0.5363076487 -0.0682414106 1.5102723078 7.0424681465 0.5363076487 -0.0365983905 3.7769295324 0.0006190275
0.3650000000 0.5363043219 -0.0682431938 1.5102741203 7.0425203884 0.5363043219 -0.0365991198 3.7769341213 0.0007263296
0.3700000000 0.5363004175 -0.0682447957 1.5102757335 7.0425792715 0.5363004175 -0.0365997124 3.7769382036 0.0006269580
0.3750000000 0.5362958783 -0.0682462564 1.5102771895 7.0426457473 0.5362958783 -0.0366001860 3.7769418866 0.0004148599
0.3800000000 0.5362906495 -0.0682476329 1.5102785487 7.0427208205 0.5362906495 -0.0366005673 3.7769453228 0.0002405836
0.3850000000 0.5362846881 -0.0682489658 1.5102798540 7.0428052579 0.5362846881 -0.0366008754 3.7769486210 0.0001766086
0.3900000000 0.5362780104 -0.0682502701 1.5102811204 7.0428989177 0.5362780104 -0.0366011191 3.7769518191 0.0001914604
0.3950000000 0.5362708251 -0.0682515433 1.5102823451 7.0429990485 0.5362708251 -0.0366013114 3.7769549108 0.0002383125
0.4000000000 0.5362638492 -0.0682527779 1.5102835193 7.0430961945 0.5362638492 -0.0366014974 3.7769578752 0.0002950733
0.4050000000 0.5362590477 -0.0682539648 1.5102846330 7.0431645078 0.5362590477 -0.0366018062 3.7769606917 0.0003567820
0.4100000000 0.5362613607 -0.0682550956 1.5102856765 7.0431390810 0.5362613607 -0.0366025705 3.7769633473 0.0004057521
0.4150000000 0.5362826422 -0.0682561656 1.5102866441 7.0428642618 0.5362826422 -0.0366045969 3.7769658550 0.0004167581
0.4200000000 0.5363503604 -0.0682571771 1.5102875378 7.0419795770 0.5363503604 -0.0366097615 3.7769682841 0.0003859880
0.4250000000 0.5365265109 -0.0682581387 1.5102883666 7.0396722707 0.5365265109 -0.0366223010 3.7769708015 0.0003359405
0.4300000000 0.5369463229 -0.0682590626 1.5102891414 7.0341737880 0.5369463229 -0.0366514527 3.7769737503 0.0002779494
0.4350000000 0.5378962578 -0.0682599567 1.5102898731 7.0217588819 0.5378962578 -0.0367167753 3.7769778256 0.0002614303
0.4400000000 0.5399470693 -0.0682608281 1.5102905656 6.9951011531 0.5399470693 -0.0368572341 3.7769843668 0.0002413813
0.4450000000 0.5441949221 -0.0682616763 1.5102912229 6.9405203622 0.5441949221 -0.0371476576 3.7769959380 0.0002517676
0.4500000000 0.5525139094 -0.0682625014 1.5102918446 6.8360575924 0.5525139094 -0.0377159815 3.7770169051 0.0002406390
0.4550000000 0.5680208601 -0.0682633011 1.5102924332 6.6494996965 0.5680208601 -0.0387749790 3.7770545370 0.0002070345
0.4600000000 0.5949468155 -0.0682640742 1.5102929941 6.3486661463 0.5949468155 -0.0406134936 3.7771187066 0.0001356791
0.4650000000 0.6392476062 -0.0682648198 1.5102935374 5.9088579778 0.6392476062 -0.0436381226 3.7772233178 0.0000569396
0.4700000000 0.7060714675 -0.0682655423 1.5102940734 5.3498556011 0.7060714675 -0.0482003516 3.7773803950 0.0001085952
0.4750000000 0.7978769971 -0.0682662368 1.5102946235 4.7345590077 0.7978769971 -0.0544680600 3.7775957235 0.0001009419
0.4800000000 0.9080368827 -0.0682669160 1.5102951870 4.1604630101 0.9080368827 -0.0619888776 3.7778538621 0.0001541413
0.4850000000 1.0301180706 -0.0682675741 1.5102957709 3.6676765005 1.0301180706 -0.0703236617 3.7781398402 0.0000877904
0.4900000000 1.1427088628 -0.0682682139 1.5102963667 3.3065322805 1.1427088628 -0.0780106931 3.7784037422 0.0001742752
0.4950000000 1.2373951387 -0.0682688314 1.5102969391 3.0536938057 1.2373951387 -0.0844755201 3.7786258702 0.0003543796
0.5000000000 1.3063591519 -0.0682694302 1.5102974653 2.8926103067 1.3063591519 -0.0891843949 3.7787879471 0.0005002123
0.5050000000 1.3537161851 -0.0682700124 1.5102979298 2.7915005840 1.3537161851 -0.0924182207 3.7788995211 0.0005340854
0.5100000000 1.3859013763 -0.0682705859 1.5102983326 2.7267276382 1.3859013763 -0.0946162989 3.7789755866 0.0006489697
0.5150000000 1.4070811291 -0.0682711481 1.5102986654 2.6857199295 1.4070811291 -0.0960630442 3.7790258307 0.0007280325
0.5200000000 1.4213983950 -0.0682717015 1.5102989264 2.6586915506 1.4213983950 -0.0970412870 3.7790599029 0.0009284469
0.5250000000 1.4310659436 -0.0682722546 1.5102991048 2.6407468853 1.4310659436 -0.0977020984 3.7790829332 0.0012216320
0.5300000000 1.4373085742 -0.0682728195 1.5102991878 2.6292876928 1.4373085742 -0.0981291089 3.7790977449 0.0013897338
0.5350000000 1.4408135030 -0.0682733968 1.5102991764 2.6228973659 1.4408135030 -0.0983692320 3.7791059419 0.0012247238
0.5400000000 1.4424218867 -0.0682739838 1.5102990811 2.6199751575 1.4424218867 -0.0984798885 3.7791095099 0.0013342577
0.5450000000 1.4431386634 -0.0682745962 1.5102988787 2.6186747196 1.4431386634 -0.0985297095 3.7791107348 0.0013454684
0.5500000000 1.4434839212 -0.0682752482 1.5102985481 2.6180484049 1.4434839212 -0.0985542230 3.7791107773 0.0007051045
0.5550000000 1.4436650415 -0.0682759132 1.5102981408 2.6177195805 1.4436650415 -0.0985675491 3.7791102468 0.0003742099
0.5600000000 1.4437692107 -0.0682765757 1.5102976910 2.6175301442 1.4437692107 -0.0985756179 3.7791094303 0.0011634308
0.5650000000 1.4438332854 -0.0682772953 1.5102970949 2.6174131034 1.4438332854 -0.0985810316 3.7791081603 0.0016692754
0.5700000000 1.4438744193 -0.0682781326 1.5102962451 2.6173371893 1.4438744193 -0.0985850491 3.7791062143 0.0006145897
0.5750000000 1.4439024085 -0.0682790096 1.5102952851 2.6172848967 1.4439024085 -0.0985882265 3.7791039661 0.0007268605
0.5800000000 1.4439230260 -0.0682797979 1.5102944500 2.6172461661 1.4439230260 -0.0985907724 3.7791020041 0.0000379022
0.5850000000 1.4439387878 -0.0682805570 1.5102936250 2.6172162456 1.4439387878 -0.0985929447 3.7791000532 0.0022662524
0.5900000000 1.4439509885 -0.0682815350 1.5102923718 2.6171920482 1.4439509885 -0.0985951899 3.7790970450 0.0027471569
0.5950000000 1.4439601320 -0.0682829101 1.5102903948 2.6171721611 1.4439601320 -0.0985977998 3.7790922592 0.0005198687
0.6000000000 1.4439672477 -0.0682843837 1.5102882409 2.6171556472 1.4439672477 -0.0986004136 3.7790870366 0.0022317490
0.6050000000 1.4439734607 -0.0682854746 1.5102867244 2.6171418452 1.4439734607 -0.0986024131 3.7790833672 0.0028709423
0.6100000000 1.4439788710 -0.0682861783 1.5102858236 2.6171305364 1.4439788710 -0.0986037987 3.7790811972 0.0037436801
0.6150000000 1.4439828873 -0.0682873363 1.5102841022 2.6171203624 1.4439828873 -0.0986057450 3.7790770172 0.0075181265
0.6200000000 1.4439834698 -0.0682907204 1.5102785052 2.6171098484 1.4439834698 -0.0986106715 3.7790633599 0.0046723256
0.6250000000 1.4439798106 -0.0682970222 1.5102678304 2.6170984235 1.4439798106 -0.0986195212 3.7790372857 0.0018378834
0.6300000000 1.4439772036 -0.0683019972 1.5102593810 2.6170888553 1.4439772036 -0.0986265269 3.7790166468 0.0154472228
0.6350000000 1.4439895271 -0.0682941092 1.5102733577 2.6170901994 1.4439895271 -0.0986159784 3.7790508394 0.0137439817
0.6400000000 1.4441175845 -0.0681888647 1.5104574769 2.6171698932 1.4441175845 -0.0984727386 3.7795010644 0.0090239025
0.6450000000 1.4445718568 -0.0678100098 1.5111199735 2.6174683725 1.4445718568 -0.0979564317 3.7811211471 0.0001874686
0.6500000000 1.4450410047 -0.0674185043 1.5118046962 2.6177774666 1.4450410047 -0.0974225032 3.7827957803 0.0161124498
0.6550000000 1.4441808139 -0.0681407977 1.5105430695 2.6172003010 1.4441808139 -0.0984076326 3.7797104610 0.0140245014
0.6600000000 1.4315659590 -0.0787481102 1.4921128574 2.6088360652 1.4315659590 -0.1127331139 3.7347209034 0.0101172377
0.6650000000 1.3751842502 -0.1268706364 1.4108227965 2.5728367543 1.3751842502 -0.1744705010 3.5381245829 0.0050744000
0.6700000000 1.2633878980 -0.2272792459 1.2532700265 2.5058066195 1.2633878980 -0.2871418488 3.1658057577 0.0002712933
0.6750000000 1.1520344099 -0.3363191043 1.0999502890 2.4435288698 1.1520344099 -0.3874511809 2.8150293397 0.0033020456
0.6800000000 1.0762266171 -0.4160220959 0.9984029840 2.4057582746 1.0762266171 -0.4477340529 2.5891410895 0.0049608125
0.6850000000 1.0349220536 -0.4611130417 0.9445242506 2.3879439920 1.0349220536 -0.4772160560 2.4713359001 0.0058439007
0.6900000000 1.0152242617 -0.4829689448 0.9192838625 2.3803752987 1.0152242617 -0.4903217904 2.4166147552 0.0062738636
0.6950000000 1.0064767594 -0.4927402976 0.9081791803 2.3772339349 1.0064767594 -0.4959316580 2.3926307071 0.0064702487
0.7000000000 1.0027231305 -0.4969451313 0.9034344204 2.3759295611 1.0027231305 -0.4982983778 2.3823995273 0.0065589298
0.7050000000 1.0011376858 -0.4987232701 0.9014340577 2.3753866360 1.0011376858 -0.4992906605 2.3780890797 0.0066013206
0.7100000000 1.0004731310 -0.4994689667 0.9005962446 2.3751604896 1.0004731310 -0.4997052809 2.3762842516 0.0066245494
0.7150000000 1.0001958080 -0.4997802154 0.9002467352 2.3750663674 1.0001958080 -0.4998780763 2.3755314244 0.0066390804
0.7200000000 1.0000804891 -0.4999096528 0.9001014191 2.3750272721 1.0000804891 -0.4999498901 2.3752184358 0.0066460766
0.7250000000 1.0000327263 -0.4999632650 0.9000412357 2.3750110871 1.0000327263 -0.4999796270 2.3750888125 0.0066378585
0.7300000000 1.0000130566 -0.4999853441 0.9000164513 2.3750044231 1.0000130566 -0.4999918722 2.3750354325 0.0065913822
0.7350000000 1.0000050351 -0.4999943481 0.9000063443 2.3750017057 1.0000050351 -0.4999968656 2.3750136641 0.0064501417
0.7400000000 1.0000018266 -0.4999979497 0.9000023015 2.3750006188 1.0000018266 -0.4999988630 2.3750049569 0.0060855509
0.7450000000 1.0000005958 -0.4999993313 0.9000007507 2.3750002018 1.0000005958 -0.4999996291 2.3750016168 0.0052395489
0.7500000000 1.0000001653 -0.4999998145 0.9000002082 2.3750000560 1.0000001653 -0.4999998971 2.3750004485 0.0035979194
0.7550000000 1.0000000385 -0.4999999568 0.9000000485 2.3750000130 1.0000000385 -0.4999999760 2.3750001045 0.0016097944
0.7600000000 1.0000000080 -0.4999999910 0.9000000101 2.3750000027 1.0000000080 -0.4999999950 2.3750000217 0.0004583793
0.7650000000 1.0000000016 -0.4999999982 0.9000000020 2.3750000005 1.0000000016 -0.4999999990 2.3750000043 0.0001013817
0.7700000000 1.0000000003 -0.4999999997 0.9000000004 2.3750000001 1.0000000003 -0.4999999998 2.3750000008 0.0000204524
0.7750000000 1.0000000001 -0.4999999999 0.9000000001 2.3750000000 1.0000000001 -0.5000000000 2.3750000002 0.0000039978
0.7800000000 1.0000000000 -0.5000000000 0.9000000000 2.3750000000 1.0000000000 -0.5000000000 2.3750000000 0.0000007689
0.7850000000 1.0000000000 -0.5000000000 0.9000000000 2.3750000000 1.0000000000 -0.5000000000 2.3750000000 0.0000001459
0.7900000000 1.0000000000 -0.5000000000 0.9000000000 2.3750000000 1.0000000000 -0.5000000000 2.3750000000 0.0000000273
0.7950000000 1.0000000000 -0.5000000000 0.9000000000 2.3750000000 1.0000000000 -0.5000000000 2.3750000000 0.0000000051
0.8000000000 1.0000000000 -0.5000000000 0.9000000000 2.3750000000 1.0000000000 -0.5000000000 2.3750000000 0.0000000009
0.8050000000 1.0000000000 -0.5000000000 0.9000000000 2.3750000000 1.0000000000 -0.5000000000 2.3750000000 0.0000000002
0.8100000000 1.0000000000 -0.5000000000 0.9000000000 2.3750000000 1.0000000000 -0.5000000000 2.3750000000 0.0000000000
0.8150000000 1.0000000000 -0.5000000000 0.9000000000 2.3750000000 1.0000000000 -0.5000000000 2.3750000000 0.0000000000
0.8200000000 1.0000000000 -0.5000000000 0.9000000000 2.3750000000 1.0000000000 -0.5000000000 2.3750000000 0.0000000000
0.8250000000 1.0000000000 -0.5000000000 0.9000000000 2.3750000000 1.0000000000 -0.5000000000 2.3750000000 0.0000000000
0.8300000000 1.0000000000 -0.5000000000 0.9000000000 2.3750000000 1.0000000000 -0.5000000000 2.3750000000 0.0000000000
0.8350000000 1.0000000000 -0.5000000000 0.9000000000 2.3750000000 1.0000000000 -0.5000000000 2.3750000000 0.0000000000
0.8400000000 1.0000000000 -0.5000000000 0.9000000000 2.3750000000 1.0000000000 -0.5000000000 2.3750000000 0.0000000000
0.8450000000 1.0000000000 -0.5000000000 0.9000000000 2.3750000000 1.0000000000 -0.5000000000 2.3750000000 0.0000000000
0.8500000000 1.0000000000 -0.5000000000 0.9000000000 2.3750000000 1.0000000000 -0.5000000000 2.3750000000 0.0000000000
0.8550000000 1.0000000000 -0.5000000000 0.9000000000 2.3750000000 1.0000000000 -0.5000000000 2.3750000000 0.0000000000
0.8600000000 1.0000000000 -0.5000000000 0.9000000000 2.3750000000 1.0000000000 -0.5000000000 2.3750000000 0.0000000000
0.8650000000 1.0000000000 -0.5000000000 0.9000000000 2.3750000000 1.0000000000 -0.5000000000 2.3750000000 0.0000000000
0.8700000000 1.0000000000 -0.5000000000 0.9000000000 2.3750000000 1.0000000000 -0.5000000000 2.3750000000 0.0000000000
0.8750000000 1.0000000000 -0.5000000000 0.9000000000 2.3750000000 1.0000000000 -0.5000000000 2.3750000000 0.0000000000
0.8800000000 1.0000000000 -0.5000000000 0.9000000000 2.3750000000 1.0000000000 -0.5000000000 2.3750000000 0.0000000000
0.8850000000 1.0000000000 -0.5000000000 0.9000000000 2.3750000000 1.0000000000 -0.5000000000 2.3750000000 0.0000000000
0.8900000000 1.0000000000 -0.5000000000 0.9000000000 2.3750000000 1.0000000000 -0.5000000000 2.3750000000 0.0000000000
0.8950000000 1.0000000000 -0.5000000000 0.9000000000 2.3750000000 1.0000000000 -0.5000000000 2.3750000000 0.0000000000
0.9000000000 1.0000000000 -0.5000000000 0.9000000000 2.3750000000 1.0000000000 -0.5000000000 2.3750000000 0.0000000000
0.9050000000 1.0000000000 -0.5000000000 0.9000000000 2.3750000000 1.0000000000 -0.5000000000 2.3750000000 0.0000000000
0.9100000000 1.0000000000 -0.5000000000 0.9000000000 2.3750000000 1.0000000000 -0.5000000000 2.3750000000 0.0000000000
0.9150000000 1.0000000000 -0.5000000000 0.9000000000 2.3750000000 1.0000000000 -0.5000000000 2.3750000000 0.0000000000
0.9200000000 1.0000000000 -0.5000000000 0.9000000000 2.3750000000 1.0000000000 -0.5000000000 2.3750000000 0.0000000000
0.9250000000 1.0000000000 -0.5000000000 0.9000000000 2.3750000000 1.0000000000 -0.5000000000 2.3750000000 0.0000000000
0.9300000000 1.0000000000 -0.5000000000 0.9000000000 2.3750000000 1.0000000000 -0.5000000000 2.3750000000 0.0000000000
0.9350000000 1.0000000000 -0.5000000000 0.9000000000 2.3750000000 1.0000000000 -0.5000000000 2.3750000000 0.0000000000
0.9400000000 1.0000000000 -0.5000000000 0.9000000000 2.3750000000 1.0000000000 -0.5000000000 2.3750000000 0.0000000000
0.9450000000 1.0000000000 -0.5000000000 0.9000000000 2.3750000000 1.0000000000 -0.5000000000 2.3750000000 0.0000000000
0.9500000000 1.0000000000 -0.5000000000 0.9000000000 2.3750000000 1.0000000000 -0.5000000000 2.3750000000 0.0000000000
0.9550000000 1.0000000000 -0.5000000000 0.9000000000 2.3750000000 1.0000000000 -0.5000000000 2.3750000000 0.0000000000
0.9600000000 1.0000000000 -0.5000000000 0.9000000000 2.3750000000 1.0000000000 -0.5000000000 2.3750000000 0.0000000000
0.9650000000 1.0000000000 -0.5000000000 0.9000000000 2.3750000000 1.0000000000 -0.5000000000 2.3750000000 0.0000000000
0.9700000000 1.0000000000 -0.5000000000 0.9000000000 2.3750000000 1.0000000000 -0.5000000000 2.3750000000 0.0000000000
0.9750000000 1.0000000000 -0.5000000000 0.9000000000 2.3750000000 1.0000000000 -0.5000000000 2.3750000000 0.0000000000
0.9800000000 1.0000000000 -0.5000000000 0.9000000000 2.3750000000 1.0000000000 -0.5000000000 2.3750000000 0.0000000000
0.9850000000 1.0000000000 -0.5000000000 0.9000000000 2.3750000000 1.0000000000 -0.5000000000 2.3750000000 0.0000000000
0.9900000000 1.0000000000 -0.5000000000 0.9000000000 2.3750000000 1.0000000000 -0.5000000000 2.3750000000 0.0000000000
0.9950000000 1.0000000000 -0.5000000000 0.9000000000 2.3750000000 1.0000000000 -0.5000000000 2.3750000000 0.0000000000
1.0000000000 1.0000000000 -0.5000000000 0.9000000000 2.3750000000 1.0000000000 -0.5000000000 2.3750000000 0.0000000000
