TITLE = "1D Euler Filtered MacCormack Result"
VARIABLES = "x", "rho", "u", "p", "E", "rho_conserved", "rhou", "rhoE", "nu"
ZONE T="t=0.16000000", I=501, F=POINT
0.0000000000 0.4449999942 0.6980000438 3.5279999351 20.0638266455 0.4449999942 0.3106100154 8.9284027399 0.0000000000
0.0020000000 0.4449999942 0.6980000438 3.5279999351 20.0638266455 0.4449999942 0.3106100154 8.9284027399 0.0061867965
0.0040000000 0.4449999872 0.6980000958 3.5279998580 20.0638265581 0.4449999872 0.3106100337 8.9284025617 0.0031211054
0.0060000000 0.4449999765 0.6980001758 3.5279997393 20.0638264234 0.4449999765 0.3106100619 8.9284022872 0.0066225314
0.0080000000 0.4449999569 0.6980003230 3.5279995212 20.0638261760 0.4449999569 0.3106101136 8.9284017828 0.0089652042
0.0100000000 0.4449999230 0.6980005766 3.5279991451 20.0638257494 0.4449999230 0.3106102028 8.9284009131 0.0116869249
0.0120000000 0.4449998660 0.6980010032 3.5279985127 20.0638250320 0.4449998660 0.3106103529 8.9283994507 0.0139250966
0.0140000000 0.4449997729 0.6980017005 3.5279974789 20.0638238594 0.4449997729 0.3106105982 8.9283970601 0.0156000154
0.0160000000 0.4449996242 0.6980028138 3.5279958284 20.0638219871 0.4449996242 0.3106109898 8.9283932433 0.0167043010
0.0180000000 0.4449993913 0.6980045569 3.5279932442 20.0638190559 0.4449993913 0.3106116030 8.9283872677 0.0173511930
0.0200000000 0.4449990327 0.6980072420 3.5279892634 20.0638145403 0.4449990327 0.3106125475 8.9283780623 0.0176627129
0.0220000000 0.4449984877 0.6980113223 3.5279832141 20.0638076785 0.4449984877 0.3106139828 8.9283640738 0.0177401235
0.0240000000 0.4449976693 0.6980174492 3.5279741308 20.0637973751 0.4449976693 0.3106161380 8.9283430692 0.0176570330
0.0260000000 0.4449964537 0.6980265498 3.5279606389 20.0637820710 0.4449964537 0.3106193393 8.9283118700 0.0174639061
0.0280000000 0.4449946665 0.6980399300 3.5279408023 20.0637595702 0.4449946665 0.3106240459 8.9282659993 0.0171942741
0.0300000000 0.4449920647 0.6980594093 3.5279119239 20.0637268133 0.4449920647 0.3106308978 8.9281992202 0.0168700257
0.0320000000 0.4449883136 0.6980874927 3.5278702900 20.0636795883 0.4449883136 0.3106407761 8.9281029453 0.0165052725
0.0340000000 0.4449829582 0.6981275880 3.5278108491 20.0636121658 0.4449829582 0.3106548793 8.9279654935 0.0161090039
0.0360000000 0.4449753872 0.6981842716 3.5277268177 20.0635168526 0.4449753872 0.3106748166 8.9277711795 0.0156868613
0.0380000000 0.4449647908 0.6982636068 3.5276092089 20.0633834573 0.4449647908 0.3107027197 8.9274992232 0.0152423111
0.0400000000 0.4449501115 0.6983735133 3.5274462859 20.0631986717 0.4449501115 0.3107413726 8.9271224868 0.0147774231
0.0420000000 0.4449299888 0.6985241802 3.5272229508 20.0629453793 0.4449299888 0.3107943557 8.9266060632 0.0142933935
0.0440000000 0.4449027004 0.6987285077 3.5269200932 20.0626019196 0.4449027004 0.3108661999 8.9259057710 0.0137909072
0.0460000000 0.4448661033 0.6990025506 3.5265139370 20.0621413521 0.4448661033 0.3109625409 8.9249666472 0.0132703981
0.0480000000 0.4448175797 0.6993659269 3.5259754420 20.0615307855 0.4448175797 0.3110902589 8.9237215687 0.0127322476
0.0500000000 0.4447539943 0.6998421410 3.5252698360 20.0607308598 0.4447539943 0.3112575876 8.9220901783 0.0121769428
0.0520000000 0.4446716717 0.7004587620 3.5243563679 20.0596954832 0.4446716717 0.3114741687 8.9199783251 0.0116052102
0.0540000000 0.4445664023 0.7012473899 3.5231883809 20.0583719409 0.4445664023 0.3117510293 8.9172782502 0.0110181294
0.0560000000 0.4444334852 0.7022433472 3.5217138030 20.0567014848 0.4444334852 0.3121004583 8.9138697427 0.0104172275
0.0580000000 0.4442678160 0.7034850424 3.5198761318 20.0546204936 0.4442678160 0.3125357634 8.9096224469 0.0098045544
0.0600000000 0.4440640221 0.7050129787 3.5176159564 20.0520622499 0.4440640221 0.3130708989 8.9043994144 0.0091827312
0.0620000000 0.4438166454 0.7068684148 3.5148729992 20.0489593151 0.4438166454 0.3137199686 8.8980618663 0.0085549679
0.0640000000 0.4435203634 0.7090917340 3.5115885959 20.0452464013 0.4435203634 0.3144966235 8.8904749678 0.0079250451
0.0660000000 0.4431702367 0.7117206209 3.5077084549 20.0408635570 0.4431702367 0.3154133961 8.8815142464 0.0072972549
0.0680000000 0.4427619616 0.7147881903 3.5031854748 20.0357594049 0.4427619616 0.3164810212 8.8710721353 0.0066763012
0.0700000000 0.4422921045 0.7183212399 3.4979823568 20.0298941262 0.4422921045 0.3177078130 8.8590640270 0.0060671602
0.0720000000 0.4417582959 0.7223388024 3.4920737436 20.0232418798 0.4417582959 0.3190991584 8.8454332110 0.0054749086
0.0740000000 0.4411593599 0.7268511494 3.4854476535 20.0157923872 0.4411593599 0.3206571878 8.8301541565 0.0049045278
0.0760000000 0.4404953686 0.7318593549 3.4781060502 20.0075515071 0.4404953686 0.3223806562 8.8132337751 0.0043606983
0.0780000000 0.4397676139 0.7373554568 3.4700644962 19.9985407410 0.4397676139 0.3242650498 8.7947105425 0.0038475974
0.0800000000 0.4389785022 0.7433231885 3.4613509438 19.9887957434 0.4389785022 0.3263028999 8.7746516156 0.0033687175
0.0820000000 0.4381313857 0.7497391809 3.4520038211 19.9783640257 0.4381313857 0.3284842662 8.7531483150 0.0029267189
0.0840000000 0.4372303505 0.7565744943 3.4420696380 19.9673021241 0.4372303505 0.3307973313 8.7303105068 0.0025233298
0.0860000000 0.4362799837 0.7637963133 3.4316003727 19.9556725349 0.4362799837 0.3332290432 8.7062604890 0.0021593016
0.0880000000 0.4352851428 0.7713696406 3.4206508863 19.9435407094 0.4352851428 0.3357657442 8.6811269664 0.0018344241
0.0900000000 0.4342507453 0.7792588521 3.4092765755 19.9309723464 0.4342507453 0.3383937373 8.6550395964 0.0015475972
0.0920000000 0.4331815921 0.7874290140 3.3975314093 19.9180311505 0.4331815921 0.3410997539 8.6281244446 0.0012969518
0.0940000000 0.4320822315 0.7958469061 3.3854664259 19.9047771354 0.4320822315 0.3438713072 8.6005005227 0.0010800067
0.0960000000 0.4309568661 0.8044817375 3.3731287051 19.8912654859 0.4309568661 0.3466969284 8.5722774365 0.0008938466
0.0980000000 0.4298092977 0.8133055740 3.3605607783 19.8775459270 0.4298092977 0.3495662976 8.5435540548 0.0007353022
0.1000000000 0.4286429064 0.8222935200 3.3478004076 19.8636625182 0.4286429064 0.3524702843 8.5144180343 0.0006011196
0.1020000000 0.4274606551 0.8314237072 3.3348806511 19.8496537711 0.4274606551 0.3554009225 8.4849460041 0.0004881045
0.1040000000 0.4262651116 0.8406771458 3.3218301277 19.8355529916 0.4262651116 0.3583513373 8.4552042090 0.0003932357
0.1060000000 0.4250584829 0.8500374878 3.3086734047 19.8213887556 0.4250584829 0.3613156450 8.4252494334 0.0003137436
0.1080000000 0.4238426546 0.8594907455 3.2954314474 19.8071854488 0.4238426546 0.3642888392 8.3951300615 0.0002471561
0.1100000000 0.4226192319 0.8690249958 3.2821220816 19.7929638153 0.4226192319 0.3672666763 8.3648871649 0.0001913156
0.1120000000 0.4213895789 0.8786300926 3.2687604390 19.7787414816 0.4213895789 0.3702455648 8.3345555450 0.0001443752
0.1140000000 0.4201548554 0.8882974006 3.2553593656 19.7645334340 0.4201548554 0.3732224659 8.3041646872 0.0001047776
0.1160000000 0.4189160487 0.8980195588 3.2419297833 19.7503524387 0.4189160487 0.3761948053 8.2737396048 0.0000712262
0.1180000000 0.4176740021 0.9077902738 3.2284810033 19.7362094055 0.4176740021 0.3791603967 8.2433015685 0.0000426503
0.1200000000 0.4164294382 0.9176041440 3.2150209925 19.7221136951 0.4164294382 0.3821173782 8.2128687261 0.0000181702
0.1220000000 0.4151829794 0.9274565110 3.2015565974 19.7080733769 0.4151829794 0.3850641575 8.1824566235 0.0000029296
0.1240000000 0.4139351643 0.9373433356 3.1880937297 19.6940954496 0.4139351643 0.3879993676 8.1520786349 0.0000212070
0.1260000000 0.4126864605 0.9472611029 3.1746375113 19.6801859964 0.4126864605 0.3909218318 8.1217463010 0.0000371150
0.1280000000 0.4114372763 0.9572067410 3.1611923968 19.6663503279 0.4114372763 0.3938305343 8.0914696131 0.0000510417
0.1300000000 0.4101879693 0.9671775504 3.1477622781 19.6525931052 0.4101879693 0.3967245953 8.0612572564 0.0000633043
0.1320000000 0.4089388545 0.9771711467 3.1343505713 19.6389184393 0.4089388545 0.3996032494 8.0311168109 0.0000741632
0.1340000000 0.4076902110 0.9871854126 3.1209602882 19.6253299735 0.4076902110 0.4024658292 8.0010549183 0.0000838334
0.1360000000 0.4064422868 0.9972184578 3.1075940963 19.6118309508 0.4064422868 0.4053117505 7.9710774202 0.0000924927
0.1380000000 0.4051953037 1.0072685860 3.0942543686 19.5984242714 0.4051953037 0.4081405006 7.9411894739 0.0001002896
0.1400000000 0.4039494607 1.0173342664 3.0809432249 19.5851125404 0.4039494607 0.4109516283 7.9113956489 0.0001073487
0.1420000000 0.4027049378 1.0274141107 3.0676625677 19.5718981073 0.4027049378 0.4137447355 7.8817000089 0.0001137755
0.1440000000 0.4014618978 1.0375068524 3.0544141117 19.5587831005 0.4014618978 0.4165194699 7.8521061815 0.0001196594
0.1460000000 0.4002204894 1.0476113299 3.0411994099 19.5457694565 0.4002204894 0.4192755191 7.8226174169 0.0001250776
0.1480000000 0.3989808487 1.0577264715 3.0280198750 19.5328589439 0.3989808487 0.4220126053 7.7932366395 0.0001300966
0.1500000000 0.3977431013 1.0678512821 3.0148767990 19.5200531855 0.3977431013 0.4247304807 7.7639664916 0.0001347743
0.1520000000 0.3965073634 1.0779848327 3.0017713696 19.5073536766 0.3965073634 0.4274289237 7.7348093724 0.0001391621
0.1540000000 0.3952737433 1.0881262490 2.9887046851 19.4947618013 0.3952737433 0.4301077356 7.7057674712 0.0001433055
0.1560000000 0.3940423427 1.0982747037 2.9756777673 19.4822788465 0.3940423427 0.4327667372 7.6768427982 0.0001472459
0.1580000000 0.3928132578 1.1084294069 2.9626915733 19.4699060149 0.3928132578 0.4354057664 7.6480372109 0.0001510210
0.1600000000 0.3915865800 1.1185895996 2.9497470063 19.4576444359 0.3915865800 0.4380246757 7.6193524390 0.0001546656
0.1620000000 0.3903623970 1.1287545459 2.9368449254 19.4454951762 0.3903623970 0.4406233301 7.5907901069 0.0001582130
0.1640000000 0.3891407936 1.1389235264 2.9239861547 19.4334592489 0.3891407936 0.4432016049 7.5623517542 0.0001616947
0.1660000000 0.3879218527 1.1490958315 2.9111714924 19.4215376221 0.3879218527 0.4457593839 7.5340388559 0.0001651420
0.1680000000 0.3867056557 1.1592707553 2.8984017188 19.4097312271 0.3867056557 0.4482965576 7.5058528414 0.0001685859
0.1700000000 0.3854922838 1.1694475885 2.8856776050 19.3980409657 0.3854922838 0.4508130217 7.4777951130 0.0001720583
0.1720000000 0.3842818183 1.1796256120 2.8729999213 19.3864677183 0.3842818183 0.4533086751 7.4498670650 0.0001755923
0.1740000000 0.3830743417 1.1898040895 2.8603694458 19.3750123504 0.3830743417 0.4557834184 7.4220701022 0.0001792230
0.1760000000 0.3818699387 1.1999822606 2.8477869734 19.3636757208 0.3818699387 0.4582371523 7.3944056603 0.0001829886
0.1780000000 0.3806686967 1.2101593316 2.8352533252 19.3524586886 0.3806686967 0.4606697756 7.3668752269 0.0001869309
0.1800000000 0.3794707073 1.2203344673 2.8227693596 19.3413621213 0.3794707073 0.4630811834 7.3394803638 0.0001910966
0.1820000000 0.3782760670 1.2305067806 2.8103359832 19.3303869036 0.3782760670 0.4654712654 7.3122227322 0.0001955391
0.1840000000 0.3770848790 1.2406753206 2.7979541640 19.3195339459 0.3770848790 0.4678399032 7.2851041210 0.0002003192
0.1860000000 0.3758972541 1.2508390598 2.7856249461 19.3088041952 0.3758972541 0.4701869679 7.2581264778 0.0002055079
0.1880000000 0.3747133128 1.2609968786 2.7733494667 19.2981986465 0.3747133128 0.4725123178 7.2312919456 0.0002111885
0.1900000000 0.3735331869 1.2711475473 2.7611289755 19.2877183557 0.3735331869 0.4748157943 7.2046029050 0.0002174595
0.1920000000 0.3723570221 1.2812897049 2.7489648583 19.2773644551 0.3723570221 0.4770972190 7.1780620232 0.0002244388
0.1940000000 0.3711849808 1.2914218336 2.7368586640 19.2671381715 0.3711849808 0.4793563886 7.1516723131 0.0002322688
0.1960000000 0.3700172451 1.3015422286 2.7248121378 19.2570408468 0.3700172451 0.4815930698 7.1254372031 0.0002411221
0.1980000000 0.3688540209 1.3116489611 2.7128272605 19.2470739642 0.3688540209 0.4838069932 7.0993606214 0.0002512105
0.2000000000 0.3676955426 1.3217398338 2.7009062971 19.2372391783 0.3676955426 0.4859978454 7.0734470984 0.0002627950
0.2020000000 0.3665420795 1.3318123259 2.6890518550 19.2275383526 0.3665420795 0.4881652595 7.0477018923 0.0002762006
0.2040000000 0.3653939425 1.3418635252 2.6772669573 19.2179736057 0.3653939425 0.4903088038 7.0221311431 0.0002918343
0.2060000000 0.3642514934 1.3518900441 2.6655551325 19.2085473678 0.3642514934 0.4924279675 6.9967420645 0.0003102101
0.2080000000 0.3631151561 1.3618879143 2.6539205272 19.1992624510 0.3631151561 0.4945221427 6.9715431826 0.0003319823
0.2100000000 0.3619854312 1.3718524546 2.6423680473 19.1901221387 0.3619854312 0.4965906023 6.9465446367 0.0003579905
0.2120000000 0.3608629133 1.3817781030 2.6309035375 19.1811302965 0.3608629133 0.4986324718 6.9217585593 0.0003893208
0.2140000000 0.3597483146 1.3916582033 2.6195340083 19.1722915146 0.3597483146 0.5006466931 6.8971995595 0.0004273901
0.2160000000 0.3586424937 1.4014847319 2.6082679278 19.1636112884 0.3586424937 0.5026319792 6.8728853417 0.0004740622
0.2180000000 0.3575464937 1.4112479462 2.5971155959 19.1550962506 0.3575464937 0.5045867549 6.8488375004 0.0005318097
0.2200000000 0.3564615902 1.4209359305 2.5860896274 19.1467544692 0.3564615902 0.5065090814 6.8250825449 0.0006039397
0.2220000000 0.3553893548 1.4305340088 2.5752055765 19.1385958319 0.3553893548 0.5083965584 6.8016532245 0.0006949121
0.2240000000 0.3543317361 1.4400239845 2.5644827433 19.1306325405 0.3543317361 0.5102461984 6.7785902402 0.0008107882
0.2260000000 0.3532911643 1.4493831599 2.5539452142 19.1228797455 0.3532911643 0.5120542640 6.7559444491 0.0009598644
0.2280000000 0.3522706852 1.4585830822 2.5436231893 19.1153563525 0.3522706852 0.5138160619 6.7337796808 0.0011535683
0.2300000000 0.3512741290 1.4675879632 2.5335546531 19.1080860300 0.3512741290 0.5155256835 6.7121762765 0.0014077206
0.2320000000 0.3503063156 1.4763527419 2.5237874170 19.1010984324 0.3503063156 0.5171756896 6.6912354161 0.0017443011
0.2340000000 0.3493732958 1.4848208231 2.5143814981 19.0944306095 0.3493732958 0.5187567446 6.6710841534 0.0021938918
0.2360000000 0.3484826065 1.4929216595 2.5054116479 19.0881284774 0.3484826065 0.5202572311 6.6518807641 0.0027990119
0.2380000000 0.3476434945 1.5005686229 2.4969695565 19.0822480513 0.3476434945 0.5216629198 6.6338193960 0.0036186002
0.2400000000 0.3468670108 1.5076580718 2.4891647601 19.0768558285 0.3468670108 0.5229568487 6.6171319574 0.0047340063
0.2420000000 0.3461658032 1.5140712139 2.4821225522 19.0720272718 0.3461658032 0.5241196779 6.6020836389 0.0062572207
0.2440000000 0.3455533563 1.5196811219 2.4759763920 19.0678418430 0.3455533563 0.5251309122 6.5889567470 0.0083433719
0.2460000000 0.3450423923 1.5243675862 2.4708519620 19.0643728337 0.3450423923 0.5259714388 6.5780168112 0.0112137181
0.2480000000 0.3446422725 1.5280412935 2.4668412952 19.0616710141 0.3446422725 0.5266276239 6.5694576157 0.0152084366
0.2500000000 0.3443556688 1.5306748305 2.4639696357 19.0597437463 0.3443556688 0.5270965549 6.5633308041 0.0209311943
0.2520000000 0.3441754944 1.5323312781 2.4621648744 19.0585357168 0.3441754944 0.5273908752 6.5594809528 0.0297111737
0.2540000000 0.3440837065 1.5331753722 2.4612456323 19.0579214716 0.3440837065 0.5275406648 6.5575202582 0.0454573205
0.2560000000 0.3440534214 1.5334538914 2.4609423788 19.0577191006 0.3440534214 0.5275900579 6.5568734605 0.0916670883
0.2580000000 0.3440544432 1.5334444646 2.4609526410 19.0577261037 0.3440544432 0.5275883815 6.5568953442 0.0937904217
0.2600000000 0.3440746642 1.5332584505 2.4611551692 19.0578615105 0.3440746642 0.5275553865 6.5573273002 0.0388605893
0.2620000000 0.3441220854 1.5328222865 2.4616301107 19.0581789835 0.3441220854 0.5274780017 6.5583402952 0.0258257384
0.2640000000 0.3442038836 1.5320700613 2.4624493972 19.0587269312 0.3442038836 0.5273444651 6.5600878264 0.0180580495
0.2660000000 0.3443231246 1.5309737771 2.4636438345 19.0595265961 0.3443231246 0.5271496746 6.5626357505 0.0124083744
0.2680000000 0.3444771497 1.5295581616 2.4651869319 19.0605611374 0.3444771497 0.5268978358 6.5659277724 0.0074800169
0.2700000000 0.3446562279 1.5279129590 2.4669813406 19.0617662037 0.3446562279 0.5266047171 6.5697564373 0.0023874511
0.2720000000 0.3448428563 1.5261991694 2.4688517600 19.0630246147 0.3448428563 0.5262988808 6.5737478575 0.0037715198
0.2740000000 0.3450130781 1.5246367146 2.4705580816 19.0641747335 0.3450130781 0.5260196058 6.5773896058 0.0109003812
0.2760000000 0.3451463370 1.5234139745 2.4718941152 19.0650767213 0.3451463370 0.5258007531 6.5802413956 0.0177560316
0.2780000000 0.3452363750 1.5225880166 2.4727969516 19.0656870406 0.3452363750 0.5256527675 6.5821686814 0.0231941975
0.2800000000 0.3452904701 1.5220918450 2.4733394402 19.0660541339 0.3452904701 0.5255638086 6.5833267941 0.0259529340
0.2820000000 0.3453211808 1.5218101705 2.4736474529 19.0662627413 0.3453211808 0.5255132850 6.5839843633 0.0241382033
0.2840000000 0.3453395232 1.5216419316 2.4738314381 19.0663874571 0.3453395232 0.5254830992 6.5843771544 0.0155971800
0.2860000000 0.3453529048 1.5215191898 2.4739656751 19.0664785177 0.3453529048 0.5254610719 6.5846637399 0.0016305393
0.2880000000 0.3453661218 1.5213979591 2.4740982653 19.0665684804 0.3453661218 0.5254393129 6.5849468124 0.0085606760
0.2900000000 0.3453820956 1.5212514536 2.4742585070 19.0666771878 0.3453820956 0.5254130150 6.5852889239 0.0083816678
0.2920000000 0.3454010742 1.5210774028 2.4744488882 19.0668063329 0.3454010742 0.5253817689 6.5856953888 0.0030734528
0.2940000000 0.3454211170 1.5208936023 2.4746499479 19.0669427396 0.3454211170 0.5253487670 6.5861246591 0.0046607104
0.2960000000 0.3454390062 1.5207295548 2.4748294117 19.0670645403 0.3454390062 0.5253193061 6.5865078265 0.0132371798
0.2980000000 0.3454523019 1.5206076260 2.4749628055 19.0671551393 0.3454523019 0.5252974047 6.5867926335 0.0197763033
0.3000000000 0.3454609086 1.5205286867 2.4750491706 19.0672138742 0.3454609086 0.5252832217 6.5869770300 0.0218439241
0.3020000000 0.3454662725 1.5204794769 2.4751030104 19.0672505679 0.3454662725 0.5252743774 6.5870919812 0.0173667318
0.3040000000 0.3454700022 1.5204452488 2.4751404592 19.0672761545 0.3454700022 0.5252682235 6.5871719355 0.0065571468
0.3060000000 0.3454733024 1.5204149577 2.4751736010 19.0672988248 0.3454733024 0.5252627765 6.5872426934 0.0040839754
0.3080000000 0.3454769451 1.5203815264 2.4752101788 19.0673238285 0.3454769451 0.5252567652 6.5873207883 0.0060457756
0.3100000000 0.3454810748 1.5203436306 2.4752516422 19.0673521484 0.3454810748 0.5252499516 6.5874093146 0.0006709427
0.3120000000 0.3454852127 1.5203056596 2.4752931883 19.0673805284 0.3454852127 0.5252431242 6.5874980180 0.0082482166
0.3140000000 0.3454886216 1.5202743718 2.4753274224 19.0674039546 0.3454886216 0.5252374971 6.5875711090 0.0169981212
0.3160000000 0.3454909457 1.5202530271 2.4753507769 19.0674200074 0.3454909457 0.5252336560 6.5876209699 0.0216709456
0.3180000000 0.3454923789 1.5202398489 2.4753651957 19.0674300047 0.3454923789 0.5252312819 6.5876517516 0.0195090238
0.3200000000 0.3454933125 1.5202312497 2.4753746042 19.0674366076 0.3454933125 0.5252297303 6.5876718351 0.0100126066
0.3220000000 0.3454940708 1.5202242579 2.4753822537 19.0674420212 0.3454940708 0.5252284673 6.5876881628 0.0010469811
0.3240000000 0.3454948575 1.5202170038 2.4753901903 19.0674476328 0.3454948575 0.5252271572 6.5877051034 0.0043877490
0.3260000000 0.3454957235 1.5202090229 2.4753989223 19.0674537871 0.3454957235 0.5252257163 6.5877237422 0.0008781919
0.3280000000 0.3454965612 1.5202013010 2.4754073708 19.0674597524 0.3454965612 0.5252243219 6.5877417758 0.0098724105
0.3300000000 0.3454972198 1.5201952205 2.4754140233 19.0674645032 0.3454972198 0.5252232222 6.5877559743 0.0168023447
0.3320000000 0.3454976600 1.5201911407 2.4754184866 19.0674677728 0.3454976600 0.5252224819 6.5877654985 0.0167207258
0.3340000000 0.3454979541 1.5201884003 2.4754214842 19.0674700519 0.3454979541 0.5252219822 6.5877718929 0.0079835440
0.3360000000 0.3454981990 1.5201861103 2.4754239890 19.0674720002 0.3454981990 0.5252215632 6.5877772350 0.0035332958
0.3380000000 0.3454984712 1.5201835684 2.4754267694 19.0674741392 0.3454984712 0.5252210989 6.5877831656 0.0067597254
0.3400000000 0.3454987926 1.5201805761 2.4754300426 19.0674766162 0.3454987926 0.5252205535 6.5877901484 0.0017303988
0.3420000000 0.3454991236 1.5201774945 2.4754334136 19.0674791633 0.3454991236 0.5252199920 6.5877973397 0.0064313716
0.3440000000 0.3454994008 1.5201749046 2.4754362464 19.0674813495 0.3454994008 0.5252195187 6.5878033819 0.0131938638
0.3460000000 0.3454995948 1.5201730776 2.4754382445 19.0674829738 0.3454995948 0.5252191824 6.5878076417 0.0145975340
0.3480000000 0.3454997225 1.5201718578 2.4754395781 19.0674841513 0.3454997225 0.5252189550 6.5878104825 0.0104678372
0.3500000000 0.3454998147 1.5201709622 2.4754405569 19.0674850922 0.3454998147 0.5252187857 6.5878125657 0.0054412166
0.3520000000 0.3454998912 1.5201702096 2.4754413793 19.0674859309 0.3454998912 0.5252186420 6.5878143149 0.0055964419
0.3540000000 0.3454999522 1.5201695992 2.4754420461 19.0674866678 0.3454999522 0.5252185238 6.5878157317 0.0120052276
0.3560000000 0.3454999856 1.5201692403 2.4754424376 19.0674872220 0.3454999856 0.5252184506 6.5878165607 0.0202580323
0.3580000000 0.3454999870 1.5201691748 2.4754425081 19.0674875622 0.3454999870 0.5252184301 6.5878167040 0.0190500694
0.3600000000 0.3454999638 1.5201693331 2.4754423337 19.0674877403 0.3454999638 0.5252184496 6.5878163244 0.0093082415
0.3620000000 0.3454999270 1.5201696163 2.4754420227 19.0674878298 0.3454999270 0.5252184914 6.5878156530 0.0018772121
0.3640000000 0.3454998876 1.5201699220 2.4754416870 19.0674879067 0.3454998876 0.5252185372 6.5878149288 0.0035018847
0.3660000000 0.3454998547 1.5201701678 2.4754414168 19.0674880325 0.3454998547 0.5252185721 6.5878143444 0.0067141903
0.3680000000 0.3454998322 1.5201703171 2.4754412522 19.0674882347 0.3454998322 0.5252185894 6.5878139853 0.0089652629
0.3700000000 0.3454998214 1.5201703578 2.4754412063 19.0674885222 0.3454998214 0.5252185872 6.5878138797 0.0116287398
0.3720000000 0.3454998249 1.5201702673 2.4754413041 19.0674889120 0.3454998249 0.5252185612 6.5878140805 0.0128409060
0.3740000000 0.3454998470 1.5201700053 2.4754415896 19.0674894341 0.3454998470 0.5252185042 6.5878146821 0.0123335120
0.3760000000 0.3454998923 1.5201695292 2.4754421092 19.0674901203 0.3454998923 0.5252184087 6.5878157836 0.0109878847
0.3780000000 0.3454999640 1.5201688106 2.4754428942 19.0674909917 0.3454999640 0.5252182694 6.5878174514 0.0093708118
0.3800000000 0.3455000635 1.5201678367 2.4754439587 19.0674920583 0.3455000635 0.5252180840 6.5878197160 0.0079750995
0.3820000000 0.3455001912 1.5201666019 2.4754453085 19.0674933241 0.3455001912 0.5252178516 6.5878225897 0.0069361896
0.3840000000 0.3455003478 1.5201651017 2.4754469488 19.0674947928 0.3455003478 0.5252175714 6.5878260834 0.0061180032
0.3860000000 0.3455005336 1.5201633333 2.4754488825 19.0674964665 0.3455005336 0.5252172428 6.5878302036 0.0053089650
0.3880000000 0.3455007478 1.5201613033 2.4754511025 19.0674983403 0.3455007478 0.5252168670 6.5878349349 0.0043821085
0.3900000000 0.3455009878 1.5201590358 2.4754535824 19.0675003962 0.3455009878 0.5252164484 6.5878402209 0.0033211244
0.3920000000 0.3455012487 1.5201565751 2.4754562736 19.0675026015 0.3455012487 0.5252159949 6.5878459581 0.0021493271
0.3940000000 0.3455015236 1.5201539849 2.4754591066 19.0675049088 0.3455015236 0.5252155179 6.5878519979 0.0008520446
0.3960000000 0.3455018037 1.5201513466 2.4754619922 19.0675072579 0.3455018037 0.5252150321 6.5878581497 0.0006535443
0.3980000000 0.3455020780 1.5201487597 2.4754648215 19.0675095751 0.3455020780 0.5252145554 6.5878641813 0.0024227288
0.4000000000 0.3455023346 1.5201463348 2.4754674736 19.0675117789 0.3455023346 0.5252141076 6.5878698342 0.0043802731
0.4020000000 0.3455025621 1.5201441747 2.4754698358 19.0675137931 0.3455025621 0.5252137071 6.5878748681 0.0063603504
0.4040000000 0.3455027526 1.5201423527 2.4754718281 19.0675155638 0.3455027526 0.5252133672 6.5878791120 0.0081109239
0.4060000000 0.3455029030 1.5201408964 2.4754734202 19.0675170708 0.3455029030 0.5252130927 6.5878825012 0.0093102192
0.4080000000 0.3455030156 1.5201397856 2.4754746342 19.0675183293 0.3455030156 0.5252128801 6.5878850830 0.0095644703
0.4100000000 0.3455030967 1.5201389621 2.4754755339 19.0675193823 0.3455030967 0.5252127188 6.5878869933 0.0083906279
0.4120000000 0.3455031553 1.5201383434 2.4754762093 19.0675202911 0.3455031553 0.5252125942 6.5878884247 0.0052755355
0.4140000000 0.3455032021 1.5201378314 2.4754767681 19.0675211284 0.3455032021 0.5252124885 6.5878896069 0.0000250513
0.4160000000 0.3455032499 1.5201373095 2.4754773377 19.0675219807 0.3455032499 0.5252123807 6.5878908120 0.0059907641
0.4180000000 0.3455033131 1.5201366450 2.4754780634 19.0675229464 0.3455033131 0.5252122472 6.5878923503 0.0096600008
0.4200000000 0.3455034045 1.5201357201 2.4754790740 19.0675241127 0.3455034045 0.5252120666 6.5878944966 0.0106301029
0.4220000000 0.3455035341 1.5201344446 2.4754804683 19.0675255466 0.3455035341 0.5252118229 6.5878974620 0.0102332499
0.4240000000 0.3455037091 1.5201327507 2.4754823204 19.0675272987 0.3455037091 0.5252115037 6.5879014050 0.0093277388
0.4260000000 0.3455039349 1.5201305896 2.4754846837 19.0675294052 0.3455039349 0.5252111003 6.5879064391 0.0082560241
0.4280000000 0.3455042147 1.5201279325 2.4754875897 19.0675318881 0.3455042147 0.5252106076 6.5879126319 0.0071272626
0.4300000000 0.3455045491 1.5201247738 2.4754910448 19.0675347520 0.3455045491 0.5252100245 6.5879199967 0.0059610385
0.4320000000 0.3455049355 1.5201211358 2.4754950242 19.0675379808 0.3455049355 0.5252093550 6.5879284810 0.0047404332
0.4340000000 0.3455053680 1.5201170743 2.4754994668 19.0675415335 0.3455053680 0.5252086092 6.5879379543 0.0034260112
0.4360000000 0.3455058361 1.5201126841 2.4755042694 19.0675453402 0.3455058361 0.5252078039 6.5879481957 0.0019513379
0.4380000000 0.3455063249 1.5201081030 2.4755092807 19.0675492990 0.3455063249 0.5252069641 6.5879588827 0.0002062225
0.4400000000 0.3455068140 1.5201035169 2.4755142975 19.0675532720 0.3455068140 0.5252061230 6.5879695811 0.0019363928
0.4420000000 0.3455072785 1.5200991537 2.4755190704 19.0675570907 0.3455072785 0.5252053217 6.5879797584 0.0044406526
0.4440000000 0.3455076933 1.5200952442 2.4755233467 19.0675605841 0.3455076933 0.5252046015 6.5879888751 0.0071686045
0.4460000000 0.3455080387 1.5200919698 2.4755269280 19.0675636180 0.3455080387 0.5252039951 6.5879965078 0.0099596901
0.4480000000 0.3455083044 1.5200894225 2.4755297138 19.0675661247 0.3455083044 0.5252035189 6.5880024413 0.0126158621
0.4500000000 0.3455084916 1.5200875936 2.4755317133 19.0675681110 0.3455084916 0.5252031715 6.5880066958 0.0148709267
0.4520000000 0.3455086100 1.5200863923 2.4755330261 19.0675696446 0.3455086100 0.5252029364 6.5880094835 0.0163305962
0.4540000000 0.3455086746 1.5200856814 2.4755338021 19.0675708277 0.3455086746 0.5252027891 6.5880111249 0.0163868760
0.4560000000 0.3455087015 1.5200853142 2.4755342021 19.0675717693 0.3455087015 0.5252027031 6.5880119632 0.0141713979
0.4580000000 0.3455087052 1.5200851577 2.4755343715 19.0675725686 0.3455087052 0.5252026546 6.5880123087 0.0087686142
0.4600000000 0.3455086979 1.5200850989 2.4755344340 19.0675733094 0.3455086979 0.5252026232 6.5880124256 0.0001697715
0.4620000000 0.3455086910 1.5200850336 2.4755345037 19.0675740702 0.3455086910 0.5252025902 6.5880125577 0.0082642326
0.4640000000 0.3455086955 1.5200848619 2.4755346898 19.0675749257 0.3455086955 0.5252025376 6.5880129380 0.0115767137
0.4660000000 0.3455087188 1.5200845137 2.4755350690 19.0675759283 0.3455087188 0.5252024529 6.5880137302 0.0112862919
0.4680000000 0.3455087655 1.5200839494 2.4755356849 19.0675771078 0.3455087655 0.5252023288 6.5880150274 0.0098337334
0.4700000000 0.3455088373 1.5200831513 2.4755365566 19.0675784774 0.3455088373 0.5252021622 6.5880168703 0.0081092127
0.4720000000 0.3455089341 1.5200821219 2.4755376813 19.0675800355 0.3455089341 0.5252019536 6.5880192533 0.0063297813
0.4740000000 0.3455090532 1.5200808842 2.4755390340 19.0675817650 0.3455090532 0.5252017071 6.5880221227 0.0044963189
0.4760000000 0.3455091899 1.5200794831 2.4755405656 19.0675836327 0.3455091899 0.5252014307 6.5880253737 0.0025239429
0.4780000000 0.3455093366 1.5200779869 2.4755422012 19.0675855879 0.3455093366 0.5252011368 6.5880288464 0.0002592032
0.4800000000 0.3455094832 1.5200764883 2.4755438394 19.0675875627 0.3455094832 0.5252008419 6.5880323241 0.0024576930
0.4820000000 0.3455096176 1.5200750985 2.4755453585 19.0675894751 0.3455096176 0.5252005659 6.5880355473 0.0054964446
0.4840000000 0.3455097285 1.5200739208 2.4755466456 19.0675912485 0.3455097285 0.5252003276 6.5880382746 0.0085423262
0.4860000000 0.3455098086 1.5200730211 2.4755476283 19.0675928357 0.3455098086 0.5252001386 6.5880403515 0.0112130325
0.4880000000 0.3455098565 1.5200724135 2.4755482914 19.0675942276 0.3455098565 0.5252000015 6.5880417455 0.0130086848
0.4900000000 0.3455098757 1.5200720650 2.4755486710 19.0675954485 0.3455098757 0.5251999103 6.5880425336 0.0132524652
0.4920000000 0.3455098730 1.5200719134 2.4755488351 19.0675965451 0.3455098730 0.5251998538 6.5880428611 0.0111006844
0.4940000000 0.3455098563 1.5200718863 2.4755488628 19.0675975734 0.3455098563 0.5251998190 6.5880428968 0.0055614725
0.4960000000 0.3455098334 1.5200719107 2.4755488342 19.0675985895 0.3455098334 0.5251997926 6.5880428117 0.0018970271
0.4980000000 0.3455098128 1.5200719097 2.4755488335 19.0675996496 0.3455098128 0.5251997610 6.5880427855 0.0086816781
0.5000000000 0.3455098024 1.5200718109 2.4755489397 19.0676008070 0.3455098024 0.5251997110 6.5880429871 0.0109334260
0.5020000000 0.3455098073 1.5200715666 2.4755492050 19.0676021029 0.3455098073 0.5251996340 6.5880435277 0.0103510005
0.5040000000 0.3455098301 1.5200711517 2.4755496569 19.0676035577 0.3455098301 0.5251995254 6.5880444661 0.0088935791
0.5060000000 0.3455098719 1.5200705587 2.4755503039 19.0676051703 0.3455098719 0.5251993840 6.5880458203 0.0072546375
0.5080000000 0.3455099319 1.5200697943 2.4755511383 19.0676069340 0.3455099319 0.5251992112 6.5880475741 0.0056369113
0.5100000000 0.3455100078 1.5200688786 2.4755521382 19.0676088453 0.3455100078 0.5251990101 6.5880496807 0.0040836615
0.5120000000 0.3455100960 1.5200678426 2.4755532698 19.0676108853 0.3455100960 0.5251987862 6.5880520673 0.0025897761
0.5140000000 0.3455101925 1.5200667264 2.4755544891 19.0676130067 0.3455101925 0.5251985473 6.5880546410 0.0011390744
0.5160000000 0.3455102926 1.5200655756 2.4755557462 19.0676151656 0.3455102926 0.5251983018 6.5880572950 0.0002726690
0.5180000000 0.3455103905 1.5200644377 2.4755569891 19.0676173559 0.3455103905 0.5251980574 6.5880599177 0.0015680950
0.5200000000 0.3455104810 1.5200633550 2.4755581716 19.0676195707 0.3455104810 0.5251978210 6.5880624100 0.0025391262
0.5220000000 0.3455105622 1.5200623547 2.4755592640 19.0676217448 0.3455105622 0.5251975988 6.5880647094 0.0029602174
0.5240000000 0.3455106342 1.5200614430 2.4755602594 19.0676238288 0.3455106342 0.5251973932 6.5880668023 0.0026430928
0.5260000000 0.3455106974 1.5200606040 2.4755611752 19.0676259033 0.3455106974 0.5251971994 6.5880687240 0.0015098132
0.5280000000 0.3455107538 1.5200598024 2.4755620499 19.0676280891 0.3455107538 0.5251970082 6.5880705550 0.0002879055
0.5300000000 0.3455108105 1.5200589889 2.4755629377 19.0676303408 0.3455108105 0.5251968132 6.5880724126 0.0021990773
0.5320000000 0.3455108765 1.5200581111 2.4755638957 19.0676325162 0.3455108765 0.5251966103 6.5880744230 0.0033961815
0.5340000000 0.3455109539 1.5200571324 2.4755649642 19.0676347434 0.3455109539 0.5251963899 6.5880766696 0.0034720599
0.5360000000 0.3455110376 1.5200560456 2.4755661509 19.0676373424 0.3455110376 0.5251961415 6.5880791623 0.0024907924
0.5380000000 0.3455111252 1.5200548794 2.4755674245 19.0676402420 0.3455111252 0.5251958718 6.5880818351 0.0005980733
0.5400000000 0.3455112194 1.5200536991 2.4755687135 19.0676428902 0.3455112194 0.5251956072 6.5880845464 0.0021859321
0.5420000000 0.3455113121 1.5200526017 2.4755699117 19.0676450889 0.3455113121 0.5251953688 6.5880870728 0.0057022262
0.5440000000 0.3455113764 1.5200516904 2.4755709064 19.0676475669 0.3455113764 0.5251951517 6.5880891550 0.0096460821
0.5460000000 0.3455113961 1.5200510406 2.4755716149 19.0676506834 0.3455113961 0.5251949572 6.5880906078 0.0138009383
0.5480000000 0.3455113884 1.5200506789 2.4755720081 19.0676533778 0.3455113884 0.5251948205 6.5880913920 0.0181156287
0.5500000000 0.3455113721 1.5200505845 2.4755721088 19.0676548093 0.3455113721 0.5251947630 6.5880915752 0.0188121880
0.5520000000 0.3455113321 1.5200507144 2.4755719640 19.0676560311 0.3455113321 0.5251947472 6.5880912353 0.0137837166
0.5540000000 0.3455112433 1.5200510386 2.4755716066 19.0676585387 0.3455112433 0.5251947243 6.5880904094 0.0097287340
0.5560000000 0.3455111153 1.5200515381 2.4755710573 19.0676619612 0.3455111153 0.5251947023 6.5880891507 0.0071231775
0.5580000000 0.3455109966 1.5200521899 2.4755703413 19.0676639261 0.3455109966 0.5251947470 6.5880875658 0.0050181847
0.5600000000 0.3455109087 1.5200529625 2.4755694931 19.0676635218 0.3455109087 0.5251948803 6.5880857497 0.0030771374
0.5620000000 0.3455107990 1.5200538138 2.4755685588 19.0676637393 0.3455107990 0.5251950078 6.5880837343 0.0011139447
0.5640000000 0.3455106066 1.5200546917 2.4755675953 19.0676680789 0.3455106066 0.5251950186 6.5880815643 0.0010140565
0.5660000000 0.3455103804 1.5200555361 2.4755666685 19.0676743831 0.3455103804 0.5251949665 6.5880794294 0.0032984887
0.5680000000 0.3455102668 1.5200562874 2.4755658435 19.0676754476 0.3455102668 0.5251950533 6.5880776302 0.0055729897
0.5700000000 0.3455102863 1.5200568993 2.4755651710 19.0676704971 0.3455102863 0.5251952945 6.5880762929 0.0077242516
0.5720000000 0.3455102419 1.5200573456 2.4755646796 19.0676699216 0.3455102419 0.5251953812 6.5880752476 0.0096904173
0.5740000000 0.3455099924 1.5200576207 2.4755643756 19.0676810763 0.3455099924 0.5251950970 6.5880743438 0.0113937909
0.5760000000 0.3455097241 1.5200577358 2.4755642466 19.0676942267 0.3455097241 0.5251947289 6.5880737718 0.0124798350
0.5780000000 0.3455097454 1.5200577136 2.4755642678 19.0676932425 0.3455097454 0.5251947536 6.5880738376 0.0103174665
0.5800000000 0.3455100325 1.5200575787 2.4755644122 19.0676791976 0.3455100325 0.5251951434 6.5880744596 0.0069489798
0.5820000000 0.3455101558 1.5200573530 2.4755646560 19.0676742244 0.3455101558 0.5251952529 6.5880750929 0.0047863433
0.5840000000 0.3455097628 1.5200570568 2.4755649769 19.0676964749 0.3455097628 0.5251945531 6.5880752854 0.0033496214
0.5860000000 0.3455091668 1.5200567066 2.4755653567 19.0677295857 0.3455091668 0.5251935263 6.5880753627 0.0026055205
0.5880000000 0.3455091723 1.5200563113 2.4755657860 19.0677318073 0.3455091723 0.5251933980 6.5880762346 0.0025348743
0.5900000000 0.3455100258 1.5200558686 2.4755662670 19.0676903687 0.3455100258 0.5251945423 6.5880781907 0.0029217013
0.5920000000 0.3455107533 1.5200553680 2.4755668115 19.0676558310 0.3455107533 0.5251954752 6.5880801295 0.0033630789
0.5940000000 0.3455101332 1.5200547962 2.4755674339 19.0676916141 0.3455101332 0.5251943351 6.5880806687 0.0035058579
0.5960000000 0.3455084372 1.5200541455 2.4755681426 19.0677836798 0.3455084372 0.5251915322 6.5880801395 0.0032345634
0.5980000000 0.3455076490 1.5200534173 2.4755689362 19.0678291787 0.3455076490 0.5251900825 6.5880808304 0.0026233379
0.6000000000 0.3455093357 1.5200526231 2.4755698020 19.0677467870 0.3455093357 0.5251923721 6.5880845265 0.0017695062
0.6020000000 0.3455122460 1.5200517834 2.4755707177 19.0676012573 0.3455122460 0.5251965058 6.5880897368 0.0006618639
0.6040000000 0.3455128221 1.5200509285 2.4755716500 19.0675768393 0.3455128221 0.5251970860 6.5880922841 0.0008677277
0.6060000000 0.3455090361 1.5200501017 2.4755725516 19.0677783860 0.3455090361 0.5251910454 6.5880897299 0.0030304744
0.6080000000 0.3455041160 1.5200493601 2.4755733599 19.0680381852 0.3455041160 0.5251833104 6.5880856772 0.0059201944
0.6100000000 0.3455043962 1.5200487658 2.4755740070 19.0680274391 0.3455043962 0.5251835310 6.5880873066 0.0094741491
0.6120000000 0.3455116673 1.5200483687 2.4755744384 19.0676529921 0.3455116673 0.5251944462 6.5880965766 0.0134687592
0.6140000000 0.3455187450 1.5200481889 2.4755746319 19.0672871976 0.3455187450 0.5252051425 6.5881051427 0.0173596617
0.6160000000 0.3455163896 1.5200482131 2.4755746023 19.0674091275 0.3455163896 0.5252015706 6.5881023602 0.0152495740
0.6180000000 0.3455043350 1.5200484160 2.4755743770 19.0680327571 0.3455043350 0.5251833171 6.5880879772 0.0103504095
0.6200000000 0.3454932643 1.5200487777 2.4755739781 19.0686043987 0.3454932643 0.5251666142 6.5880743803 0.0074725125
0.6220000000 0.3454965470 1.5200492767 2.4755734288 19.0684309853 0.3454965470 0.5251717763 6.5880770613 0.0053216883
0.6240000000 0.3455158779 1.5200498870 2.4755727578 19.0674248539 0.3455158779 0.5252013711 6.5880980368 0.0035276058
0.6260000000 0.3455351316 1.5200505770 2.4755719994 19.0664223245 0.3455351316 0.5252308761 6.5881187465 0.0018945262
0.6280000000 0.3455317251 1.5200513108 2.4755711930 19.0665941857 0.3455317251 0.5252259517 6.5881131806 0.0002426405
0.6300000000 0.3454991371 1.5200520471 2.4755703839 19.0682788748 0.3454991371 0.5251766705 6.5880738963 0.0016284897
0.6320000000 0.3454615354 1.5200527386 2.4755696238 19.0702241622 0.3454615354 0.5251197529 6.5880289188 0.0038149048
0.6340000000 0.3454594196 1.5200533362 2.4755689665 19.0703300349 0.3454594196 0.5251167433 6.5880251451 0.0062854991
0.6360000000 0.3455086974 1.5200537974 2.4755684584 19.0677719420 0.3455086974 0.5251918076 6.5880810467 0.0088005631
0.6380000000 0.3455753271 1.5200540982 2.4755681256 19.0643163201 0.3455753271 0.5252931923 6.5881573489 0.0108023549
0.6400000000 0.3455960414 1.5200542412 2.4755679655 19.0632419499 0.3455960414 0.5253247285 6.5881809546 0.0114689459
0.6420000000 0.3455342870 1.5200542537 2.4755679482 19.0664423821 0.3455342870 0.5252308627 6.5881095739 0.0087449816
0.6440000000 0.3454211641 1.5200541760 2.4755680293 19.0723086225 0.3454211641 0.5250588830 6.5879790472 0.0043206968
0.6460000000 0.3453446553 1.5200540512 2.4755681621 19.0762787945 0.3453446553 0.5249425423 6.5878909242 0.0007183880
0.6480000000 0.3453919414 1.5200539205 2.4755683011 19.0738261136 0.3453919414 0.5250143747 6.5879458322 0.0021334705
0.6500000000 0.3455680658 1.5200538181 2.4755684094 19.0646942659 0.3455680658 0.5252820578 6.5881495223 0.0040360306
0.6520000000 0.3457553195 1.5200537625 2.4755684664 19.0549952399 0.3457553195 0.5255666742 6.5883659663 0.0049681738
0.6540000000 0.3457870047 1.5200537584 2.4755684671 19.0533550467 0.3457870047 0.5256148361 6.5884025712 0.0048517761
0.6560000000 0.3455822297 1.5200538036 2.4755684138 19.0639602476 0.3455822297 0.5253035827 6.5881658889 0.0041437477
0.6580000000 0.3452369650 1.5200538946 2.4755683104 19.0818697511 0.3452369650 0.5247787933 6.5877668002 0.0033696305
0.6600000000 0.3449898631 1.5200540255 2.4755681634 19.0947089568 0.3449898631 0.5244032302 6.5874810290 0.0022300855
0.6620000000 0.3450667211 1.5200541833 2.4755679869 19.0907122025 0.3450667211 0.5245201129 6.5875694631 0.0004597461
0.6640000000 0.3455084899 1.5200543448 2.4755678062 19.0677788129 0.3455084899 0.5251916813 6.5880794639 0.0018881258
0.6660000000 0.3461016948 1.5200544790 2.4755676548 19.0370766020 0.3461016948 0.5260934313 6.5887644754 0.0041373165
0.6680000000 0.3464554920 1.5200545613 2.4755675600 19.0188153135 0.3464554920 0.5266312510 6.5891730175 0.0052825074
0.6700000000 0.3462510005 1.5200545858 2.4755675284 19.0293651020 0.3462510005 0.5263204212 6.5889367059 0.0045977162
0.6720000000 0.3454702980 1.5200545648 2.4755675465 19.0697575065 0.3454702980 0.5251337034 6.5880348077 0.0023931271
0.6740000000 0.3444492246 1.5200545213 2.4755675892 19.1228627987 0.3444492246 0.5235816012 6.5868552632 0.0001838654
0.6760000000 0.3437536513 1.5200544821 2.4755676274 19.1592197783 0.3437536513 0.5225242783 6.5860517540 0.0029190067
0.6780000000 0.3439090924 1.5200544749 2.4755676306 19.1510823110 0.3439090924 0.5227605549 6.5862313369 0.0053187335
0.6800000000 0.3450704136 1.5200545244 2.4755675722 19.0905177932 0.3450704136 0.5245258435 6.5875728714 0.0062235211
0.6820000000 0.3468662554 1.5200546459 2.4755674351 18.9976603218 0.3468662554 0.5272556631 6.5896472978 0.0057981526
0.6840000000 0.3485029335 1.5200548420 2.4755672156 18.9138656972 0.3485029335 0.5297435715 6.5915376794 0.0046157699
0.6860000000 0.3490666203 1.5200551037 2.4755669238 18.8851867326 0.3490666203 0.5306004977 6.5921883068 0.0031704128
0.6880000000 0.3479365883 1.5200554141 2.4755665788 18.9427680861 0.3479365883 0.5288828948 6.5908821010 0.0016970252
0.6900000000 0.3451391262 1.5200557528 2.4755662050 19.0869390937 0.3451391262 0.5246307142 6.5876494801 0.0001157250
0.6920000000 0.3415112087 1.5200560937 2.4755658316 19.2774271459 0.3415112087 0.5191161939 6.5834574459 0.0017753875
0.6940000000 0.3385461288 1.5200564045 2.4755654938 19.4361438150 0.3385461288 0.5146092114 6.5800312482 0.0039686331
0.6960000000 0.3377926799 1.5200566504 2.4755652271 19.4769177983 0.3377926799 0.5134640095 6.5791602589 0.0062780745
0.6980000000 0.3400924680 1.5200568037 2.4755650591 19.3530214599 0.3400924680 0.5169598698 6.5818168313 0.0083863707
0.7000000000 0.3453840033 1.5200568523 2.4755650019 19.0742185210 0.3453840033 0.5250033209 6.5879299524 0.0091267124
0.7020000000 0.3525335992 1.5200568021 2.4755650505 18.7108119404 0.3525335992 0.5358710955 6.5961898782 0.0072808783
0.7040000000 0.3594282267 1.5200566707 2.4755651877 18.3740589311 0.3594282267 0.5463512736 6.6041554182 0.0046944321
0.7060000000 0.3635612816 1.5200564810 2.4755653891 18.1783127430 0.3635612816 0.5526336823 6.6089306780 0.0027566514
0.7080000000 0.3628418662 1.5200562533 2.4755656314 18.2120660337 0.3628418662 0.5515400477 6.6081000279 0.0018415822
0.7100000000 0.3562798212 1.5200559955 2.4755659031 18.5262233190 0.3562798212 0.5415652783 6.6005195318 0.0015089058
0.7120000000 0.3441381587 1.5200557083 2.4755661995 19.1390953726 0.3441381587 0.5231091726 6.5864930407 0.0006714364
0.7140000000 0.3278433054 1.5200554014 2.4755665064 20.0329497441 0.3278433054 0.4983399871 6.5676684605 0.0005157423
0.7160000000 0.3100629025 1.5200550915 2.4755668034 21.1154820063 0.3100629025 0.4713126936 6.5471276383 0.0009367361
0.7180000000 0.2945993068 1.5200547855 2.4755670846 22.1632000252 0.2945993068 0.4478070861 6.5292633636 0.0001532920
0.7200000000 0.2859612030 1.5200544739 2.4755673643 22.7977935546 0.2859612030 0.4346766060 6.5192844707 0.0016644275
0.7220000000 0.2879649893 1.5200541337 2.4755676739 22.6471976751 0.2879649893 0.4377223723 6.5216000354 0.0040617438
0.7240000000 0.3028201458 1.5200537341 2.4755680578 21.5928920259 0.3028201458 0.4603028933 6.5387627105 0.0064332050
0.7260000000 0.3311333143 1.5200532429 2.4755685713 19.8454010777 0.3311333143 0.5033402682 6.5714734316 0.0081834099
0.7280000000 0.3724976964 1.5200526340 2.4755692753 17.7699416451 0.3724976964 0.5662161047 6.6192623288 0.0090787124
0.7300000000 0.4256009871 1.5200518901 2.4755702325 15.6968935996 0.4256009871 0.6469355849 6.6806134105 0.0093703725
0.7320000000 0.4883498414 1.5200509974 2.4755715082 13.8284233760 0.4883498414 0.7423166636 6.7531083629 0.0093728571
0.7340000000 0.5580754535 1.5200499389 2.4755731728 12.2450539897 0.5580754535 0.8483025590 6.8336640586 0.0088327033
0.7360000000 0.6323295429 1.5200487079 2.4755752811 10.9427942827 0.6323295429 0.9611717046 6.9194521067 0.0071201639
0.7380000000 0.7084032599 1.5200473397 2.4755778108 9.8917429439 0.7084032599 1.0768064907 7.0073429479 0.0042858605
0.7400000000 0.7847045396 1.5200459315 2.4755806245 9.0422530688 0.7847045396 1.1927869428 7.0954970310 0.0007335272
0.7420000000 0.8586393528 1.5200446633 2.4755833833 8.3631351248 0.8586393528 1.3051701659 7.1809169308 0.0057663188
0.7440000000 0.9285884969 1.5200436779 2.4755857717 7.8201824980 0.9285884969 1.4114950741 7.2617315112 0.0028390694
0.7460000000 0.9929662349 1.5200428122 2.4755879976 7.3880751918 0.9929662349 1.5093511881 7.3361092062 0.0034268015
0.7480000000 1.0509235263 1.5200420559 2.4755900343 7.0443461764 1.0509235263 1.5974479575 7.4030691245 0.0049935686
0.7500000000 1.1019137817 1.5200414285 2.4755918152 6.7718362839 1.1019137817 1.6749545989 7.4619797287 0.0097213598
0.7520000000 1.1459014542 1.5200410030 2.4755931711 6.5562354240 1.1459014542 1.7418171958 7.5127997065 0.0136550491
0.7540000000 1.1832613693 1.5200407782 2.4755940616 6.3857083709 1.1832613693 1.7986055326 7.5559620308 0.0162301278
0.7560000000 1.2145210794 1.5200407032 2.4755945488 6.2510864518 1.2145210794 1.8461214756 7.5920762649 0.0169291660
0.7580000000 1.2409152129 1.5200407143 2.4755947403 6.1426992120 1.2409152129 1.8862416467 7.6225689007 0.0096724248
0.7600000000 1.2620638796 1.5200407339 2.4755948041 6.0591238444 1.2620638796 1.9183885058 7.6470013464 0.0151931975
0.7620000000 1.2789738397 1.5200406298 2.4755950759 5.9942877787 1.2789738397 1.9440922008 7.6665372563 0.0167857031
0.7640000000 1.2924577210 1.5200403824 2.4755956739 5.9438042367 1.2924577210 1.9645879284 7.6821156777 0.0135279464
0.7660000000 1.3033019851 1.5200400012 2.4755966353 5.9039619163 1.3033019851 1.9810711510 7.6946452856 0.0053115240
0.7680000000 1.3116314122 1.5200395885 2.4755977698 5.8738071444 1.3116314122 1.9937316720 7.7042699595 0.0116766253
0.7700000000 1.3179194525 1.5200393828 2.4755985462 5.8512952339 1.3179194525 2.0032894711 7.7115358110 0.0151030827
0.7720000000 1.3225824255 1.5200393474 2.4755989751 5.8347393772 1.3225824255 2.0103773270 7.7169237578 0.0183357215
0.7740000000 1.3260980727 1.5200394209 2.4755991088 5.8223338718 1.3260980727 2.0157213465 7.7209857261 0.0159638673
0.7760000000 1.3288013647 1.5200395316 2.4755990449 5.8128393001 1.3288013647 2.0198306041 7.7241087949 0.0114220792
0.7780000000 1.3308228419 1.5200395027 2.4755991197 5.8057646835 1.3308228419 2.0229032908 7.7264442553 0.0093506948
0.7800000000 1.3323006952 1.5200393290 2.4755993185 5.8006062247 1.3323006952 2.0251494547 7.7281517055 0.0029454341
0.7820000000 1.3333390880 1.5200390452 2.4755995583 5.7969884876 1.3333390880 2.0267274744 7.7293513434 0.0158372240
0.7840000000 1.3341126852 1.5200387838 2.4755995881 5.7942965980 1.3341126852 2.0279030235 7.7302445930 0.0093715871
0.7860000000 1.3346563420 1.5200385182 2.4755995060 5.7924063820 1.3346563420 2.0287290485 7.7308719134 0.0208959825
0.7880000000 1.3350390490 1.5200381032 2.4755997046 5.7910768220 1.3350390490 2.0293102238 7.7313136931 0.0272089252
0.7900000000 1.3353133554 1.5200374511 2.4756004571 5.7901249280 1.3353133554 2.0297263091 7.7316311455 0.0235461568
0.7920000000 1.3355085148 1.5200364739 2.4756020354 5.7894490982 1.3355085148 2.0300216537 7.7318585667 0.0166856871
0.7940000000 1.3356476133 1.5200351693 2.4756045033 5.7889691152 1.3356476133 2.0302313461 7.7320227823 0.0063276574
0.7960000000 1.3357430012 1.5200337797 2.4756073958 5.7886415144 1.3357430012 2.0303744828 7.7321373891 0.0111978856
0.7980000000 1.3358084012 1.5200328415 2.4756095674 5.7884173059 1.3358084012 2.0304726398 7.7322164668 0.0117766732
0.8000000000 1.3358531987 1.5200322769 2.4756111482 5.7882640336 1.3358531987 2.0305399792 7.7322710244 0.0084910451
0.8020000000 1.3358842538 1.5200319337 2.4756123898 5.7881581327 1.3358842538 2.0305867255 7.7323093079 0.0035960425
0.8040000000 1.3359057537 1.5200315599 2.4756137742 5.7880855937 1.3359057537 2.0306189066 7.7323368476 0.0028373013
0.8060000000 1.3359199728 1.5200311393 2.4756152767 5.7880384557 1.3359199728 2.0306399582 7.7323561762 0.0141292988
0.8080000000 1.3359288708 1.5200309229 2.4756162642 5.7880091179 1.3359288708 2.0306531943 7.7323684850 0.0225419204
0.8100000000 1.3359342192 1.5200308837 2.4756166879 5.7879913041 1.3359342192 2.0306612717 7.7323756434 0.0286934568
0.8120000000 1.3359372620 1.5200309526 2.4756166817 5.7879808455 1.3359372620 2.0306659890 7.7323792830 0.0013933767
0.8140000000 1.3359388121 1.5200309359 2.4756166581 5.7879754005 1.3359388121 2.0306683228 7.7323809809 0.0275339014
0.8160000000 1.3359402710 1.5200306736 2.4756170381 5.7879706537 1.3359402710 2.0306701899 7.7323830834 0.0220688957
0.8180000000 1.3359421477 1.5200301270 2.4756179444 5.7879650111 1.3359421477 2.0306723125 7.7323864077 0.0057635656
0.8200000000 1.3359448441 1.5200294276 2.4756190216 5.7879566133 1.3359448441 2.0306754767 7.7323907952 0.0346833356
0.8220000000 1.3359481181 1.5200290648 2.4756192551 5.7879451454 1.3359481181 2.0306799685 7.7323944244 0.0363822507
0.8240000000 1.3359520170 1.5200290186 2.4756188493 5.7879307956 1.3359520170 2.0306858333 7.7323978204 0.0099352474
0.8260000000 1.3359566661 1.5200292458 2.4756182279 5.7879138562 1.3359566661 2.0306932036 7.7324020991 0.0399568508
0.8280000000 1.3359619794 1.5200292993 2.4756183424 5.7878957272 1.3359619794 2.0307013515 7.7324086322 0.0369022801
0.8300000000 1.3359677367 1.5200290094 2.4756192867 5.7878770894 1.3359677367 2.0307097154 7.7324170554 0.0136471141
0.8320000000 1.3359736677 1.5200282302 2.4756207228 5.7878580258 1.3359736677 2.0307176897 7.7324259149 0.0188010273
0.8340000000 1.3359791656 1.5200277271 2.4756214628 5.7878395816 1.3359791656 2.0307253746 7.7324330949 0.0157922536
0.8360000000 1.3359843193 1.5200279169 2.4756217754 5.7878225842 1.3359843193 2.0307334619 7.7324402155 0.0121572677
0.8380000000 1.3359894832 1.5200286770 2.4756224080 5.7878070174 1.3359894832 2.0307423266 7.7324493059 0.0169520252
0.8400000000 1.3359949743 1.5200291309 2.4756237513 5.7877911807 1.3359949743 2.0307512797 7.7324599298 0.0122188290
0.8420000000 1.3360005348 1.5200280963 2.4756248430 5.7877723698 1.3360005348 2.0307583496 7.7324669815 0.0560886944
0.8440000000 1.3360055604 1.5200256366 2.4756243205 5.7877502274 1.3360055604 2.0307627025 7.7324664861 0.0455286725
0.8460000000 1.3360106877 1.5200238435 2.4756240696 5.7877292540 1.3360106877 2.0307681005 7.7324681408 0.0812294063
0.8480000000 1.3360189773 1.5200276159 2.4756320160 5.7877211143 1.3360189773 2.0307857409 7.7325052440 0.0315812293
0.8500000000 1.3360317825 1.5200382554 2.4756520905 5.7877304502 1.3360317825 2.0308194198 7.7325918301 0.0366112669
0.8520000000 1.3360409199 1.5200443221 2.4756638104 5.7877299201 1.3360409199 2.0308414144 7.7326440065 0.0930721697
0.8540000000 1.3360242458 1.5200178667 2.4756101541 5.7876471189 1.3360242458 2.0307807240 7.7324368771 0.0368934876
0.8560000000 1.3359692482 1.5199435920 2.4754573182 5.7874389231 1.3359692482 2.0305978978 7.7318404268 0.0359561521
0.8580000000 1.3359381201 1.5198993539 2.4753665807 5.7873098193 1.3359381201 2.0304914856 7.7314878003 0.0941224724
0.8600000000 1.3361008668 1.5200933113 2.4757815223 5.7878167946 1.3361008668 2.0309979908 7.7331070363 0.0378171204
0.8620000000 1.3365660567 1.5206540739 2.4769825646 5.7893035447 1.3365660567 2.0324546192 7.7377866099 0.0331295448
0.8640000000 1.3368572027 1.5210001386 2.4777280734 5.7902149771 1.3368572027 2.0333599905 7.7406905972 0.0942592108
0.8660000000 1.3356785363 1.5195692138 2.4746613718 5.7863884106 1.3356785363 2.0296559834 7.7287548030 0.0396034559
0.8680000000 1.3320837315 1.5152214947 2.4653462663 5.7748086384 1.3320837315 2.0184019027 7.6925286398 0.0299532217
0.8700000000 1.3297258635 1.5123648056 2.4592411625 5.7672104196 1.3297258635 2.0110305971 7.6688088553 0.0942773221
0.8720000000 1.3384235785 1.5229243084 2.4818888144 5.7954925671 1.3384235785 2.0383178026 7.7568239009 0.0405243664
0.8740000000 1.3655349449 1.5554129185 2.5527875214 5.8832581045 1.3655349449 2.1239706940 8.0337945316 0.0308998554
0.8760000000 1.3827362836 1.5759793253 2.5987353907 5.9403930585 1.3827362836 2.1791637953 8.2139970208 0.0942797290
0.8780000000 1.3100798008 1.4932997377 2.4180833136 5.7293537731 1.3100798008 1.9563418228 7.5059106495 0.0453595672
0.8800000000 1.0541918093 1.1619562067 1.7964859038 4.9354103793 1.0541918093 1.2249247159 5.2028691977 0.0000419305
0.8820000000 0.7632305491 0.6518822053 1.1152444259 3.8655143394 0.7632305491 0.4975364135 2.9502786319 0.0304518679
0.8840000000 0.5907641849 0.2421025680 0.7400415399 3.1610197793 0.5907641849 0.1430255262 1.8674172733 0.0488023761
0.8860000000 0.5247703843 0.0650223315 0.6131463489 2.9231360178 0.5247703843 0.0341217939 1.5339752115 0.0567532388
0.8880000000 0.5059323068 0.0151982507 0.5806651512 2.8693983173 0.5059323068 0.0076892861 1.4517213099 0.0591601240
0.8900000000 0.5013475650 0.0034196373 0.5731649700 2.8581276872 0.5013475650 0.0017144269 1.4329153564 0.0597752093
0.8920000000 0.5003009749 0.0007617772 0.5714817563 2.8556900896 0.5003009749 0.0003811179 1.4287045358 0.0599002723
0.8940000000 0.5000667043 0.0001687205 0.5711066753 2.8551524890 0.5000667043 0.0000843715 1.4277666954 0.0598482057
0.8960000000 0.5000145862 0.0000368882 0.5710233218 2.8550333216 0.5000145862 0.0000184447 1.4275583047 0.0594719870
0.8980000000 0.5000030647 0.0000077503 0.5710048999 2.8550070001 0.5000030647 0.0000038752 1.4275122498 0.0577658659
0.9000000000 0.5000005750 0.0000014541 0.5710009193 2.8550013133 0.5000005750 0.0000007270 1.4275022982 0.0505920115
0.9020000000 0.5000000845 0.0000002136 0.5710001351 2.8550001930 0.5000000845 0.0000001068 1.4275003377 0.0289634930
0.9040000000 0.5000000094 0.0000000237 0.5710000150 2.8550000214 0.5000000094 0.0000000118 1.4275000374 0.0069105351
0.9060000000 0.5000000009 0.0000000022 0.5710000014 2.8550000020 0.5000000009 0.0000000011 1.4275000035 0.0008480752
0.9080000000 0.5000000001 0.0000000002 0.5710000001 2.8550000002 0.5000000001 0.0000000001 1.4275000003 0.0000804160
0.9100000000 0.5000000000 0.0000000000 0.5710000000 2.8550000000 0.5000000000 0.0000000000 1.4275000000 0.0000071760
0.9120000000 0.5000000000 0.0000000000 0.5710000000 2.8550000000 0.5000000000 0.0000000000 1.4275000000 0.0000006351
0.9140000000 0.5000000000 0.0000000000 0.5710000000 2.8550000000 0.5000000000 0.0000000000 1.4275000000 0.0000000561
0.9160000000 0.5000000000 0.0000000000 0.5710000000 2.8550000000 0.5000000000 0.0000000000 1.4275000000 0.0000000050
0.9180000000 0.5000000000 0.0000000000 0.5710000000 2.8550000000 0.5000000000 0.0000000000 1.4275000000 0.0000000005
0.9200000000 0.5000000000 0.0000000000 0.5710000000 2.8550000000 0.5000000000 0.0000000000 1.4275000000 0.0000000000
0.9220000000 0.5000000000 0.0000000000 0.5710000000 2.8550000000 0.5000000000 0.0000000000 1.4275000000 0.0000000000
0.9240000000 0.5000000000 0.0000000000 0.5710000000 2.8550000000 0.5000000000 0.0000000000 1.4275000000 0.0000000000
0.9260000000 0.5000000000 0.0000000000 0.5710000000 2.8550000000 0.5000000000 0.0000000000 1.4275000000 0.0000000000
0.9280000000 0.5000000000 0.0000000000 0.5710000000 2.8550000000 0.5000000000 0.0000000000 1.4275000000 0.0000000000
0.9300000000 0.5000000000 0.0000000000 0.5710000000 2.8550000000 0.5000000000 0.0000000000 1.4275000000 0.0000000000
0.9320000000 0.5000000000 0.0000000000 0.5710000000 2.8550000000 0.5000000000 0.0000000000 1.4275000000 0.0000000000
0.9340000000 0.5000000000 0.0000000000 0.5710000000 2.8550000000 0.5000000000 0.0000000000 1.4275000000 0.0000000000
0.9360000000 0.5000000000 0.0000000000 0.5710000000 2.8550000000 0.5000000000 0.0000000000 1.4275000000 0.0000000000
0.9380000000 0.5000000000 0.0000000000 0.5710000000 2.8550000000 0.5000000000 0.0000000000 1.4275000000 0.0000000000
0.9400000000 0.5000000000 0.0000000000 0.5710000000 2.8550000000 0.5000000000 0.0000000000 1.4275000000 0.0000000000
0.9420000000 0.5000000000 0.0000000000 0.5710000000 2.8550000000 0.5000000000 0.0000000000 1.4275000000 0.0000000000
0.9440000000 0.5000000000 0.0000000000 0.5710000000 2.8550000000 0.5000000000 0.0000000000 1.4275000000 0.0000000000
0.9460000000 0.5000000000 0.0000000000 0.5710000000 2.8550000000 0.5000000000 0.0000000000 1.4275000000 0.0000000000
0.9480000000 0.5000000000 0.0000000000 0.5710000000 2.8550000000 0.5000000000 0.0000000000 1.4275000000 0.0000000000
0.9500000000 0.5000000000 0.0000000000 0.5710000000 2.8550000000 0.5000000000 0.0000000000 1.4275000000 0.0000000000
0.9520000000 0.5000000000 0.0000000000 0.5710000000 2.8550000000 0.5000000000 0.0000000000 1.4275000000 0.0000000000
0.9540000000 0.5000000000 0.0000000000 0.5710000000 2.8550000000 0.5000000000 0.0000000000 1.4275000000 0.0000000000
0.9560000000 0.5000000000 0.0000000000 0.5710000000 2.8550000000 0.5000000000 0.0000000000 1.4275000000 0.0000000000
0.9580000000 0.5000000000 0.0000000000 0.5710000000 2.8550000000 0.5000000000 0.0000000000 1.4275000000 0.0000000000
0.9600000000 0.5000000000 0.0000000000 0.5710000000 2.8550000000 0.5000000000 0.0000000000 1.4275000000 0.0000000000
0.9620000000 0.5000000000 0.0000000000 0.5710000000 2.8550000000 0.5000000000 0.0000000000 1.4275000000 0.0000000000
0.9640000000 0.5000000000 0.0000000000 0.5710000000 2.8550000000 0.5000000000 0.0000000000 1.4275000000 0.0000000000
0.9660000000 0.5000000000 0.0000000000 0.5710000000 2.8550000000 0.5000000000 0.0000000000 1.4275000000 0.0000000000
0.9680000000 0.5000000000 0.0000000000 0.5710000000 2.8550000000 0.5000000000 0.0000000000 1.4275000000 0.0000000000
0.9700000000 0.5000000000 0.0000000000 0.5710000000 2.8550000000 0.5000000000 0.0000000000 1.4275000000 0.0000000000
0.9720000000 0.5000000000 0.0000000000 0.5710000000 2.8550000000 0.5000000000 0.0000000000 1.4275000000 0.0000000000
0.9740000000 0.5000000000 0.0000000000 0.5710000000 2.8550000000 0.5000000000 0.0000000000 1.4275000000 0.0000000000
0.9760000000 0.5000000000 0.0000000000 0.5710000000 2.8550000000 0.5000000000 0.0000000000 1.4275000000 0.0000000000
0.9780000000 0.5000000000 0.0000000000 0.5710000000 2.8550000000 0.5000000000 0.0000000000 1.4275000000 0.0000000000
0.9800000000 0.5000000000 0.0000000000 0.5710000000 2.8550000000 0.5000000000 0.0000000000 1.4275000000 0.0000000000
0.9820000000 0.5000000000 0.0000000000 0.5710000000 2.8550000000 0.5000000000 0.0000000000 1.4275000000 0.0000000000
0.9840000000 0.5000000000 0.0000000000 0.5710000000 2.8550000000 0.5000000000 0.0000000000 1.4275000000 0.0000000000
0.9860000000 0.5000000000 0.0000000000 0.5710000000 2.8550000000 0.5000000000 0.0000000000 1.4275000000 0.0000000000
0.9880000000 0.5000000000 0.0000000000 0.5710000000 2.8550000000 0.5000000000 0.0000000000 1.4275000000 0.0000000000
0.9900000000 0.5000000000 0.0000000000 0.5710000000 2.8550000000 0.5000000000 0.0000000000 1.4275000000 0.0000000000
0.9920000000 0.5000000000 0.0000000000 0.5710000000 2.8550000000 0.5000000000 0.0000000000 1.4275000000 0.0000000000
0.9940000000 0.5000000000 0.0000000000 0.5710000000 2.8550000000 0.5000000000 0.0000000000 1.4275000000 0.0000000000
0.9960000000 0.5000000000 0.0000000000 0.5710000000 2.8550000000 0.5000000000 0.0000000000 1.4275000000 0.0000000000
0.9980000000 0.5000000000 0.0000000000 0.5710000000 2.8550000000 0.5000000000 0.0000000000 1.4275000000 0.0000000000
1.0000000000 0.5000000000 0.0000000000 0.5710000000 2.8550000000 0.5000000000 0.0000000000 1.4275000000 0.0000000000
