TITLE = "1D Euler Filtered MacCormack Result"
VARIABLES = "x", "rho", "u", "p", "E", "rho_conserved", "rhou", "rhoE", "nu"
ZONE T="t=0.15000000", I=501, F=POINT
0.0000000000 0.6841224329 -1.1355145307 2.3510662259 9.2362370882 0.6841224329 -0.7768309634 6.3187169881 0.0000000000
0.0020000000 0.6841224329 -1.1355145307 2.3510662259 9.2362370882 0.6841224329 -0.7768309634 6.3187169881 0.1844335763
0.0040000000 0.6804467873 -1.1236466767 2.3333394466 9.2041120868 0.6804467873 -0.7645817712 6.2629084996 0.0055981431
0.0060000000 0.6769580982 -1.1123770436 2.3166375744 9.1740124951 0.6769580982 -0.7530326479 6.2104220514 0.0034706427
0.0080000000 0.6735999129 -1.1014605694 2.3005472230 9.1448630397 0.6735999129 -0.7419437436 6.1599789467 0.0010607147
0.0100000000 0.6701882754 -1.0903386581 2.2842624051 9.1153919163 0.6701882754 -0.7307321849 6.1090287877 0.0014435078
0.0120000000 0.6668275680 -1.0793266992 2.2682350274 9.0863019989 0.6668275680 -0.7197247979 6.0589966637 0.0000514329
0.0140000000 0.6634587320 -1.0682515810 2.2522141575 9.0572206900 0.6634587320 -0.7087408394 6.0090921548 0.0008226442
0.0160000000 0.6601153090 -1.0572102871 2.2363367792 9.0283397333 0.6601153090 -0.6978806954 5.9597452732 0.0004103368
0.0180000000 0.6567782143 -1.0461470937 2.2205289151 8.9995663599 0.6567782143 -0.6870866201 5.9107191231 0.0006653052
0.0200000000 0.6534597045 -1.0350906117 2.2048349534 8.9709431440 0.6534597045 -0.6763900052 5.8621498556 0.0005322420
0.0220000000 0.6501525665 -1.0240237706 2.1892311627 8.9424563103 0.6501525665 -0.6657716826 5.8139609211 0.0005915996
0.0240000000 0.6468607486 -1.0129581876 2.1737275251 8.9141065539 0.6468607486 -0.6552428915 5.7661856386 0.0005271120
0.0260000000 0.6435804514 -1.0018913141 2.1583124460 8.8858971593 0.6435804514 -0.6447976641 5.7187897044 0.0005338656
0.0280000000 0.6403130231 -0.9908286459 2.1429865422 8.8578196206 0.6403130231 -0.6344404856 5.6717772590 0.0005141907
0.0300000000 0.6370566796 -0.9797695519 2.1277458403 8.8298820852 0.6370566796 -0.6241687376 5.6251353629 0.0005256042
0.0320000000 0.6338125521 -0.9687149868 2.1125916631 8.8020768188 0.6338125521 -0.6139837181 5.5788667724 0.0005305239
0.0340000000 0.6305801612 -0.9576635850 2.0975242513 8.7744107135 0.6305801612 -0.6038836579 5.5329693226 0.0005437645
0.0360000000 0.6273603320 -0.9466146940 2.0825452657 8.7468799227 0.6273603320 -0.5938685087 5.4874454925 0.0005516337
0.0380000000 0.6241529591 -0.9355672600 2.0676554748 8.7194890481 0.6241529591 -0.5839370737 5.4422948909 0.0005597160
0.0400000000 0.6209585651 -0.9245207807 2.0528556772 8.6922351135 0.6209585651 -0.5740890974 5.3975178432 0.0005641517
0.0420000000 0.6177769989 -0.9134748414 2.0381460604 8.6651217716 0.6177769989 -0.5643237461 5.3531129231 0.0005680778
0.0440000000 0.6146085049 -0.9024292987 2.0235267159 8.6381473186 0.6146085049 -0.5546407220 5.3090788086 0.0005702497
0.0460000000 0.6114530548 -0.8913841004 2.0089974424 8.6113125955 0.6114530548 -0.5450395312 5.2654133922 0.0005724309
0.0480000000 0.6083105922 -0.8803392702 1.9945580330 8.5846188798 0.6083105922 -0.5355197028 5.2221145945 0.0005739077
0.0500000000 0.6051812597 -0.8692948824 1.9802081642 8.5580643410 0.6051812597 -0.5260809720 5.1791801588 0.0005755374
0.0520000000 0.6020648680 -0.8582510131 1.9659475345 8.5316517122 0.6020648680 -0.5167227829 5.1366077621 0.0005769350
0.0540000000 0.5989615792 -0.8472077680 1.9517758042 8.5053788407 0.5989615792 -0.5074449026 5.0943951420 0.0005784185
0.0560000000 0.5958712390 -0.8361652416 1.9376926459 8.4792478978 0.5958712390 -0.4982468185 5.0525399505 0.0005798598
0.0580000000 0.5927939392 -0.8251235459 1.9236977251 8.4532576912 0.5927939392 -0.4891282371 5.0110399255 0.0005813303
0.0600000000 0.5897295988 -0.8140827864 1.9097907107 8.4274093865 0.5897295988 -0.4800887150 4.9698927563 0.0005828187
0.0620000000 0.5866782486 -0.8030430784 1.8959712739 8.4017026349 0.5866782486 -0.4711279068 4.9290961869 0.0005843227
0.0640000000 0.5836398532 -0.7920045363 1.8822390871 8.3761379937 0.5836398532 -0.4622454113 4.8886479491 0.0005858574
0.0660000000 0.5806144151 -0.7809672807 1.8685938270 8.3507155170 0.5806144151 -0.4534408609 4.8485458055 0.0005874127
0.0680000000 0.5776019176 -0.7699314343 1.8550351722 8.3254355279 0.5776019176 -0.4447138728 4.8087875256 0.0005890011
0.0700000000 0.5746023545 -0.7588971249 1.8415628056 8.3002982195 0.5746023545 -0.4360640748 4.7693709003 0.0005906182
0.0720000000 0.5716157159 -0.7478644844 1.8281764131 8.2753038520 0.5716157159 -0.4274910926 4.7302937355 0.0005922712
0.0740000000 0.5686419945 -0.7368336496 1.8148756850 8.2504526609 0.5686419945 -0.4189945561 4.6915538564 0.0005939605
0.0760000000 0.5656811832 -0.7258047624 1.8016603158 8.2257448990 0.5656811832 -0.4105740968 4.6531491068 0.0005956908
0.0780000000 0.5627332761 -0.7147779705 1.7885300047 8.2011808192 0.5627332761 -0.4022293491 4.6150773505 0.0005974646
0.0800000000 0.5597982685 -0.7037534275 1.7754844558 8.1767606825 0.5597982685 -0.3939599502 4.5773364722 0.0005992861
0.0820000000 0.5568761567 -0.6927312936 1.7625233789 8.1524847556 0.5568761567 -0.3857655404 4.5399243781 0.0006011589
0.0840000000 0.5539669382 -0.6817117360 1.7496464893 8.1283533130 0.5539669382 -0.3776457632 4.5028389976 0.0006030876
0.0860000000 0.5510706122 -0.6706949296 1.7368535088 8.1043666370 0.5510706122 -0.3696002654 4.4660782839 0.0006050766
0.0880000000 0.5481871790 -0.6596810573 1.7241441657 8.0805250190 0.5481871790 -0.3616286979 4.4296402152 0.0006071311
0.0900000000 0.5453166409 -0.6486703111 1.7115181958 8.0568287600 0.5453166409 -0.3537307151 4.3935227961 0.0006092564
0.0920000000 0.5424590019 -0.6376628923 1.6989753425 8.0332781721 0.5424590019 -0.3459059761 4.3577240589 0.0006114585
0.0940000000 0.5396142676 -0.6266590128 1.6865153576 8.0098735787 0.5396142676 -0.3381541443 4.3222420651 0.0006137439
0.0960000000 0.5367824463 -0.6156588953 1.6741380019 7.9866153166 0.5367824463 -0.3304748879 4.2870749070 0.0006161197
0.0980000000 0.5339635479 -0.6046627749 1.6618430459 7.9635037362 0.5339635479 -0.3228678806 4.2522207090 0.0006185936
0.1000000000 0.5311575854 -0.5936708994 1.6496302704 7.9405392036 0.5311575854 -0.3153328014 4.2176776300 0.0006211741
0.1020000000 0.5283645740 -0.5826835309 1.6374994678 7.9177221017 0.5283645740 -0.3078693356 4.1834438652 0.0006238706
0.1040000000 0.5255845321 -0.5717009469 1.6254504422 7.8950528316 0.5255845321 -0.3004771746 4.1495176481 0.0006266934
0.1060000000 0.5228174811 -0.5607234412 1.6134830111 7.8725318149 0.5228174811 -0.2931560171 4.1158972531 0.0006296538
0.1080000000 0.5200634460 -0.5497513260 1.6015970062 7.8501594947 0.5200634460 -0.2859055691 4.0825809983 0.0006327642
0.1100000000 0.5173224554 -0.5387849329 1.5897922744 7.8279363386 0.5173224554 -0.2787255445 4.0495672478 0.0006360386
0.1120000000 0.5145945423 -0.5278246149 1.5780686793 7.8058628404 0.5145945423 -0.2716156661 4.0168544155 0.0006394923
0.1140000000 0.5118797438 -0.5168707482 1.5664261029 7.7839395227 0.5118797438 -0.2645756661 3.9844409684 0.0006431423
0.1160000000 0.5091781020 -0.5059237344 1.5548644463 7.7621669398 0.5091781020 -0.2576052869 3.9523254302 0.0006470075
0.1180000000 0.5064896646 -0.4949840031 1.5433836326 7.7405456808 0.5064896646 -0.2507042817 3.9205063860 0.0006511090
0.1200000000 0.5038144849 -0.4840520139 1.5319836079 7.7190763727 0.5038144849 -0.2438724160 3.8889824868 0.0006554706
0.1220000000 0.5011526227 -0.4731282599 1.5206643439 7.6977596847 0.5011526227 -0.2371094683 3.8577524549 0.0006601185
0.1240000000 0.4985041448 -0.4622132706 1.5094258403 7.6765963322 0.4985041448 -0.2304152312 3.8268150897 0.0006650824
0.1260000000 0.4958691259 -0.4513076159 1.4982681274 7.6555870812 0.4958691259 -0.2237895130 3.7961692743 0.0006703957
0.1280000000 0.4932476492 -0.4404119095 1.4871912691 7.6347327544 0.4932476492 -0.2172321390 3.7658139832 0.0006760958
0.1300000000 0.4906398073 -0.4295268142 1.4761953662 7.6140342362 0.4906398073 -0.2107429533 3.7357482901 0.0006822251
0.1320000000 0.4880457032 -0.4186530466 1.4652805604 7.5934924802 0.4880457032 -0.2043218205 3.7059713773 0.0006888317
0.1340000000 0.4854654517 -0.4077913829 1.4544470384 7.5731085162 0.4854654517 -0.1979686279 3.6764825464 0.0006959698
0.1360000000 0.4828991801 -0.3969426654 1.4436950369 7.5528834590 0.4828991801 -0.1916832877 3.6472812299 0.0007037014
0.1380000000 0.4803470303 -0.3861078101 1.4330248477 7.5328185176 0.4803470303 -0.1854657399 3.6183670046 0.0007120969
0.1400000000 0.4778091598 -0.3752878146 1.4224368242 7.5129150065 0.4778091598 -0.1793159554 3.5897396069 0.0007212371
0.1420000000 0.4752857440 -0.3644837681 1.4119313881 7.4931743580 0.4752857440 -0.1732339389 3.5613989496 0.0007312144
0.1440000000 0.4727769780 -0.3536968617 1.4015090377 7.4735981359 0.4727769780 -0.1672197334 3.5333451417 0.0007421349
0.1460000000 0.4702830793 -0.3429284012 1.3911703569 7.4541880519 0.4702830793 -0.1612734245 3.5055785110 0.0007541210
0.1480000000 0.4678042903 -0.3321798208 1.3809160254 7.4349459841 0.4678042903 -0.1553951453 3.4780996292 0.0007673144
0.1500000000 0.4653408813 -0.3214526994 1.3707468309 7.4158739975 0.4653408813 -0.1495850824 3.4509093414 0.0007818789
0.1520000000 0.4628931546 -0.3107487792 1.3606636827 7.3969743688 0.4628931546 -0.1438434827 3.4240088000 0.0007980052
0.1540000000 0.4604614483 -0.3000699874 1.3506676275 7.3782496138 0.4604614483 -0.1381706610 3.3973995029 0.0008159158
0.1560000000 0.4580461411 -0.2894184603 1.3407598676 7.3597025200 0.4580461411 -0.1325670089 3.3710833388 0.0008358707
0.1580000000 0.4556476581 -0.2787965726 1.3309417822 7.3413361831 0.4556476581 -0.1270330054 3.3450626388 0.0008581752
0.1600000000 0.4532664769 -0.2682069702 1.3212149516 7.3231540510 0.4532664769 -0.1215692284 3.3193402362 0.0008831886
0.1620000000 0.4509031354 -0.2576526089 1.3115811856 7.3051599730 0.4509031354 -0.1161763692 3.2939195363 0.0009113353
0.1640000000 0.4485582404 -0.2471367994 1.3020425568 7.2873582588 0.4485582404 -0.1108552479 3.2688045976 0.0009431179
0.1660000000 0.4462324777 -0.2366632598 1.2926014389 7.2697537456 0.4462324777 -0.1056068328 3.2440002259 0.0009791339
0.1680000000 0.4439266239 -0.2262361767 1.2832605516 7.2523518777 0.4439266239 -0.1004322621 3.2195120845 0.0010200954
0.1700000000 0.4416415606 -0.2158602767 1.2740230133 7.2351587985 0.4416415606 -0.0953328695 3.1953468230 0.0010668536
0.1720000000 0.4393782901 -0.2055409106 1.2648924021 7.2181814585 0.4393782901 -0.0903102139 3.1715122270 0.0011204289
0.1740000000 0.4371379547 -0.1952841509 1.2558728274 7.2014277406 0.4371379547 -0.0853661143 3.1480173931 0.0011820478
0.1760000000 0.4349218583 -0.1850969060 1.2469690135 7.1849066072 0.4349218583 -0.0805026903 3.1248729331 0.0012531873
0.1780000000 0.4327314926 -0.1749870542 1.2381863960 7.1686282692 0.4327314926 -0.0757224092 3.1020912106 0.0013356300
0.1800000000 0.4305685664 -0.1649635977 1.2295312347 7.1526043841 0.4305685664 -0.0710281398 3.0796866155 0.0014315293
0.1820000000 0.4284350400 -0.1550368415 1.2210107423 7.1368482805 0.4284350400 -0.0664232154 3.0576758786 0.0015434886
0.1840000000 0.4263331644 -0.1452185979 1.2126332320 7.1213752169 0.4263331644 -0.0619115044 3.0360784309 0.0016746546
0.1860000000 0.4242655250 -0.1355224179 1.2044082829 7.1062026700 0.4242655250 -0.0574974898 3.0149168067 0.0018288255
0.1880000000 0.4222350910 -0.1259638480 1.1963469239 7.0913506541 0.4222350910 -0.0531863568 2.9942170888 0.0020105737
0.1900000000 0.4202452675 -0.1165607094 1.1884618303 7.0768420618 0.4202452675 -0.0489840865 2.9740093856 0.0022253799
0.1920000000 0.4182999505 -0.1073333890 1.1807675277 7.0627030165 0.4182999505 -0.0448975513 2.9543283223 0.0024797705
0.1940000000 0.4164035798 -0.0983051273 1.1732805890 7.0489632078 0.4164035798 -0.0409346069 2.9352135133 0.0027814474
0.1960000000 0.4145611852 -0.0895022727 1.1660198040 7.0356561781 0.4145611852 -0.0371041682 2.9167099636 0.0031393853
0.1980000000 0.4127784179 -0.0809544644 1.1590062897 7.0228194983 0.4127784179 -0.0334162557 2.8988683218 0.0035638680
0.2000000000 0.4110615546 -0.0726946808 1.1522634974 7.0104947589 0.4110615546 -0.0298819885 2.8817448742 0.0040664152
0.2020000000 0.4094174595 -0.0647590761 1.1458170571 6.9987272682 0.4094174595 -0.0265134964 2.8654011376 0.0046595463
0.2040000000 0.4078534852 -0.0571865074 1.1396943898 6.9875653363 0.4078534852 -0.0233237164 2.8499028753 0.0053563163
0.2060000000 0.4063772929 -0.0500176471 1.1339240088 6.9770590081 0.4063772929 -0.0203260360 2.8353183523 0.0061695668
0.2080000000 0.4049965727 -0.0432935826 1.1285344455 6.9672581287 0.4049965727 -0.0175337526 2.8217156633 0.0071108632
0.2100000000 0.4037186547 -0.0370538513 1.1235527606 6.9582096811 0.4037186547 -0.0149593310 2.8091590518 0.0081891418
0.2120000000 0.4025500182 -0.0313339370 1.1190026699 6.9499544489 0.4025500182 -0.0126134769 2.7977042897 0.0094091748
0.2140000000 0.4014957288 -0.0261623845 1.1149024057 6.9425232201 0.4014957288 -0.0105040856 2.7873934202 0.0107700560
0.2160000000 0.4005588655 -0.0215578348 1.1112625419 6.9359329473 0.4005588655 -0.0086351818 2.7782494327 0.0122639844
0.2180000000 0.3997400212 -0.0175264206 1.1080841124 6.9301834424 0.3997400212 -0.0070060117 2.7702716761 0.0138756357
0.2200000000 0.3990369751 -0.0140600187 1.1053573876 6.9252552594 0.3990369751 -0.0056104673 2.7634329107 0.0155823235
0.2220000000 0.3984446196 -0.0111357904 1.1030616257 6.9211093168 0.3984446196 -0.0044369958 2.7576787689 0.0173549686
0.2240000000 0.3979551831 -0.0087172354 1.1011659556 6.9176885386 0.3979551831 -0.0034690690 2.7529300093 0.0191596566
0.2260000000 0.3975587346 -0.0067566851 1.0996313291 6.9149213906 0.3975587346 -0.0026861792 2.7490873976 0.0209593633
0.2280000000 0.3972438923 -0.0051988567 1.0984132514 6.9127267919 0.3972438923 -0.0020652141 2.7460384970 0.0227153255
0.2300000000 0.3969986243 -0.0039848854 1.0974648516 6.9110196179 0.3969986243 -0.0015819940 2.7436652809 0.0243875729
0.2320000000 0.3968110164 -0.0030562119 1.0967398237 6.9097159583 0.3968110164 -0.0012127386 2.7418514125 0.0259342590
0.2340000000 0.3966699079 -0.0023578120 1.0961948584 6.9087374521 0.3966699079 -0.0009352731 2.7404882485 0.0273095926
0.2360000000 0.3965653373 -0.0018404731 1.0957913409 6.9080143073 0.3965653373 -0.0007298678 2.7394790238 0.0284603278
0.2380000000 0.3964887852 -0.0014620462 1.0954962700 6.9074869219 0.3964887852 -0.0005796849 2.7387410987 0.0293209659
0.2400000000 0.3964332362 -0.0011877909 1.0952824844 6.9071062674 0.3964332362 -0.0004708798 2.7382064907 0.0298082019
0.2420000000 0.3963931050 -0.0009900305 1.0951283674 6.9068333378 0.3963931050 -0.0003924413 2.7378211127 0.0298159840
0.2440000000 0.3963640757 -0.0008473694 1.0950172191 6.9066380080 0.3963640757 -0.0003358668 2.7375431901 0.0292142127
0.2460000000 0.3963428994 -0.0007436969 1.0949364709 6.9064976090 0.3963428994 -0.0002947590 2.7373412868 0.0278568081
0.2480000000 0.3963271842 -0.0006671500 1.0948768705 6.9063954564 0.3963271842 -0.0002644097 2.7371922644 0.0256079618
0.2500000000 0.3963152005 -0.0006091482 1.0948317274 6.9063194866 0.3963152005 -0.0002414147 2.7370793920 0.0223958943
0.2520000000 0.3963057127 -0.0005635624 1.0947962633 6.9062610851 0.3963057127 -0.0002233430 2.7369907212 0.0182951181
0.2540000000 0.3962978443 -0.0005260446 1.0947670887 6.9062141420 0.3962978443 -0.0002084704 2.7369177765 0.0136152890
0.2560000000 0.3962909761 -0.0004935235 1.0947418094 6.9061743429 0.3962909761 -0.0001955789 2.7368545718 0.0089436725
0.2580000000 0.3962846781 -0.0004638651 1.0947187624 6.9061386916 0.3962846781 -0.0001838226 2.7367969487 0.0050756572
0.2600000000 0.3962786726 -0.0004356928 1.0946968747 6.9061052568 0.3962786726 -0.0001726558 2.7367422243 0.0028001549
0.2620000000 0.3962728233 -0.0004083311 1.0946756197 6.9060730924 0.3962728233 -0.0001618105 2.7366890822 0.0025816705
0.2640000000 0.3962671291 -0.0003817760 1.0946549944 6.9060421968 0.3962671291 -0.0001512853 2.7366375148 0.0042762596
0.2660000000 0.3962616935 -0.0003565422 1.0946353998 6.9060132969 0.3962616935 -0.0001412840 2.7365885246 0.0070820660
0.2680000000 0.3962566549 -0.0003333169 1.0946173714 6.9059873614 0.3962566549 -0.0001320790 2.7365434506 0.0098378221
0.2700000000 0.3962521074 -0.0003125686 1.0946012743 6.9059650513 0.3962521074 -0.0001238559 2.7365032050 0.0115194445
0.2720000000 0.3962480604 -0.0002943447 1.0945871453 6.9059464363 0.3962480604 -0.0001166335 2.7364678804 0.0116184660
0.2740000000 0.3962444492 -0.0002783250 1.0945747348 6.9059310692 0.3962444492 -0.0001102847 2.7364368524 0.0102444300
0.2760000000 0.3962411719 -0.0002640049 1.0945636497 6.9059182446 0.3962411719 -0.0001046096 2.7364091380 0.0080183046
0.2780000000 0.3962381258 -0.0002508761 1.0945534937 6.9059072527 0.3962381258 -0.0000994067 2.7363837467 0.0058336635
0.2800000000 0.3962352326 -0.0002385511 1.0945439650 6.9058975546 0.3962352326 -0.0000945223 2.7363599237 0.0045100113
0.2820000000 0.3962324511 -0.0002268277 1.0945349060 6.9058888729 0.3962324511 -0.0000898765 2.7363372753 0.0044332586
0.2840000000 0.3962297774 -0.0002156884 1.0945263031 6.9058811900 0.3962297774 -0.0000854622 2.7363157669 0.0053779581
0.2860000000 0.3962272305 -0.0002052292 1.0945182311 6.9058746488 0.3962272305 -0.0000813174 2.7362955860 0.0066552230
0.2880000000 0.3962248301 -0.0001955513 1.0945107688 6.9058693996 0.3962248301 -0.0000774823 2.7362769297 0.0075123875
0.2900000000 0.3962225805 -0.0001866773 1.0945039340 6.9058654825 0.3962225805 -0.0000739658 2.7362598418 0.0075229038
0.2920000000 0.3962204662 -0.0001785338 1.0944976693 6.9058628036 0.3962204662 -0.0000707387 2.7362441794 0.0067454092
0.2940000000 0.3962184603 -0.0001709893 1.0944918723 6.9058611879 0.3962184603 -0.0000677491 2.7362296866 0.0056207071
0.2960000000 0.3962165350 -0.0001639096 1.0944864386 6.9058604575 0.3962165350 -0.0000649437 2.7362161019 0.0047031702
0.2980000000 0.3962146709 -0.0001572008 1.0944812949 6.9058604919 0.3962146709 -0.0000622853 2.7362032421 0.0043623206
0.3000000000 0.3962128596 -0.0001508252 1.0944764119 6.9058612506 0.3962128596 -0.0000597589 2.7361910342 0.0046026086
0.3020000000 0.3962111016 -0.0001447885 1.0944717941 6.9058627538 0.3962111016 -0.0000573668 2.7361794894 0.0051029791
0.3040000000 0.3962093997 -0.0001391079 1.0944674549 6.9058650380 0.3962093997 -0.0000551159 2.7361686411 0.0054459623
0.3060000000 0.3962077531 -0.0001337831 1.0944633940 6.9058681146 0.3962077531 -0.0000530059 2.7361584886 0.0053781679
0.3080000000 0.3962061554 -0.0001287859 1.0944595897 6.9058719566 0.3962061554 -0.0000510258 2.7361489774 0.0049366161
0.3100000000 0.3962045968 -0.0001240711 1.0944560065 6.9058765131 0.3962045968 -0.0000491575 2.7361400193 0.0043832714
0.3120000000 0.3962030676 -0.0001195945 1.0944526102 6.9058817355 0.3962030676 -0.0000473837 2.7361315283 0.0040113440
0.3140000000 0.3962015614 -0.0001153277 1.0944493786 6.9058875984 0.3962015614 -0.0000456930 2.7361234492 0.0039537262
0.3160000000 0.3962000752 -0.0001112606 1.0944463040 6.9058941028 0.3962000752 -0.0000440815 2.7361157625 0.0041166509
0.3180000000 0.3961986081 -0.0001073932 1.0944433864 6.9059012641 0.3961986081 -0.0000425490 2.7361084682 0.0042749513
0.3200000000 0.3961971587 -0.0001037230 1.0944406238 6.9059090951 0.3961971587 -0.0000410948 2.7361015616 0.0042471574
0.3220000000 0.3961957238 -0.0001002385 1.0944380074 6.9059175964 0.3961957238 -0.0000397141 2.7360950204 0.0040156437
0.3240000000 0.3961942985 -0.0000969209 1.0944355225 6.9059267595 0.3961942985 -0.0000383995 2.7360888080 0.0037129106
0.3260000000 0.3961928780 -0.0000937510 1.0944331542 6.9059365763 0.3961928780 -0.0000371435 2.7360828873 0.0035023099
0.3280000000 0.3961914584 -0.0000907156 1.0944308924 6.9059470485 0.3961914584 -0.0000359408 2.7360772326 0.0034534287
0.3300000000 0.3961900372 -0.0000878085 1.0944287321 6.9059581881 0.3961900372 -0.0000347888 2.7360718317 0.0035049964
0.3320000000 0.3961886127 -0.0000850266 1.0944266711 6.9059700133 0.3961886127 -0.0000336866 2.7360666792 0.0035327302
0.3340000000 0.3961871827 -0.0000823658 1.0944247063 6.9059825414 0.3961871827 -0.0000326323 2.7360617670 0.0034557434
0.3360000000 0.3961857443 -0.0000798184 1.0944228316 6.9059957861 0.3961857443 -0.0000316229 2.7360570803 0.0032922677
0.3380000000 0.3961842939 -0.0000773748 1.0944210396 6.9060097599 0.3961842939 -0.0000306547 2.7360526003 0.0031278518
0.3400000000 0.3961828283 -0.0000750262 1.0944193237 6.9060244789 0.3961828283 -0.0000297241 2.7360483103 0.0030345794
0.3420000000 0.3961813446 -0.0000727669 1.0944176793 6.9060399650 0.3961813446 -0.0000288289 2.7360441992 0.0030143616
0.3440000000 0.3961798403 -0.0000705934 1.0944161037 6.9060562451 0.3961798403 -0.0000279677 2.7360402603 0.0030099259
0.3460000000 0.3961783129 -0.0000685026 1.0944145948 6.9060733485 0.3961783129 -0.0000271393 2.7360364879 0.0029640491
0.3480000000 0.3961767595 -0.0000664904 1.0944131491 6.9060913047 0.3961767595 -0.0000263419 2.7360328737 0.0028684660
0.3500000000 0.3961751769 -0.0000645515 1.0944117627 6.9061101439 0.3961751769 -0.0000255737 2.7360294077 0.0027614908
0.3520000000 0.3961735617 -0.0000626808 1.0944104317 6.9061298994 0.3961735617 -0.0000248325 2.7360260801 0.0026850902
0.3540000000 0.3961719109 -0.0000608745 1.0944091531 6.9061506087 0.3961719109 -0.0000241167 2.7360228835 0.0026466567
0.3560000000 0.3961702211 -0.0000591297 1.0944079247 6.9061723137 0.3961702211 -0.0000234254 2.7360198125 0.0026192783
0.3580000000 0.3961684891 -0.0000574440 1.0944067446 6.9061950603 0.3961684891 -0.0000227575 2.7360168622 0.0025734753
0.3600000000 0.3961667112 -0.0000558145 1.0944056106 6.9062188971 0.3961667112 -0.0000221118 2.7360140271 0.0025051267
0.3620000000 0.3961648836 -0.0000542380 1.0944045202 6.9062438759 0.3961648836 -0.0000214872 2.7360113011 0.0024338939
0.3640000000 0.3961630022 -0.0000527115 1.0944034711 6.9062700529 0.3961630022 -0.0000208823 2.7360086782 0.0023791866
0.3660000000 0.3961610628 -0.0000512325 1.0944024613 6.9062974892 0.3961610628 -0.0000202963 2.7360061537 0.0023412587
0.3680000000 0.3961590611 -0.0000497990 1.0944014892 6.9063262510 0.3961590611 -0.0000197283 2.7360037235 0.0023050351
0.3700000000 0.3961569924 -0.0000484091 1.0944005534 6.9063564101 0.3961569924 -0.0000191776 2.7360013840 0.0022584475
0.3720000000 0.3961548517 -0.0000470606 1.0943996522 6.9063880437 0.3961548517 -0.0000186433 2.7359991310 0.0022039063
0.3740000000 0.3961526335 -0.0000457515 1.0943987840 6.9064212356 0.3961526335 -0.0000181246 2.7359969604 0.0021525801
0.3760000000 0.3961503321 -0.0000444798 1.0943979472 6.9064560768 0.3961503321 -0.0000176207 2.7359948685 0.0021109059
0.3780000000 0.3961479414 -0.0000432439 1.0943971406 6.9064926665 0.3961479414 -0.0000171310 2.7359928520 0.0020750325
0.3800000000 0.3961454547 -0.0000420422 1.0943963630 6.9065311119 0.3961454547 -0.0000166548 2.7359909080 0.0020373902
0.3820000000 0.3961428651 -0.0000408732 1.0943956133 6.9065715291 0.3961428651 -0.0000161916 2.7359890335 0.0019957448
0.3840000000 0.3961401648 -0.0000397355 1.0943948902 6.9066140445 0.3961401648 -0.0000157408 2.7359872258 0.0019543694
0.3860000000 0.3961373455 -0.0000386275 1.0943941926 6.9066587957 0.3961373455 -0.0000153018 2.7359854819 0.0019177516
0.3880000000 0.3961343984 -0.0000375481 1.0943935197 6.9067059331 0.3961343984 -0.0000148741 2.7359837995 0.0018854510
0.3900000000 0.3961313135 -0.0000364960 1.0943928704 6.9067556212 0.3961313135 -0.0000144572 2.7359821762 0.0018536286
0.3920000000 0.3961280803 -0.0000354700 1.0943922439 6.9068080398 0.3961280803 -0.0000140507 2.7359806100 0.0018200517
0.3940000000 0.3961246873 -0.0000344691 1.0943916394 6.9068633854 0.3961246873 -0.0000136540 2.7359790986 0.0017861174
0.3960000000 0.3961211217 -0.0000334920 1.0943910559 6.9069218738 0.3961211217 -0.0000132669 2.7359776401 0.0017543001
0.3980000000 0.3961173697 -0.0000325379 1.0943904929 6.9069837420 0.3961173697 -0.0000128888 2.7359762324 0.0017250734
0.4000000000 0.3961134161 -0.0000316056 1.0943899494 6.9070492512 0.3961134161 -0.0000125194 2.7359748738 0.0016970164
0.4020000000 0.3961092440 -0.0000306944 1.0943894250 6.9071186896 0.3961092440 -0.0000121583 2.7359735626 0.0016691289
0.4040000000 0.3961048351 -0.0000298032 1.0943889188 6.9071923758 0.3961048351 -0.0000118052 2.7359722972 0.0016419772
0.4060000000 0.3961001689 -0.0000289313 1.0943884304 6.9072706632 0.3961001689 -0.0000114597 2.7359710761 0.0016165447
0.4080000000 0.3960952225 -0.0000280779 1.0943879591 6.9073539450 0.3960952225 -0.0000111215 2.7359698978 0.0015927818
0.4100000000 0.3960899708 -0.0000272421 1.0943875043 6.9074426595 0.3960899708 -0.0000107903 2.7359687610 0.0015697693
0.4120000000 0.3960843853 -0.0000264233 1.0943870657 6.9075372970 0.3960843853 -0.0000104659 2.7359676643 0.0015469354
0.4140000000 0.3960784346 -0.0000256207 1.0943866426 6.9076384064 0.3960784346 -0.0000101478 2.7359666066 0.0015245844
0.4160000000 0.3960720830 -0.0000248337 1.0943862346 6.9077466050 0.3960720830 -0.0000098359 2.7359655865 0.0015032725
0.4180000000 0.3960652905 -0.0000240616 1.0943858412 6.9078625884 0.3960652905 -0.0000095300 2.7359646031 0.0014831059
0.4200000000 0.3960580120 -0.0000233037 1.0943854620 6.9079871436 0.3960580120 -0.0000092296 2.7359636552 0.0014638105
0.4220000000 0.3960501961 -0.0000225595 1.0943850967 6.9081211650 0.3960501961 -0.0000089347 2.7359627418 0.0014452094
0.4240000000 0.3960417840 -0.0000218285 1.0943847447 6.9082656734 0.3960417840 -0.0000086450 2.7359618619 0.0014273768
0.4260000000 0.3960327088 -0.0000211099 1.0943844058 6.9084218390 0.3960327088 -0.0000083602 2.7359610146 0.0014104462
0.4280000000 0.3960228931 -0.0000204033 1.0943840796 6.9085910095 0.3960228931 -0.0000080802 2.7359601991 0.0013945102
0.4300000000 0.3960122475 -0.0000197083 1.0943837658 6.9087747454 0.3960122475 -0.0000078047 2.7359594145 0.0013797049
0.4320000000 0.3960006679 -0.0000190241 1.0943834640 6.9089748625 0.3960006679 -0.0000075336 2.7359586600 0.0013661726
0.4340000000 0.3959880326 -0.0000183505 1.0943831739 6.9091934852 0.3959880326 -0.0000072666 2.7359579349 0.0013537970
0.4360000000 0.3959741983 -0.0000176870 1.0943828954 6.9094331149 0.3959741983 -0.0000070036 2.7359572385 0.0013420582
0.4380000000 0.3959589955 -0.0000170331 1.0943826280 6.9096967148 0.3959589955 -0.0000067444 2.7359565702 0.0013302913
0.4400000000 0.3959422216 -0.0000163884 1.0943823717 6.9099878212 0.3959422216 -0.0000064888 2.7359559292 0.0013181766
0.4420000000 0.3959236334 -0.0000157524 1.0943821260 6.9103106862 0.3959236334 -0.0000062367 2.7359553150 0.0013060435
0.4440000000 0.3959029360 -0.0000151247 1.0943818907 6.9106704648 0.3959029360 -0.0000059879 2.7359547269 0.0012947721
0.4460000000 0.3958797688 -0.0000145050 1.0943816657 6.9110734627 0.3958797688 -0.0000057422 2.7359541644 0.0012853736
0.4480000000 0.3958536865 -0.0000138928 1.0943814507 6.9115274667 0.3958536865 -0.0000054995 2.7359536269 0.0012784686
0.4500000000 0.3958241339 -0.0000132878 1.0943812455 6.9120421909 0.3958241339 -0.0000052596 2.7359531139 0.0012738995
0.4520000000 0.3957904111 -0.0000126897 1.0943810500 6.9126298878 0.3957904111 -0.0000050225 2.7359526250 0.0012707180
0.4540000000 0.3957516246 -0.0000120980 1.0943808639 6.9133061991 0.3957516246 -0.0000047878 2.7359521599 0.0012676387
0.4560000000 0.3957066195 -0.0000115126 1.0943806872 6.9140913585 0.3957066195 -0.0000045556 2.7359517181 0.0012637498
0.4580000000 0.3956538805 -0.0000109330 1.0943805197 6.9150119185 0.3956538805 -0.0000043257 2.7359512993 0.0012590228
0.4600000000 0.3955913902 -0.0000103590 1.0943803612 6.9161032590 0.3955913902 -0.0000040979 2.7359509030 0.0012542824
0.4620000000 0.3955164202 -0.0000097901 1.0943802116 6.9174132582 0.3955164202 -0.0000038721 2.7359505289 0.0012506859
0.4640000000 0.3954252276 -0.0000092261 1.0943800706 6.9190076540 0.3954252276 -0.0000036482 2.7359501766 0.0012491108
0.4660000000 0.3953126207 -0.0000086666 1.0943799383 6.9209777344 0.3953126207 -0.0000034260 2.7359498458 0.0012498396
0.4680000000 0.3951713657 -0.0000081113 1.0943798145 6.9234508718 0.3951713657 -0.0000032054 2.7359495362 0.0012526586
0.4700000000 0.3949914590 -0.0000075601 1.0943796990 6.9266035640 0.3949914590 -0.0000029862 2.7359492476 0.0012571650
0.4720000000 0.3947594255 -0.0000070125 1.0943795919 6.9306742358 0.3947594255 -0.0000027682 2.7359489797 0.0012629938
0.4740000000 0.3944580870 -0.0000064683 1.0943794930 6.9359681621 0.3944580870 -0.0000025515 2.7359487325 0.0012698534
0.4760000000 0.3940676271 -0.0000059272 1.0943794022 6.9428400548 0.3940676271 -0.0000023357 2.7359485056 0.0012774447
0.4780000000 0.3935690181 -0.0000053891 1.0943793196 6.9516353503 0.3935690181 -0.0000021210 2.7359482990 0.0012853974
0.4800000000 0.3929503980 -0.0000048535 1.0943792450 6.9625788049 0.3929503980 -0.0000019072 2.7359481125 0.0012932631
0.4820000000 0.3922153631 -0.0000043202 1.0943791784 6.9756266665 0.3922153631 -0.0000016945 2.7359479459 0.0013005547
0.4840000000 0.3913897908 -0.0000037891 1.0943791197 6.9903402275 0.3913897908 -0.0000014830 2.7359477992 0.0013068812
0.4860000000 0.3905226574 -0.0000032597 1.0943790688 7.0058615548 0.3905226574 -0.0000012730 2.7359476720 0.0013121885
0.4880000000 0.3896781961 -0.0000027319 1.0943790257 7.0210434951 0.3896781961 -0.0000010646 2.7359475641 0.0013170236
0.4900000000 0.3889214525 -0.0000022054 1.0943789902 7.0347044569 0.3889214525 -0.0000008577 2.7359474755 0.0013225501
0.4920000000 0.3883035731 -0.0000016799 1.0943789624 7.0458980940 0.3883035731 -0.0000006523 2.7359474059 0.0013302369
0.4940000000 0.3878536055 -0.0000011551 1.0943789420 7.0540722487 0.3878536055 -0.0000004480 2.7359473551 0.0013412748
0.4960000000 0.3875798681 -0.0000006310 1.0943789292 7.0590542703 0.3875798681 -0.0000002445 2.7359473230 0.0013562198
0.4980000000 0.3874788188 -0.0000001071 1.0943789238 7.0608951424 0.3874788188 -0.0000000415 2.7359473096 0.0013692734
0.5000000000 0.3875478861 0.0000004167 1.0943789259 7.0596367900 0.3875478861 0.0000001615 2.7359473148 0.0013650838
0.5020000000 0.3877956439 0.0000009408 1.0943789355 7.0551265387 0.3877956439 0.0000003648 2.7359473387 0.0013494886
0.5040000000 0.3882352417 0.0000014652 1.0943789525 7.0471381452 0.3882352417 0.0000005688 2.7359473812 0.0013374321
0.5060000000 0.3888648537 0.0000019903 1.0943789770 7.0357282658 0.3888648537 0.0000007740 2.7359474426 0.0013287541
0.5080000000 0.3896537353 0.0000025163 1.0943790092 7.0214841413 0.3896537353 0.0000009805 2.7359475229 0.0013225524
0.5100000000 0.3905403694 0.0000030435 1.0943790490 7.0055436954 0.3905403694 0.0000011886 2.7359476224 0.0013173252
0.5120000000 0.3914456089 0.0000035722 1.0943790965 6.9893432925 0.3914456089 0.0000013983 2.7359477413 0.0013115822
0.5140000000 0.3922943855 0.0000041025 1.0943791519 6.9742213516 0.3922943855 0.0000016094 2.7359478797 0.0013045235
0.5160000000 0.3930343064 0.0000046348 1.0943792151 6.9610921832 0.3930343064 0.0000018216 2.7359480378 0.0012961988
0.5180000000 0.3936428652 0.0000051693 1.0943792863 6.9503310174 0.3936428652 0.0000020349 2.7359482157 0.0012872041
0.5200000000 0.3941230532 0.0000057063 1.0943793655 6.9418634389 0.3941230532 0.0000022490 2.7359484137 0.0012782267
0.5220000000 0.3944929930 0.0000062460 1.0943794527 6.9353541890 0.3944929930 0.0000024640 2.7359486318 0.0012698211
0.5240000000 0.3947758496 0.0000067887 1.0943795481 6.9303856180 0.3947758496 0.0000026800 2.7359488702 0.0012624191
0.5260000000 0.3949933123 0.0000073347 1.0943796516 6.9265707643 0.3949933123 0.0000028972 2.7359491291 0.0012563977
0.5280000000 0.3951628438 0.0000078843 1.0943797634 6.9235998557 0.3951628438 0.0000031156 2.7359494086 0.0012520657
0.5300000000 0.3952973790 0.0000084377 1.0943798836 6.9212442436 0.3952973790 0.0000033354 2.7359497089 0.0012496035
0.5320000000 0.3954061028 0.0000089952 1.0943800121 6.9193419390 0.3954061028 0.0000035568 2.7359500303 0.0012490395
0.5340000000 0.3954954482 0.0000095572 1.0943801492 6.9177796757 0.3954954482 0.0000037798 2.7359503731 0.0012502683
0.5360000000 0.3955699449 0.0000101238 1.0943802950 6.9164777879 0.3955699449 0.0000040047 2.7359507375 0.0012530335
0.5380000000 0.3956328372 0.0000106955 1.0943804496 6.9153792777 0.3956328372 0.0000042315 2.7359511240 0.0012568731
0.5400000000 0.3956864995 0.0000112726 1.0943806131 6.9144424593 0.3956864995 0.0000044604 2.7359515328 0.0012611211
0.5420000000 0.3957327090 0.0000118553 1.0943807858 6.9136361544 0.3957327090 0.0000046915 2.7359519645 0.0012651009
0.5440000000 0.3957728233 0.0000124441 1.0943809677 6.9129365592 0.3957728233 0.0000049251 2.7359524192 0.0012684926
0.5460000000 0.3958078980 0.0000130393 1.0943811590 6.9123251746 0.3958078980 0.0000051611 2.7359528975 0.0012716470
0.5480000000 0.3958387663 0.0000136412 1.0943813599 6.9117874067 0.3958387663 0.0000053997 2.7359533998 0.0012755436
0.5500000000 0.3958660941 0.0000142501 1.0943815705 6.9113115960 0.3958660941 0.0000056411 2.7359539264 0.0012813254
0.5520000000 0.3958904193 0.0000148664 1.0943817911 6.9108883268 0.3958904193 0.0000058854 2.7359544777 0.0012896688
0.5540000000 0.3959121808 0.0000154904 1.0943820217 6.9105099242 0.3959121808 0.0000061328 2.7359550544 0.0013004011
0.5560000000 0.3959317391 0.0000161225 1.0943822627 6.9101700799 0.3959317391 0.0000063834 2.7359556569 0.0013126001
0.5580000000 0.3959493929 0.0000167632 1.0943825143 6.9098635704 0.3959493929 0.0000066374 2.7359562859 0.0013250900
0.5600000000 0.3959653916 0.0000174128 1.0943827768 6.9095860402 0.3959653916 0.0000068949 2.7359569420 0.0013370501
0.5620000000 0.3959799442 0.0000180719 1.0943830503 6.9093338343 0.3959799442 0.0000071561 2.7359576258 0.0013484201
0.5640000000 0.3959932273 0.0000187409 1.0943833352 6.9091038671 0.3959932273 0.0000074213 2.7359583381 0.0013598640
0.5660000000 0.3960053910 0.0000194202 1.0943836317 6.9088935183 0.3960053910 0.0000076905 2.7359590794 0.0013722843
0.5680000000 0.3960165635 0.0000201102 1.0943839402 6.9087005508 0.3960165635 0.0000079640 2.7359598505 0.0013862368
0.5700000000 0.3960268547 0.0000208115 1.0943842608 6.9085230449 0.3960268547 0.0000082419 2.7359606521 0.0014017184
0.5720000000 0.3960363595 0.0000215245 1.0943845940 6.9083593449 0.3960363595 0.0000085245 2.7359614850 0.0014184398
0.5740000000 0.3960451601 0.0000222498 1.0943849400 6.9082080166 0.3960451601 0.0000088119 2.7359623501 0.0014361767
0.5760000000 0.3960533282 0.0000229879 1.0943852993 6.9080678120 0.3960533282 0.0000091044 2.7359632483 0.0014547963
0.5780000000 0.3960609263 0.0000237394 1.0943856722 6.9079376407 0.3960609263 0.0000094023 2.7359641806 0.0014741024
0.5800000000 0.3960680093 0.0000245049 1.0943860591 6.9078165465 0.3960680093 0.0000097056 2.7359651479 0.0014939195
0.5820000000 0.3960746255 0.0000252850 1.0943864605 6.9077036876 0.3960746255 0.0000100148 2.7359661513 0.0015143700
0.5840000000 0.3960808178 0.0000260804 1.0943868767 6.9075983204 0.3960808178 0.0000103299 2.7359671919 0.0015358074
0.5860000000 0.3960866241 0.0000268917 1.0943873083 6.9074997859 0.3960866241 0.0000106514 2.7359682709 0.0015583210
0.5880000000 0.3960920780 0.0000277196 1.0943877557 6.9074074978 0.3960920780 0.0000109795 2.7359693894 0.0015815101
0.5900000000 0.3960972098 0.0000285648 1.0943882194 6.9073209332 0.3960972098 0.0000113145 2.7359705488 0.0016050603
0.5920000000 0.3961020464 0.0000294282 1.0943887001 6.9072396246 0.3961020464 0.0000116566 2.7359717503 0.0016294145
0.5940000000 0.3961066121 0.0000303104 1.0943891981 6.9071631527 0.3961066121 0.0000120062 2.7359729954 0.0016554112
0.5960000000 0.3961109286 0.0000312123 1.0943897142 6.9070911412 0.3961109286 0.0000123636 2.7359742856 0.0016831110
0.5980000000 0.3961150155 0.0000321349 1.0943902489 6.9070232512 0.3961150155 0.0000127291 2.7359756224 0.0017114969
0.6000000000 0.3961188907 0.0000330789 1.0943908029 6.9069591767 0.3961188907 0.0000131032 2.7359770075 0.0017398443
0.6020000000 0.3961225704 0.0000340453 1.0943913770 6.9068986405 0.3961225704 0.0000134861 2.7359784426 0.0017690845
0.6040000000 0.3961260690 0.0000350352 1.0943919718 6.9068413914 0.3961260690 0.0000138784 2.7359799296 0.0018009376
0.6060000000 0.3961294001 0.0000360496 1.0943925881 6.9067872006 0.3961294001 0.0000142803 2.7359814704 0.0018354336
0.6080000000 0.3961325759 0.0000370896 1.0943932267 6.9067358603 0.3961325759 0.0000146924 2.7359830671 0.0018701772
0.6100000000 0.3961356075 0.0000381564 1.0943938887 6.9066871803 0.3961356075 0.0000151151 2.7359847220 0.0019030732
0.6120000000 0.3961385053 0.0000392512 1.0943945748 6.9066409872 0.3961385053 0.0000155489 2.7359864372 0.0019355166
0.6140000000 0.3961412787 0.0000403753 1.0943952859 6.9065971218 0.3961412787 0.0000159943 2.7359882152 0.0019714972
0.6160000000 0.3961439364 0.0000415299 1.0943960232 6.9065554387 0.3961439364 0.0000164518 2.7359900583 0.0020127591
0.6180000000 0.3961464864 0.0000427166 1.0943967877 6.9065158045 0.3961464864 0.0000169220 2.7359919695 0.0020558502
0.6200000000 0.3961489363 0.0000439369 1.0943975805 6.9064780969 0.3961489363 0.0000174056 2.7359939517 0.0020956909
0.6220000000 0.3961512929 0.0000451925 1.0943984030 6.9064422034 0.3961512929 0.0000179031 2.7359960080 0.0021323264
0.6240000000 0.3961535625 0.0000464848 1.0943992564 6.9064080201 0.3961535625 0.0000184151 2.7359981414 0.0021723291
0.6260000000 0.3961557513 0.0000478156 1.0944001419 6.9063754508 0.3961557513 0.0000189424 2.7360003552 0.0022216016
0.6280000000 0.3961578647 0.0000491869 1.0944010610 6.9063444074 0.3961578647 0.0000194858 2.7360026531 0.0022771520
0.6300000000 0.3961599080 0.0000506009 1.0944020156 6.9063148085 0.3961599080 0.0000200460 2.7360050394 0.0023285363
0.6320000000 0.3961618863 0.0000520597 1.0944030071 6.9062865792 0.3961618863 0.0000206241 2.7360075184 0.0023694270
0.6340000000 0.3961638040 0.0000535656 1.0944040374 6.9062596503 0.3961638040 0.0000212207 2.7360100942 0.0024068267
0.6360000000 0.3961656654 0.0000551206 1.0944051081 6.9062339571 0.3961656654 0.0000218369 2.7360127709 0.0024557159
0.6380000000 0.3961674746 0.0000567272 1.0944062210 6.9062094402 0.3961674746 0.0000224735 2.7360155531 0.0025225323
0.6400000000 0.3961692357 0.0000583884 1.0944073784 6.9061860449 0.3961692357 0.0000231317 2.7360184467 0.0025953363
0.6420000000 0.3961709523 0.0000601075 1.0944085830 6.9061637209 0.3961709523 0.0000238128 2.7360214582 0.0026539810
0.6440000000 0.3961726282 0.0000618877 1.0944098371 6.9061424215 0.3961726282 0.0000245182 2.7360245936 0.0026923616
0.6460000000 0.3961742665 0.0000637319 1.0944111432 6.9061221028 0.3961742665 0.0000252490 2.7360278587 0.0027290978
0.6480000000 0.3961758706 0.0000656432 1.0944125033 6.9061027243 0.3961758706 0.0000260062 2.7360312591 0.0027919130
0.6500000000 0.3961774434 0.0000676250 1.0944139204 6.9060842492 0.3961774434 0.0000267915 2.7360348018 0.0028882036
0.6520000000 0.3961789882 0.0000696824 1.0944153981 6.9060666450 0.3961789882 0.0000276067 2.7360384962 0.0029920932
0.6540000000 0.3961805083 0.0000718207 1.0944169407 6.9060498825 0.3961805083 0.0000284540 2.7360423529 0.0030654286
0.6560000000 0.3961820066 0.0000740451 1.0944185522 6.9060339342 0.3961820066 0.0000293353 2.7360463817 0.0030964473
0.6580000000 0.3961834858 0.0000763597 1.0944202358 6.9060187729 0.3961834858 0.0000302524 2.7360505905 0.0031183158
0.6600000000 0.3961849485 0.0000787682 1.0944219942 6.9060043733 0.3961849485 0.0000312068 2.7360549867 0.0031843819
0.6620000000 0.3961863973 0.0000812760 1.0944238316 6.9059907132 0.3961863973 0.0000322004 2.7360595804 0.0033177630
0.6640000000 0.3961878354 0.0000838909 1.0944257542 6.9059777764 0.3961878354 0.0000332365 2.7360643868 0.0034817717
0.6660000000 0.3961892663 0.0000866226 1.0944277693 6.9059655509 0.3961892663 0.0000343189 2.7360694247 0.0036039328
0.6680000000 0.3961906932 0.0000894805 1.0944298843 6.9059540259 0.3961906932 0.0000354513 2.7360747124 0.0036390000
0.6700000000 0.3961921187 0.0000924714 1.0944321046 6.9059431884 0.3961921187 0.0000366364 2.7360802631 0.0036175958
0.6720000000 0.3961935450 0.0000956002 1.0944344336 6.9059330235 0.3961935450 0.0000378762 2.7360860859 0.0036329937
0.6740000000 0.3961949745 0.0000988726 1.0944368761 6.9059235188 0.3961949745 0.0000391728 2.7360921922 0.0037683460
0.6760000000 0.3961964104 0.0001022996 1.0944394404 6.9059146699 0.3961964104 0.0000405307 2.7360986031 0.0040208486
0.6780000000 0.3961978575 0.0001058984 1.0944421400 6.9059064824 0.3961978575 0.0000419567 2.7361053522 0.0042891415
0.6800000000 0.3961993206 0.0001096896 1.0944449908 6.9058989675 0.3961993206 0.0000434589 2.7361124793 0.0044427552
0.6820000000 0.3962008045 0.0001136908 1.0944480065 6.9058921335 0.3962008045 0.0000450444 2.7361200188 0.0044259530
0.6840000000 0.3962023119 0.0001179126 1.0944511954 6.9058859798 0.3962023119 0.0000467172 2.7361279912 0.0043159715
0.6860000000 0.3962038450 0.0001223602 1.0944545615 6.9058804986 0.3962038450 0.0000484796 2.7361364068 0.0042827845
0.6880000000 0.3962054061 0.0001270417 1.0944581111 6.9058756867 0.3962054061 0.0000503346 2.7361452809 0.0044693070
0.6900000000 0.3962070001 0.0001319774 1.0944618599 6.9058715588 0.3962070001 0.0000522904 2.7361546532 0.0048771635
0.6920000000 0.3962086351 0.0001372039 1.0944658365 6.9058681532 0.3962086351 0.0000543614 2.7361645950 0.0053467225
0.6940000000 0.3962103213 0.0001427681 1.0944700774 6.9058655233 0.3962103213 0.0000565662 2.7361751976 0.0056532066
0.6960000000 0.3962120681 0.0001487139 1.0944746167 6.9058637186 0.3962120681 0.0000589222 2.7361865462 0.0056584121
0.6980000000 0.3962138819 0.0001550686 1.0944794758 6.9058627662 0.3962138819 0.0000614403 2.7361986943 0.0054194134
0.7000000000 0.3962157649 0.0001618410 1.0944846614 6.9058626669 0.3962157649 0.0000641240 2.7362116588 0.0051779407
0.7020000000 0.3962177186 0.0001690350 1.0944901766 6.9058634148 0.3962177186 0.0000669747 2.7362254473 0.0052234621
0.7040000000 0.3962197485 0.0001766747 1.0944960402 6.9058650325 0.3962197485 0.0000700020 2.7362401066 0.0057077297
0.7060000000 0.3962218686 0.0001848262 1.0945023035 6.9058676021 0.3962218686 0.0000732322 2.7362557656 0.0065303604
0.7080000000 0.3962241020 0.0001936016 1.0945090541 6.9058712711 0.3962241020 0.0000767096 2.7362726427 0.0073720563
0.7100000000 0.3962264771 0.0002031397 1.0945163999 6.9058762253 0.3962264771 0.0000804893 2.7362910080 0.0078579083
0.7120000000 0.3962290203 0.0002135685 1.0945244408 6.9058826359 0.3962290203 0.0000846220 2.7363111110 0.0077631317
0.7140000000 0.3962317475 0.0002249648 1.0945332366 6.9058906033 0.3962317475 0.0000891382 2.7363331015 0.0071596831
0.7160000000 0.3962346606 0.0002373366 1.0945427934 6.9059001311 0.3962346606 0.0000940410 2.7363569948 0.0064235015
0.7180000000 0.3962377535 0.0002506508 1.0945530856 6.9059111660 0.3962377535 0.0000993173 2.7363827266 0.0060723553
0.7200000000 0.3962410266 0.0002649073 1.0945641131 6.9059237010 0.3962410266 0.0001049671 2.7364102966 0.0064984363
0.7220000000 0.3962445038 0.0002802240 1.0945759677 6.9059378955 0.3962445038 0.0001110372 2.7364399347 0.0077467153
0.7240000000 0.3962482441 0.0002968911 1.0945888755 6.9059541514 0.3962482441 0.0001176426 2.7364722062 0.0094722321
0.7260000000 0.3962523407 0.0003153704 1.0946031965 6.9059731130 0.3962523407 0.0001249663 2.7365080110 0.0110890250
0.7280000000 0.3962569100 0.0003362378 1.0946193794 6.9059955848 0.3962569100 0.0001332365 2.7365484709 0.0120132116
0.7300000000 0.3962620680 0.0003600682 1.0946378724 6.9060223715 0.3962620680 0.0001426814 2.7365947067 0.0118870014
0.7320000000 0.3962678990 0.0003872787 1.0946590005 6.9060540558 0.3962678990 0.0001534661 2.7366475311 0.0107223392
0.7340000000 0.3962744259 0.0004179823 1.0946828519 6.9060907933 0.3962744259 0.0001656357 2.7367071645 0.0089362129
0.7360000000 0.3962816048 0.0004519596 1.0947092559 6.9061322728 0.3962816048 0.0001791033 2.7367731802 0.0072418583
0.7380000000 0.3962893602 0.0004888346 1.0947379195 6.9061779627 0.3962893602 0.0001937200 2.7368448461 0.0063935214
0.7400000000 0.3962976530 0.0005284129 1.0947686913 6.9062275861 0.3962976530 0.0002094088 2.7369217836 0.0068909500
0.7420000000 0.3963065513 0.0005710305 1.0948018334 6.9062816120 0.3963065513 0.0002263031 2.7370046482 0.0088077012
0.7440000000 0.3963162798 0.0006178012 1.0948382140 6.9063416021 0.3963162798 0.0002448447 2.7370956106 0.0118217367
0.7460000000 0.3963272532 0.0006707820 1.0948794367 6.9064104451 0.3963272532 0.0002658492 2.7371986810 0.0153917831
0.7480000000 0.3963401143 0.0007331612 1.0949279870 6.9064926200 0.3963401143 0.0002905812 2.7373200741 0.0189628621
0.7500000000 0.3963557941 0.0008095567 1.0949874655 6.9065946168 0.3963557941 0.0003208725 2.7374687936 0.0221104980
0.7520000000 0.3963756046 0.0009064764 1.0950629467 6.9067255845 0.3963756046 0.0003593051 2.7376575296 0.0245929382
0.7540000000 0.3964013672 0.0010329529 1.0951614753 6.9068982258 0.3964013672 0.0004094640 2.7379038998 0.0263307245
0.7560000000 0.3964355740 0.0012013449 1.0952926924 6.9071299271 0.3964355740 0.0004762559 2.7382320171 0.0273532979
0.7580000000 0.3964815771 0.0014282716 1.0954695674 6.9074440816 0.3964815771 0.0005662834 2.7386743230 0.0277455160
0.7600000000 0.3965437910 0.0017356118 1.0957091833 6.9078715075 0.3965437910 0.0006882461 2.7392735556 0.0276095499
0.7620000000 0.3966278850 0.0021514487 1.0960334837 6.9084518036 0.3966278850 0.0008533245 2.7400846273 0.0270438243
0.7640000000 0.3967409304 0.0027107874 1.0964698508 6.9092344009 0.3967409304 0.0010754803 2.7411760846 0.0261345368
0.7660000000 0.3968914601 0.0034558226 1.0970513422 6.9102790090 0.3968914601 0.0013715865 2.7426307255 0.0249545101
0.7680000000 0.3970893902 0.0044355159 1.0978164051 6.9116551245 0.3970893902 0.0017612963 2.7445449189 0.0235654321
0.7700000000 0.3973457649 0.0057042777 1.0988079069 6.9134403195 0.3973457649 0.0022665706 2.7470262319 0.0220210628
0.7720000000 0.3976723036 0.0073196587 1.1000714107 6.9157171742 0.3976723036 0.0029108255 2.7501891798 0.0203700928
0.7740000000 0.3980807685 0.0093391377 1.1016527559 6.9185689634 0.3980807685 0.0037177311 2.7541492498 0.0186580219
0.7760000000 0.3985822119 0.0118163165 1.1035951764 6.9220745045 0.3985822119 0.0047097736 2.7590157671 0.0169278478
0.7780000000 0.3991862037 0.0147970287 1.1059363344 6.9263028429 0.3991862037 0.0059067697 2.7648845374 0.0152196545
0.7800000000 0.3999001568 0.0183159664 1.1087057240 6.9313085809 0.3999001568 0.0073245579 2.7718313883 0.0135694178
0.7820000000 0.4007288598 0.0223943730 1.1119228586 6.9371285911 0.4007288598 0.0089740716 2.7799076308 0.0120074986
0.7840000000 0.4016742836 0.0270391404 1.1155965022 6.9437805819 0.4016742836 0.0108609274 2.7891380906 0.0105573236
0.7860000000 0.4027356727 0.0322433584 1.1197249891 6.9512635991 0.4027356727 0.0129855506 2.7995218215 0.0092346440
0.7880000000 0.4039098772 0.0379880784 1.1242974617 6.9595601714 0.4039098772 0.0153437601 2.8110350942 0.0080475610
0.7900000000 0.4051918431 0.0442448702 1.1292957208 6.9686395566 0.4051918431 0.0179276605 2.8236359055 0.0069972818
0.7920000000 0.4065751683 0.0509786953 1.1346963344 6.9784614657 0.4065751683 0.0207266716 2.8372691452 0.0060793988
0.7940000000 0.4080526452 0.0581506849 1.1404726983 6.9889797182 0.4080526452 0.0237285408 2.8518716612 0.0052854168
0.7960000000 0.4096167308 0.0657205396 1.1465968343 7.0001454435 0.4096167308 0.0269202326 2.8673766919 0.0046042671
0.7980000000 0.4112599195 0.0736484097 1.1530408141 7.0119096300 0.4112599195 0.0302886391 2.8837173902 0.0040236266
0.8000000000 0.4129750100 0.0818962333 1.1597777879 7.0242249762 0.4129750100 0.0338210978 2.9008293800 0.0035309474
0.8020000000 0.4147552778 0.0904285852 1.1667826527 7.0370471047 0.4147552778 0.0375057330 2.9186524269 0.0031141795
0.8040000000 0.4165945699 0.0992131299 1.1740324240 7.0503352498 0.4165945699 0.0413316512 2.9371313811 0.0027622190
0.8060000000 0.4184873415 0.1082207790 1.1815063858 7.0640525493 0.4184873415 0.0452890261 2.9562165714 0.0024651386
0.8080000000 0.4204286519 0.1174256453 1.1891860853 7.0781660562 0.4204286519 0.0493691057 2.9758638128 0.0022142594
0.8100000000 0.4224141350 0.1268048685 1.1970552270 7.0926465712 0.4224141350 0.0535641688 2.9960341662 0.0020021211
0.8120000000 0.4244399549 0.1363383705 1.2050995111 7.1074683707 0.4244399549 0.0578674518 3.0166935549 0.0018223898
0.8140000000 0.4265027548 0.1460085790 1.2133064438 7.1226088830 0.4265027548 0.0622730612 3.0378123101 0.0016697370
0.8160000000 0.4285996043 0.1558001463 1.2216651409 7.1380483503 0.4285996043 0.0667758811 3.0593646983 0.0015397088
0.8180000000 0.4307279485 0.1656996797 1.2301661377 7.1537694995 0.4307279485 0.0713714831 3.0813284602 0.0014285989
0.8200000000 0.4328855608 0.1756954920 1.2388012114 7.1697572329 0.4328855608 0.0760560416 3.1036843802 0.0013333309
0.8220000000 0.4350705000 0.1857773774 1.2475632199 7.1859983482 0.4350705000 0.0808262565 3.1264158946 0.0012513553
0.8240000000 0.4372810726 0.1959364119 1.2564459588 7.2024812879 0.4372810726 0.0856792844 3.1495087428 0.0011805596
0.8260000000 0.4395157987 0.2061647792 1.2654440355 7.2191959191 0.4395157987 0.0906126776 3.1729506601 0.0011191926
0.8280000000 0.4417733836 0.2164556197 1.2745527593 7.2361333412 0.4417733836 0.0956243315 3.1967311103 0.0010658005
0.8300000000 0.4440526925 0.2268028997 1.2837680469 7.2532857200 0.4440526925 0.1007124383 3.2208410537 0.0010191749
0.8320000000 0.4463527289 0.2372012997 1.2930863402 7.2706461435 0.4463527289 0.1058754474 3.2452727474 0.0009783087
0.8340000000 0.4486726160 0.2476461175 1.3025045367 7.2882084992 0.4486726160 0.1111120314 3.2700195732 0.0009423607
0.8360000000 0.4510115807 0.2581331867 1.3120199286 7.3059673677 0.4510115807 0.1164210566 3.2950758908 0.0009106264
0.8380000000 0.4533689401 0.2686588054 1.3216301519 7.3239179321 0.4533689401 0.1218015578 3.3204369104 0.0008825141
0.8400000000 0.4557440900 0.2792196761 1.3313331414 7.3420558995 0.4557440900 0.1272527172 3.3460985847 0.0008575252
0.8420000000 0.4581364944 0.2898128542 1.3411270929 7.3603774348 0.4581364944 0.1327738451 3.3720575158 0.0008352387
0.8440000000 0.4605456774 0.3004357029 1.3510104308 7.3788791025 0.4605456774 0.1383643643 3.3983108746 0.0008152974
0.8460000000 0.4629712152 0.3110858557 1.3609817797 7.3975578174 0.4629712152 0.1440237966 3.4248563323 0.0007973979
0.8480000000 0.4654127304 0.3217611828 1.3710399402 7.4164108019 0.4654127304 0.1497517506 3.4516920008 0.0007812811
0.8500000000 0.4678698858 0.3324597632 1.3811838682 7.4354355492 0.4678698858 0.1555479115 3.4788163814 0.0007667257
0.8520000000 0.4703423803 0.3431798601 1.3914126564 7.4546297911 0.4703423803 0.1614120323 3.5062283204 0.0007535415
0.8540000000 0.4728299443 0.3539198993 1.4017255191 7.4739914706 0.4728299443 0.1673439263 3.5339269706 0.0007415650
0.8560000000 0.4753323361 0.3646784511 1.4121217783 7.4935187175 0.4753323361 0.1733434601 3.5619117580 0.0007306550
0.8580000000 0.4778493393 0.3754542139 1.4226008516 7.5132098282 0.4778493393 0.1794105480 3.5901823522 0.0007206891
0.8600000000 0.4803807592 0.3862460004 1.4331622424 7.5330632462 0.4803807592 0.1855451469 3.6187386415 0.0007115614
0.8620000000 0.4829264214 0.3970527253 1.4438055303 7.5530775474 0.4829264214 0.1917472517 3.6475807102 0.0007031793
0.8640000000 0.4854861688 0.4078733943 1.4545303635 7.5732514249 0.4854861688 0.1980168916 3.6767088195 0.0006954622
0.8660000000 0.4880598604 0.4187070950 1.4653364515 7.5935836776 0.4880598604 0.2043541263 3.7061233899 0.0006883397
0.8680000000 0.4906473696 0.4295529882 1.4762235592 7.6140731988 0.4906473696 0.2107590437 3.7358249866 0.0006817496
0.8700000000 0.4932485822 0.4404103009 1.4871915016 7.6347189667 0.4932485822 0.2172317565 3.7658143056 0.0006756376
0.8720000000 0.4958633959 0.4512783196 1.4982401384 7.6555200361 0.4958633959 0.2237724000 3.7960921624 0.0006699555
0.8740000000 0.4984917188 0.4621563847 1.5093693705 7.6764755306 0.4984917188 0.2303811305 3.8266594814 0.0006646610
0.8760000000 0.5011334683 0.4730438851 1.5205791355 7.6975846363 0.5011334683 0.2370581228 3.8575172864 0.0006597165
0.8780000000 0.5037885705 0.4839402541 1.5318694048 7.7188465953 0.5037885705 0.2438035689 3.8886666925 0.0006550884
0.8800000000 0.5064569593 0.4948449649 1.5432401806 7.7402607011 0.5064569593 0.2506176763 3.9201088990 0.0006507472
0.8820000000 0.5091385755 0.5057575271 1.5546914928 7.7618262932 0.5091385755 0.2575006669 3.9518451822 0.0006466663
0.8840000000 0.5118333664 0.5166774837 1.5662233970 7.7835427531 0.5118333664 0.2644527759 3.9838768900 0.0006428220
0.8860000000 0.5145412852 0.5276044079 1.5778359723 7.8054095006 0.5145412852 0.2714742502 4.0162054363 0.0006391933
0.8880000000 0.5172622905 0.5385379006 1.5895293190 7.8274259904 0.5172622905 0.2785653480 4.0488322964 0.0006357610
0.8900000000 0.5199963456 0.5494775879 1.6013035573 7.8495917087 0.5199963456 0.2857263377 4.0817590028 0.0006325080
0.8920000000 0.5227434184 0.5604231194 1.6131588255 7.8719061706 0.5227434184 0.2929574972 4.1149871408 0.0006294190
0.8940000000 0.5255034809 0.5713741656 1.6250952783 7.8943689176 0.5255034809 0.3002591129 4.1485183458 0.0006264801
0.8960000000 0.5282765089 0.5823304169 1.6371130862 7.9169795155 0.5282765089 0.3076314796 4.1823542994 0.0006236787
0.8980000000 0.5310624815 0.5932915814 1.6492124337 7.9397375516 0.5310624815 0.3150748995 4.2164967268 0.0006210035
0.9000000000 0.5338613812 0.6042573839 1.6613935183 7.9626426340 0.5338613812 0.3225896815 4.2509473943 0.0006184441
0.9020000000 0.5366731931 0.6152275644 1.6736565499 7.9856943885 0.5366731931 0.3301761415 4.2857081065 0.0006159912
0.9040000000 0.5394979052 0.6262018769 1.6860017496 8.0088924583 0.5394979052 0.3378346009 4.3207807045 0.0006136362
0.9060000000 0.5423355080 0.6371800885 1.6984293487 8.0322365015 0.5423355080 0.3455653870 4.3561670637 0.0006113713
0.9080000000 0.5451859942 0.6481619780 1.7109395885 8.0557261907 0.5451859942 0.3533688324 4.3918690920 0.0006091895
0.9100000000 0.5480493584 0.6591473356 1.7235327192 8.0793612110 0.5480493584 0.3612452744 4.4278887281 0.0006070843
0.9120000000 0.5509255975 0.6701359615 1.7362089992 8.1031412595 0.5509255975 0.3691950550 4.4642279397 0.0006050496
0.9140000000 0.5538147098 0.6811276655 1.7489686949 8.1270660437 0.5538147098 0.3772185204 4.5008887224 0.0006030801
0.9160000000 0.5567166955 0.6921222662 1.7618120798 8.1511352811 0.5567166955 0.3853160209 4.5378730982 0.0006011707
0.9180000000 0.5596315562 0.7031195902 1.7747394340 8.1753486980 0.5596315562 0.3934879105 4.5751831142 0.0005993166
0.9200000000 0.5625592948 0.7141194718 1.7877510442 8.1997060287 0.5625592948 0.4017345465 4.6128208415 0.0005975137
0.9220000000 0.5654999157 0.7251217521 1.8008472025 8.2242070148 0.5654999157 0.4100562897 4.6507883739 0.0005957580
0.9240000000 0.5684534243 0.7361262787 1.8140282068 8.2488514044 0.5684534243 0.4184535038 4.6890878272 0.0005940456
0.9260000000 0.5714198269 0.7471329054 1.8272943597 8.2736389518 0.5714198269 0.4269265555 4.7277213380 0.0005923735
0.9280000000 0.5743991312 0.7581414913 1.8406459685 8.2985694157 0.5743991312 0.4354758140 4.7666910628 0.0005907378
0.9300000000 0.5773913454 0.7691519008 1.8540833450 8.3236425612 0.5773913454 0.4441016508 4.8059991770 0.0005891368
0.9320000000 0.5803964788 0.7801640029 1.8676068049 8.3488581540 0.5803964788 0.4528044402 4.8456478746 0.0005875656
0.9340000000 0.5834145409 0.7911776711 1.8812166674 8.3742159716 0.5834145409 0.4615845577 4.8856393662 0.0005860255
0.9360000000 0.5864455433 0.8021927831 1.8949132554 8.3997157742 0.5864455433 0.4704423825 4.9259758806 0.0005845065
0.9380000000 0.5894894945 0.8132092198 1.9086968943 8.4253573736 0.5894894945 0.4793782919 4.9666596592 0.0005830200
0.9400000000 0.5925464122 0.8242268668 1.9225679136 8.4511404713 0.5925464122 0.4883926728 5.0076929653 0.0005815401
0.9420000000 0.5956162957 0.8352456106 1.9365266431 8.4770650163 0.5956162957 0.4974858966 5.0490780634 0.0005801029
0.9440000000 0.5986991835 0.8462653448 1.9505734183 8.5031304476 0.5986991835 0.5066583709 5.0908172562 0.0005786455
0.9460000000 0.6017950384 0.8572859587 1.9647085711 8.5293372114 0.6017950384 0.5159104364 5.1329128143 0.0005772500
0.9480000000 0.6049039640 0.8683073563 1.9789324423 8.5556838835 0.6049039640 0.5252425618 5.1753670960 0.0005757944
0.9500000000 0.6080258181 0.8793294273 1.9932453626 8.5821723120 0.6080258181 0.5346549944 5.2181823414 0.0005743961
0.9520000000 0.6111608615 0.8903520923 2.0076476707 8.6087989591 0.6111608615 0.5441483518 5.2613609884 0.0005729015
0.9540000000 0.6143087299 0.9013752439 2.0221396888 8.6355686023 0.6143087299 0.5537226813 5.3049051804 0.0005713045
0.9560000000 0.6174699604 0.9123988394 2.0367217211 8.6624739045 0.6174699604 0.5633788752 5.3488174186 0.0005696117
0.9580000000 0.6206438377 0.9234228034 2.0513940531 8.6895241806 0.6206438377 0.5731166725 5.3930996350 0.0005671805
0.9600000000 0.6238312649 0.9344471827 2.0661568469 8.7167067664 0.6238312649 0.5829373679 5.4377542079 0.0005647936
0.9620000000 0.6270310434 0.9454720373 2.0810102651 8.7440369854 0.6270310434 0.5928403181 5.4827826345 0.0005600137
0.9640000000 0.6302445351 0.9564976008 2.0959540712 8.7714947835 0.6302445351 0.6028273858 5.5281866521 0.0005564407
0.9660000000 0.6334698265 0.9675242696 2.1109882207 8.7991043743 0.6334698265 0.6128974312 5.5739671215 0.0005472190
0.9680000000 0.6367089541 0.9785524236 2.1261117280 8.8268342068 0.6367089541 0.6230530901 5.6201243756 0.0005453487
0.9700000000 0.6399590621 0.9895829158 2.1413248428 8.8547224175 0.6399590621 0.6332925546 5.6666598534 0.0005312472
0.9720000000 0.6432232001 1.0006153988 2.1566257638 8.8827206007 0.6432232001 0.6436190389 5.7135719702 0.0005449273
0.9740000000 0.6464976901 1.0116511021 2.1720174140 8.9108882507 0.6464976901 0.6540301007 5.7608686711 0.0005227565
0.9760000000 0.6497869637 1.0226864942 2.1874965787 8.9391506090 0.6497869637 0.6645283518 5.8085435319 0.0005796381
0.9780000000 0.6530868560 1.0337251015 2.2030736054 8.9676039458 0.6530868560 0.6751122765 5.8566242667 0.0005072464
0.9800000000 0.6564023971 1.0447561460 2.2187364035 8.9961244797 0.6564023971 0.6857804385 5.9050776727 0.0006603254
0.9820000000 0.6597300480 1.0557958265 2.2345121799 9.0248770731 0.6597300480 0.6965402312 5.9539825842 0.0003921521
0.9840000000 0.6630709954 1.0668134772 2.2503542738 9.0536357204 0.6630709954 0.7073730742 6.0032032490 0.0008555862
0.9860000000 0.6664292720 1.0778663612 2.2663453755 9.0827205357 0.6664292720 0.7183216944 6.0529908342 0.0000007858
0.9880000000 0.6697887595 1.0888525198 2.2823336249 9.1116560092 0.6697887595 0.7293011785 6.1028847752 0.0015353401
0.9900000000 0.6731886574 1.0999578512 2.2985952757 9.1411761743 0.6731886574 0.7404791491 6.1537361162 0.0012512907
0.9920000000 0.6765453970 1.1108413112 2.3146286771 9.1701008493 0.6765453970 0.7515345759 6.2039895195 0.0038666670
0.9940000000 0.6800294774 1.1221334786 2.3313668098 9.2004217411 0.6800294774 0.7630838430 6.2565579880 0.0062634622
0.9960000000 0.6832793105 1.1325794802 2.3469480907 9.2284424683 0.6832793105 0.7738681263 6.3056038070 0.0265956739
0.9980000000 0.6875760391 1.1464035272 2.3677047312 9.2660037479 0.6875760391 0.7882395964 6.3710821549 0.1844351305
1.0000000000 0.6875760391 1.1464035272 2.3677047312 9.2660037479 0.6875760391 0.7882395964 6.3710821549 0.0000000000
