TITLE = "1D Euler Filtered MacCormack Result"
VARIABLES = "x", "rho", "u", "p", "E", "rho_conserved", "rhou", "rhoE", "nu"
ZONE T="t=0.20000000", I=501, F=POINT
0.0000000000 1.0000000000 -0.2000000000 0.5000000000 1.2700000000 1.0000000000 -0.2000000000 1.2700000000 0.0000000000
0.0020000000 1.0000000000 -0.2000000000 0.5000000000 1.2700000000 1.0000000000 -0.2000000000 1.2700000000 0.0000000000
0.0040000000 1.0000000000 -0.2000000000 0.5000000000 1.2700000000 1.0000000000 -0.2000000000 1.2700000000 0.0000000000
0.0060000000 1.0000000000 -0.2000000000 0.5000000000 1.2700000000 1.0000000000 -0.2000000000 1.2700000000 0.0000000000
0.0080000000 1.0000000000 -0.2000000000 0.5000000000 1.2700000000 1.0000000000 -0.2000000000 1.2700000000 0.0000000000
0.0100000000 1.0000000000 -0.2000000000 0.5000000000 1.2700000000 1.0000000000 -0.2000000000 1.2700000000 0.0000000000
0.0120000000 1.0000000000 -0.2000000000 0.5000000000 1.2700000000 1.0000000000 -0.2000000000 1.2700000000 0.0000000000
0.0140000000 1.0000000000 -0.2000000000 0.5000000000 1.2700000000 1.0000000000 -0.2000000000 1.2700000000 0.0000000000
0.0160000000 1.0000000000 -0.2000000000 0.5000000000 1.2700000000 1.0000000000 -0.2000000000 1.2700000000 0.0000000000
0.0180000000 1.0000000000 -0.2000000000 0.5000000000 1.2700000000 1.0000000000 -0.2000000000 1.2700000000 0.0000000000
0.0200000000 1.0000000000 -0.2000000000 0.5000000000 1.2700000000 1.0000000000 -0.2000000000 1.2700000000 0.0000000000
0.0220000000 1.0000000000 -0.2000000000 0.5000000000 1.2700000000 1.0000000000 -0.2000000000 1.2700000000 0.0000000000
0.0240000000 1.0000000000 -0.2000000000 0.5000000000 1.2700000000 1.0000000000 -0.2000000000 1.2700000000 0.0000000000
0.0260000000 1.0000000000 -0.2000000000 0.5000000000 1.2700000000 1.0000000000 -0.2000000000 1.2700000000 0.0000000000
0.0280000000 1.0000000000 -0.2000000000 0.5000000000 1.2700000000 1.0000000000 -0.2000000000 1.2700000000 0.0000000000
0.0300000000 1.0000000000 -0.2000000000 0.5000000000 1.2700000000 1.0000000000 -0.2000000000 1.2700000000 0.0000000000
0.0320000000 1.0000000000 -0.2000000000 0.5000000000 1.2700000000 1.0000000000 -0.2000000000 1.2700000000 0.0000000000
0.0340000000 1.0000000000 -0.2000000000 0.5000000000 1.2700000000 1.0000000000 -0.2000000000 1.2700000000 0.0000000000
0.0360000000 1.0000000000 -0.2000000000 0.5000000000 1.2700000000 1.0000000000 -0.2000000000 1.2700000000 0.0000000000
0.0380000000 1.0000000000 -0.2000000000 0.5000000000 1.2700000000 1.0000000000 -0.2000000000 1.2700000000 0.0000000000
0.0400000000 1.0000000000 -0.2000000000 0.5000000000 1.2700000000 1.0000000000 -0.2000000000 1.2700000000 0.0000000000
0.0420000000 1.0000000000 -0.2000000000 0.5000000000 1.2700000000 1.0000000000 -0.2000000000 1.2700000000 0.0000000000
0.0440000000 1.0000000000 -0.2000000000 0.5000000000 1.2700000000 1.0000000000 -0.2000000000 1.2700000000 0.0000000000
0.0460000000 1.0000000000 -0.2000000000 0.5000000000 1.2700000000 1.0000000000 -0.2000000000 1.2700000000 0.0000000000
0.0480000000 1.0000000000 -0.2000000000 0.5000000000 1.2700000000 1.0000000000 -0.2000000000 1.2700000000 0.0000000000
0.0500000000 1.0000000000 -0.2000000000 0.5000000000 1.2700000000 1.0000000000 -0.2000000000 1.2700000000 0.0000000000
0.0520000000 1.0000000000 -0.2000000000 0.5000000000 1.2700000000 1.0000000000 -0.2000000000 1.2700000000 0.0000000000
0.0540000000 1.0000000000 -0.2000000000 0.5000000000 1.2700000000 1.0000000000 -0.2000000000 1.2700000000 0.0000000000
0.0560000000 1.0000000000 -0.2000000000 0.5000000000 1.2700000000 1.0000000000 -0.2000000000 1.2700000000 0.0000000000
0.0580000000 1.0000000000 -0.2000000000 0.5000000000 1.2700000000 1.0000000000 -0.2000000000 1.2700000000 0.0000000000
0.0600000000 1.0000000000 -0.2000000000 0.5000000000 1.2700000000 1.0000000000 -0.2000000000 1.2700000000 0.0000000000
0.0620000000 1.0000000000 -0.2000000000 0.5000000000 1.2700000000 1.0000000000 -0.2000000000 1.2700000000 0.0000000000
0.0640000000 1.0000000000 -0.2000000000 0.5000000000 1.2700000000 1.0000000000 -0.2000000000 1.2700000000 0.0000000000
0.0660000000 1.0000000000 -0.2000000000 0.5000000000 1.2700000000 1.0000000000 -0.2000000000 1.2700000000 0.0000000000
0.0680000000 1.0000000000 -0.2000000000 0.5000000000 1.2700000000 1.0000000000 -0.2000000000 1.2700000000 0.0000000000
0.0700000000 1.0000000000 -0.2000000000 0.5000000000 1.2700000000 1.0000000000 -0.2000000000 1.2700000000 0.0000000000
0.0720000000 1.0000000000 -0.2000000000 0.5000000000 1.2700000000 1.0000000000 -0.2000000000 1.2700000000 0.0000000000
0.0740000000 1.0000000000 -0.2000000000 0.5000000000 1.2700000000 1.0000000000 -0.2000000000 1.2700000000 0.0000000000
0.0760000000 1.0000000000 -0.2000000000 0.5000000000 1.2700000000 1.0000000000 -0.2000000000 1.2700000000 0.0000000000
0.0780000000 1.0000000000 -0.2000000000 0.5000000000 1.2700000000 1.0000000000 -0.2000000000 1.2700000000 0.0000000000
0.0800000000 1.0000000000 -0.2000000000 0.5000000000 1.2700000000 1.0000000000 -0.2000000000 1.2700000000 0.0000000000
0.0820000000 1.0000000000 -0.2000000000 0.5000000000 1.2700000000 1.0000000000 -0.2000000000 1.2700000000 0.0000000000
0.0840000000 1.0000000000 -0.2000000000 0.5000000000 1.2700000000 1.0000000000 -0.2000000000 1.2700000000 0.0000000000
0.0860000000 1.0000000000 -0.2000000000 0.5000000000 1.2700000000 1.0000000000 -0.2000000000 1.2700000000 0.0000000000
0.0880000000 1.0000000000 -0.2000000000 0.5000000000 1.2700000000 1.0000000000 -0.2000000000 1.2700000000 0.0000000000
0.0900000000 1.0000000000 -0.2000000000 0.5000000000 1.2700000000 1.0000000000 -0.2000000000 1.2700000000 0.0000000000
0.0920000000 1.0000000000 -0.2000000000 0.5000000000 1.2700000000 1.0000000000 -0.2000000000 1.2700000000 0.0000000000
0.0940000000 1.0000000000 -0.2000000000 0.5000000000 1.2700000000 1.0000000000 -0.2000000000 1.2700000000 0.0000000000
0.0960000000 1.0000000000 -0.2000000000 0.5000000000 1.2700000000 1.0000000000 -0.2000000000 1.2700000000 0.0000000000
0.0980000000 1.0000000000 -0.2000000000 0.5000000000 1.2700000000 1.0000000000 -0.2000000000 1.2700000000 0.0000000000
0.1000000000 1.0000000000 -0.2000000000 0.5000000000 1.2700000000 1.0000000000 -0.2000000000 1.2700000000 0.0000000000
0.1020000000 1.0000000000 -0.2000000000 0.5000000000 1.2700000000 1.0000000000 -0.2000000000 1.2700000000 0.0000000000
0.1040000000 1.0000000000 -0.2000000000 0.5000000000 1.2700000000 1.0000000000 -0.2000000000 1.2700000000 0.0000000000
0.1060000000 1.0000000000 -0.2000000000 0.5000000000 1.2700000000 1.0000000000 -0.2000000000 1.2700000000 0.0000000000
0.1080000000 1.0000000000 -0.2000000000 0.5000000000 1.2700000000 1.0000000000 -0.2000000000 1.2700000000 0.0000000000
0.1100000000 1.0000000000 -0.2000000000 0.5000000000 1.2700000000 1.0000000000 -0.2000000000 1.2700000000 0.0000000000
0.1120000000 1.0000000000 -0.2000000000 0.5000000000 1.2700000000 1.0000000000 -0.2000000000 1.2700000000 0.0000000000
0.1140000000 1.0000000000 -0.2000000000 0.5000000000 1.2700000000 1.0000000000 -0.2000000000 1.2700000000 0.0000000000
0.1160000000 1.0000000000 -0.2000000000 0.5000000000 1.2700000000 1.0000000000 -0.2000000000 1.2700000000 0.0000000000
0.1180000000 1.0000000000 -0.2000000000 0.5000000000 1.2700000000 1.0000000000 -0.2000000000 1.2700000000 0.0000000000
0.1200000000 1.0000000000 -0.2000000000 0.5000000000 1.2700000000 1.0000000000 -0.2000000000 1.2700000000 0.0000000000
0.1220000000 1.0000000000 -0.2000000000 0.5000000000 1.2700000000 1.0000000000 -0.2000000000 1.2700000000 0.0000000000
0.1240000000 1.0000000000 -0.2000000000 0.5000000000 1.2700000000 1.0000000000 -0.2000000000 1.2700000000 0.0000000000
0.1260000000 1.0000000000 -0.2000000000 0.5000000000 1.2700000000 1.0000000000 -0.2000000000 1.2700000000 0.0000000000
0.1280000000 1.0000000000 -0.2000000000 0.5000000000 1.2700000000 1.0000000000 -0.2000000000 1.2700000000 0.0000000000
0.1300000000 1.0000000000 -0.2000000000 0.5000000000 1.2700000000 1.0000000000 -0.2000000000 1.2700000000 0.0000000000
0.1320000000 1.0000000000 -0.2000000000 0.5000000000 1.2700000000 1.0000000000 -0.2000000000 1.2700000000 0.0000000000
0.1340000000 1.0000000000 -0.2000000000 0.5000000000 1.2700000000 1.0000000000 -0.2000000000 1.2700000000 0.0000000000
0.1360000000 1.0000000000 -0.2000000000 0.5000000000 1.2700000000 1.0000000000 -0.2000000000 1.2700000000 0.0000000000
0.1380000000 1.0000000000 -0.2000000000 0.5000000000 1.2700000000 1.0000000000 -0.2000000000 1.2700000000 0.0000000000
0.1400000000 1.0000000000 -0.2000000000 0.5000000000 1.2700000000 1.0000000000 -0.2000000000 1.2700000000 0.0000000000
0.1420000000 1.0000000000 -0.2000000000 0.5000000000 1.2700000000 1.0000000000 -0.2000000000 1.2700000000 0.0000000000
0.1440000000 1.0000000000 -0.2000000000 0.5000000000 1.2700000000 1.0000000000 -0.2000000000 1.2700000000 0.0000000000
0.1460000000 1.0000000000 -0.2000000000 0.5000000000 1.2700000000 1.0000000000 -0.2000000000 1.2700000000 0.0000000000
0.1480000000 1.0000000000 -0.2000000000 0.5000000000 1.2700000000 1.0000000000 -0.2000000000 1.2700000000 0.0000000000
0.1500000000 1.0000000000 -0.2000000000 0.5000000000 1.2700000000 1.0000000000 -0.2000000000 1.2700000000 0.0000000000
0.1520000000 1.0000000000 -0.2000000000 0.5000000000 1.2700000000 1.0000000000 -0.2000000000 1.2700000000 0.0000000000
0.1540000000 1.0000000000 -0.2000000000 0.5000000000 1.2700000000 1.0000000000 -0.2000000000 1.2700000000 0.0000000000
0.1560000000 1.0000000000 -0.2000000000 0.5000000000 1.2700000000 1.0000000000 -0.2000000000 1.2700000000 0.0000000000
0.1580000000 1.0000000000 -0.2000000000 0.5000000000 1.2700000000 1.0000000000 -0.2000000000 1.2700000000 0.0000000000
0.1600000000 1.0000000000 -0.2000000000 0.5000000000 1.2700000000 1.0000000000 -0.2000000000 1.2700000000 0.0000000000
0.1620000000 1.0000000000 -0.2000000000 0.5000000000 1.2700000000 1.0000000000 -0.2000000000 1.2700000000 0.0000000000
0.1640000000 1.0000000000 -0.2000000000 0.5000000000 1.2700000000 1.0000000000 -0.2000000000 1.2700000000 0.0000000000
0.1660000000 1.0000000000 -0.2000000000 0.5000000000 1.2700000000 1.0000000000 -0.2000000000 1.2700000000 0.0000000000
0.1680000000 1.0000000000 -0.2000000000 0.5000000000 1.2700000000 1.0000000000 -0.2000000000 1.2700000000 0.0000000000
0.1700000000 1.0000000000 -0.2000000000 0.5000000000 1.2700000000 1.0000000000 -0.2000000000 1.2700000000 0.0000000000
0.1720000000 1.0000000000 -0.2000000000 0.5000000000 1.2700000000 1.0000000000 -0.2000000000 1.2700000000 0.0000000000
0.1740000000 1.0000000000 -0.2000000000 0.5000000000 1.2700000000 1.0000000000 -0.2000000000 1.2700000000 0.0000000000
0.1760000000 1.0000000000 -0.2000000000 0.5000000000 1.2700000000 1.0000000000 -0.2000000000 1.2700000000 0.0000000000
0.1780000000 1.0000000000 -0.2000000000 0.5000000000 1.2700000000 1.0000000000 -0.2000000000 1.2700000000 0.0000000000
0.1800000000 1.0000000000 -0.2000000000 0.5000000000 1.2700000000 1.0000000000 -0.2000000000 1.2700000000 0.0000000000
0.1820000000 1.0000000000 -0.2000000000 0.5000000000 1.2700000000 1.0000000000 -0.2000000000 1.2700000000 0.0000000000
0.1840000000 1.0000000000 -0.2000000000 0.5000000000 1.2700000000 1.0000000000 -0.2000000000 1.2700000000 0.0000000000
0.1860000000 1.0000000000 -0.2000000000 0.5000000000 1.2700000000 1.0000000000 -0.2000000000 1.2700000000 0.0000000000
0.1880000000 1.0000000000 -0.2000000000 0.5000000000 1.2700000000 1.0000000000 -0.2000000000 1.2700000000 0.0000000001
0.1900000000 1.0000000000 -0.2000000000 0.5000000000 1.2700000000 1.0000000000 -0.2000000000 1.2700000000 0.0000000002
0.1920000000 1.0000000000 -0.2000000000 0.5000000000 1.2700000000 1.0000000000 -0.2000000000 1.2700000000 0.0000000006
0.1940000000 1.0000000000 -0.2000000000 0.5000000000 1.2700000000 1.0000000000 -0.2000000000 1.2700000000 0.0000000017
0.1960000000 1.0000000000 -0.2000000000 0.5000000000 1.2700000000 1.0000000000 -0.2000000000 1.2700000000 0.0000000045
0.1980000000 1.0000000000 -0.2000000000 0.5000000000 1.2700000000 1.0000000000 -0.2000000000 1.2700000000 0.0000000119
0.2000000000 1.0000000000 -0.2000000000 0.5000000000 1.2700000000 1.0000000000 -0.2000000000 1.2700000000 0.0000000311
0.2020000000 1.0000000000 -0.2000000000 0.5000000000 1.2700000000 1.0000000000 -0.2000000000 1.2700000000 0.0000000801
0.2040000000 1.0000000000 -0.2000000000 0.5000000000 1.2700000000 1.0000000000 -0.2000000000 1.2700000000 0.0000002044
0.2060000000 1.0000000000 -0.2000000000 0.5000000000 1.2700000000 1.0000000000 -0.2000000000 1.2700000000 0.0000005151
0.2080000000 1.0000000000 -0.2000000000 0.5000000000 1.2700000000 1.0000000000 -0.2000000000 1.2700000000 0.0000012829
0.2100000000 1.0000000000 -0.2000000000 0.5000000000 1.2700000000 1.0000000000 -0.2000000000 1.2699999999 0.0000031559
0.2120000000 0.9999999999 -0.1999999999 0.4999999999 1.2699999999 0.9999999999 -0.1999999999 1.2699999998 0.0000076678
0.2140000000 0.9999999997 -0.1999999998 0.4999999998 1.2699999998 0.9999999997 -0.1999999997 1.2699999994 0.0000183911
0.2160000000 0.9999999993 -0.1999999994 0.4999999995 1.2699999995 0.9999999993 -0.1999999993 1.2699999986 0.0000435099
0.2180000000 0.9999999983 -0.1999999986 0.4999999988 1.2699999989 0.9999999983 -0.1999999982 1.2699999967 0.0001013766
0.2200000000 0.9999999959 -0.1999999966 0.4999999971 1.2699999973 0.9999999959 -0.1999999958 1.2699999921 0.0002318875
0.2220000000 0.9999999904 -0.1999999920 0.4999999933 1.2699999936 0.9999999904 -0.1999999901 1.2699999815 0.0005173292
0.2240000000 0.9999999779 -0.1999999815 0.4999999845 1.2699999853 0.9999999779 -0.1999999771 1.2699999572 0.0011114357
0.2260000000 0.9999999501 -0.1999999582 0.4999999651 1.2699999667 0.9999999501 -0.1999999483 1.2699999033 0.0022489563
0.2280000000 0.9999998900 -0.1999999080 0.4999999230 1.2699999266 0.9999998900 -0.1999998860 1.2699997869 0.0041519540
0.2300000000 0.9999997657 -0.1999998040 0.4999998360 1.2699998437 0.9999997657 -0.1999997571 1.2699995461 0.0067740511
0.2320000000 0.9999995217 -0.1999995999 0.4999996652 1.2699996808 0.9999995217 -0.1999995042 1.2699990735 0.0096346736
0.2340000000 0.9999990690 -0.1999992211 0.4999993483 1.2699993787 0.9999990690 -0.1999990349 1.2699981964 0.0121222021
0.2360000000 0.9999982709 -0.1999985533 0.4999987896 1.2699988461 0.9999982709 -0.1999982075 1.2699966502 0.0139286973
0.2380000000 0.9999969210 -0.1999974239 0.4999978447 1.2699979453 0.9999969210 -0.1999968082 1.2699940350 0.0150762757
0.2400000000 0.9999947089 -0.1999955732 0.4999962963 1.2699964691 0.9999947089 -0.1999945150 1.2699897494 0.0157164526
0.2420000000 0.9999911698 -0.1999926121 0.4999938189 1.2699941073 0.9999911698 -0.1999908461 1.2699828930 0.0160011304
0.2440000000 0.9999856132 -0.1999879631 0.4999899293 1.2699903993 0.9999856132 -0.1999850859 1.2699721282 0.0160459191
0.2460000000 0.9999770247 -0.1999807774 0.4999839174 1.2699846680 0.9999770247 -0.1999761827 1.2699554897 0.0159304286
0.2480000000 0.9999639309 -0.1999698221 0.4999747519 1.2699759303 0.9999639309 -0.1999626094 1.2699301234 0.0157070088
0.2500000000 0.9999442198 -0.1999533301 0.4999609544 1.2699627769 0.9999442198 -0.1999421767 1.2698919381 0.0154092268
0.2520000000 0.9999149050 -0.1999288025 0.4999404348 1.2699432153 0.9999149050 -0.1999117895 1.2698351495 0.0150582561
0.2540000000 0.9998718249 -0.1998927567 0.4999102805 1.2699144690 0.9998718249 -0.1998671354 1.2697516976 0.0146672699
0.2560000000 0.9998092692 -0.1998404133 0.4998664951 1.2698727285 0.9998092692 -0.1998022976 1.2696305246 0.0142443418
0.2580000000 0.9997195292 -0.1997653198 0.4998036847 1.2698128524 0.9997195292 -0.1997092915 1.2694567070 0.0137943276
0.2600000000 0.9995923792 -0.1996589140 0.4997146951 1.2697280217 0.9995923792 -0.1995775289 1.2692104542 0.0133200857
0.2620000000 0.9994145052 -0.1995100437 0.4995902140 1.2696093609 0.9994145052 -0.1993932316 1.2688660111 0.0128232788
0.2640000000 0.9991689156 -0.1993044686 0.4994183609 1.2694455479 0.9991689156 -0.1991388297 1.2683905315 0.0123049174
0.2660000000 0.9988343901 -0.1990243897 0.4991843058 1.2692224511 0.9988343901 -0.1987924049 1.2677430329 0.0117657442
0.2680000000 0.9983850402 -0.1986480676 0.4988699687 1.2689228445 0.9983850402 -0.1983272589 1.2668735852 0.0112065214
0.2700000000 0.9977900785 -0.1981496065 0.4984538689 1.2685262645 0.9977900785 -0.1977117114 1.2657229211 0.0106282567
0.2720000000 0.9970139026 -0.1974989908 0.4979111983 1.2680090825 0.9970139026 -0.1969092396 1.2642226839 0.0100323854
0.2740000000 0.9960165973 -0.1966624575 0.4972141942 1.2673448603 0.9960165973 -0.1958790717 1.2622965154 0.0094209161
0.2760000000 0.9947549361 -0.1956032711 0.4963328661 1.2665050452 0.9947549361 -0.1945773195 1.2598621452 0.0087965385
0.2780000000 0.9931839151 -0.1942829292 0.4952361002 1.2654600222 0.9931839151 -0.1929586802 1.2568345393 0.0081626869
0.2800000000 0.9912587836 -0.1926627724 0.4938931143 1.2641805007 0.9912587836 -0.1909786655 1.2531300254 0.0075235538
0.2820000000 0.9889374491 -0.1907059077 0.4922751728 1.2626391479 0.9889374491 -0.1885962139 1.2486711381 0.0068840450
0.2840000000 0.9861830533 -0.1883792848 0.4903574142 1.2608123304 0.9861830533 -0.1857764583 1.2433917536 0.0062496724
0.2860000000 0.9829664476 -0.1856557190 0.4881205956 1.2586817774 0.9829664476 -0.1824933425 1.2372419554 0.0056263856
0.2880000000 0.9792682745 -0.1825156266 0.4855525429 1.2562359662 0.9792682745 -0.1787317627 1.2301920270 0.0050203476
0.2900000000 0.9750803844 -0.1789482626 0.4826491138 1.2534710476 0.9750803844 -0.1744889406 1.2222350310 0.0044376672
0.2920000000 0.9704063992 -0.1749523008 0.4794145439 1.2503911860 0.9704063992 -0.1697748322 1.2133876084 0.0038841055
0.2940000000 0.9652613507 -0.1705356914 0.4758611263 1.2470082677 0.9652613507 -0.1646115118 1.2036888848 0.0033647814
0.2960000000 0.9596704559 -0.1657148278 0.4720082800 1.2433410259 0.9596704559 -0.1590316244 1.1931976491 0.0028838989
0.2980000000 0.9536672108 -0.1605131503 0.4678811393 1.2394137082 0.9536672108 -0.1530761283 1.1819882141 0.0024445272
0.3000000000 0.9472910654 -0.1549593808 0.4635088605 1.2352544688 0.9472910654 -0.1467916370 1.1701455218 0.0020484534
0.3020000000 0.9405849704 -0.1490856118 0.4589228541 1.2308936850 0.9405849704 -0.1402276857 1.1577601003 0.0016961279
0.3040000000 0.9335930627 -0.1429254591 0.4541551341 1.2263623783 0.9335930627 -0.1334342171 1.1449234087 0.0013867084
0.3060000000 0.9263586918 -0.1365124493 0.4492369267 1.2216908789 0.9263586918 -0.1264594940 1.1317239644 0.0011181975
0.3080000000 0.9189229084 -0.1298787464 0.4441976178 1.2169078109 0.9189229084 -0.1193485554 1.1182444649 0.0008876564
0.3100000000 0.9113234499 -0.1230542608 0.4390640622 1.2120394197 0.9113234499 -0.1121422334 1.1045599454 0.0006914652
0.3120000000 0.9035941913 -0.1160661285 0.4338602252 1.2071092185 0.9035941913 -0.1048766796 1.0907368781 0.0005255967
0.3140000000 0.8957649859 -0.1089385097 0.4286070989 1.2021378976 0.8957649859 -0.0975833026 1.0768330369 0.0003858689
0.3160000000 0.8878618000 -0.1016926353 0.4233228230 1.1971434305 0.8878618000 -0.0902890062 1.0628979211 0.0002681497
0.3180000000 0.8799070469 -0.0943470324 0.4180229421 1.1921413118 0.8799070469 -0.0830166187 1.0489735411 0.0001684916
0.3200000000 0.8719200418 -0.0869178635 0.4127207407 1.1871448710 0.8719200418 -0.0757854272 1.0350954055 0.0000831854
0.3220000000 0.8639175224 -0.0794193372 0.4074276192 1.1821656252 0.8639175224 -0.0686117570 1.0212935980 0.0000088888
0.3240000000 0.8559141675 -0.0718641600 0.4021534770 1.1772136705 0.8559141675 -0.0615095527 1.0075938587 0.0000568518
0.3260000000 0.8479229822 -0.0642638364 0.3969069799 1.1722979138 0.8479229822 -0.0544907838 0.9940183431 0.0001159024
0.3280000000 0.8399556089 -0.0566288673 0.3916957526 1.1674261924 0.8399556089 -0.0475657347 0.9805861783 0.0001703660
0.3300000000 0.8320227070 -0.0489691245 0.3865266649 1.1626055863 0.8320227070 -0.0407434236 0.9673142471 0.0002223696
0.3320000000 0.8241343388 -0.0412942029 0.3814060938 1.1578426612 0.8241343388 -0.0340319706 0.9542178960 0.0002739206
0.3340000000 0.8163003313 -0.0336137628 0.3763401643 1.1531436866 0.8163003313 -0.0274389257 0.9413115734 0.0003270178
0.3360000000 0.8085306280 -0.0259378792 0.3713349786 1.1485148407 0.8085306280 -0.0209715698 0.9286094254 0.0003837789
0.3380000000 0.8008356496 -0.0182774132 0.3663968462 1.1439624112 0.8008356496 -0.0146372041 0.9161258807 0.0004465885
0.3400000000 0.7932266810 -0.0106444270 0.3615325263 1.1394930039 0.7932266810 -0.0084434435 0.9038762535 0.0005182709
0.3420000000 0.7857163067 -0.0030526644 0.3567494945 1.1351137678 0.7857163067 -0.0023985282 0.8918773973 0.0006023061
0.3440000000 0.7783189148 0.0044818797 0.3520562491 1.1308326488 0.7783189148 0.0034883318 0.8801484400 0.0007030915
0.3460000000 0.7710512893 0.0119402760 0.3474626654 1.1266586802 0.7710512893 0.0092065652 0.8687116280 0.0008262831
0.3480000000 0.7639333084 0.0192998448 0.3429804107 1.1226023187 0.7639333084 0.0147437943 0.8575933033 0.0009791967
0.3500000000 0.7569887499 0.0265331986 0.3386234193 1.1186758224 0.7569887499 0.0200853329 0.8468250124 0.0011713054
0.3520000000 0.7502461857 0.0336071663 0.3344084149 1.1148936612 0.7502461857 0.0252136484 0.8364447168 0.0014147596
0.3540000000 0.7437398884 0.0404816755 0.3303554351 1.1112729173 0.7437398884 0.0301078369 0.8264979955 0.0017248807
0.3560000000 0.7375105970 0.0471087716 0.3264882649 1.1078335969 0.7375105970 0.0347432182 0.8170390174 0.0021204136
0.3580000000 0.7316058487 0.0534321052 0.3228346043 1.1045987069 0.7316058487 0.0390912407 0.8081308745 0.0026232398
0.3600000000 0.7260794207 0.0593874224 0.3194256998 1.1015938742 0.7260794207 0.0431199852 0.7998446420 0.0032571236
0.3620000000 0.7209892737 0.0649047757 0.3162950820 1.0988462164 0.7209892737 0.0467956471 0.7922563354 0.0040450508
0.3640000000 0.7163933863 0.0699132016 0.3134760532 1.0963821856 0.7163933863 0.0500853552 0.7854409467 0.0050050347
0.3660000000 0.7123432099 0.0743482254 0.3109977779 1.0942242853 0.7123432099 0.0529614535 0.7794632398 0.0061450084
0.3680000000 0.7088753191 0.0781615897 0.3088803304 1.0923869794 0.7088753191 0.0554068218 0.7743661686 0.0074584254
0.3700000000 0.7060030337 0.0813311783 0.3071297646 1.0908726951 0.7060030337 0.0574200586 0.7701594321 0.0089228286
0.3720000000 0.7037107224 0.0838679777 0.3057348160 1.0896692479 0.7037107224 0.0590187952 0.7668119336 0.0105029169
0.3740000000 0.7019532881 0.0858171053 0.3046667049 1.0887498773 0.7019532881 0.0602395993 0.7642515563 0.0121576327
0.3760000000 0.7006616521 0.0872518620 0.3038825043 1.0880762314 0.7006616521 0.0611340338 0.7623732899 0.0138487041
0.3780000000 0.6997527021 0.0882625163 0.3033311397 1.0876034901 0.6997527021 0.0617619343 0.7610534811 0.0155478725
0.3800000000 0.6991405809 0.0889434123 0.3029601531 1.0872860621 0.6991405809 0.0621839489 0.7601658090 0.0172416419
0.3820000000 0.6987462166 0.0893819983 0.3027213895 1.0870823298 0.6987462166 0.0624553332 0.7595946651 0.0189345819
0.3840000000 0.6985032924 0.0896518867 0.3025745385 1.0869575718 0.6985032924 0.0626221380 0.7592434426 0.0206537521
0.3860000000 0.6983604391 0.0898102174 0.3024884103 1.0868849772 0.6983604391 0.0627199029 0.7590374699 0.0224581518
0.3880000000 0.6982805314 0.0898983356 0.3024404788 1.0868452055 0.6982805314 0.0627742576 0.7589228477 0.0244603432
0.3900000000 0.6982383444 0.0899443512 0.3024154444 1.0868251312 0.6982383444 0.0628025949 0.7588629803 0.0268772325
0.3920000000 0.6982176717 0.0899663293 0.3024034802 1.0868163287 0.6982176717 0.0628160810 0.7588343666 0.0301584425
0.3940000000 0.6982086257 0.0899752917 0.3023985925 1.0868136626 0.6982086257 0.0628215248 0.7588226737 0.0353471886
0.3960000000 0.6982054567 0.0899776450 0.3023972977 1.0868141527 0.6982054567 0.0628228827 0.7588195719 0.0456033901
0.3980000000 0.6982049745 0.0899769457 0.3023976623 1.0868161429 0.6982049745 0.0628223511 0.7588204374 0.0463335618
0.4000000000 0.6982058414 0.0899746932 0.3023988710 1.0868189239 0.6982058414 0.0628208564 0.7588233212 0.0251796762
0.4020000000 0.6982079128 0.0899710457 0.3024008378 1.0868224258 0.6982079128 0.0628184960 0.7588280175 0.0129706688
0.4040000000 0.6982109355 0.0899662804 0.3024034121 1.0868265268 0.6982109355 0.0628154408 0.7588341661 0.0018837959
0.4060000000 0.6982140792 0.0899613148 0.3024060949 1.0868308110 0.6982140792 0.0628122566 0.7588405739 0.0119966352
0.4080000000 0.6982162350 0.0899573704 0.3024082222 1.0868347297 0.6982162350 0.0628096964 0.7588456530 0.0219483164
0.4100000000 0.6982172384 0.0899546289 0.3024096950 1.0868382006 0.6982172384 0.0628078725 0.7588491670 0.0275757043
0.4120000000 0.6982174671 0.0899526654 0.3024107445 1.0868414269 0.6982174671 0.0628065222 0.7588516682 0.0280589682
0.4140000000 0.6982171617 0.0899512133 0.3024115154 1.0868445304 0.6982171617 0.0628054808 0.7588535032 0.0202458395
0.4160000000 0.6982163241 0.0899502669 0.3024120111 1.0868475189 0.6982163241 0.0628047447 0.7588546795 0.0140804559
0.4180000000 0.6982149277 0.0899498478 0.3024122196 1.0868503934 0.6982149277 0.0628043265 0.7588551689 0.0088300806
0.4200000000 0.6982130743 0.0899498360 0.3024122063 1.0868532190 0.6982130743 0.0628041515 0.7588551273 0.0039004665
0.4220000000 0.6982109926 0.0899499689 0.3024121139 1.0868561282 0.6982109926 0.0628040571 0.7588548961 0.0004100259
0.4240000000 0.6982089467 0.0899499387 0.3024121097 1.0868592834 0.6982089467 0.0628038519 0.7588548755 0.0021745582
0.4260000000 0.6982070345 0.0899496273 0.3024122578 1.0868627514 0.6982070345 0.0628034625 0.7588552185 0.0004276378
0.4280000000 0.6982050863 0.0899492106 0.3024124628 1.0868664691 0.6982050863 0.0628029964 0.7588556969 0.0042554272
0.4300000000 0.6982028572 0.0899489480 0.3024125834 1.0868703347 0.6982028572 0.0628026125 0.7588559731 0.0045411028
0.4320000000 0.6982003039 0.0899488800 0.3024125978 1.0868743397 0.6982003039 0.0628023353 0.7588559943 0.0026468585
0.4340000000 0.6981975478 0.0899488581 0.3024125865 1.0868785718 0.6981975478 0.0628020722 0.7588559536 0.0014802256
0.4360000000 0.6981946702 0.0899487725 0.3024126093 1.0868831087 0.6981946702 0.0628017536 0.7588559936 0.0021181184
0.4380000000 0.6981916063 0.0899486743 0.3024126384 1.0868879560 0.6981916063 0.0628014094 0.7588560478 0.0029233647
0.4400000000 0.6981882723 0.0899486377 0.3024126335 1.0868931056 0.6981882723 0.0628010840 0.7588560196 0.0024501043
0.4420000000 0.6981846997 0.0899486072 0.3024126246 1.0868986120 0.6981846997 0.0628007413 0.7588559811 0.0018218892
0.4440000000 0.6981809380 0.0899484996 0.3024126569 1.0869045524 0.6981809380 0.0628003278 0.7588560400 0.0023928437
0.4460000000 0.6981769100 0.0899483677 0.3024127019 1.0869109489 0.6981769100 0.0627998734 0.7588561278 0.0033331085
0.4480000000 0.6981724873 0.0899483216 0.3024126995 1.0869177958 0.6981724873 0.0627994435 0.7588561010 0.0032011952
0.4500000000 0.6981676584 0.0899483394 0.3024126618 1.0869251520 0.6981676584 0.0627990215 0.7588559882 0.0025385214
0.4520000000 0.6981624836 0.0899483077 0.3024126502 1.0869331339 0.6981624836 0.0627985339 0.7588559363 0.0025827739
0.4540000000 0.6981569289 0.0899482063 0.3024126757 1.0869418321 0.6981569289 0.0627979635 0.7588559714 0.0032768987
0.4560000000 0.6981508550 0.0899481247 0.3024126898 1.0869512962 0.6981508550 0.0627973601 0.7588559768 0.0036105119
0.4580000000 0.6981441616 0.0899481000 0.3024126720 1.0869616128 0.6981441616 0.0627967409 0.7588559038 0.0034959144
0.4600000000 0.6981368139 0.0899480751 0.3024126536 1.0869729420 0.6981368139 0.0627960626 0.7588558265 0.0035969337
0.4620000000 0.6981287285 0.0899480159 0.3024126530 1.0869854766 0.6981287285 0.0627952939 0.7588557887 0.0040564434
0.4640000000 0.6981197264 0.0899479545 0.3024126527 1.0869994343 0.6981197264 0.0627944414 0.7588557476 0.0045518198
0.4660000000 0.6981095800 0.0899479119 0.3024126413 1.0870151294 0.6981095800 0.0627934990 0.7588556754 0.0051398601
0.4680000000 0.6980979749 0.0899478703 0.3024126284 1.0870330825 0.6980979749 0.0627924261 0.7588555935 0.0062047951
0.4700000000 0.6980843377 0.0899478209 0.3024126188 1.0870541999 0.6980843377 0.0627911650 0.7588555112 0.0078744490
0.4720000000 0.6980676185 0.0899477722 0.3024126077 1.0870800947 0.6980676185 0.0627896271 0.7588554129 0.0099307405
0.4740000000 0.6980460267 0.0899477256 0.3024125945 1.0871135433 0.6980460267 0.0627876524 0.7588552895 0.0120439102
0.4760000000 0.6980166178 0.0899476780 0.3024125807 1.0871591216 0.6980166178 0.0627849740 0.7588551330 0.0139091291
0.4780000000 0.6979746425 0.0899476297 0.3024125661 1.0872242020 0.6979746425 0.0627811647 0.7588549237 0.0153553270
0.4800000000 0.6979125264 0.0899475812 0.3024125505 1.0873205475 0.6979125264 0.0627755436 0.7588546303 0.0163536536
0.4820000000 0.6978182943 0.0899475322 0.3024125339 1.0874667672 0.6978182943 0.0627670335 0.7588542046 0.0169532177
0.4840000000 0.6976732150 0.0899474825 0.3024125164 1.0876919946 0.6976732150 0.0627539493 0.7588535708 0.0172296294
0.4860000000 0.6974483737 0.0899474322 0.3024124979 1.0880412668 0.6974483737 0.0627336903 0.7588526120 0.0172569654
0.4880000000 0.6970998189 0.0899473811 0.3024124786 1.0885831982 0.6970998189 0.0627023031 0.7588511504 0.0170961710
0.4900000000 0.6965618994 0.0899473291 0.3024124582 1.0894206544 0.6965618994 0.0626538824 0.7588489203 0.0167929599
0.4920000000 0.6957384331 0.0899472762 0.3024124370 1.0907052084 0.6957384331 0.0625797770 0.7588455327 0.0163796674
0.4940000000 0.6944914923 0.0899472223 0.3024124148 1.0926561924 0.6944914923 0.0624675807 0.7588404296 0.0158780694
0.4960000000 0.6926279037 0.0899471674 0.3024123916 1.0955851266 0.6926279037 0.0622999180 0.7588328296 0.0153019426
0.4980000000 0.6898841417 0.0899471113 0.3024123675 1.0999262351 0.6898841417 0.0620530857 0.7588216666 0.0146589828
0.5000000000 0.6859112047 0.0899470540 0.3024123425 1.1062737041 0.6859112047 0.0616956922 0.7588055291 0.0139520409
0.5020000000 0.6802623882 0.0899469953 0.3024123166 1.1154263755 0.6802623882 0.0611875579 0.7587826100 0.0131797077
0.5040000000 0.6723885986 0.0899469354 0.3024122899 1.1284407410 0.6723885986 0.0604792938 0.7587506884 0.0123362263
0.5060000000 0.6616479274 0.0899468739 0.3024122626 1.1466931831 0.6616479274 0.0595131627 0.7587071679 0.0114105611
0.5080000000 0.6473384279 0.0899468108 0.3024122347 1.1719514505 0.6473384279 0.0582260271 0.7586492095 0.0103839075
0.5100000000 0.6287652472 0.0899467462 0.3024122065 1.2064502708 0.6287652472 0.0565553881 0.7585740028 0.0092222507
0.5120000000 0.6053566621 0.0899466800 0.3024121780 1.2529460446 0.6053566621 0.0544498220 0.7584792354 0.0078518369
0.5140000000 0.5768557506 0.0899466122 0.3024121498 1.3146507920 0.5768557506 0.0518862205 0.7583638694 0.0061449358
0.5160000000 0.5436083029 0.0899465425 0.3024121219 1.3948081731 0.5436083029 0.0488956873 0.7582293039 0.0013062574
0.5180000000 0.5092246248 0.0899464713 0.3024120947 1.4887146206 0.5092246248 0.0458029581 0.7580901441 0.0030877608
0.5200000000 0.4773785979 0.0899463985 0.3024120684 1.5877570873 0.4773785979 0.0429384856 0.7579612521 0.0052766660
0.5220000000 0.4494592083 0.0899463242 0.3024120428 1.6861335405 0.4494592083 0.0404272036 0.7578482463 0.0068645964
0.5240000000 0.4259401820 0.0899462482 0.3024120178 1.7790128151 0.4259401820 0.0383117213 0.7577530422 0.0081601646
0.5260000000 0.4067645331 0.0899461707 0.3024119930 1.8626879856 0.4067645331 0.0365869121 0.7576754088 0.0092764861
0.5280000000 0.3915651719 0.0899460916 0.3024119684 1.9348346458 0.3915651719 0.0352197568 0.7576138607 0.0102689744
0.5300000000 0.3798169465 0.0899460110 0.3024119437 1.9945562723 0.3798169465 0.0341630192 0.7575662730 0.0111693344
0.5320000000 0.3709418075 0.0899459287 0.3024119188 2.0421809877 0.3709418075 0.0333647054 0.7575303067 0.0119976635
0.5340000000 0.3643773146 0.0899458447 0.3024118935 2.0788991414 0.3643773146 0.0327742254 0.7575036865 0.0127676863
0.5360000000 0.3596166325 0.0899457590 0.3024118677 2.1063663166 0.3596166325 0.0323459910 0.7574843616 0.0134893558
0.5380000000 0.3562274868 0.0899456715 0.3024118412 2.1263675911 0.3562274868 0.0320411205 0.7574705831 0.0141703097
0.5400000000 0.3538567023 0.0899455821 0.3024118140 2.1405866194 0.3538567023 0.0318278471 0.7574609222 0.0148167875
0.5420000000 0.3522257794 0.0899454907 0.3024117860 2.1504793127 0.3522257794 0.0316811206 0.7574542520 0.0154342963
0.5440000000 0.3511216743 0.0899453973 0.3024117571 2.1572285794 0.3511216743 0.0315817785 0.7574497106 0.0160281884
0.5460000000 0.3503857116 0.0899453019 0.3024117274 2.1617509821 0.3503857116 0.0315155486 0.7574466562 0.0166042744
0.5480000000 0.3499025081 0.0899452044 0.3024116966 2.1647304726 0.3499025081 0.0314720526 0.7574446217 0.0171695976
0.5500000000 0.3495899714 0.0899451046 0.3024116649 2.1666619099 0.3495899714 0.0314439065 0.7574432750 0.0177335503
0.5520000000 0.3493908553 0.0899450024 0.3024116321 2.1678941303 0.3493908553 0.0314259613 0.7574423843 0.0183096228
0.5540000000 0.3492659770 0.0899448976 0.3024115982 2.1686675513 0.3492659770 0.0314146925 0.7574417910 0.0189183123
0.5560000000 0.3491889805 0.0899447901 0.3024115630 2.1691445916 0.3491889805 0.0314077295 0.7574413884 0.0195921907
0.5580000000 0.3491424257 0.0899446798 0.3024115267 2.1694330163 0.3491424257 0.0314035037 0.7574411058 0.0203850796
0.5600000000 0.3491149499 0.0899445668 0.3024114892 2.1696031565 0.3491149499 0.0314009929 0.7574408973 0.0213897643
0.5620000000 0.3490992571 0.0899444510 0.3024114504 2.1697002151 0.3490992571 0.0313995410 0.7574407332 0.0227780725
0.5640000000 0.3490907279 0.0899443321 0.3024114103 2.1697528303 0.3490907279 0.0313987324 0.7574405948 0.0249024533
0.5660000000 0.3490864758 0.0899442100 0.3024113689 2.1697789020 0.3490864758 0.0313983073 0.7574404701 0.0284907519
0.5680000000 0.3490847122 0.0899440840 0.3024113258 2.1697895239 0.3490847122 0.0313981047 0.7574403514 0.0350478767
0.5700000000 0.3490843221 0.0899439541 0.3024112811 2.1697916121 0.3490843221 0.0313980243 0.7574402340 0.0383700193
0.5720000000 0.3490848529 0.0899438210 0.3024112351 2.1697879772 0.3490848529 0.0313980255 0.7574401169 0.0247229731
0.5740000000 0.3490863141 0.0899436846 0.3024111876 2.1697785601 0.3490863141 0.0313981093 0.7574399999 0.0115253675
0.5760000000 0.3490884453 0.0899435432 0.3024111381 2.1697649706 0.3490884453 0.0313982516 0.7574398803 0.0010992241
0.5780000000 0.3490906561 0.0899433984 0.3024110872 2.1697508775 0.3490906561 0.0313983999 0.7574397575 0.0020062823
0.5800000000 0.3490927353 0.0899432538 0.3024110363 2.1697376008 0.3490927353 0.0313985365 0.7574396340 0.0024807583
0.5820000000 0.3490946599 0.0899431051 0.3024109837 2.1697252709 0.3490946599 0.0313986577 0.7574395056 0.0025606960
0.5840000000 0.3490964345 0.0899429430 0.3024109258 2.1697138334 0.3490964345 0.0313987607 0.7574393630 0.0024810454
0.5860000000 0.3490980721 0.0899427697 0.3024108635 2.1697032127 0.3490980721 0.0313988475 0.7574392085 0.0022931135
0.5880000000 0.3490995904 0.0899426013 0.3024108030 2.1696933454 0.3490995904 0.0313989253 0.7574390581 0.0021664409
0.5900000000 0.3491010026 0.0899424433 0.3024107464 2.1696841651 0.3491010026 0.0313989971 0.7574389173 0.0022271812
0.5920000000 0.3491023119 0.0899422735 0.3024106852 2.1696755894 0.3491023119 0.0313990556 0.7574387643 0.0023033453
0.5940000000 0.3491035202 0.0899420697 0.3024106109 2.1696675430 0.3491035202 0.0313990932 0.7574385769 0.0020825308
0.5960000000 0.3491046410 0.0899418501 0.3024105303 2.1696599935 0.3491046410 0.0313991173 0.7574383731 0.0016309173
0.5980000000 0.3491056964 0.0899416612 0.3024104615 2.1696529370 0.3491056964 0.0313991463 0.7574381995 0.0014958083
0.6000000000 0.3491066954 0.0899415110 0.3024104075 2.1696463393 0.3491066954 0.0313991837 0.7574380637 0.0019709268
0.6020000000 0.3491076242 0.0899413371 0.3024103443 2.1696401095 0.3491076242 0.0313992065 0.7574379040 0.0025443570
0.6040000000 0.3491084658 0.0899410706 0.3024102453 2.1696341567 0.3491084658 0.0313991892 0.7574376517 0.0022856693
0.6060000000 0.3491092311 0.0899407326 0.3024101189 2.1696284733 0.3491092311 0.0313991400 0.7574373281 0.0010133117
0.6080000000 0.3491099620 0.0899404422 0.3024100107 2.1696231385 0.3491099620 0.0313991044 0.7574370513 0.0000457928
0.6100000000 0.3491106910 0.0899402890 0.3024099551 2.1696182048 0.3491106910 0.0313991164 0.7574369106 0.0006123836
0.6120000000 0.3491114043 0.0899402173 0.3024099308 2.1696135994 0.3491114043 0.0313991556 0.7574368505 0.0023612503
0.6140000000 0.3491120522 0.0899400602 0.3024098736 2.1696091568 0.3491120522 0.0313991590 0.7574367052 0.0039184787
0.6160000000 0.3491125947 0.0899396845 0.3024097324 2.1696047459 0.3491125947 0.0313990766 0.7574363424 0.0035548589
0.6180000000 0.3491130458 0.0899391284 0.3024095216 2.1696003889 0.3491130458 0.0313989230 0.7574357999 0.0007108274
0.6200000000 0.3491134744 0.0899386026 0.3024093225 2.1695962572 0.3491134744 0.0313987780 0.7574352873 0.0019794689
0.6220000000 0.3491139472 0.0899383097 0.3024092128 2.1695925126 0.3491139472 0.0313987183 0.7574350059 0.0019968063
0.6240000000 0.3491144725 0.0899382714 0.3024092010 2.1695891656 0.3491144725 0.0313987522 0.7574349772 0.0005139464
0.6260000000 0.3491149909 0.0899382930 0.3024092121 2.1695860321 0.3491149909 0.0313988063 0.7574350078 0.0038157524
0.6280000000 0.3491154222 0.0899381159 0.3024091468 2.1695828732 0.3491154222 0.0313987833 0.7574348408 0.0062776828
0.6300000000 0.3491157205 0.0899375910 0.3024089478 2.1695795503 0.3491157205 0.0313986269 0.7574343278 0.0056860926
0.6320000000 0.3491159093 0.0899367900 0.3024086425 2.1695761205 0.3491159093 0.0313983642 0.7574335402 0.0007044605
0.6340000000 0.3491160786 0.0899359909 0.3024083379 2.1695728178 0.3491160786 0.0313981005 0.7574327543 0.0041968459
0.6360000000 0.3491163172 0.0899354691 0.3024081398 2.1695698725 0.3491163172 0.0313979397 0.7574322437 0.0050464027
0.6380000000 0.3491166570 0.0899353229 0.3024080861 2.1695673667 0.3491166570 0.0313979193 0.7574321063 0.0020104882
0.6400000000 0.3491170473 0.0899353891 0.3024081140 2.1695651517 0.3491170473 0.0313979775 0.7574321798 0.0025961900
0.6420000000 0.3491173893 0.0899353513 0.3024081019 2.1695629404 0.3491173893 0.0313979950 0.7574321496 0.0071519173
0.6440000000 0.3491175993 0.0899349427 0.3024079472 2.1695604932 0.3491175993 0.0313978713 0.7574317509 0.0109156442
0.6460000000 0.3491176421 0.0899340505 0.3024076065 2.1695577080 0.3491176421 0.0313975636 0.7574308713 0.0084910974
0.6480000000 0.3491175592 0.0899328053 0.3024071301 2.1695546982 0.3491175592 0.0313971215 0.7574296408 0.0005580714
0.6500000000 0.3491174740 0.0899315921 0.3024066659 2.1695517936 0.3491174740 0.0313966902 0.7574284419 0.0091490700
0.6520000000 0.3491175094 0.0899307952 0.3024063617 2.1695493242 0.3491175094 0.0313964152 0.7574276566 0.0123546500
0.6540000000 0.3491177422 0.0899306566 0.3024063106 2.1695475014 0.3491177422 0.0313963878 0.7574275254 0.0077406291
0.6560000000 0.3491181431 0.0899310829 0.3024064766 2.1695462420 0.3491181431 0.0313965727 0.7574279554 0.0006042271
0.6580000000 0.3491185700 0.0899316233 0.3024066865 2.1695451455 0.3491185700 0.0313967997 0.7574284987 0.0051366327
0.6600000000 0.3491188924 0.0899318637 0.3024067809 2.1695438436 0.3491188924 0.0313969127 0.7574287437 0.0073510962
0.6620000000 0.3491190764 0.0899316963 0.3024067185 2.1695422406 0.3491190764 0.0313968707 0.7574285833 0.0026471830
0.6640000000 0.3491192074 0.0899313894 0.3024066025 2.1695405699 0.3491192074 0.0313967754 0.7574282841 0.0054330800
0.6660000000 0.3491194210 0.0899313684 0.3024065964 2.1695391988 0.3491194210 0.0313967873 0.7574282690 0.0087738248
0.6680000000 0.3491198093 0.0899319227 0.3024068114 2.1695383801 0.3491198093 0.0313970157 0.7574288254 0.0061717527
0.6700000000 0.3491203546 0.0899329968 0.3024072261 2.1695380642 0.3491203546 0.0313974397 0.7574298983 0.0007367665
0.6720000000 0.3491209302 0.0899341889 0.3024076863 2.1695378962 0.3491209302 0.0313979077 0.7574310884 0.0034412674
0.6740000000 0.3491214221 0.0899351380 0.3024080530 2.1695375563 0.3491214221 0.0313982833 0.7574320370 0.0031698143
0.6760000000 0.3491218324 0.0899358504 0.3024083286 2.1695370491 0.3491218324 0.0313985689 0.7574327501 0.0034003018
0.6780000000 0.3491223068 0.0899367838 0.3024086892 2.1695367723 0.3491223068 0.0313989374 0.7574336827 0.0123841842
0.6800000000 0.3491231151 0.0899387880 0.3024094614 2.1695374688 0.3491231151 0.0313997098 0.7574356795 0.0190874725
0.6820000000 0.3491247199 0.0899433217 0.3024112062 2.1695404164 0.3491247199 0.0314014370 0.7574401902 0.0219502102
0.6840000000 0.3491279030 0.0899528509 0.3024148714 2.1695477759 0.3491279030 0.0314050502 0.7574496654 0.0216932690
0.6860000000 0.3491338396 0.0899710815 0.3024218822 2.1695627951 0.3491338396 0.0314119491 0.7574677889 0.0193669428
0.6880000000 0.3491439490 0.0900024892 0.3024339594 2.1695893968 0.3491439490 0.0314238245 0.7574990097 0.0156774020
0.6900000000 0.3491593614 0.0900506373 0.3024524737 2.1696307051 0.3491593614 0.0314420230 0.7575468714 0.0110865495
0.6920000000 0.3491801025 0.0901156042 0.3024774564 2.1696867900 0.3491801025 0.0314665759 0.7576114557 0.0060589015
0.6940000000 0.3492045821 0.0901923720 0.3025069790 2.1697532542 0.3492045821 0.0314955896 0.7576877784 0.0012313631
0.6960000000 0.3492300838 0.0902723715 0.3025377470 2.1698225847 0.3492300838 0.0315258279 0.7577673230 0.0027565080
0.6980000000 0.3492540378 0.0903474982 0.3025666434 2.1698876728 0.3492540378 0.0315542285 0.7578420312 0.0061353091
0.7000000000 0.3492746557 0.0904121135 0.3025914989 2.1699435712 0.3492746557 0.0315786598 0.7579062938 0.0093289673
0.7020000000 0.3492909803 0.0904632001 0.3026111518 2.1699876303 0.3492909803 0.0315979799 0.7579571066 0.0122185163
0.7040000000 0.3493029184 0.0905004660 0.3026254890 2.1700195911 0.3493029184 0.0316120769 0.7579941762 0.0124143045
0.7060000000 0.3493114624 0.0905270408 0.3026357137 2.1700421971 0.3493114624 0.0316221330 0.7580206133 0.0022852947
0.7080000000 0.3493192417 0.0905512151 0.3026450152 2.1700627190 0.3493192417 0.0316312818 0.7580446635 0.0127959678
0.7100000000 0.3493298651 0.0905843647 0.3026577700 2.1700911335 0.3493298651 0.0316438239 0.7580776428 0.0217783209
0.7120000000 0.3493485376 0.0906428991 0.3026802921 2.1701418381 0.3493485376 0.0316659642 0.7581358775 0.0247921040
0.7140000000 0.3493842845 0.0907552664 0.3027235299 2.1702398007 0.3493842845 0.0317084638 0.7582476799 0.0245078835
0.7160000000 0.3494521379 0.0909688356 0.3028057227 2.1704266200 0.3494521379 0.0317892541 0.7584602225 0.0227117508
0.7180000000 0.3495746447 0.0913546118 0.3029542371 2.1707647298 0.3495746447 0.0319352560 0.7588443092 0.0202923836
0.7200000000 0.3497817330 0.0920067241 0.3032054247 2.1713371022 0.3497817330 0.0321822714 0.7594940545 0.0176748939
0.7220000000 0.3501081781 0.0930342629 0.3036015833 2.1722403658 0.3501081781 0.0325720563 0.7605191169 0.0150806845
0.7240000000 0.3505888475 0.0945460305 0.3041852359 2.1735718168 0.3505888475 0.0331467839 0.7620300383 0.0126397537
0.7260000000 0.3512530854 0.0966325687 0.3049923685 2.1754140480 0.3512530854 0.0339424879 0.7641208963 0.0104321111
0.7280000000 0.3521201816 0.0993517090 0.3060469616 2.1778224918 0.3521201816 0.0349837418 0.7668552514 0.0085016670
0.7300000000 0.3531973670 0.1027222982 0.3073585490 2.1808198216 0.3531973670 0.0362812453 0.7702598189 0.0068625802
0.7320000000 0.3544805674 0.1067268437 0.3089230859 2.1843978558 0.3544805674 0.0378325921 0.7743265914 0.0055054450
0.7340000000 0.3559570794 0.1113203423 0.3107261245 2.1885246998 0.3559570794 0.0396252639 0.7790208603 0.0044046898
0.7360000000 0.3576089341 0.1164412828 0.3127468239 2.1931538010 0.3576089341 0.0416404430 0.7842913930 0.0035260519
0.7380000000 0.3594159626 0.1220216078 0.3149616130 2.1982322319 0.3594159626 0.0438565136 0.7900797537 0.0028327482
0.7400000000 0.3613580643 0.1279940344 0.3173469097 2.2037068556 0.3613580643 0.0462516765 0.7963272436 0.0022897461
0.7420000000 0.3634166043 0.1342965139 0.3198808038 2.2095281553 0.3634166043 0.0488055831 0.8029792193 0.0018660974
0.7440000000 0.3655750977 0.1408743630 0.3225438892 2.2156521439 0.3655750977 0.0515001590 0.8099872490 0.0015358312
0.7460000000 0.3678194041 0.1476808088 0.3253195108 2.2220409494 0.3678194041 0.0543198671 0.8173097779 0.0012779230
0.7480000000 0.3701376333 0.1546766094 0.3281936639 2.2286626105 0.3701376333 0.0572516341 0.8249119041 0.0010757524
0.7500000000 0.3725199083 0.1618292248 0.3311547211 2.2354904795 0.3725199083 0.0602846080 0.8327647085 0.0009164073
0.7520000000 0.3749580778 0.1691118392 0.3341930961 2.2425024772 0.3749580778 0.0634098502 0.8408444184 0.0007899546
0.7540000000 0.3774454301 0.1765023996 0.3373009071 2.2496803431 0.3774454301 0.0666200241 0.8491315647 0.0006887993
0.7560000000 0.3799764335 0.1839827511 0.3404716710 2.2570089536 0.3799764335 0.0699091096 0.8576102126 0.0006071557
0.7580000000 0.3825465130 0.1915378956 0.3437000385 2.2644757281 0.3825465130 0.0732721541 0.8662672934 0.0005406064
0.7600000000 0.3851518632 0.1991553760 0.3469815730 2.2720701340 0.3851518632 0.0767050641 0.8750920454 0.0004857794
0.7620000000 0.3877892956 0.2068247732 0.3503125678 2.2797832780 0.3877892956 0.0802044331 0.8840755515 0.0004400874
0.7640000000 0.3904561141 0.2145372990 0.3536898991 2.2876075733 0.3904561141 0.0837674001 0.8932103636 0.0004015305
0.7660000000 0.3931500144 0.2222854697 0.3571109050 2.2955364710 0.3931500144 0.0873915356 0.9024901967 0.0003685611
0.7680000000 0.3958690035 0.2300628427 0.3605732890 2.3035642405 0.3958690035 0.0910747483 0.9119096803 0.0003399600
0.7700000000 0.3986113331 0.2378638049 0.3640750410 2.3116857928 0.3986113331 0.0948152084 0.9214641557 0.0003147630
0.7720000000 0.4013754468 0.2456834008 0.3676143721 2.3198965344 0.4013754468 0.0986112848 0.9311495081 0.0002921969
0.7740000000 0.4041599351 0.2535171919 0.3711896607 2.3281922451 0.4041599351 0.1024614918 0.9409620266 0.0002716256
0.7760000000 0.4069634981 0.2613611404 0.3747994073 2.3365689766 0.4069634981 0.1063644440 0.9508982844 0.0002525222
0.7780000000 0.4097849143 0.2692115107 0.3784421945 2.3450229625 0.4097849143 0.1103188159 0.9609550337 0.0002344310
0.7800000000 0.4126230115 0.2770647844 0.3821166521 2.3535505391 0.4126230115 0.1143233057 0.9711291112 0.0002169489
0.7820000000 0.4154766416 0.2849175850 0.3858214243 2.3621480729 0.4154766416 0.1183766014 0.9814173484 0.0001997073
0.7840000000 0.4183446566 0.2927666087 0.3895551387 2.3708118888 0.4183446566 0.1224773464 0.9918164855 0.0001823453
0.7860000000 0.4212258842 0.3006085584 0.3933163751 2.3795382010 0.4212258842 0.1266241058 1.0023230826 0.0001645056
0.7880000000 0.4241191035 0.3084400778 0.3971036323 2.3883230386 0.4241191035 0.1308153293 1.0129334260 0.0001458085
0.7900000000 0.4270230191 0.3162576831 0.4009152937 2.3971621659 0.4270230191 0.1350493107 1.0236434252 0.0001258364
0.7920000000 0.4299362315 0.3240576897 0.4047495868 2.4060509932 0.4299362315 0.1393241419 1.0344484969 0.0001041180
0.7940000000 0.4328572047 0.3318361298 0.4086045384 2.4149844737 0.4328572047 0.1436376596 1.0453434286 0.0000800987
0.7960000000 0.4357842268 0.3395886586 0.4124779205 2.4239569822 0.4357842268 0.1479873810 1.0563222194 0.0000531215
0.7980000000 0.4387153653 0.3473104445 0.4163671870 2.4329621720 0.4387153653 0.1523704285 1.0673778881 0.0000223979
0.8000000000 0.4416484122 0.3549960396 0.4202693969 2.4419927981 0.4416484122 0.1567834372 1.0785022419 0.0000129511
0.8020000000 0.4445808244 0.3626392286 0.4241811257 2.4510404998 0.4445808244 0.1612224472 1.0896856061 0.0000538927
0.8040000000 0.4475096610 0.3702329053 0.4280983825 2.4600956466 0.4475096610 0.1656828019 1.1009165689 0.0001016803
0.8060000000 0.4504315048 0.3777688909 0.4320164981 2.4691470814 0.4504315048 0.1701590100 1.1121816355 0.0001579354
0.8080000000 0.4533423632 0.3852377017 0.4359299812 2.4781817906 0.4533423632 0.1746445701 1.1234647893 0.0002245631
0.8100000000 0.4562375564 0.3926282968 0.4398323591 2.4871845459 0.4562375564 0.1791317747 1.1347469996 0.0003037541
0.8120000000 0.4591115995 0.3999278140 0.4437160073 2.4961375227 0.4591115995 0.1836114984 1.1460056907 0.0003979884
0.8140000000 0.4619580824 0.4071213088 0.4475719746 2.5050199126 0.4619580824 0.1880729791 1.1572141952 0.0005100106
0.8160000000 0.4647695581 0.4141915191 0.4513898191 2.5138075603 0.4647695581 0.1925036093 1.1683412290 0.0006427715
0.8180000000 0.4675374536 0.4211186879 0.4551574727 2.5224726714 0.4675374536 0.1968887590 1.1793504496 0.0007993338
0.8200000000 0.4702520210 0.4278804888 0.4588611611 2.5309836474 0.4702520210 0.2012116646 1.1902001753 0.0009827424
0.8220000000 0.4729023512 0.4344520999 0.4624854110 2.5393051213 0.4729023512 0.2054534195 1.2008433624 0.0011958644
0.8240000000 0.4754764733 0.4408064802 0.4660131772 2.5473982659 0.4754764733 0.2095931106 1.2112279437 0.0014412121
0.8260000000 0.4779615600 0.4469148897 0.4694261195 2.5552214439 0.4779615600 0.2136081379 1.2212976274 0.0017207628
0.8280000000 0.4803442537 0.4527476809 0.4727050536 2.5627312456 0.4803442537 0.2174747469 1.2309932276 0.0020357933
0.8300000000 0.4826111160 0.4582753606 0.4758305787 2.5698839246 0.4826111160 0.2211687832 1.2402545488 0.0023867490
0.8320000000 0.4847491860 0.4634698848 0.4787838662 2.5766371862 0.4847491860 0.2246666494 1.2490227786 0.0027731589
0.8340000000 0.4867466161 0.4683061066 0.4815475634 2.5829522289 0.4867466161 0.2279464127 1.2572432571 0.0031936086
0.8360000000 0.4885933346 0.4727632605 0.4841067433 2.5887958756 0.4885933346 0.2309889779 1.2648684094 0.0036457733
0.8380000000 0.4902816710 0.4768263396 0.4864498087 2.5941425930 0.4902816710 0.2337792146 1.2718605654 0.0041265077
0.8400000000 0.4918068774 0.4804872126 0.4885692528 2.5989761763 0.4918068774 0.2363069156 1.2781943577 0.0046319849
0.8420000000 0.4931674798 0.4837453445 0.4904621839 2.6032908989 0.4931674798 0.2385674724 1.2838584119 0.0051578699
0.8440000000 0.4943654169 0.4866080274 0.4921305472 2.6070919765 0.4943654169 0.2405621803 1.2888561120 0.0056995141
0.8460000000 0.4954059430 0.4890900788 0.4935810114 2.6103952789 0.4954059430 0.2422981317 1.2932053347 0.0062521541
0.8480000000 0.4962973059 0.4912130394 0.4948245321 2.6132263169 0.4962973059 0.2437877081 1.2969371808 0.0068110992
0.8500000000 0.4970502366 0.4930039556 0.4958756418 2.6156186232 0.4970502366 0.2450477327 1.3000938554 0.0073718954
0.8520000000 0.4976773092 0.4944938834 0.4967515523 2.6176117132 0.4976773092 0.2460983853 1.3027259539 0.0079304555
0.8540000000 0.4981922414 0.4957162702 0.4974711657 2.6192488495 0.4981922414 0.2469619997 1.3048894550 0.0084831486
0.8560000000 0.4986092035 0.4967053703 0.4980540957 2.6205748315 0.4986092035 0.2476618690 1.3066427293 0.0090268461
0.8580000000 0.4989421963 0.4974948242 0.4985197816 2.6216339987 0.4989421963 0.2482211602 1.3080438251 0.0095589226
0.8600000000 0.4992045384 0.4981164966 0.4988867571 2.6224685840 0.4992045384 0.2486620157 1.3091482188 0.0100772145
0.8620000000 0.4994084860 0.4985996200 0.4991721056 2.6231174886 0.4994084860 0.2490048813 1.3100071336 0.0105799363
0.8640000000 0.4995649890 0.4989702527 0.4993911075 2.6236154923 0.4995649890 0.2492680688 1.3106664445 0.0110655543
0.8660000000 0.4996835720 0.4992510249 0.4995570665 2.6239928649 0.4996835720 0.2494675354 1.3111661275 0.0115326144
0.8680000000 0.4997723207 0.4994611252 0.4996812833 2.6242753136 0.4997723207 0.2496168456 1.3115401635 0.0119795105
0.8700000000 0.4998379473 0.4996164695 0.4997731438 2.6244841857 0.4998379473 0.2497272705 1.3118167880 0.0124041741
0.8720000000 0.4998859100 0.4997299923 0.4998402828 2.6246368446 0.4998859100 0.2498079819 1.3120189774 0.0128036446
0.8740000000 0.4999205631 0.4998120077 0.4998887927 2.6247471441 0.4999205631 0.2498663003 1.3121650703 0.0131734622
0.8760000000 0.4999453188 0.4998705959 0.4999234485 2.6248259424 0.4999453188 0.2499079645 1.3122694427 0.0135067878
0.8780000000 0.4999628069 0.4999119829 0.4999479306 2.6248816084 0.4999628069 0.2499373982 1.3123431768 0.0137931160
0.8800000000 0.4999750226 0.4999408917 0.4999650321 2.6249204925 0.4999750226 0.2499579586 1.3123946825 0.0140163911
0.8820000000 0.4999834577 0.4999608533 0.4999768409 2.6249473426 0.4999834577 0.2499721561 1.3124302486 0.0141522997
0.8840000000 0.4999892122 0.4999744712 0.4999848972 2.6249656603 0.4999892122 0.2499818420 1.3124545125 0.0141645539
0.8860000000 0.4999930869 0.4999836406 0.4999903217 2.6249779943 0.4999930869 0.2499883639 1.3124708505 0.0140003195
0.8880000000 0.4999956577 0.4999897243 0.4999939208 2.6249861776 0.4999956577 0.2499926910 1.3124816904 0.0135861641
0.8900000000 0.4999973343 0.4999936918 0.4999962680 2.6249915145 0.4999973343 0.2499955130 1.3124887598 0.0128292708
0.8920000000 0.4999984053 0.4999962262 0.4999977674 2.6249949237 0.4999984053 0.2499973158 1.3124932757 0.0116355445
0.8940000000 0.4999990726 0.4999978053 0.4999987016 2.6249970477 0.4999990726 0.2499984389 1.3124960893 0.0099620437
0.8960000000 0.4999994762 0.4999987604 0.4999992666 2.6249983325 0.4999994762 0.2499991183 1.3124977912 0.0079012949
0.8980000000 0.4999997124 0.4999993194 0.4999995973 2.6249990845 0.4999997124 0.2499995159 1.3124987872 0.0057244823
0.9000000000 0.4999998461 0.4999996357 0.4999997845 2.6249995100 0.4999998461 0.2499997409 1.3124993509 0.0037795867
0.9020000000 0.4999999194 0.4999998092 0.4999998871 2.6249997434 0.4999999194 0.2499998643 1.3124996600 0.0022984626
0.9040000000 0.4999999585 0.4999999019 0.4999999419 2.6249998680 0.4999999585 0.2499999302 1.3124998251 0.0013107202
0.9060000000 0.4999999790 0.4999999503 0.4999999706 2.6249999331 0.4999999790 0.2499999646 1.3124999114 0.0007136431
0.9080000000 0.4999999895 0.4999999751 0.4999999853 2.6249999666 0.4999999895 0.2499999823 1.3124999557 0.0003761878
0.9100000000 0.4999999948 0.4999999877 0.4999999927 2.6249999835 0.4999999948 0.2499999913 1.3124999781 0.0001937732
0.9120000000 0.4999999975 0.4999999940 0.4999999964 2.6249999919 0.4999999975 0.2499999957 1.3124999893 0.0000980772
0.9140000000 0.4999999988 0.4999999971 0.4999999983 2.6249999961 0.4999999988 0.2499999979 1.3124999948 0.0000489345
0.9160000000 0.4999999994 0.4999999986 0.4999999992 2.6249999981 0.4999999994 0.2499999990 1.3124999975 0.0000241108
0.9180000000 0.4999999997 0.4999999993 0.4999999996 2.6249999991 0.4999999997 0.2499999995 1.3124999988 0.0000117435
0.9200000000 0.4999999999 0.4999999997 0.4999999998 2.6249999996 0.4999999999 0.2499999998 1.3124999994 0.0000056576
0.9220000000 0.4999999999 0.4999999999 0.4999999999 2.6249999998 0.4999999999 0.2499999999 1.3124999997 0.0000026969
0.9240000000 0.5000000000 0.4999999999 0.5000000000 2.6249999999 0.5000000000 0.2500000000 1.3124999999 0.0000012724
0.9260000000 0.5000000000 0.5000000000 0.5000000000 2.6250000000 0.5000000000 0.2500000000 1.3124999999 0.0000005943
0.9280000000 0.5000000000 0.5000000000 0.5000000000 2.6250000000 0.5000000000 0.2500000000 1.3125000000 0.0000002748
0.9300000000 0.5000000000 0.5000000000 0.5000000000 2.6250000000 0.5000000000 0.2500000000 1.3125000000 0.0000001258
0.9320000000 0.5000000000 0.5000000000 0.5000000000 2.6250000000 0.5000000000 0.2500000000 1.3125000000 0.0000000570
0.9340000000 0.5000000000 0.5000000000 0.5000000000 2.6250000000 0.5000000000 0.2500000000 1.3125000000 0.0000000257
0.9360000000 0.5000000000 0.5000000000 0.5000000000 2.6250000000 0.5000000000 0.2500000000 1.3125000000 0.0000000114
0.9380000000 0.5000000000 0.5000000000 0.5000000000 2.6250000000 0.5000000000 0.2500000000 1.3125000000 0.0000000050
0.9400000000 0.5000000000 0.5000000000 0.5000000000 2.6250000000 0.5000000000 0.2500000000 1.3125000000 0.0000000022
0.9420000000 0.5000000000 0.5000000000 0.5000000000 2.6250000000 0.5000000000 0.2500000000 1.3125000000 0.0000000009
0.9440000000 0.5000000000 0.5000000000 0.5000000000 2.6250000000 0.5000000000 0.2500000000 1.3125000000 0.0000000004
0.9460000000 0.5000000000 0.5000000000 0.5000000000 2.6250000000 0.5000000000 0.2500000000 1.3125000000 0.0000000002
0.9480000000 0.5000000000 0.5000000000 0.5000000000 2.6250000000 0.5000000000 0.2500000000 1.3125000000 0.0000000001
0.9500000000 0.5000000000 0.5000000000 0.5000000000 2.6250000000 0.5000000000 0.2500000000 1.3125000000 0.0000000000
0.9520000000 0.5000000000 0.5000000000 0.5000000000 2.6250000000 0.5000000000 0.2500000000 1.3125000000 0.0000000000
0.9540000000 0.5000000000 0.5000000000 0.5000000000 2.6250000000 0.5000000000 0.2500000000 1.3125000000 0.0000000000
0.9560000000 0.5000000000 0.5000000000 0.5000000000 2.6250000000 0.5000000000 0.2500000000 1.3125000000 0.0000000000
0.9580000000 0.5000000000 0.5000000000 0.5000000000 2.6250000000 0.5000000000 0.2500000000 1.3125000000 0.0000000000
0.9600000000 0.5000000000 0.5000000000 0.5000000000 2.6250000000 0.5000000000 0.2500000000 1.3125000000 0.0000000000
0.9620000000 0.5000000000 0.5000000000 0.5000000000 2.6250000000 0.5000000000 0.2500000000 1.3125000000 0.0000000000
0.9640000000 0.5000000000 0.5000000000 0.5000000000 2.6250000000 0.5000000000 0.2500000000 1.3125000000 0.0000000000
0.9660000000 0.5000000000 0.5000000000 0.5000000000 2.6250000000 0.5000000000 0.2500000000 1.3125000000 0.0000000000
0.9680000000 0.5000000000 0.5000000000 0.5000000000 2.6250000000 0.5000000000 0.2500000000 1.3125000000 0.0000000000
0.9700000000 0.5000000000 0.5000000000 0.5000000000 2.6250000000 0.5000000000 0.2500000000 1.3125000000 0.0000000000
0.9720000000 0.5000000000 0.5000000000 0.5000000000 2.6250000000 0.5000000000 0.2500000000 1.3125000000 0.0000000000
0.9740000000 0.5000000000 0.5000000000 0.5000000000 2.6250000000 0.5000000000 0.2500000000 1.3125000000 0.0000000000
0.9760000000 0.5000000000 0.5000000000 0.5000000000 2.6250000000 0.5000000000 0.2500000000 1.3125000000 0.0000000000
0.9780000000 0.5000000000 0.5000000000 0.5000000000 2.6250000000 0.5000000000 0.2500000000 1.3125000000 0.0000000000
0.9800000000 0.5000000000 0.5000000000 0.5000000000 2.6250000000 0.5000000000 0.2500000000 1.3125000000 0.0000000000
0.9820000000 0.5000000000 0.5000000000 0.5000000000 2.6250000000 0.5000000000 0.2500000000 1.3125000000 0.0000000000
0.9840000000 0.5000000000 0.5000000000 0.5000000000 2.6250000000 0.5000000000 0.2500000000 1.3125000000 0.0000000000
0.9860000000 0.5000000000 0.5000000000 0.5000000000 2.6250000000 0.5000000000 0.2500000000 1.3125000000 0.0000000000
0.9880000000 0.5000000000 0.5000000000 0.5000000000 2.6250000000 0.5000000000 0.2500000000 1.3125000000 0.0000000000
0.9900000000 0.5000000000 0.5000000000 0.5000000000 2.6250000000 0.5000000000 0.2500000000 1.3125000000 0.0000000000
0.9920000000 0.5000000000 0.5000000000 0.5000000000 2.6250000000 0.5000000000 0.2500000000 1.3125000000 0.0000000000
0.9940000000 0.5000000000 0.5000000000 0.5000000000 2.6250000000 0.5000000000 0.2500000000 1.3125000000 0.0000000000
0.9960000000 0.5000000000 0.5000000000 0.5000000000 2.6250000000 0.5000000000 0.2500000000 1.3125000000 0.0000000000
0.9980000000 0.5000000000 0.5000000000 0.5000000000 2.6250000000 0.5000000000 0.2500000000 1.3125000000 0.0000000000
1.0000000000 0.5000000000 0.5000000000 0.5000000000 2.6250000000 0.5000000000 0.2500000000 1.3125000000 0.0000000000
