TITLE = "1D Euler Filtered MacCormack Result"
VARIABLES = "x", "rho", "u", "p", "E", "rho_conserved", "rhou", "rhoE", "nu"
ZONE T="t=0.20000000", I=501, F=POINT
0.0000000000 1.0000000000 -0.2000000000 0.5000000000 1.2700000000 1.0000000000 -0.2000000000 1.2700000000 0.0000000000
0.0020000000 1.0000000000 -0.2000000000 0.5000000000 1.2700000000 1.0000000000 -0.2000000000 1.2700000000 0.0000000000
0.0040000000 1.0000000000 -0.2000000000 0.5000000000 1.2700000000 1.0000000000 -0.2000000000 1.2700000000 0.0000000000
0.0060000000 1.0000000000 -0.2000000000 0.5000000000 1.2700000000 1.0000000000 -0.2000000000 1.2700000000 0.0000000000
0.0080000000 1.0000000000 -0.2000000000 0.5000000000 1.2700000000 1.0000000000 -0.2000000000 1.2700000000 0.0000000000
0.0100000000 1.0000000000 -0.2000000000 0.5000000000 1.2700000000 1.0000000000 -0.2000000000 1.2700000000 0.0000000000
0.0120000000 1.0000000000 -0.2000000000 0.5000000000 1.2700000000 1.0000000000 -0.2000000000 1.2700000000 0.0000000000
0.0140000000 1.0000000000 -0.2000000000 0.5000000000 1.2700000000 1.0000000000 -0.2000000000 1.2700000000 0.0000000000
0.0160000000 1.0000000000 -0.2000000000 0.5000000000 1.2700000000 1.0000000000 -0.2000000000 1.2700000000 0.0000000000
0.0180000000 1.0000000000 -0.2000000000 0.5000000000 1.2700000000 1.0000000000 -0.2000000000 1.2700000000 0.0000000000
0.0200000000 1.0000000000 -0.2000000000 0.5000000000 1.2700000000 1.0000000000 -0.2000000000 1.2700000000 0.0000000000
0.0220000000 1.0000000000 -0.2000000000 0.5000000000 1.2700000000 1.0000000000 -0.2000000000 1.2700000000 0.0000000000
0.0240000000 1.0000000000 -0.2000000000 0.5000000000 1.2700000000 1.0000000000 -0.2000000000 1.2700000000 0.0000000000
0.0260000000 1.0000000000 -0.2000000000 0.5000000000 1.2700000000 1.0000000000 -0.2000000000 1.2700000000 0.0000000000
0.0280000000 1.0000000000 -0.2000000000 0.5000000000 1.2700000000 1.0000000000 -0.2000000000 1.2700000000 0.0000000000
0.0300000000 1.0000000000 -0.2000000000 0.5000000000 1.2700000000 1.0000000000 -0.2000000000 1.2700000000 0.0000000000
0.0320000000 1.0000000000 -0.2000000000 0.5000000000 1.2700000000 1.0000000000 -0.2000000000 1.2700000000 0.0000000000
0.0340000000 1.0000000000 -0.2000000000 0.5000000000 1.2700000000 1.0000000000 -0.2000000000 1.2700000000 0.0000000000
0.0360000000 1.0000000000 -0.2000000000 0.5000000000 1.2700000000 1.0000000000 -0.2000000000 1.2700000000 0.0000000000
0.0380000000 1.0000000000 -0.2000000000 0.5000000000 1.2700000000 1.0000000000 -0.2000000000 1.2700000000 0.0000000000
0.0400000000 1.0000000000 -0.2000000000 0.5000000000 1.2700000000 1.0000000000 -0.2000000000 1.2700000000 0.0000000000
0.0420000000 1.0000000000 -0.2000000000 0.5000000000 1.2700000000 1.0000000000 -0.2000000000 1.2700000000 0.0000000000
0.0440000000 1.0000000000 -0.2000000000 0.5000000000 1.2700000000 1.0000000000 -0.2000000000 1.2700000000 0.0000000000
0.0460000000 1.0000000000 -0.2000000000 0.5000000000 1.2700000000 1.0000000000 -0.2000000000 1.2700000000 0.0000000000
0.0480000000 1.0000000000 -0.2000000000 0.5000000000 1.2700000000 1.0000000000 -0.2000000000 1.2700000000 0.0000000000
0.0500000000 1.0000000000 -0.2000000000 0.5000000000 1.2700000000 1.0000000000 -0.2000000000 1.2700000000 0.0000000000
0.0520000000 1.0000000000 -0.2000000000 0.5000000000 1.2700000000 1.0000000000 -0.2000000000 1.2700000000 0.0000000000
0.0540000000 1.0000000000 -0.2000000000 0.5000000000 1.2700000000 1.0000000000 -0.2000000000 1.2700000000 0.0000000000
0.0560000000 1.0000000000 -0.2000000000 0.5000000000 1.2700000000 1.0000000000 -0.2000000000 1.2700000000 0.0000000000
0.0580000000 1.0000000000 -0.2000000000 0.5000000000 1.2700000000 1.0000000000 -0.2000000000 1.2700000000 0.0000000000
0.0600000000 1.0000000000 -0.2000000000 0.5000000000 1.2700000000 1.0000000000 -0.2000000000 1.2700000000 0.0000000000
0.0620000000 1.0000000000 -0.2000000000 0.5000000000 1.2700000000 1.0000000000 -0.2000000000 1.2700000000 0.0000000000
0.0640000000 1.0000000000 -0.2000000000 0.5000000000 1.2700000000 1.0000000000 -0.2000000000 1.2700000000 0.0000000000
0.0660000000 1.0000000000 -0.2000000000 0.5000000000 1.2700000000 1.0000000000 -0.2000000000 1.2700000000 0.0000000000
0.0680000000 1.0000000000 -0.2000000000 0.5000000000 1.2700000000 1.0000000000 -0.2000000000 1.2700000000 0.0000000000
0.0700000000 1.0000000000 -0.2000000000 0.5000000000 1.2700000000 1.0000000000 -0.2000000000 1.2700000000 0.0000000000
0.0720000000 1.0000000000 -0.2000000000 0.5000000000 1.2700000000 1.0000000000 -0.2000000000 1.2700000000 0.0000000000
0.0740000000 1.0000000000 -0.2000000000 0.5000000000 1.2700000000 1.0000000000 -0.2000000000 1.2700000000 0.0000000000
0.0760000000 1.0000000000 -0.2000000000 0.5000000000 1.2700000000 1.0000000000 -0.2000000000 1.2700000000 0.0000000000
0.0780000000 1.0000000000 -0.2000000000 0.5000000000 1.2700000000 1.0000000000 -0.2000000000 1.2700000000 0.0000000000
0.0800000000 1.0000000000 -0.2000000000 0.5000000000 1.2700000000 1.0000000000 -0.2000000000 1.2700000000 0.0000000000
0.0820000000 1.0000000000 -0.2000000000 0.5000000000 1.2700000000 1.0000000000 -0.2000000000 1.2700000000 0.0000000000
0.0840000000 1.0000000000 -0.2000000000 0.5000000000 1.2700000000 1.0000000000 -0.2000000000 1.2700000000 0.0000000000
0.0860000000 1.0000000000 -0.2000000000 0.5000000000 1.2700000000 1.0000000000 -0.2000000000 1.2700000000 0.0000000000
0.0880000000 1.0000000000 -0.2000000000 0.5000000000 1.2700000000 1.0000000000 -0.2000000000 1.2700000000 0.0000000000
0.0900000000 1.0000000000 -0.2000000000 0.5000000000 1.2700000000 1.0000000000 -0.2000000000 1.2700000000 0.0000000000
0.0920000000 1.0000000000 -0.2000000000 0.5000000000 1.2700000000 1.0000000000 -0.2000000000 1.2700000000 0.0000000000
0.0940000000 1.0000000000 -0.2000000000 0.5000000000 1.2700000000 1.0000000000 -0.2000000000 1.2700000000 0.0000000000
0.0960000000 1.0000000000 -0.2000000000 0.5000000000 1.2700000000 1.0000000000 -0.2000000000 1.2700000000 0.0000000000
0.0980000000 1.0000000000 -0.2000000000 0.5000000000 1.2700000000 1.0000000000 -0.2000000000 1.2700000000 0.0000000000
0.1000000000 1.0000000000 -0.2000000000 0.5000000000 1.2700000000 1.0000000000 -0.2000000000 1.2700000000 0.0000000000
0.1020000000 1.0000000000 -0.2000000000 0.5000000000 1.2700000000 1.0000000000 -0.2000000000 1.2700000000 0.0000000000
0.1040000000 1.0000000000 -0.2000000000 0.5000000000 1.2700000000 1.0000000000 -0.2000000000 1.2700000000 0.0000000000
0.1060000000 1.0000000000 -0.2000000000 0.5000000000 1.2700000000 1.0000000000 -0.2000000000 1.2700000000 0.0000000000
0.1080000000 1.0000000000 -0.2000000000 0.5000000000 1.2700000000 1.0000000000 -0.2000000000 1.2700000000 0.0000000000
0.1100000000 1.0000000000 -0.2000000000 0.5000000000 1.2700000000 1.0000000000 -0.2000000000 1.2700000000 0.0000000000
0.1120000000 1.0000000000 -0.2000000000 0.5000000000 1.2700000000 1.0000000000 -0.2000000000 1.2700000000 0.0000000000
0.1140000000 1.0000000000 -0.2000000000 0.5000000000 1.2700000000 1.0000000000 -0.2000000000 1.2700000000 0.0000000000
0.1160000000 1.0000000000 -0.2000000000 0.5000000000 1.2700000000 1.0000000000 -0.2000000000 1.2700000000 0.0000000000
0.1180000000 1.0000000000 -0.2000000000 0.5000000000 1.2700000000 1.0000000000 -0.2000000000 1.2700000000 0.0000000000
0.1200000000 1.0000000000 -0.2000000000 0.5000000000 1.2700000000 1.0000000000 -0.2000000000 1.2700000000 0.0000000000
0.1220000000 1.0000000000 -0.2000000000 0.5000000000 1.2700000000 1.0000000000 -0.2000000000 1.2700000000 0.0000000000
0.1240000000 1.0000000000 -0.2000000000 0.5000000000 1.2700000000 1.0000000000 -0.2000000000 1.2700000000 0.0000000000
0.1260000000 1.0000000000 -0.2000000000 0.5000000000 1.2700000000 1.0000000000 -0.2000000000 1.2700000000 0.0000000000
0.1280000000 1.0000000000 -0.2000000000 0.5000000000 1.2700000000 1.0000000000 -0.2000000000 1.2700000000 0.0000000000
0.1300000000 1.0000000000 -0.2000000000 0.5000000000 1.2700000000 1.0000000000 -0.2000000000 1.2700000000 0.0000000000
0.1320000000 1.0000000000 -0.2000000000 0.5000000000 1.2700000000 1.0000000000 -0.2000000000 1.2700000000 0.0000000000
0.1340000000 1.0000000000 -0.2000000000 0.5000000000 1.2700000000 1.0000000000 -0.2000000000 1.2700000000 0.0000000000
0.1360000000 1.0000000000 -0.2000000000 0.5000000000 1.2700000000 1.0000000000 -0.2000000000 1.2700000000 0.0000000000
0.1380000000 1.0000000000 -0.2000000000 0.5000000000 1.2700000000 1.0000000000 -0.2000000000 1.2700000000 0.0000000000
0.1400000000 1.0000000000 -0.2000000000 0.5000000000 1.2700000000 1.0000000000 -0.2000000000 1.2700000000 0.0000000000
0.1420000000 1.0000000000 -0.2000000000 0.5000000000 1.2700000000 1.0000000000 -0.2000000000 1.2700000000 0.0000000000
0.1440000000 1.0000000000 -0.2000000000 0.5000000000 1.2700000000 1.0000000000 -0.2000000000 1.2700000000 0.0000000000
0.1460000000 1.0000000000 -0.2000000000 0.5000000000 1.2700000000 1.0000000000 -0.2000000000 1.2700000000 0.0000000000
0.1480000000 1.0000000000 -0.2000000000 0.5000000000 1.2700000000 1.0000000000 -0.2000000000 1.2700000000 0.0000000000
0.1500000000 1.0000000000 -0.2000000000 0.5000000000 1.2700000000 1.0000000000 -0.2000000000 1.2700000000 0.0000000000
0.1520000000 1.0000000000 -0.2000000000 0.5000000000 1.2700000000 1.0000000000 -0.2000000000 1.2700000000 0.0000000000
0.1540000000 1.0000000000 -0.2000000000 0.5000000000 1.2700000000 1.0000000000 -0.2000000000 1.2700000000 0.0000000000
0.1560000000 1.0000000000 -0.2000000000 0.5000000000 1.2700000000 1.0000000000 -0.2000000000 1.2700000000 0.0000000000
0.1580000000 1.0000000000 -0.2000000000 0.5000000000 1.2700000000 1.0000000000 -0.2000000000 1.2700000000 0.0000000000
0.1600000000 1.0000000000 -0.2000000000 0.5000000000 1.2700000000 1.0000000000 -0.2000000000 1.2700000000 0.0000000000
0.1620000000 1.0000000000 -0.2000000000 0.5000000000 1.2700000000 1.0000000000 -0.2000000000 1.2700000000 0.0000000000
0.1640000000 1.0000000000 -0.2000000000 0.5000000000 1.2700000000 1.0000000000 -0.2000000000 1.2700000000 0.0000000000
0.1660000000 1.0000000000 -0.2000000000 0.5000000000 1.2700000000 1.0000000000 -0.2000000000 1.2700000000 0.0000000000
0.1680000000 1.0000000000 -0.2000000000 0.5000000000 1.2700000000 1.0000000000 -0.2000000000 1.2700000000 0.0000000000
0.1700000000 1.0000000000 -0.2000000000 0.5000000000 1.2700000000 1.0000000000 -0.2000000000 1.2700000000 0.0000000000
0.1720000000 1.0000000000 -0.2000000000 0.5000000000 1.2700000000 1.0000000000 -0.2000000000 1.2700000000 0.0000000000
0.1740000000 1.0000000000 -0.2000000000 0.5000000000 1.2700000000 1.0000000000 -0.2000000000 1.2700000000 0.0000000000
0.1760000000 1.0000000000 -0.2000000000 0.5000000000 1.2700000000 1.0000000000 -0.2000000000 1.2700000000 0.0000000000
0.1780000000 1.0000000000 -0.2000000000 0.5000000000 1.2700000000 1.0000000000 -0.2000000000 1.2700000000 0.0000000000
0.1800000000 1.0000000000 -0.2000000000 0.5000000000 1.2700000000 1.0000000000 -0.2000000000 1.2700000000 0.0000000000
0.1820000000 1.0000000000 -0.2000000000 0.5000000000 1.2700000000 1.0000000000 -0.2000000000 1.2700000000 0.0000000000
0.1840000000 1.0000000000 -0.2000000000 0.5000000000 1.2700000000 1.0000000000 -0.2000000000 1.2700000000 0.0000000000
0.1860000000 1.0000000000 -0.2000000000 0.5000000000 1.2700000000 1.0000000000 -0.2000000000 1.2700000000 0.0000000000
0.1880000000 1.0000000000 -0.2000000000 0.5000000000 1.2700000000 1.0000000000 -0.2000000000 1.2700000000 0.0000000001
0.1900000000 1.0000000000 -0.2000000000 0.5000000000 1.2700000000 1.0000000000 -0.2000000000 1.2700000000 0.0000000002
0.1920000000 1.0000000000 -0.2000000000 0.5000000000 1.2700000000 1.0000000000 -0.2000000000 1.2700000000 0.0000000008
0.1940000000 1.0000000000 -0.2000000000 0.5000000000 1.2700000000 1.0000000000 -0.2000000000 1.2700000000 0.0000000022
0.1960000000 1.0000000000 -0.2000000000 0.5000000000 1.2700000000 1.0000000000 -0.2000000000 1.2700000000 0.0000000068
0.1980000000 1.0000000000 -0.2000000000 0.5000000000 1.2700000000 1.0000000000 -0.2000000000 1.2700000000 0.0000000219
0.2000000000 1.0000000000 -0.2000000000 0.5000000000 1.2700000000 1.0000000000 -0.2000000000 1.2700000000 0.0000000651
0.2020000000 1.0000000000 -0.2000000000 0.5000000000 1.2700000000 1.0000000000 -0.2000000000 1.2700000000 0.0000001934
0.2040000000 1.0000000000 -0.2000000000 0.5000000000 1.2700000000 1.0000000000 -0.2000000000 1.2700000000 0.0000005658
0.2060000000 1.0000000000 -0.2000000000 0.5000000000 1.2700000000 1.0000000000 -0.2000000000 1.2700000000 0.0000016270
0.2080000000 1.0000000000 -0.2000000000 0.5000000000 1.2700000000 1.0000000000 -0.2000000000 1.2700000000 0.0000046058
0.2100000000 1.0000000000 -0.2000000000 0.5000000000 1.2700000000 1.0000000000 -0.2000000000 1.2699999999 0.0000128245
0.2120000000 0.9999999999 -0.1999999999 0.4999999999 1.2699999999 0.9999999999 -0.1999999999 1.2699999998 0.0000351152
0.2140000000 0.9999999997 -0.1999999997 0.4999999998 1.2699999998 0.9999999997 -0.1999999997 1.2699999994 0.0000944786
0.2160000000 0.9999999991 -0.1999999992 0.4999999994 1.2699999994 0.9999999991 -0.1999999991 1.2699999983 0.0002493450
0.2180000000 0.9999999976 -0.1999999980 0.4999999983 1.2699999984 0.9999999976 -0.1999999975 1.2699999953 0.0006429910
0.2200000000 0.9999999936 -0.1999999947 0.4999999955 1.2699999958 0.9999999936 -0.1999999934 1.2699999877 0.0016061878
0.2220000000 0.9999999836 -0.1999999863 0.4999999885 1.2699999891 0.9999999836 -0.1999999830 1.2699999683 0.0038190677
0.2240000000 0.9999999591 -0.1999999658 0.4999999714 1.2699999727 0.9999999591 -0.1999999577 1.2699999209 0.0083864388
0.2260000000 0.9999999022 -0.1999999181 0.4999999315 1.2699999347 0.9999999022 -0.1999998986 1.2699998105 0.0163432500
0.2280000000 0.9999997782 -0.1999998144 0.4999998447 1.2699998520 0.9999997782 -0.1999997701 1.2699995703 0.0273302876
0.2300000000 0.9999995285 -0.1999996056 0.4999996700 1.2699996854 0.9999995285 -0.1999995113 1.2699990866 0.0390062650
0.2320000000 0.9999990620 -0.1999992152 0.4999993434 1.2699993740 0.9999990620 -0.1999990276 1.2699981827 0.0488302256
0.2340000000 0.9999982421 -0.1999985292 0.4999987695 1.2699988269 0.9999982421 -0.1999981776 1.2699965944 0.0558188447
0.2360000000 0.9999968663 -0.1999973781 0.4999978064 1.2699979088 0.9999968663 -0.1999967514 1.2699939289 0.0602379840
0.2380000000 0.9999946333 -0.1999955099 0.4999962433 1.2699964186 0.9999946333 -0.1999944365 1.2699896029 0.0627188793
0.2400000000 0.9999910971 -0.1999925513 0.4999937680 1.2699940588 0.9999910971 -0.1999907708 1.2699827522 0.0638417451
0.2420000000 0.9999856026 -0.1999879542 0.4999899218 1.2699903922 0.9999856026 -0.1999850749 1.2699721076 0.0640417112
0.2440000000 0.9999771970 -0.1999809216 0.4999840380 1.2699847830 0.9999771970 -0.1999763614 1.2699558236 0.0636198376
0.2460000000 0.9999645110 -0.1999703075 0.4999751580 1.2699763174 0.9999645110 -0.1999632107 1.2699312473 0.0627761540
0.2480000000 0.9999455999 -0.1999544849 0.4999619205 1.2699636979 0.9999455999 -0.1999436073 1.2698946118 0.0616404913
0.2500000000 0.9999177386 -0.1999311734 0.4999424183 1.2699451062 0.9999177386 -0.1999147268 1.2698406387 0.0602958222
0.2520000000 0.9998771603 -0.1998972210 0.4999140151 1.2699180292 0.9998771603 -0.1998726657 1.2697620329 0.0587945062
0.2540000000 0.9998187344 -0.1998483337 0.4998731202 1.2698790443 0.9998187344 -0.1998121080 1.2696488590 0.0571691442
0.2560000000 0.9997355794 -0.1997787512 0.4998149185 1.2698235616 0.9997355794 -0.1997259256 1.2694877942 0.0554397031
0.2580000000 0.9996186163 -0.1996808721 0.4997330578 1.2697455267 0.9996186163 -0.1996047170 1.2692612665 0.0536181772
0.2600000000 0.9994560745 -0.1995448378 0.4996193051 1.2696370927 0.9994560745 -0.1994363003 1.2689465047 0.0517116700
0.2620000000 0.9992329777 -0.1993580988 0.4994631880 1.2694882796 0.9992329777 -0.1992051867 1.2685145538 0.0497244830
0.2640000000 0.9989306504 -0.1991049944 0.4992516540 1.2692866496 0.9989306504 -0.1988920815 1.2679293383 0.0476595866
0.2660000000 0.9985263055 -0.1987663962 0.4989687861 1.2690170374 0.9985263055 -0.1984734752 1.2671468940 0.0455197087
0.2680000000 0.9979927868 -0.1983194754 0.4985956320 1.2686613887 0.9979927868 -0.1979214059 1.2661149148 0.0433081821
0.2700000000 0.9972985527 -0.1977376625 0.4981102046 1.2681987615 0.9972985527 -0.1972034846 1.2647727894 0.0410296258
0.2720000000 0.9964079887 -0.1969908708 0.4974877169 1.2676055525 0.9964079887 -0.1962832774 1.2630522991 0.0386904951
0.2740000000 0.9952821217 -0.1960460439 0.4967011041 1.2668559948 0.9952821217 -0.1951211225 1.2608791224 0.0362995041
0.2760000000 0.9938797786 -0.1948680606 0.4957218601 1.2659229563 0.9938797786 -0.1936754249 1.2581752275 0.0338679075
0.2780000000 0.9921591820 -0.1934209954 0.4945211833 1.2647790320 0.9921591820 -0.1919044166 1.2548621298 0.0314096177
0.2800000000 0.9900799116 -0.1916696789 0.4930713784 1.2633978791 0.9900799116 -0.1897682987 1.2508648604 0.0289411352
0.2820000000 0.9876050917 -0.1895814517 0.4913474133 1.2617556993 0.9876050917 -0.1872316070 1.2461163531 0.0264812755
0.2840000000 0.9847036056 -0.1871279582 0.4893284852 1.2598327317 0.9847036056 -0.1842655752 1.2405618335 0.0240506867
0.2860000000 0.9813521026 -0.1842867969 0.4869994291 1.2576145959 0.9813521026 -0.1808502356 1.2341627280 0.0216711738
0.2880000000 0.9775365632 -0.1810428443 0.4843517993 1.2550933270 0.9775365632 -0.1769759998 1.2268996174 0.0193648600
0.2900000000 0.9732532307 -0.1773890981 0.4813844896 1.2522679739 0.9732532307 -0.1726445128 1.2187738513 0.0171532366
0.2920000000 0.9685087949 -0.1733269426 0.4781038131 1.2491446858 0.9685087949 -0.1678686683 1.2098076142 0.0150561693
0.2940000000 0.9633198133 -0.1688658148 0.4745230357 1.2457362802 0.9633198133 -0.1626717852 1.2000424409 0.0130909368
0.2960000000 0.9577114599 -0.1640223287 0.4706614339 1.2420613572 0.9577114599 -0.1570860639 1.1895363957 0.0112713859
0.2980000000 0.9517157715 -0.1588189806 0.4665430033 1.2381430781 0.9517157715 -0.1511505286 1.1783602948 0.0096072794
0.3000000000 0.9453696151 -0.1532826004 0.4621949805 1.2340077626 0.9453696151 -0.1449087129 1.1665934435 0.0081039024
0.3020000000 0.9387126064 -0.1474427267 0.4576463450 1.2296834614 0.9387126064 -0.1384063463 1.1543193671 0.0067619686
0.3040000000 0.9317851809 -0.1413300673 0.4529264450 1.2251986423 0.9317851809 -0.1316892623 1.1416219386 0.0055778362
0.3060000000 0.9246269678 -0.1349751688 0.4480638507 1.2205810883 0.9246269678 -0.1248016810 1.1285821907 0.0045440075
0.3080000000 0.9172755489 -0.1284073711 0.4430854916 1.2158570646 0.9172755489 -0.1177849418 1.1152759564 0.0036498495
0.3100000000 0.9097656240 -0.1216540745 0.4380160875 1.2110507642 0.9097656240 -0.1106766950 1.1017723542 0.0028824456
0.3120000000 0.9021285539 -0.1147403068 0.4328778498 1.2061840117 0.9021285539 -0.1035105070 1.0881330383 0.0022274739
0.3140000000 0.8943922211 -0.1076885496 0.4276904075 1.2012761827 0.8943922211 -0.0963158011 1.0744120733 0.0016700076
0.3160000000 0.8865811341 -0.1005187721 0.4224709019 1.1963442852 0.8865811341 -0.0891180469 1.0606562732 0.0011951493
0.3180000000 0.8787167041 -0.0932486161 0.4172341995 1.1914031547 0.8787167041 -0.0819391166 1.0469058533 0.0007884256
0.3200000000 0.8708176344 -0.0858936899 0.4119931783 1.1864657214 0.8708176344 -0.0747977398 1.0331952728 0.0004358734
0.3220000000 0.8629003852 -0.0784679384 0.4067590618 1.1815433213 0.8629003852 -0.0677100143 1.0195541870 0.0001241993
0.3240000000 0.8549796592 -0.0709840675 0.4015417716 1.1766460491 0.8549796592 -0.0606899338 1.0060084381 0.0001561214
0.3260000000 0.8470687295 -0.0634538412 0.3963501732 1.1717830123 0.8470687295 -0.0537497646 0.9925807474 0.0004116214
0.3280000000 0.8391796800 -0.0558881701 0.3911921938 1.1669623223 0.8391796800 -0.0469002167 0.9792910682 0.0006498710
0.3300000000 0.8313237410 -0.0482974676 0.3860750852 1.1621914029 0.8313237410 -0.0401508314 0.9661573048 0.0008794876
0.3320000000 0.8235116575 -0.0406919928 0.3810056746 1.1574772244 0.8235116575 -0.0335103304 0.9531959876 0.0011088830
0.3340000000 0.8157540466 -0.0330821918 0.3759905991 1.1528265108 0.8157540466 -0.0269869318 0.9404228912 0.0013462458
0.3360000000 0.8080617364 -0.0254790430 0.3710365294 1.1482459460 0.8080617364 -0.0205886397 0.9278536129 0.0016005129
0.3380000000 0.8004461263 -0.0178944267 0.3661503941 1.1437423594 0.8004461263 -0.0143235245 0.9155041410 0.0018814720
0.3400000000 0.7929195612 -0.0103415347 0.3613396156 1.1393229319 0.7929195612 -0.0082000052 0.9033914393 0.0022006336
0.3420000000 0.7854957488 -0.0028353365 0.3566123657 1.1349954127 0.7854957488 -0.0022271448 0.8915340716 0.0025722420
0.3440000000 0.7781902425 0.0046068784 0.3519778533 1.1307683432 0.7781902425 0.0035850278 0.8799528913 0.0030135048
0.3460000000 0.7710209736 0.0119648711 0.3474466476 1.1266513334 0.7710209736 0.0092251666 0.8686718079 0.0035464586
0.3480000000 0.7640088665 0.0192147303 0.3430310385 1.1226553411 0.7640088665 0.0146802243 0.8577186346 0.0041987314
0.3500000000 0.7571785050 0.0263280727 0.3387454260 1.1187929730 0.7571785050 0.0199350507 0.8471259907 0.0050046924
0.3520000000 0.7505587962 0.0332712164 0.3346067078 1.1150787896 0.7505587962 0.0249720041 0.8369321940 0.0060069885
0.3540000000 0.7441835545 0.0400044397 0.3306346063 1.1115295275 0.7441835545 0.0297706461 0.8271819947 0.0072564128
0.3560000000 0.7380918079 0.0464815255 0.3268518294 1.1081641880 0.7380918079 0.0343076332 0.8179269090 0.0088111803
0.3580000000 0.7323275636 0.0526499055 0.3232839050 1.1050038444 0.7323275636 0.0385569770 0.8092247731 0.0107342581
0.3600000000 0.7269386884 0.0584518297 0.3199584793 1.1020709812 0.7269386884 0.0424908964 0.8011380336 0.0130868184
0.3620000000 0.7219745098 0.0638270114 0.3169038633 1.0993882318 0.7219745098 0.0460814753 0.7937302797 0.0159197159
0.3640000000 0.7174819170 0.0687170560 0.3141466971 1.0969763992 0.7174819170 0.0493032451 0.7870607298 0.0192631910
0.3660000000 0.7135001196 0.0730715448 0.3117088304 1.0948518492 0.7135001196 0.0521365559 0.7811769254 0.0231165976
0.3680000000 0.7100547700 0.0768549598 0.3096038622 1.0930236979 0.7100547700 0.0545712308 0.7761066904 0.0274442952
0.3700000000 0.7071527717 0.0800529448 0.3078341168 1.0914914118 0.7071527717 0.0566096618 0.7718511771 0.0321791844
0.3720000000 0.7047792951 0.0826761032 0.3063889496 1.0902435438 0.7047792951 0.0582684057 0.7683810763 0.0372327298
0.3740000000 0.7028980831 0.0847599914 0.3052450206 1.0892581297 0.7028980831 0.0595776355 0.7656374514 0.0425104463
0.3760000000 0.7014551936 0.0863610815 0.3043685986 1.0885047440 0.7014551936 0.0605784291 0.7635373059 0.0479274144
0.3780000000 0.7003852651 0.0875497133 0.3037193399 1.0879477304 0.7003852651 0.0613185292 0.7619825596 0.0534196654
0.3800000000 0.6996187285 0.0884018492 0.3032546061 1.0875498396 0.6996187285 0.0618475893 0.7608702359 0.0589527696
0.3820000000 0.6990883814 0.0889914857 0.3029333822 1.0872754942 0.6990883814 0.0622129137 0.7601016653 0.0645294256
0.3840000000 0.6987342351 0.0893850128 0.3027191500 1.0870931585 0.6987342351 0.0624563686 0.7595892066 0.0701980592
0.3860000000 0.6985062239 0.0896380115 0.3025814806 1.0869766294 0.6985062239 0.0626127089 0.7592599409 0.0760675840
0.3880000000 0.6983649572 0.0897942943 0.3024964576 1.0869053491 0.6983649572 0.0627091885 0.7590566076 0.0823367617
0.3900000000 0.6982810383 0.0898865944 0.3024462437 1.0868640036 0.6982810383 0.0627661045 0.7589365249 0.0893537235
0.3920000000 0.6982335606 0.0899382061 0.3024181585 1.0868417148 0.6982335606 0.0627978739 0.7588693604 0.0977426158
0.3940000000 0.6982083050 0.0899649771 0.3024035805 1.0868310919 0.6982083050 0.0628142942 0.7588344945 0.1086923308
0.3960000000 0.6981959996 0.0899772411 0.3023968897 1.0868273214 0.6981959996 0.0628217498 0.7588184881 0.1247003942
0.3980000000 0.6981908384 0.0899814656 0.3023945694 1.0868273973 0.6981908384 0.0628242349 0.7588129317 0.1521139648
0.4000000000 0.6981893326 0.0899815337 0.3023945082 1.0868295200 0.6981893326 0.0628241470 0.7588127772 0.2122171854
0.4020000000 0.6981895165 0.0899796483 0.3023955087 1.0868326476 0.6981895165 0.0628228471 0.7588151607 0.1705357859
0.4040000000 0.6981909255 0.0899763333 0.3023972860 1.0868365277 0.6981909255 0.0628206594 0.7588194012 0.0805702789
0.4060000000 0.6981934863 0.0899716615 0.3023998004 1.0868411393 0.6981934863 0.0628176280 0.7588254041 0.0319342296
0.4080000000 0.6981965948 0.0899663008 0.3024026888 1.0868461789 0.6981965948 0.0628141649 0.7588323011 0.0238625310
0.4100000000 0.6981990766 0.0899615314 0.3024052553 1.0868510904 0.6981990766 0.0628110582 0.7588384277 0.0765668826
0.4120000000 0.6982003906 0.0899579511 0.3024071746 1.0868556028 0.6982003906 0.0628086766 0.7588430065 0.1052320636
0.4140000000 0.6982008049 0.0899552534 0.3024086135 1.0868598697 0.6982008049 0.0628068304 0.7588464358 0.1304946265
0.4160000000 0.6982005754 0.0899531603 0.3024097231 1.0868640104 0.6982005754 0.0628053483 0.7588490774 0.1059877619
0.4180000000 0.6981997004 0.0899516741 0.3024105020 1.0868680231 0.6981997004 0.0628042319 0.7588509280 0.0709579032
0.4200000000 0.6981981047 0.0899508667 0.3024109114 1.0868718908 0.6981981047 0.0628035246 0.7588518942 0.0455366929
0.4220000000 0.6981958733 0.0899506343 0.3024110075 1.0868756745 0.6981958733 0.0628031617 0.7588521107 0.0235574812
0.4240000000 0.6981932589 0.0899506852 0.3024109488 1.0868795239 0.6981932589 0.0628029621 0.7588519568 0.0046323541
0.4260000000 0.6981905857 0.0899506425 0.3024109405 1.0868836360 0.6981905857 0.0628026918 0.7588519224 0.0047902255
0.4280000000 0.6981880044 0.0899503208 0.3024110830 1.0868881210 0.6981880044 0.0628022350 0.7588522482 0.0040382453
0.4300000000 0.6981853141 0.0899499227 0.3024112664 1.0868929143 0.6981853141 0.0628017150 0.7588526708 0.0178772157
0.4320000000 0.6981822425 0.0899497370 0.3024113336 1.0868979019 0.6981822425 0.0628013091 0.7588528145 0.0171175811
0.4340000000 0.6981787950 0.0899497480 0.3024112930 1.0869031046 0.6981787950 0.0628010067 0.7588526998 0.0086329054
0.4360000000 0.6981751540 0.0899497336 0.3024112654 1.0869086516 0.6981751540 0.0628006691 0.7588526152 0.0037789544
0.4380000000 0.6981714173 0.0899495564 0.3024113255 1.0869146465 0.6981714173 0.0628002093 0.7588527393 0.0076794278
0.4400000000 0.6981674598 0.0899493236 0.3024114150 1.0869210842 0.6981674598 0.0627996908 0.7588529324 0.0134490932
0.4420000000 0.6981631135 0.0899491954 0.3024114467 1.0869279276 0.6981631135 0.0627992103 0.7588529861 0.0132937241
0.4440000000 0.6981583662 0.0899491567 0.3024114289 1.0869352234 0.6981583662 0.0627987563 0.7588529198 0.0103429382
0.4460000000 0.6981532852 0.0899490932 0.3024114236 1.0869430799 0.6981532852 0.0627982549 0.7588528821 0.0097618076
0.4480000000 0.6981478590 0.0899489669 0.3024114515 1.0869515852 0.6981478590 0.0627976786 0.7588529220 0.0118283767
0.4500000000 0.6981419826 0.0899488373 0.3024114802 1.0869607912 0.6981419826 0.0627970596 0.7588529618 0.0133951192
0.4520000000 0.6981355621 0.0899487447 0.3024114878 1.0869707691 0.6981355621 0.0627964174 0.7588529489 0.0135683363
0.4540000000 0.6981285466 0.0899486656 0.3024114869 1.0869816413 0.6981285466 0.0627957312 0.7588529134 0.0138774738
0.4560000000 0.6981208668 0.0899485734 0.3024114920 1.0869935643 0.6981208668 0.0627949761 0.7588528893 0.0150373700
0.4580000000 0.6981123985 0.0899484745 0.3024114997 1.0870067193 0.6981123985 0.0627941453 0.7588528680 0.0165299958
0.4600000000 0.6981029765 0.0899483815 0.3024115030 1.0870213391 0.6981029765 0.0627932328 0.7588528323 0.0181262684
0.4620000000 0.6980923922 0.0899482928 0.3024115027 1.0870377497 0.6980923922 0.0627922189 0.7588527832 0.0202829147
0.4640000000 0.6980803442 0.0899482035 0.3024115015 1.0870564287 0.6980803442 0.0627910729 0.7588527258 0.0235864030
0.4660000000 0.6980663465 0.0899481137 0.3024114992 1.0870781291 0.6980663465 0.0627897511 0.7588526579 0.0284458806
0.4680000000 0.6980495867 0.0899480248 0.3024114951 1.0871041095 0.6980495867 0.0627881815 0.7588525743 0.0347819109
0.4700000000 0.6980287179 0.0899479364 0.3024114893 1.0871364605 0.6980287179 0.0627862427 0.7588524697 0.0418538755
0.4720000000 0.6980015769 0.0899478481 0.3024114819 1.0871785409 0.6980015769 0.0627837398 0.7588523360 0.0486639857
0.4740000000 0.6979647753 0.0899477599 0.3024114730 1.0872356114 0.6979647753 0.0627803680 0.7588521593 0.0544605197
0.4760000000 0.6979130793 0.0899476717 0.3024114625 1.0873158004 0.6979130793 0.0627756565 0.7588519184 0.0588987527
0.4780000000 0.6978384776 0.0899475833 0.3024114505 1.0874315552 0.6978384776 0.0627688846 0.7588515810 0.0619562794
0.4800000000 0.6977288168 0.0899474947 0.3024114369 1.0876017725 0.6977288168 0.0627589590 0.7588510979 0.0637885681
0.4820000000 0.6975658505 0.0899474056 0.3024114218 1.0878548524 0.6975658505 0.0627442385 0.7588503953 0.0646132995
0.4840000000 0.6973225191 0.0899473162 0.3024114051 1.0882329810 0.6973225191 0.0627222891 0.7588493636 0.0646433471
0.4860000000 0.6969592505 0.0899472261 0.3024113869 1.0887980071 0.6969592505 0.0626895513 0.7588478430 0.0640579848
0.4880000000 0.6964190678 0.0899471353 0.3024113672 1.0896393246 0.6964190678 0.0626409001 0.7588456027 0.0629961924
0.4900000000 0.6956213275 0.0899470437 0.3024113459 1.0908842019 0.6956213275 0.0625690819 0.7588423167 0.0615600058
0.4920000000 0.6944540074 0.0899469511 0.3024113231 1.0927109985 0.6944540074 0.0624640206 0.7588375318 0.0598210595
0.4940000000 0.6927646602 0.0899468575 0.3024112987 1.0953656775 0.6927646602 0.0623120041 0.7588306313 0.0578270982
0.4960000000 0.6903504710 0.0899467626 0.3024112728 1.0991819759 0.6903504710 0.0620947900 0.7588207948 0.0556072367
0.4980000000 0.6869483469 0.0899466665 0.3024112455 1.1046055522 0.6869483469 0.0617887139 0.7588069581 0.0531756497
0.5000000000 0.6822266432 0.0899465690 0.3024112166 1.1122224370 0.6822266432 0.0613639459 0.7587877797 0.0505336829
0.5020000000 0.6757810024 0.0899464700 0.3024111864 1.1227921789 0.6757810024 0.0607841157 0.7587616242 0.0476703707
0.5040000000 0.6671378056 0.0899463693 0.3024111548 1.1372861344 0.6671378056 0.0600066235 0.7587265760 0.0445611580
0.5060000000 0.6557698382 0.0899462669 0.3024111221 1.1569310734 0.6557698382 0.0589840489 0.7586805028 0.0411639461
0.5080000000 0.6411298346 0.0899461626 0.3024110884 1.1832567295 0.6411298346 0.0576671684 0.7586211913 0.0374086269
0.5100000000 0.6227087231 0.0899460564 0.3024110540 1.2181402873 0.6227087231 0.0560101940 0.7585465829 0.0331663363
0.5120000000 0.6001280868 0.0899459482 0.3024110189 1.2638221144 0.6001280868 0.0539790898 0.7584551476 0.0281847323
0.5140000000 0.5732815657 0.0899458380 0.3024109838 1.3228167475 0.5732815657 0.0515642909 0.7583464561 0.0221686314
0.5160000000 0.5425172424 0.0899457256 0.3024109486 1.3975996667 0.5425172424 0.0487971070 0.7582219171 0.0050171430
0.5180000000 0.5107140660 0.0899456113 0.3024109138 1.4843788880 0.5107140660 0.0459364889 0.7580931774 0.0112742118
0.5200000000 0.4809979509 0.0899454947 0.3024108799 1.5758339119 0.4809979509 0.0432635986 0.7579728826 0.0192574558
0.5220000000 0.4545631397 0.0899453763 0.3024108464 1.6672400301 0.4545631397 0.0408858526 0.7578658628 0.0250209616
0.5240000000 0.4318669899 0.0899452557 0.3024108134 1.7546466517 0.4318669899 0.0388443868 0.7577739678 0.0297194121
0.5260000000 0.4129370327 0.0899451331 0.3024107806 1.8348979338 0.4129370327 0.0371416764 0.7576973081 0.0337672065
0.5280000000 0.3975381052 0.0899450084 0.3024107478 1.9058171335 0.3975381052 0.0357565682 0.7576349320 0.0373664678
0.5300000000 0.3852874944 0.0899448815 0.3024107148 1.9662857002 0.3852874944 0.0346546380 0.7575852907 0.0406325439
0.5320000000 0.3757369644 0.0899447524 0.3024106814 2.0161619491 0.3757369644 0.0337955682 0.7575465704 0.0436383883
0.5340000000 0.3684292444 0.0899446210 0.3024106473 2.0560716403 0.3684292444 0.0331382288 0.7575169209 0.0464336474
0.5360000000 0.3629341972 0.0899444873 0.3024106124 2.0871403342 0.3629341972 0.0326439303 0.7574946017 0.0490540629
0.5380000000 0.3588692817 0.0899443511 0.3024105766 2.1107353115 0.3588692817 0.0322782647 0.7574780652 0.0515266408
0.5400000000 0.3559085049 0.0899442124 0.3024105397 2.1282604431 0.3559085049 0.0320119101 0.7574659922 0.0538727859
0.5420000000 0.3537835002 0.0899440710 0.3024105017 2.1410192864 0.3537835002 0.0318207283 0.7574572971 0.0561104099
0.5440000000 0.3522796959 0.0899439269 0.3024104624 2.1501412664 0.3522796959 0.0316854192 0.7574511115 0.0582555370
0.5460000000 0.3512298338 0.0899437800 0.3024104218 2.1565558669 0.3512298338 0.0315909389 0.7574467588 0.0603237306
0.5480000000 0.3505064483 0.0899436301 0.3024103798 2.1609979696 0.3505064483 0.0315258223 0.7574437230 0.0623315908
0.5500000000 0.3500143627 0.0899434771 0.3024103364 2.1640301081 0.3500143627 0.0314815088 0.7574416191 0.0642985789
0.5520000000 0.3496838267 0.0899433209 0.3024102914 2.1660714820 0.3496838267 0.0314517246 0.7574401648 0.0662495052
0.5540000000 0.3494645995 0.0899431613 0.3024102448 2.1674274238 0.3494645995 0.0314319508 0.7574391566 0.0682181885
0.5560000000 0.3493210710 0.0899429981 0.3024101966 2.1683159517 0.3493210710 0.0314189844 0.7574384504 0.0702531514
0.5580000000 0.3492283794 0.0899428312 0.3024101467 2.1688900162 0.3492283794 0.0314105892 0.7574379454 0.0724268574
0.5600000000 0.3491694126 0.0899426604 0.3024100950 2.1692552240 0.3491694126 0.0314052259 0.7574375723 0.0748512479
0.5620000000 0.3491325499 0.0899424855 0.3024100414 2.1694834356 0.3491325499 0.0314018493 0.7574372838 0.0777053368
0.5640000000 0.3491100004 0.0899423063 0.3024099859 2.1696228905 0.3491100004 0.0313997586 0.7574370482 0.0812894191
0.5660000000 0.3490966044 0.0899421226 0.3024099284 2.1697055627 0.3490966044 0.0313984896 0.7574368444 0.0861358470
0.5680000000 0.3490889842 0.0899419342 0.3024098688 2.1697523924 0.3490889842 0.0313977385 0.7574366587 0.0932015614
0.5700000000 0.3490849514 0.0899417408 0.3024098071 2.1697769526 0.3490849514 0.0313973082 0.7574364820 0.1042199188
0.5720000000 0.3490830973 0.0899415421 0.3024097430 2.1697879787 0.3490830973 0.0313970721 0.7574363081 0.1232078892
0.5740000000 0.3490825230 0.0899413375 0.3024096766 2.1697910472 0.3490825230 0.0313969490 0.7574361332 0.1451781394
0.5760000000 0.3490827531 0.0899411276 0.3024096078 2.1697891083 0.3490827531 0.0313968964 0.7574359556 0.1087665549
0.5780000000 0.3490837364 0.0899409123 0.3024095367 2.1697824795 0.3490837364 0.0313969097 0.7574357751 0.0595562293
0.5800000000 0.3490854018 0.0899406918 0.3024094633 2.1697716016 0.3490854018 0.0313969825 0.7574355914 0.0186598133
0.5820000000 0.3490873536 0.0899404654 0.3024093874 2.1697589287 0.3490873536 0.0313970790 0.7574354024 0.0045910227
0.5840000000 0.3490892433 0.0899402324 0.3024093087 2.1697466213 0.3490892433 0.0313971677 0.7574352061 0.0085061188
0.5860000000 0.3490910128 0.0899399925 0.3024092272 2.1697350385 0.3490910128 0.0313972431 0.7574350020 0.0090507725
0.5880000000 0.3490926603 0.0899397453 0.3024091428 2.1697241905 0.3490926603 0.0313973049 0.7574347897 0.0089398792
0.5900000000 0.3490941936 0.0899394905 0.3024090552 2.1697140282 0.3490941936 0.0313973539 0.7574345690 0.0086858196
0.5920000000 0.3490956218 0.0899392278 0.3024089644 2.1697044943 0.3490956218 0.0313973906 0.7574343395 0.0084123067
0.5940000000 0.3490969533 0.0899389567 0.3024088702 2.1696955350 0.3490969533 0.0313974158 0.7574341009 0.0081524741
0.5960000000 0.3490981958 0.0899386769 0.3024087724 2.1696871013 0.3490981958 0.0313974298 0.7574338526 0.0079051265
0.5980000000 0.3490993562 0.0899383876 0.3024086707 2.1696791492 0.3490993562 0.0313974332 0.7574335941 0.0076608384
0.6000000000 0.3491004406 0.0899380885 0.3024085651 2.1696716390 0.3491004406 0.0313974263 0.7574333251 0.0074252042
0.6020000000 0.3491014547 0.0899377792 0.3024084555 2.1696645350 0.3491014547 0.0313974096 0.7574330454 0.0072211135
0.6040000000 0.3491024035 0.0899374594 0.3024083416 2.1696578052 0.3491024035 0.0313973832 0.7574327545 0.0070553288
0.6060000000 0.3491032912 0.0899371279 0.3024082232 2.1696514203 0.3491032912 0.0313973474 0.7574324515 0.0068959882
0.6080000000 0.3491041217 0.0899367837 0.3024080996 2.1696453530 0.3491041217 0.0313973019 0.7574321353 0.0067007935
0.6100000000 0.3491048987 0.0899364267 0.3024079710 2.1696395794 0.3491048987 0.0313972471 0.7574318056 0.0064835869
0.6120000000 0.3491056261 0.0899360579 0.3024078377 2.1696340791 0.3491056261 0.0313971838 0.7574314637 0.0063474020
0.6140000000 0.3491063070 0.0899356772 0.3024076996 2.1696288324 0.3491063070 0.0313971121 0.7574311093 0.0063792733
0.6160000000 0.3491069431 0.0899352808 0.3024075554 2.1696238183 0.3491069431 0.0313970309 0.7574307388 0.0064591062
0.6180000000 0.3491075353 0.0899348636 0.3024074030 2.1696190156 0.3491075353 0.0313969386 0.7574303472 0.0062811127
0.6200000000 0.3491080862 0.0899344255 0.3024072424 2.1696144094 0.3491080862 0.0313968352 0.7574299343 0.0056925954
0.6220000000 0.3491086005 0.0899339747 0.3024070769 2.1696099931 0.3491086005 0.0313967241 0.7574295084 0.0051092255
0.6240000000 0.3491090835 0.0899335211 0.3024069102 2.1696057628 0.3491090835 0.0313966091 0.7574290793 0.0053016587
0.6260000000 0.3491095360 0.0899330617 0.3024067411 2.1696017035 0.3491095360 0.0313964894 0.7574286440 0.0065502537
0.6280000000 0.3491099529 0.0899325744 0.3024065611 2.1695977847 0.3491099529 0.0313963568 0.7574281804 0.0080006704
0.6300000000 0.3491103273 0.0899320323 0.3024063600 2.1695939731 0.3491103273 0.0313962012 0.7574276620 0.0079789159
0.6320000000 0.3491106591 0.0899314311 0.3024061359 2.1695902565 0.3491106591 0.0313960212 0.7574270844 0.0054566055
0.6340000000 0.3491109604 0.0899308050 0.3024059022 2.1695866570 0.3491109604 0.0313958297 0.7574264816 0.0020102754
0.6360000000 0.3491112494 0.0899302066 0.3024056790 2.1695832126 0.3491112494 0.0313956468 0.7574259060 0.0010852494
0.6380000000 0.3491115341 0.0899296573 0.3024054746 2.1695799337 0.3491115341 0.0313954806 0.7574253790 0.0043126805
0.6400000000 0.3491118028 0.0899291167 0.3024052735 2.1695767776 0.3491118028 0.0313953160 0.7574248602 0.0102808972
0.6420000000 0.3491120304 0.0899285017 0.3024050437 2.1695736649 0.3491120304 0.0313951218 0.7574242673 0.0158844407
0.6440000000 0.3491121944 0.0899277388 0.3024047568 2.1695705251 0.3491121944 0.0313948702 0.7574235269 0.0168641252
0.6460000000 0.3491122918 0.0899268166 0.3024044086 2.1695673444 0.3491122918 0.0313945570 0.7574226278 0.0093268915
0.6480000000 0.3491123486 0.0899258148 0.3024040297 2.1695641887 0.3491123486 0.0313942124 0.7574216493 0.0026426477
0.6500000000 0.3491124068 0.0899248629 0.3024036699 2.1695611649 0.3491124068 0.0313938853 0.7574207201 0.0087266597
0.6520000000 0.3491124941 0.0899240452 0.3024033615 2.1695583423 0.3491124941 0.0313936077 0.7574199240 0.0047948087
0.6540000000 0.3491126046 0.0899233419 0.3024030971 2.1695556999 0.3491126046 0.0313933721 0.7574192412 0.0060963697
0.6560000000 0.3491127018 0.0899226347 0.3024028311 2.1695531285 0.3491127018 0.0313931339 0.7574185543 0.0191723164
0.6580000000 0.3491127418 0.0899217830 0.3024025094 2.1695505007 0.3491127418 0.0313928402 0.7574177237 0.0276588042
0.6600000000 0.3491126933 0.0899206874 0.3024020939 2.1695477272 0.3491126933 0.0313924534 0.7574166504 0.0223484012
0.6620000000 0.3491125565 0.0899193471 0.3024015843 2.1695448058 0.3491125565 0.0313919731 0.7574153336 0.0070932781
0.6640000000 0.3491123775 0.0899179063 0.3024010359 2.1695418597 0.3491123775 0.0313914541 0.7574139167 0.0082694715
0.6660000000 0.3491122208 0.0899165661 0.3024005261 2.1695390597 0.3491122208 0.0313909721 0.7574125993 0.0168287565
0.6680000000 0.3491121244 0.0899154445 0.3024001002 2.1695365072 0.3491121244 0.0313905718 0.7574114990 0.0125020319
0.6700000000 0.3491120784 0.0899145100 0.3023997461 2.1695341737 0.3491120784 0.0313902415 0.7574105845 0.0035169514
0.6720000000 0.3491120317 0.0899135999 0.3023994014 2.1695319128 0.3491120317 0.0313899195 0.7574096939 0.0145160033
0.6740000000 0.3491119385 0.0899125679 0.3023990098 2.1695295935 0.3491119385 0.0313895509 0.7574086820 0.0089821766
0.6760000000 0.3491118024 0.0899114250 0.3023985754 2.1695272244 0.3491118024 0.0313891397 0.7574075598 0.0107893895
0.6780000000 0.3491116892 0.0899103765 0.3023981773 2.1695249816 0.3491116892 0.0313887634 0.7574065311 0.0421633516
0.6800000000 0.3491116995 0.0899097385 0.3023979369 2.1695231390 0.3491116995 0.0313885416 0.7574059101 0.0719408660
0.6820000000 0.3491119795 0.0899099719 0.3023980315 2.1695221000 0.3491119795 0.0313886483 0.7574061550 0.0818229816
0.6840000000 0.3491127686 0.0899118309 0.3023987509 2.1695225247 0.3491127686 0.0313893682 0.7574080151 0.0825161375
0.6860000000 0.3491144302 0.0899164620 0.3024005359 2.1695254169 0.3491144302 0.0313911344 0.7574126297 0.0771205198
0.6880000000 0.3491174548 0.0899254110 0.3024039810 2.1695321307 0.3491174548 0.0313945306 0.7574215356 0.0675790883
0.6900000000 0.3491223875 0.0899403971 0.3024097470 2.1695441719 0.3491223875 0.0314002061 0.7574364410 0.0551712785
0.6920000000 0.3491296550 0.0899627653 0.3024183513 2.1695627186 0.3491296550 0.0314086692 0.7574586835 0.0416574850
0.6940000000 0.3491393671 0.0899928601 0.3024299264 2.1695880716 0.3491393671 0.0314200502 0.7574886061 0.0300371669
0.6960000000 0.3491513104 0.0900300077 0.3024442136 2.1696196390 0.3491513104 0.0314340952 0.7575255400 0.0237727048
0.6980000000 0.3491652781 0.0900735541 0.3024609618 2.1696568470 0.3491652781 0.0314505575 0.7575688363 0.0246797501
0.7000000000 0.3491815369 0.0901243395 0.3024804944 2.1697004321 0.3491815369 0.0314697554 0.7576193315 0.0315720136
0.7020000000 0.3492011611 0.0901857503 0.3025041141 2.1697533635 0.3492011611 0.0314929687 0.7576803937 0.0411536512
0.7040000000 0.3492262523 0.0902644121 0.3025343699 2.1698214521 0.3492262523 0.0315227023 0.7577586139 0.0501477417
0.7060000000 0.3492602305 0.0903711048 0.3025754100 2.1699141554 0.3492602305 0.0315630329 0.7578647180 0.0566491484
0.7080000000 0.3493082864 0.0905221879 0.3026335316 2.1700458335 0.3493082864 0.0316201503 0.7580149915 0.0601474289
0.7100000000 0.3493779606 0.0907414172 0.3027178843 2.1702373533 0.3493779606 0.0317030513 0.7582331005 0.0609429956
0.7120000000 0.3494797259 0.0910617675 0.3028411797 2.1705177119 0.3494797259 0.0318242416 0.7585519350 0.0596188108
0.7140000000 0.3496273925 0.0915266790 0.3030201883 2.1709251756 0.3496273925 0.0320002341 0.7590149084 0.0567584500
0.7160000000 0.3498381126 0.0921900201 0.3032757555 2.1715073304 0.3498381126 0.0322515826 0.7596760259 0.0528508593
0.7180000000 0.3501317813 0.0931141154 0.3036320910 2.1723194842 0.3501317813 0.0326022111 0.7605980906 0.0482844459
0.7200000000 0.3505297381 0.0943655370 0.3041152160 2.1734211550 0.3505297381 0.0330779270 0.7618487483 0.0433682398
0.7220000000 0.3510528722 0.0960089968 0.3047506916 2.1748709219 0.3510528722 0.0337042341 0.7634946837 0.0383526949
0.7240000000 0.3517194609 0.0981004070 0.3055610203 2.1767205272 0.3517194609 0.0345038223 0.7655949703 0.0334415533
0.7260000000 0.3525432192 0.1006806561 0.3065632955 2.1790095251 0.3525432192 0.0354942826 0.7681950326 0.0287953902
0.7280000000 0.3535320186 0.1037715816 0.3077676456 2.1817617232 0.3535320186 0.0366865767 0.7713226261 0.0245310908
0.7300000000 0.3546875364 0.1073749741 0.3091767899 2.1849841332 0.3546875364 0.0380845651 0.7749866393 0.0207215141
0.7320000000 0.3560058125 0.1114745183 0.3107866793 2.1886683755 0.3560058125 0.0396855765 0.7791786634 0.0173980598
0.7340000000 0.3574784508 0.1160398000 0.3125879129 2.1927938486 0.3574784508 0.0414817279 0.7838765478 0.0145571478
0.7360000000 0.3590940992 0.1210311795 0.3145674947 2.1973316793 0.3590940992 0.0434615824 0.7890488401 0.0121691881
0.7380000000 0.3608398813 0.1264044614 0.3167105387 2.2022485698 0.3608398813 0.0456117708 0.7946591124 0.0101882525
0.7400000000 0.3627025663 0.1321146866 0.3190016698 2.2075099735 0.3627025663 0.0479183359 0.8006695324 0.0085607946
0.7420000000 0.3646694016 0.1381187971 0.3214260243 2.2130823707 0.3646694016 0.0503676991 0.8070434237 0.0072323074
0.7440000000 0.3667286199 0.1443772350 0.3239698644 2.2189346743 0.3667286199 0.0529472641 0.8137468508 0.0061516090
0.7460000000 0.3688696869 0.1508546948 0.3266208826 2.2250389363 0.3688696869 0.0556457240 0.8207494158 0.0052732592
0.7480000000 0.3710833656 0.1575202854 0.3293682869 2.2313705575 0.3710833656 0.0584531577 0.8280244963 0.0045584169
0.7500000000 0.3733616670 0.1643473293 0.3322027490 2.2379081839 0.3733616670 0.0613609929 0.8355491301 0.0039747508
0.7520000000 0.3756977391 0.1713129691 0.3351162770 2.2446334336 0.3756977391 0.0643618952 0.8433037061 0.0034958965
0.7540000000 0.3780857292 0.1783976968 0.3381020560 2.2515305465 0.3780857292 0.0674496233 0.8512715686 0.0031006391
0.7560000000 0.3805206434 0.1855848767 0.3411542825 2.2585860160 0.3805206434 0.0706188767 0.8594386040 0.0027720205
0.7580000000 0.3829982130 0.1928602988 0.3442680078 2.2657882404 0.3829982130 0.0738651498 0.8677928470 0.0024965585
0.7600000000 0.3855147751 0.2002117813 0.3474389965 2.2731272083 0.3855147751 0.0771845998 0.8763241244 0.0022635647
0.7620000000 0.3880671689 0.2076288264 0.3506636032 2.2805942225 0.3880671689 0.0805739309 0.8850237434 0.0020645233
0.7640000000 0.3906526467 0.2151023285 0.3539386674 2.2881816667 0.3906526467 0.0840302940 0.8938842243 0.0018926780
0.7660000000 0.3932687989 0.2226243284 0.3572614237 2.2958828051 0.3932687989 0.0875512022 0.9028990731 0.0017426365
0.7680000000 0.3959134910 0.2301878087 0.3606294273 2.3036916135 0.3959134910 0.0911344589 0.9120625890 0.0016100498
0.7700000000 0.3985848118 0.2377865224 0.3640404899 2.3116026360 0.3985848118 0.0947780963 0.9213697016 0.0014913697
0.7720000000 0.4012810276 0.2454148506 0.3674926262 2.3196108674 0.4012810276 0.0984803234 0.9308158324 0.0013837170
0.7740000000 0.4040005455 0.2530676819 0.3709840085 2.3277116476 0.4040005455 0.1022394816 0.9403967755 0.0012846395
0.7760000000 0.4067418805 0.2607403104 0.3745129265 2.3359005765 0.4067418805 0.1060540042 0.9501085931 0.0011920994
0.7780000000 0.4095036266 0.2684283478 0.3780777524 2.3441734341 0.4095036266 0.1099223819 0.9599475227 0.0011043270
0.7800000000 0.4122844324 0.2761276464 0.3816769094 2.3525261083 0.4122844324 0.1138431300 0.9699098914 0.0010197241
0.7820000000 0.4150829775 0.2838342298 0.3853088421 2.3609545293 0.4150829775 0.1178147572 0.9799920358 0.0009368077
0.7840000000 0.4178979499 0.2915442294 0.3889719879 2.3694546066 0.4178979499 0.1218357358 0.9901902226 0.0008541657
0.7860000000 0.4207280249 0.2992538224 0.3926647487 2.3780221648 0.4207280249 0.1259044696 1.0005005686 0.0007703642
0.7880000000 0.4235718422 0.3069591722 0.3963854616 2.3866528787 0.4235718422 0.1300192620 1.0109189564 0.0006839220
0.7900000000 0.4264279823 0.3146563657 0.4001323668 2.3953422015 0.4264279823 0.1341782791 1.0214409419 0.0005932323
0.7920000000 0.4292949413 0.3223413464 0.4039035729 2.4040852843 0.4292949413 0.1383795094 1.0320616509 0.0004964730
0.7940000000 0.4321711009 0.3300098413 0.4076970161 2.4128768865 0.4321711009 0.1426207164 1.0427756603 0.0003915324
0.7960000000 0.4350546950 0.3376572777 0.4115104141 2.4217112711 0.4350546950 0.1468993840 1.0535768584 0.0002759089
0.7980000000 0.4379437695 0.3452786860 0.4153412101 2.4305820789 0.4379437695 0.1512126493 1.0644582778 0.0001466323
0.8000000000 0.4408361353 0.3528685870 0.4191865069 2.4394821794 0.4408361353 0.1555572242 1.0754118961 0.0000002781
0.8020000000 0.4437293132 0.3604208549 0.4230429864 2.4484034769 0.4437293132 0.1599292984 1.0864283932 0.0001667041
0.8040000000 0.4466204773 0.3679285838 0.4269068285 2.4573367235 0.4466204773 0.1643244397 1.0974969004 0.0003582435
0.8060000000 0.4495064001 0.3753839902 0.4307736404 2.4662714035 0.4495064001 0.1687375061 1.1086047803 0.0005801877
0.8080000000 0.4523833729 0.3827782170 0.4346383390 2.4751954455 0.4523833729 0.1731625009 1.1197372642 0.0008397759
0.8100000000 0.4552471053 0.3901011011 0.4384950064 2.4840948962 0.4552471053 0.1775923971 1.1308770107 0.0011452795
0.8120000000 0.4580926160 0.3973409272 0.4423367340 2.4929535714 0.4580926160 0.1820189448 1.1420036232 0.0015061017
0.8140000000 0.4609141204 0.4044841776 0.4461554599 2.5017526926 0.4609141204 0.1864324689 1.1530931417 0.0019327840
0.8160000000 0.4637049189 0.4115152913 0.4499418063 2.5104705269 0.4637049189 0.1908216648 1.1641175321 0.0024368894
0.8180000000 0.4664572981 0.4184164566 0.4536849319 2.5190820638 0.4664572981 0.1951734098 1.1750442131 0.0030307456
0.8200000000 0.4691624561 0.4251674689 0.4573724192 2.5275587713 0.4691624561 0.1994726140 1.1858356812 0.0037270388
0.8220000000 0.4718104731 0.4317456966 0.4609902206 2.5358684920 0.4718104731 0.2037021414 1.1964493129 0.0045382649
0.8240000000 0.4743903455 0.4381262006 0.4645226965 2.5439755459 0.4743903455 0.2078428397 1.2068374382 0.0054760605
0.8260000000 0.4768901086 0.4442820584 0.4679527758 2.5518411130 0.4768901086 0.2118737191 1.2169477854 0.0065504642
0.8280000000 0.4792970642 0.4501849298 0.4712622665 2.5594239569 0.4792970642 0.2157723152 1.2267243887 0.0077691691
0.8300000000 0.4815981284 0.4558058895 0.4744323385 2.5666815306 0.4815981284 0.2195152633 1.2361090212 0.0091368422
0.8320000000 0.4837802961 0.4611165185 0.4774441758 2.5735714646 0.4837802961 0.2230790859 1.2450431652 0.0106545837
0.8340000000 0.4858312094 0.4660902117 0.4802797802 2.5800533869 0.4858312094 0.2264411712 1.2534704573 0.0123195872
0.8360000000 0.4877397914 0.4707036171 0.4829228758 2.5860909608 0.4877397914 0.2295808840 1.2613394657 0.0141250428
0.8380000000 0.4894968947 0.4749380843 0.4853598396 2.5916539736 0.4894968947 0.2324807174 1.2686065723 0.0160602995
0.8400000000 0.4910958994 0.4787809747 0.4875805673 2.5967202665 0.4910958994 0.2351273734 1.2752386748 0.0181112747
0.8420000000 0.4925331903 0.4822266835 0.4895791726 2.6012772838 0.4925331903 0.2375126468 1.2812153994 0.0202610768
0.8440000000 0.4938084547 0.4852772390 0.4913544338 2.6053230479 0.4938084547 0.2396340035 1.2865305483 0.0224907832
0.8460000000 0.4949247576 0.4879423957 0.4929099250 2.6088664211 0.4949247576 0.2414947719 1.2911925812 0.0247803056
0.8480000000 0.4958883801 0.4902391921 0.4942538082 2.6119266088 0.4958883801 0.2431039188 1.2952240550 0.0271092697
0.8500000000 0.4967084374 0.4921910188 0.4953983101 2.6145319535 0.4967084374 0.2444754319 1.2986600812 0.0294578352
0.8520000000 0.4973963213 0.4938262986 0.4963589424 2.6167181605 0.4973963213 0.2456273843 1.3015459870 0.0318073971
0.8540000000 0.4979650299 0.4951769266 0.4971535593 2.6185261604 0.4979650299 0.2465807931 1.3039344578 0.0341411195
0.8560000000 0.4984284583 0.4962766327 0.4978013539 2.6199998399 0.4984284583 0.2473583969 1.3058824810 0.0364442743
0.8580000000 0.4988007187 0.4971594228 0.4983218935 2.6211838636 0.4988007187 0.2479834774 1.3074483949 0.0387043715
0.8600000000 0.4990955457 0.4978582234 0.4987342726 2.6221217663 0.4990955457 0.2484788217 1.3086892938 0.0409110826
0.8620000000 0.4993258248 0.4984038111 0.4990564395 2.6228544347 0.4993258248 0.2488658940 1.3096589539 0.0430559639
0.8640000000 0.4995032586 0.4988240642 0.4993047180 2.6234190332 0.4995032586 0.2491642456 1.3104063559 0.0451319861
0.8660000000 0.4996381713 0.4991435297 0.4994935232 2.6238483676 0.4996381713 0.2493911604 1.3109748002 0.0471328619
0.8680000000 0.4997394333 0.4993832696 0.4996352503 2.6241706382 0.4997394333 0.2495615122 1.3114015477 0.0490521386
0.8700000000 0.4998144848 0.4995609319 0.4997403010 2.6244095058 0.4998144848 0.2496877898 1.3117178850 0.0508819828
0.8720000000 0.4998694290 0.4996909835 0.4998172117 2.6245843850 0.4998694290 0.2497802466 1.3119494978 0.0526115185
0.8740000000 0.4999091707 0.4997850448 0.4998728445 2.6247108812 0.4999091707 0.2498471273 1.3121170400 0.0542244921
0.8760000000 0.4999375774 0.4998522746 0.4999126109 2.6248013004 0.4999375774 0.2498949352 1.3122368033 0.0556959035
0.8780000000 0.4999576444 0.4998997654 0.4999407034 2.6248651754 0.4999576444 0.2499287091 1.3123214099 0.0569870613
0.8800000000 0.4999716535 0.4999329186 0.4999603154 2.6249097680 0.4999716535 0.2499522879 1.3123804770 0.0580382799
0.8820000000 0.4999813158 0.4999557846 0.4999738424 2.6249405247 0.4999813158 0.2499685510 1.3124212175 0.0587581805
0.8840000000 0.4999878959 0.4999713562 0.4999830543 2.6249614702 0.4999878959 0.2499796264 1.3124489622 0.0590084400
0.8860000000 0.4999923152 0.4999818144 0.4999892414 2.6249755378 0.4999923152 0.2499870650 1.3124675966 0.0585833794
0.8880000000 0.4999952369 0.4999887284 0.4999933317 2.6249848381 0.4999952369 0.2499919827 1.3124799160 0.0571865465
0.8900000000 0.4999971323 0.4999932138 0.4999959853 2.6249908716 0.4999971323 0.2499951731 1.3124879082 0.0544157434
0.8920000000 0.4999983332 0.4999960556 0.4999976665 2.6249946942 0.4999983332 0.2499971944 1.3124929717 0.0497938323
0.8940000000 0.4999990710 0.4999978017 0.4999986995 2.6249970429 0.4999990710 0.2499984364 1.3124960830 0.0429355054
0.8960000000 0.4999995067 0.4999988326 0.4999993094 2.6249984297 0.4999995067 0.2499991696 1.3124979199 0.0339612205
0.8980000000 0.4999997513 0.4999994115 0.4999996518 2.6249992083 0.4999997513 0.2499995814 1.3124989513 0.0239844214
0.9000000000 0.4999998809 0.4999997181 0.4999998332 2.6249996208 0.4999998809 0.2499997995 1.3124994976 0.0149015739
0.9020000000 0.4999999455 0.4999998709 0.4999999237 2.6249998264 0.4999999455 0.2499999082 1.3124997700 0.0081958330
0.9040000000 0.4999999759 0.4999999431 0.4999999663 2.6249999234 0.4999999759 0.2499999595 1.3124998986 0.0040840981
0.9060000000 0.4999999897 0.4999999756 0.4999999856 2.6249999672 0.4999999897 0.2499999827 1.3124999566 0.0018962565
0.9080000000 0.4999999957 0.4999999898 0.4999999940 2.6249999863 0.4999999957 0.2499999927 1.3124999818 0.0008393419
0.9100000000 0.4999999982 0.4999999958 0.4999999975 2.6249999944 0.4999999982 0.2499999970 1.3124999926 0.0003594424
0.9120000000 0.4999999993 0.4999999983 0.4999999990 2.6249999977 0.4999999993 0.2499999988 1.3124999970 0.0001501403
0.9140000000 0.4999999997 0.4999999993 0.4999999996 2.6249999991 0.4999999997 0.2499999995 1.3124999988 0.0000614209
0.9160000000 0.4999999999 0.4999999997 0.4999999998 2.6249999997 0.4999999999 0.2499999998 1.3124999995 0.0000246561
0.9180000000 0.5000000000 0.4999999999 0.4999999999 2.6249999999 0.5000000000 0.2499999999 1.3124999998 0.0000097220
0.9200000000 0.5000000000 0.5000000000 0.5000000000 2.6250000000 0.5000000000 0.2500000000 1.3124999999 0.0000037669
0.9220000000 0.5000000000 0.5000000000 0.5000000000 2.6250000000 0.5000000000 0.2500000000 1.3125000000 0.0000014346
0.9240000000 0.5000000000 0.5000000000 0.5000000000 2.6250000000 0.5000000000 0.2500000000 1.3125000000 0.0000005372
0.9260000000 0.5000000000 0.5000000000 0.5000000000 2.6250000000 0.5000000000 0.2500000000 1.3125000000 0.0000001978
0.9280000000 0.5000000000 0.5000000000 0.5000000000 2.6250000000 0.5000000000 0.2500000000 1.3125000000 0.0000000715
0.9300000000 0.5000000000 0.5000000000 0.5000000000 2.6250000000 0.5000000000 0.2500000000 1.3125000000 0.0000000255
0.9320000000 0.5000000000 0.5000000000 0.5000000000 2.6250000000 0.5000000000 0.2500000000 1.3125000000 0.0000000090
0.9340000000 0.5000000000 0.5000000000 0.5000000000 2.6250000000 0.5000000000 0.2500000000 1.3125000000 0.0000000030
0.9360000000 0.5000000000 0.5000000000 0.5000000000 2.6250000000 0.5000000000 0.2500000000 1.3125000000 0.0000000011
0.9380000000 0.5000000000 0.5000000000 0.5000000000 2.6250000000 0.5000000000 0.2500000000 1.3125000000 0.0000000004
0.9400000000 0.5000000000 0.5000000000 0.5000000000 2.6250000000 0.5000000000 0.2500000000 1.3125000000 0.0000000001
0.9420000000 0.5000000000 0.5000000000 0.5000000000 2.6250000000 0.5000000000 0.2500000000 1.3125000000 0.0000000001
0.9440000000 0.5000000000 0.5000000000 0.5000000000 2.6250000000 0.5000000000 0.2500000000 1.3125000000 0.0000000000
0.9460000000 0.5000000000 0.5000000000 0.5000000000 2.6250000000 0.5000000000 0.2500000000 1.3125000000 0.0000000000
0.9480000000 0.5000000000 0.5000000000 0.5000000000 2.6250000000 0.5000000000 0.2500000000 1.3125000000 0.0000000000
0.9500000000 0.5000000000 0.5000000000 0.5000000000 2.6250000000 0.5000000000 0.2500000000 1.3125000000 0.0000000000
0.9520000000 0.5000000000 0.5000000000 0.5000000000 2.6250000000 0.5000000000 0.2500000000 1.3125000000 0.0000000000
0.9540000000 0.5000000000 0.5000000000 0.5000000000 2.6250000000 0.5000000000 0.2500000000 1.3125000000 0.0000000000
0.9560000000 0.5000000000 0.5000000000 0.5000000000 2.6250000000 0.5000000000 0.2500000000 1.3125000000 0.0000000000
0.9580000000 0.5000000000 0.5000000000 0.5000000000 2.6250000000 0.5000000000 0.2500000000 1.3125000000 0.0000000000
0.9600000000 0.5000000000 0.5000000000 0.5000000000 2.6250000000 0.5000000000 0.2500000000 1.3125000000 0.0000000000
0.9620000000 0.5000000000 0.5000000000 0.5000000000 2.6250000000 0.5000000000 0.2500000000 1.3125000000 0.0000000000
0.9640000000 0.5000000000 0.5000000000 0.5000000000 2.6250000000 0.5000000000 0.2500000000 1.3125000000 0.0000000000
0.9660000000 0.5000000000 0.5000000000 0.5000000000 2.6250000000 0.5000000000 0.2500000000 1.3125000000 0.0000000000
0.9680000000 0.5000000000 0.5000000000 0.5000000000 2.6250000000 0.5000000000 0.2500000000 1.3125000000 0.0000000000
0.9700000000 0.5000000000 0.5000000000 0.5000000000 2.6250000000 0.5000000000 0.2500000000 1.3125000000 0.0000000000
0.9720000000 0.5000000000 0.5000000000 0.5000000000 2.6250000000 0.5000000000 0.2500000000 1.3125000000 0.0000000000
0.9740000000 0.5000000000 0.5000000000 0.5000000000 2.6250000000 0.5000000000 0.2500000000 1.3125000000 0.0000000000
0.9760000000 0.5000000000 0.5000000000 0.5000000000 2.6250000000 0.5000000000 0.2500000000 1.3125000000 0.0000000000
0.9780000000 0.5000000000 0.5000000000 0.5000000000 2.6250000000 0.5000000000 0.2500000000 1.3125000000 0.0000000000
0.9800000000 0.5000000000 0.5000000000 0.5000000000 2.6250000000 0.5000000000 0.2500000000 1.3125000000 0.0000000000
0.9820000000 0.5000000000 0.5000000000 0.5000000000 2.6250000000 0.5000000000 0.2500000000 1.3125000000 0.0000000000
0.9840000000 0.5000000000 0.5000000000 0.5000000000 2.6250000000 0.5000000000 0.2500000000 1.3125000000 0.0000000000
0.9860000000 0.5000000000 0.5000000000 0.5000000000 2.6250000000 0.5000000000 0.2500000000 1.3125000000 0.0000000000
0.9880000000 0.5000000000 0.5000000000 0.5000000000 2.6250000000 0.5000000000 0.2500000000 1.3125000000 0.0000000000
0.9900000000 0.5000000000 0.5000000000 0.5000000000 2.6250000000 0.5000000000 0.2500000000 1.3125000000 0.0000000000
0.9920000000 0.5000000000 0.5000000000 0.5000000000 2.6250000000 0.5000000000 0.2500000000 1.3125000000 0.0000000000
0.9940000000 0.5000000000 0.5000000000 0.5000000000 2.6250000000 0.5000000000 0.2500000000 1.3125000000 0.0000000000
0.9960000000 0.5000000000 0.5000000000 0.5000000000 2.6250000000 0.5000000000 0.2500000000 1.3125000000 0.0000000000
0.9980000000 0.5000000000 0.5000000000 0.5000000000 2.6250000000 0.5000000000 0.2500000000 1.3125000000 0.0000000000
1.0000000000 0.5000000000 0.5000000000 0.5000000000 2.6250000000 0.5000000000 0.2500000000 1.3125000000 0.0000000000
