TITLE = "1D Euler Filtered MacCormack Result"
VARIABLES = "x", "rho", "u", "p", "E", "rho_conserved", "rhou", "rhoE", "nu"
ZONE T="t=0.16000000", I=201, F=POINT
0.0000000000 0.4449321900 0.6985076859 3.5272473924 20.0629731419 0.4449321900 0.3107885544 8.9266625781 0.0000000000
0.0050000000 0.4449321900 0.6985076859 3.5272473924 20.0629731419 0.4449321900 0.3107885544 8.9266625781 0.3679116064
0.0100000000 0.4448968248 0.6987724886 3.5268548985 20.0625280405 0.4448968248 0.3108816614 8.9257550222 0.0831330007
0.0150000000 0.4448357777 0.6992296231 3.5261774148 20.0617598613 0.4448357777 0.3110423532 8.9241885508 0.0706473023
0.0200000000 0.4447466133 0.6998973780 3.5251879795 20.0606382527 0.4447466133 0.3112769885 8.9219009228 0.0706555025
0.0250000000 0.4446161106 0.7008748856 3.5237399923 20.0589973612 0.4446161106 0.3116202657 8.9185533899 0.0664771966
0.0300000000 0.4444294724 0.7022732251 3.5216694943 20.0566520896 0.4444294724 0.3121109189 8.9137673066 0.0624197419
0.0350000000 0.4441686071 0.7042284118 3.5187762036 20.0533768827 0.4441686071 0.3127961528 8.9070804779 0.0582250862
0.0400000000 0.4438124802 0.7068989624 3.5148275660 20.0489107960 0.4438124802 0.3137305818 8.8979568264 0.0539109400
0.0450000000 0.4433378900 0.7104603684 3.5095675735 20.0429681422 0.4433378900 0.3149740007 8.8858072059 0.0495101958
0.0500000000 0.4427207401 0.7150959311 3.5027311434 20.0352555897 0.4427207401 0.3165877999 8.8700231822 0.0450628088
0.0550000000 0.4419377639 0.7209842619 3.4940635282 20.0254950206 0.4419377639 0.3186301725 8.8500224903 0.0406178027
0.0600000000 0.4409685105 0.7282848030 3.4833425812 20.0134495275 0.4409685105 0.3211506648 8.8253010274 0.0362312781
0.0650000000 0.4397972987 0.7371234516 3.4704005692 19.9989485967 0.4397972987 0.3241849028 8.7954835703 0.0319635813
0.0700000000 0.4384148032 0.7475807067 3.4551417174 19.9819079678 0.4384148032 0.3277504484 8.7603642494 0.0278756660
0.0750000000 0.4368189740 0.7596844898 3.4375521634 19.9623402954 0.4368189740 0.3318445994 8.7199290061 0.0240250251
0.0800000000 0.4350151204 0.7734089170 3.4177004406 19.9403545097 0.4350151204 0.3364445732 8.6743557179 0.0204616528
0.0850000000 0.4330151633 0.7886790797 3.3957286117 19.9161441838 0.4330151633 0.3415100005 8.6239924257 0.0172245169
0.0900000000 0.4308362302 0.8053806757 3.3718360912 19.8899674882 0.4308362302 0.3469871741 8.5693186105 0.0143389712
0.0950000000 0.4284988809 0.8233725092 3.3462594455 19.8621227498 0.4284988809 0.3528141987 8.5108973699 0.0118154375
0.1000000000 0.4260252794 0.8424996214 3.3192517519 19.8329239036 0.4260252794 0.3589261366 8.4493269467 0.0096495292
0.1050000000 0.4234375778 0.8626051126 3.2910644993 19.8026793287 0.4234375778 0.3652594195 8.3851985695 0.0078235858
0.1100000000 0.4207566809 0.8835393837 3.2619338792 19.7716761517 0.4207566809 0.3717550985 8.3190648334 0.0063093673
0.1150000000 0.4180014489 0.9051662848 3.2320720740 19.7401706015 0.4180014489 0.3783608185 8.2514199132 0.0050714684
0.1200000000 0.4151883097 0.9273663135 3.2016631500 19.7083838227 0.4151883097 0.3850316522 8.1826905671 0.0040709130
0.1250000000 0.4123311946 0.9500374162 3.1708625673 19.6765018809 0.4123311946 0.3917300628 8.1132355265 0.0032684091
0.1300000000 0.4094416945 0.9730941127 3.1397991192 19.6446785081 0.4094416945 0.3984253024 8.0433504561 0.0026268868
0.1350000000 0.4065293406 0.9964656344 3.1085782172 19.6130392877 0.4065293406 0.4050925173 7.9732759292 0.0021131386
0.1400000000 0.4036019348 1.0200936288 3.0772856823 19.5816863025 0.4036019348 0.4117117623 7.9032064787 0.0016985814
0.1450000000 0.4006658796 1.0439298031 3.0459914967 19.5507026217 0.4006658796 0.4182670528 7.8332994629 0.0013592965
0.1500000000 0.3977264813 1.0679337201 3.0147532193 19.5201563024 0.3977264813 0.4247455207 7.7636830802 0.0010755627
0.1550000000 0.3947882155 1.0920708327 2.9836189569 19.4901037928 0.3947882155 0.4311366953 7.6944632972 0.0008310875
0.1600000000 0.3918549565 1.1163107560 2.9526299044 19.4605927622 0.3918549565 0.4374319027 7.6257297300 0.0006120874
0.1650000000 0.3889301761 1.1406257275 2.9218225342 19.4316644469 0.3889301761 0.4436237651 7.5575606754 0.0004062987
0.1700000000 0.3860171253 1.1649891689 2.8912305553 19.4033556368 0.3860171253 0.4497057700 7.4900275638 0.0002019635
0.1750000000 0.3831190089 1.1893742516 2.8608867756 19.3757004210 0.3831190089 0.4556718845 7.4231991423 0.0000124587
0.1800000000 0.3802391466 1.2137524544 2.8308248484 19.3487319624 0.3802391466 0.4615161975 7.3571453297 0.0002463809
0.1850000000 0.3773810911 1.2380926376 2.8010803764 19.3224828348 0.3773810911 0.4672327505 7.2919396551 0.0005108788
0.1900000000 0.3745488013 1.2623594202 2.7716927223 19.2969865227 0.3745488013 0.4728152077 7.2276631715 0.0008237691
0.1950000000 0.3717468801 1.2865110123 2.7427074042 19.2722790486 0.3717468801 0.4782564550 7.1644096086 0.0012083375
0.2000000000 0.3689808802 1.3104963828 2.7141791553 19.2484009165 0.3689808802 0.4835481088 7.1022919119 0.0016968117
0.2050000000 0.3662577090 1.3342514683 2.6861759425 19.2253995255 0.3662577090 0.4886798860 7.0414507840 0.0023350054
0.2100000000 0.3635861729 1.3576940384 2.6587843533 19.2033322973 0.3635861729 0.4936387794 6.9820660972 0.0031893969
0.2150000000 0.3609777113 1.3807167356 2.6321168320 19.1822707455 0.3609777113 0.4984079672 6.9243721908 0.0043577321
0.2200000000 0.3584473691 1.4031777954 2.6063212522 19.1623056970 0.3584473691 0.5029653892 6.8686780634 0.0059845023
0.2250000000 0.3560150307 1.4248892128 2.5815930161 19.1435536724 0.3560150307 0.5072819769 6.8153928485 0.0082825769
0.2300000000 0.3537068340 1.4456030469 2.5581888784 19.1261637798 0.3537068340 0.5113196770 6.7650548376 0.0115612103
0.2350000000 0.3515564432 1.4649988488 2.5364392714 19.1103230480 0.3515564432 0.5150297846 6.7183571994 0.0162576022
0.2400000000 0.3496053792 1.4826797184 2.5167512156 19.0962554682 0.3496053792 0.5183528052 6.6761536347 0.0229640743
0.2450000000 0.3479009176 1.4981911280 2.4995871036 19.0842063403 0.3479009176 0.5212220682 6.6394128983 0.0324405839
0.2500000000 0.3464895884 1.5110813461 2.4854000209 19.0744013428 0.3464895884 0.5235739536 6.6090814695 0.0456196153
0.2550000000 0.3454052182 1.5210139447 2.4745152860 19.0669755155 0.3454052182 0.5253661534 6.5858328376 0.0636861484
0.2600000000 0.3446540204 1.5279091496 2.4669831137 19.0618878578 0.3446540204 0.5266000313 6.5697562873 0.0885351790
0.2650000000 0.3442042767 1.5320426820 2.4624770913 19.0588657034 0.3442042767 0.5273356433 6.5601430848 0.1246051556
0.2700000000 0.3439892302 1.5340202637 2.4603237480 19.0574286835 0.3439892302 0.5276864497 6.5555502232 0.1861891618
0.2750000000 0.3439247161 1.5346133241 2.4596782694 19.0570007460 0.3439247161 0.5277914517 6.5541735706 0.3688253239
0.2800000000 0.3439277138 1.5345851958 2.4597088574 19.0570240828 0.3439277138 0.5277863780 6.5542387246 0.3579221224
0.2850000000 0.3439817751 1.5340872195 2.4602508022 19.0573887720 0.3439817751 0.5276980449 6.5553944188 0.1496926467
0.2900000000 0.3441066643 1.5329377673 2.4615021635 19.0582278802 0.3441066643 0.5274941018 6.5580632241 0.0904329637
0.2950000000 0.3443062464 1.5311019081 2.4635019429 19.0595693635 0.3443062464 0.5271679508 6.5623287850 0.0508710752
0.3000000000 0.3445638007 1.5287343381 2.4660830153 19.0613037873 0.3445638007 0.5267465138 6.5678352798 0.0145273090
0.3050000000 0.3448357279 1.5262363954 2.4688087868 19.0631398748 0.3448357279 0.5263008383 6.5736517142 0.0279198453
0.3100000000 0.3450615339 1.5241632849 2.4710729577 19.0646694537 0.3450615339 0.5259301210 6.5784840848 0.0690009302
0.3150000000 0.3452134476 1.5227689593 2.4725967765 19.0657021803 0.3452134476 0.5256803223 6.5817367799 0.0921531284
0.3200000000 0.3453048834 1.5219296546 2.4735144002 19.0663265024 0.3453048834 0.5255297419 6.5836956498 0.0915362531
0.3250000000 0.3453608161 1.5214160225 2.4740760913 19.0667105824 0.3453608161 0.5254374792 6.5848947280 0.0639720035
0.3300000000 0.3454010904 1.5210459947 2.4744807997 19.0669886937 0.3454010904 0.5253709451 6.5857586850 0.0177070584
0.3350000000 0.3454385147 1.5207021004 2.4748569716 19.0672477309 0.3454385147 0.5253090749 6.5865617357 0.0137467269
0.3400000000 0.3454790528 1.5203296636 2.4752644215 19.0675282239 0.3454790528 0.5252420521 6.5874315899 0.0048707271
0.3450000000 0.3455199249 1.5199541761 2.4756752680 19.0678112804 0.3455199249 0.5251744527 6.5883087214 0.0285716722
0.3500000000 0.3455540270 1.5196407473 2.4760182519 19.0680485652 0.3455540270 0.5251179799 6.5890409694 0.0581251659
0.3550000000 0.3455786518 1.5194141732 2.4762662072 19.0682215992 0.3455786518 0.5250771015 6.5895703130 0.0629111531
0.3600000000 0.3455962564 1.5192519187 2.4764437765 19.0683470660 0.3455962564 0.5250477756 6.5899493615 0.0422758383
0.3650000000 0.3456104365 1.5191210214 2.4765870302 19.0684494353 0.3456104365 0.5250240794 6.5902551334 0.0138723233
0.3700000000 0.3456237214 1.5189982988 2.4767213416 19.0685459374 0.3456237214 0.5250018449 6.5905418087 0.0040918493
0.3750000000 0.3456366532 1.5188787799 2.4768521514 19.0686402726 0.3456366532 0.5249801781 6.5908210048 0.0194466532
0.3800000000 0.3456480940 1.5187728878 2.4769680475 19.0687247085 0.3456480940 0.5249609539 6.5910683508 0.0404569749
0.3850000000 0.3456571709 1.5186886223 2.4770602697 19.0687932864 0.3456571709 0.5249456126 6.5912651389 0.0462088028
0.3900000000 0.3456642264 1.5186228401 2.4771322572 19.0688483457 0.3456642264 0.5249335892 6.5914187119 0.0340689408
0.3950000000 0.3456701130 1.5185677262 2.4771925648 19.0688957211 0.3456701130 0.5249234774 6.5915473379 0.0185507812
0.4000000000 0.3456754420 1.5185176776 2.4772473269 19.0689395723 0.3456754420 0.5249142694 6.5916641160 0.0154482719
0.4050000000 0.3456803062 1.5184718426 2.4772974758 19.0689805523 0.3456803062 0.5249058116 6.5917710370 0.0241548782
0.4100000000 0.3456845183 1.5184319261 2.4773411446 19.0690174538 0.3456845183 0.5248984089 6.5918641125 0.0311597792
0.4150000000 0.3456880383 1.5183983026 2.4773779229 19.0690499416 0.3456880383 0.5248921307 6.5919424673 0.0284402020
0.4200000000 0.3456910333 1.5183694417 2.4774094861 19.0690791585 0.3456910333 0.5248867013 6.5920096791 0.0214059286
0.4250000000 0.3456936754 1.5183437323 2.4774375981 19.0691064922 0.3456936754 0.5248818254 6.5920695102 0.0195361968
0.4300000000 0.3456960203 1.5183206928 2.4774627861 19.0691321374 0.3456960203 0.5248774210 6.5921230900 0.0236972601
0.4350000000 0.3456980466 1.5183005420 2.4774848103 19.0691557955 0.3456980466 0.5248735316 6.5921699095 0.0266142125
0.4400000000 0.3456997573 1.5182831543 2.4775038082 19.0691781272 0.3456997573 0.5248701179 6.5922102497 0.0238300607
0.4450000000 0.3457012244 1.5182678866 2.4775204839 19.0691995044 0.3457012244 0.5248670673 6.5922456164 0.0188096036
0.4500000000 0.3457025379 1.5182541161 2.4775355194 19.0692192534 0.3457025379 0.5248643011 6.5922774913 0.0168446954
0.4550000000 0.3457037013 1.5182415906 2.4775491908 19.0692388055 0.3457037013 0.5248617374 6.5923064364 0.0179810900
0.4600000000 0.3457046821 1.5182302808 2.4775615301 19.0692600367 0.3457046821 0.5248593166 6.5923324790 0.0185217832
0.4650000000 0.3457055643 1.5182200917 2.4775726415 19.0692791996 0.3457055643 0.5248571335 6.5923559263 0.0168343298
0.4700000000 0.3457064109 1.5182108185 2.4775827492 19.0692943377 0.3457064109 0.5248552131 6.5923773043 0.0142985290
0.4750000000 0.3457070555 1.5182022573 2.4775920764 19.0693153860 0.3457070555 0.5248532320 6.5923968717 0.0119147077
0.4800000000 0.3457074890 1.5181942463 2.4776008002 19.0693438393 0.3457074890 0.5248511208 6.5924149764 0.0092693188
0.4850000000 0.3457081550 1.5181866365 2.4776090837 19.0693576744 0.3457081550 0.5248495011 6.5924324587 0.0067473839
0.4900000000 0.3457090561 1.5181793092 2.4776170568 19.0693575049 0.3457090561 0.5248483360 6.5924495842 0.0059961674
0.4950000000 0.3457091895 1.5181722354 2.4776247512 19.0693954979 0.3457091895 0.5248460930 6.5924652612 0.0074724151
0.5000000000 0.3457086881 1.5181654717 2.4776321048 19.0694643933 0.3457086881 0.5248429935 6.5924795173 0.0094313637
0.5050000000 0.3457097781 1.5181590757 2.4776390545 19.0694484491 0.3457097781 0.5248424371 6.5924947910 0.0100607911
0.5100000000 0.3457121032 1.5181530447 2.4776456037 19.0693661461 0.3457121032 0.5248438821 6.5925106780 0.0093925648
0.5150000000 0.3457110308 1.5181473343 2.4776518008 19.0694578724 0.3457110308 0.5248402798 6.5925219378 0.0086344968
0.5200000000 0.3457066045 1.5181419059 2.4776576881 19.0697216106 0.3457066045 0.5248316834 6.5925287063 0.0084839167
0.5250000000 0.3457082167 1.5181367438 2.4776632829 19.0696706753 0.3457082167 0.5248323464 6.5925418419 0.0085780598
0.5300000000 0.3457182876 1.5181318379 2.4776685962 19.0691797132 0.3457182876 0.5248459393 6.5925641557 0.0082011889
0.5350000000 0.3457192915 1.5181271640 2.4776736544 19.0691571649 0.3457192915 0.5248458476 6.5925755052 0.0071964305
0.5400000000 0.3456995191 1.5181226842 2.4776784988 19.0702101581 0.3456995191 0.5248142818 6.5925624802 0.0061828519
0.5450000000 0.3456870704 1.5181183661 2.4776831645 19.0708825929 0.3456870704 0.5247938905 6.5925575329 0.0058406990
0.5500000000 0.3457189710 1.5181141982 2.4776876643 19.0692554018 0.3457189710 0.5248408785 6.5926033555 0.0061047623
0.5550000000 0.3457629755 1.5181101830 2.4776919957 19.0670003758 0.3457629755 0.5249062941 6.5926627844 0.0064127817
0.5600000000 0.3457310405 1.5181063229 2.4776961559 19.0686793705 0.3457310405 0.5248564786 6.5926343591 0.0066794295
0.5650000000 0.3456233024 1.5181026196 2.4777001422 19.0742874866 0.3456233024 0.5246916408 6.5925182327 0.0074297646
0.5700000000 0.3455993304 1.5180990853 2.4777039412 19.0755527341 0.3455993304 0.5246540274 6.5924982527 0.0087298260
0.5750000000 0.3457783357 1.5180957403 2.4777075324 19.0662949745 0.3457783357 0.5249246185 6.5927117447 0.0095118285
0.5800000000 0.3459752760 1.5180925875 2.4777109134 19.0561173985 0.3459752760 0.5252225020 6.5929454769 0.0085314309
0.5850000000 0.3458339513 1.5180895947 2.4777141179 19.0634523964 0.3458339513 0.5250069230 6.5927890683 0.0059884708
0.5900000000 0.3453453445 1.5180867073 2.4777172027 19.0888116792 0.3453453445 0.5242641769 6.5922322457 0.0037133383
0.5950000000 0.3450985443 1.5180838846 2.4777202117 19.1016566497 0.3450985443 0.5238885387 6.5919539032 0.0033399915
0.6000000000 0.3456886009 1.5180811227 2.4777231533 19.0710359151 0.3456886009 0.5247833394 6.5926397239 0.0044823337
0.6050000000 0.3467452435 1.5180784413 2.4777260113 19.0164483440 0.3467452435 0.5263864787 6.5938630108 0.0051507241
0.6100000000 0.3469494988 1.5180758464 2.4777287771 19.0059473828 0.3469494988 0.5266956540 6.5941039181 0.0040990230
0.6150000000 0.3454590294 1.5180733162 2.4777314652 19.0829919521 0.3454590294 0.5244321344 6.5923918777 0.0025075485
0.6200000000 0.3433089667 1.5180708257 2.4777340948 19.1953031624 0.3433089667 0.5211673265 6.5899196938 0.0028056014
0.6250000000 0.3429859912 1.5180683847 2.4777366598 19.2123085173 0.3429859912 0.5206761897 6.5895526806 0.0057730800
0.6300000000 0.3459277116 1.5180660414 2.4777391254 19.0587427278 0.3459277116 0.5251411118 6.5929472578 0.0092833403
0.6350000000 0.3502840334 1.5180638414 2.4777414568 18.8360613458 0.3502840334 0.5317535253 6.5979715417 0.0101432682
0.6400000000 0.3518588964 1.5180617833 2.4777436498 18.7569239899 0.3518588964 0.5341435437 6.5997905747 0.0076067503
0.6450000000 0.3476889556 1.5180598234 2.4777457261 18.9680741574 0.3476889556 0.5278126345 6.5949898927 0.0047972155
0.6500000000 0.3392886080 1.5180579255 2.4777476976 19.4091825205 0.3392886080 0.5150597604 6.5853145196 0.0054341438
0.6550000000 0.3326966016 1.5180561027 2.4777495442 19.7709340710 0.3326966016 0.5050521065 6.5777225767 0.0095995136
0.6600000000 0.3344758327 1.5180544051 2.4777512392 19.6719027862 0.3344758327 0.5077525113 6.5797760661 0.0138513328
0.6650000000 0.3463211461 1.5180528692 2.4777527860 19.0384788735 0.3463211461 0.5257338095 6.5934278241 0.0144325962
0.6700000000 0.3629424278 1.5180514827 2.4777542257 18.2193700607 0.3629424278 0.5509652906 6.6125824023 0.0105679074
0.6750000000 0.3747240897 1.5180501953 2.4777556088 17.6827714395 0.3747240897 0.5688499776 6.6261604317 0.0067590500
0.6800000000 0.3726139382 1.5180489714 2.4777569394 17.7763926384 0.3726139382 0.5656462057 6.6237316689 0.0088318163
0.6850000000 0.3531230222 1.5180478348 2.4777581380 18.6939833977 0.3531230222 0.5360576393 6.6012759142 0.0152706345
0.6900000000 0.3210894618 1.5180468346 2.4777591083 20.4440458396 0.3210894618 0.4874288411 6.5643676755 0.0180181314
0.6950000000 0.2876160503 1.5180459737 2.4777598417 22.6892760458 0.2876160503 0.4366143871 6.5257999604 0.0133287656
0.7000000000 0.2659704304 1.5180452018 2.4777604161 24.4420415583 0.2659704304 0.4037551357 6.5008603135 0.0045484495
0.7050000000 0.2673279005 1.5180444523 2.4777609382 24.3237814714 0.2673279005 0.4058156363 6.5024254332 0.0043110177
0.7100000000 0.2979633819 1.5180436638 2.4777615162 21.9413727412 0.2979633819 0.4523214240 6.5377256262 0.0115371196
0.7150000000 0.3572214490 1.5180427865 2.4777622626 18.4927468835 0.3572214490 0.5422774438 6.6060058375 0.0177756449
0.7200000000 0.4398349635 1.5180417670 2.4777633138 15.2357085226 0.4398349635 0.6676878453 6.7011973027 0.0239450665
0.7250000000 0.5383203058 1.5180405366 2.4777648469 12.6591498955 0.5383203058 0.8171920459 6.8146774432 0.0294191022
0.7300000000 0.6443240911 1.5180390108 2.4777670772 10.7660441042 0.6443240911 0.9781091060 6.9368215827 0.0325579811
0.7350000000 0.7503018757 1.5180371022 2.4777702260 9.4081293971 0.7503018757 1.1389860851 7.0589371331 0.0293740131
0.7400000000 0.8498603473 1.5180347889 2.4777744500 8.4409842475 0.8498603473 1.2901175729 7.1736578037 0.0172632696
0.7450000000 0.9407799334 1.5180322110 2.4777796112 7.7365871236 0.9407799334 1.4281342423 7.2784259187 0.0147755568
0.7500000000 1.0201155077 1.5180298834 2.4777847248 7.2245214939 1.0201155077 1.5485658252 7.3698464116 0.0390907684
0.7550000000 1.0882864315 1.5180280798 2.4777891864 6.8441555555 1.0882864315 1.6520493619 7.4484016262 0.0317946059
0.7600000000 1.1457721573 1.5180266179 2.4777935037 6.5585859703 1.1457721573 1.7393126328 7.5146451959 0.0190969237
0.7650000000 1.1923413069 1.5180253552 2.4777981275 6.3474371914 1.1923413069 1.8100043359 7.5683115561 0.0110599465
0.7700000000 1.2294918269 1.5180240049 2.4778030605 6.1904650762 1.2294918269 1.8663981071 7.6111262158 0.0565642954
0.7750000000 1.2590866956 1.5180220045 2.4778086735 6.0720485835 1.2590866956 1.9113213096 7.6452355867 0.0408231212
0.7800000000 1.2815202147 1.5180192823 2.4778157459 5.9859342687 1.2815202147 1.9453723967 7.6710957695 0.0338947368
0.7850000000 1.2984967123 1.5180170798 2.4778246502 5.9227518933 1.2984967123 1.9711401872 7.6906738610 0.1321762008
0.7900000000 1.3114458060 1.5180163014 2.4778332278 5.8756629586 1.3114458060 1.9907961120 7.7056135448 0.0776376166
0.7950000000 1.3207106455 1.5180151452 2.4778385438 5.8425358866 1.3207106455 2.0048587623 7.7162993420 0.1631139012
0.8000000000 1.3275073863 1.5180112624 2.4778387705 5.8185161656 1.3275073863 2.0151711634 7.7241231871 0.0037574795
0.8050000000 1.3321303377 1.5180071121 2.4778388942 5.8023162996 1.3321303377 2.0221833268 7.7294415714 0.3275244463
0.8100000000 1.3357752770 1.5180100640 2.4778522157 5.7896568336 1.3357752770 2.0277203137 7.7336804607 0.2928572135
0.8150000000 1.3383564078 1.5180353646 2.4779100604 5.7808595302 1.3383564078 2.0316723575 7.7368503949 0.0780126384
0.8200000000 1.3398134305 1.5180856542 2.4780269140 5.7761203476 1.3398134305 2.0339515482 7.7389236182 0.3380140511
0.8250000000 1.3408136844 1.5180771965 2.4780218533 5.7726486729 1.3408136844 2.0354586790 7.7400463358 0.3681973169
0.8300000000 1.3413273290 1.5178599804 2.4775655783 5.7696992158 1.3413273290 2.0359470733 7.7390552381 0.1697490368
0.8350000000 1.3410203346 1.5170525283 2.4758190172 5.7662750351 1.3410203346 2.0343982891 7.7326920770 0.0636447838
0.8400000000 1.3407883272 1.5165258368 2.4746855412 5.7641613704 1.3407883272 2.0333401399 7.7285202816 0.3691929806
0.8450000000 1.3423195958 1.5181847729 2.4782869853 5.7681223169 1.3423195958 2.0378891707 7.7426636171 0.2545510617
0.8500000000 1.3503964603 1.5277362813 2.4990222119 5.7934493110 1.3503964603 2.0630496666 7.8234534427 0.0419060813
0.8550000000 1.3622605069 1.5419035084 2.5299933877 5.8317390398 1.3622605069 2.1004742550 7.9443477808 0.3693072499
0.8600000000 1.3543320570 1.5336043061 2.5114381905 5.8119061513 1.3543320570 2.0770094745 7.8712508132 0.3272332324
0.8650000000 1.2688110369 1.4333998174 2.2995042015 5.5581423114 1.2688110369 1.8187135085 7.0522323092 0.1818104489
0.8700000000 1.0147252757 1.0855374148 1.6821216622 4.7334742511 1.0147252757 1.1015222526 4.8031759647 0.0428143473
0.8750000000 0.7323457384 0.5771985702 1.0377896087 3.7092692283 0.7323457384 0.4227089131 2.7164675119 0.0892107967
0.8800000000 0.5807497223 0.2145511298 0.7189177724 3.1177992023 0.5807497223 0.1246005091 1.8106610211 0.1755286789
0.8850000000 0.5235409961 0.0616033863 0.6108650574 2.9188851839 0.5235409961 0.0322518982 1.5281560566 0.2104689231
0.8900000000 0.5061351681 0.0157013254 0.5809878598 2.8698500523 0.5061351681 0.0079469930 1.4525320387 0.2212471313
0.8950000000 0.5015210247 0.0038588110 0.5734435928 2.8585296435 0.5015210247 0.0019352748 1.4336127158 0.2240708121
0.9000000000 0.5003708633 0.0009386396 0.5715936546 2.8558504535 0.5003708633 0.0004696679 1.4289843568 0.2247854239
0.9050000000 0.5000898248 0.0002272022 0.5711436546 2.8552053622 0.5000898248 0.0001136215 1.4278591495 0.2248180915
0.9100000000 0.5000215714 0.0000545540 0.5710344908 2.8550492809 0.5000215714 0.0000272782 1.4275862277 0.2241128006
0.9150000000 0.5000050631 0.0000128041 0.5710080951 2.8550115648 0.5000050631 0.0000064021 1.4275202377 0.2208993262
0.9200000000 0.5000011123 0.0000028128 0.5710017783 2.8550025404 0.5000011123 0.0000014064 1.4275044457 0.2079060129
0.9250000000 0.5000002041 0.0000005162 0.5710003264 2.8550004663 0.5000002041 0.0000002581 1.4275008159 0.1604561131
0.9300000000 0.5000000261 0.0000000661 0.5710000418 2.8550000597 0.5000000261 0.0000000330 1.4275001044 0.0647025073
0.9350000000 0.5000000023 0.0000000059 0.5710000037 2.8550000053 0.5000000023 0.0000000029 1.4275000093 0.0107018482
0.9400000000 0.5000000002 0.0000000004 0.5710000003 2.8550000004 0.5000000002 0.0000000002 1.4275000007 0.0010042636
0.9450000000 0.5000000000 0.0000000000 0.5710000000 2.8550000000 0.5000000000 0.0000000000 1.4275000000 0.0000744979
0.9500000000 0.5000000000 0.0000000000 0.5710000000 2.8550000000 0.5000000000 0.0000000000 1.4275000000 0.0000052507
0.9550000000 0.5000000000 0.0000000000 0.5710000000 2.8550000000 0.5000000000 0.0000000000 1.4275000000 0.0000003675
0.9600000000 0.5000000000 0.0000000000 0.5710000000 2.8550000000 0.5000000000 0.0000000000 1.4275000000 0.0000000257
0.9650000000 0.5000000000 0.0000000000 0.5710000000 2.8550000000 0.5000000000 0.0000000000 1.4275000000 0.0000000018
0.9700000000 0.5000000000 0.0000000000 0.5710000000 2.8550000000 0.5000000000 0.0000000000 1.4275000000 0.0000000001
0.9750000000 0.5000000000 0.0000000000 0.5710000000 2.8550000000 0.5000000000 0.0000000000 1.4275000000 0.0000000000
0.9800000000 0.5000000000 0.0000000000 0.5710000000 2.8550000000 0.5000000000 0.0000000000 1.4275000000 0.0000000000
0.9850000000 0.5000000000 0.0000000000 0.5710000000 2.8550000000 0.5000000000 0.0000000000 1.4275000000 0.0000000000
0.9900000000 0.5000000000 0.0000000000 0.5710000000 2.8550000000 0.5000000000 0.0000000000 1.4275000000 0.0000000000
0.9950000000 0.5000000000 0.0000000000 0.5710000000 2.8550000000 0.5000000000 0.0000000000 1.4275000000 0.0000000000
1.0000000000 0.5000000000 0.0000000000 0.5710000000 2.8550000000 0.5000000000 0.0000000000 1.4275000000 0.0000000000
