TITLE = "1D Euler Filtered MacCormack Result"
VARIABLES = "x", "rho", "u", "p", "E", "rho_conserved", "rhou", "rhoE", "nu"
ZONE T="t=0.20000000", I=501, F=POINT
0.0000000000 0.4000000000 0.5000000000 1.0000000000 6.3750000000 0.4000000000 0.2000000000 2.5500000000 0.0000000000
0.0020000000 0.4000000000 0.5000000000 1.0000000000 6.3750000000 0.4000000000 0.2000000000 2.5500000000 0.0000000000
0.0040000000 0.4000000000 0.5000000000 1.0000000000 6.3750000000 0.4000000000 0.2000000000 2.5500000000 0.0000000000
0.0060000000 0.4000000000 0.5000000000 1.0000000000 6.3750000000 0.4000000000 0.2000000000 2.5500000000 0.0000000000
0.0080000000 0.4000000000 0.5000000000 1.0000000000 6.3750000000 0.4000000000 0.2000000000 2.5500000000 0.0000000000
0.0100000000 0.4000000000 0.5000000000 1.0000000000 6.3750000000 0.4000000000 0.2000000000 2.5500000000 0.0000000000
0.0120000000 0.4000000000 0.5000000000 1.0000000000 6.3750000000 0.4000000000 0.2000000000 2.5500000000 0.0000000000
0.0140000000 0.4000000000 0.5000000000 1.0000000000 6.3750000000 0.4000000000 0.2000000000 2.5500000000 0.0000000000
0.0160000000 0.4000000000 0.5000000000 1.0000000000 6.3750000000 0.4000000000 0.2000000000 2.5500000000 0.0000000000
0.0180000000 0.4000000000 0.5000000000 1.0000000000 6.3750000000 0.4000000000 0.2000000000 2.5500000000 0.0000000000
0.0200000000 0.4000000000 0.5000000000 1.0000000000 6.3750000000 0.4000000000 0.2000000000 2.5500000000 0.0000000000
0.0220000000 0.4000000000 0.5000000000 1.0000000000 6.3750000000 0.4000000000 0.2000000000 2.5500000000 0.0000000000
0.0240000000 0.4000000000 0.5000000000 1.0000000000 6.3750000000 0.4000000000 0.2000000000 2.5500000000 0.0000000000
0.0260000000 0.4000000000 0.5000000000 1.0000000000 6.3750000000 0.4000000000 0.2000000000 2.5500000000 0.0000000000
0.0280000000 0.4000000000 0.5000000000 1.0000000000 6.3750000000 0.4000000000 0.2000000000 2.5500000000 0.0000000000
0.0300000000 0.4000000000 0.5000000000 1.0000000000 6.3750000000 0.4000000000 0.2000000000 2.5500000000 0.0000000000
0.0320000000 0.4000000000 0.5000000000 1.0000000000 6.3750000000 0.4000000000 0.2000000000 2.5500000000 0.0000000000
0.0340000000 0.4000000000 0.5000000000 1.0000000000 6.3750000000 0.4000000000 0.2000000000 2.5500000000 0.0000000000
0.0360000000 0.4000000000 0.5000000000 1.0000000000 6.3750000000 0.4000000000 0.2000000000 2.5500000000 0.0000000000
0.0380000000 0.4000000000 0.5000000000 1.0000000000 6.3750000000 0.4000000000 0.2000000000 2.5500000000 0.0000000000
0.0400000000 0.4000000000 0.5000000000 1.0000000000 6.3750000000 0.4000000000 0.2000000000 2.5500000000 0.0000000000
0.0420000000 0.4000000000 0.5000000000 1.0000000000 6.3750000000 0.4000000000 0.2000000000 2.5500000000 0.0000000000
0.0440000000 0.4000000000 0.5000000000 1.0000000000 6.3750000000 0.4000000000 0.2000000000 2.5500000000 0.0000000000
0.0460000000 0.4000000000 0.5000000000 1.0000000000 6.3750000000 0.4000000000 0.2000000000 2.5500000000 0.0000000000
0.0480000000 0.4000000000 0.5000000000 1.0000000000 6.3750000000 0.4000000000 0.2000000000 2.5500000000 0.0000000000
0.0500000000 0.4000000000 0.5000000000 1.0000000000 6.3750000000 0.4000000000 0.2000000000 2.5500000000 0.0000000000
0.0520000000 0.4000000000 0.5000000000 1.0000000000 6.3750000000 0.4000000000 0.2000000000 2.5500000000 0.0000000000
0.0540000000 0.4000000000 0.5000000000 1.0000000000 6.3750000000 0.4000000000 0.2000000000 2.5500000000 0.0000000000
0.0560000000 0.4000000000 0.5000000000 1.0000000000 6.3750000000 0.4000000000 0.2000000000 2.5500000000 0.0000000000
0.0580000000 0.4000000000 0.5000000000 1.0000000000 6.3750000000 0.4000000000 0.2000000000 2.5500000000 0.0000000000
0.0600000000 0.4000000000 0.5000000000 1.0000000000 6.3750000000 0.4000000000 0.2000000000 2.5500000000 0.0000000000
0.0620000000 0.4000000000 0.5000000000 1.0000000000 6.3750000000 0.4000000000 0.2000000000 2.5500000000 0.0000000000
0.0640000000 0.4000000000 0.5000000000 1.0000000000 6.3750000000 0.4000000000 0.2000000000 2.5500000000 0.0000000000
0.0660000000 0.4000000000 0.5000000000 1.0000000000 6.3750000000 0.4000000000 0.2000000000 2.5500000000 0.0000000000
0.0680000000 0.4000000000 0.5000000000 1.0000000000 6.3750000000 0.4000000000 0.2000000000 2.5500000000 0.0000000000
0.0700000000 0.4000000000 0.5000000000 1.0000000000 6.3750000000 0.4000000000 0.2000000000 2.5500000000 0.0000000000
0.0720000000 0.4000000000 0.5000000000 1.0000000000 6.3750000000 0.4000000000 0.2000000000 2.5500000000 0.0000000000
0.0740000000 0.4000000000 0.5000000000 1.0000000000 6.3750000000 0.4000000000 0.2000000000 2.5500000000 0.0000000000
0.0760000000 0.4000000000 0.5000000000 1.0000000000 6.3750000000 0.4000000000 0.2000000000 2.5500000000 0.0000000000
0.0780000000 0.4000000000 0.5000000000 1.0000000000 6.3750000000 0.4000000000 0.2000000000 2.5500000000 0.0000000000
0.0800000000 0.4000000000 0.5000000000 1.0000000000 6.3750000000 0.4000000000 0.2000000000 2.5500000000 0.0000000000
0.0820000000 0.4000000000 0.5000000000 1.0000000000 6.3750000000 0.4000000000 0.2000000000 2.5500000000 0.0000000000
0.0840000000 0.4000000000 0.5000000000 1.0000000000 6.3750000000 0.4000000000 0.2000000000 2.5500000000 0.0000000000
0.0860000000 0.4000000000 0.5000000000 1.0000000000 6.3750000000 0.4000000000 0.2000000000 2.5500000000 0.0000000000
0.0880000000 0.4000000000 0.5000000000 1.0000000000 6.3750000000 0.4000000000 0.2000000000 2.5500000000 0.0000000000
0.0900000000 0.4000000000 0.5000000000 1.0000000000 6.3750000000 0.4000000000 0.2000000000 2.5500000000 0.0000000000
0.0920000000 0.4000000000 0.5000000000 1.0000000000 6.3750000000 0.4000000000 0.2000000000 2.5500000000 0.0000000000
0.0940000000 0.4000000000 0.5000000000 1.0000000000 6.3750000000 0.4000000000 0.2000000000 2.5500000000 0.0000000000
0.0960000000 0.4000000000 0.5000000000 1.0000000000 6.3750000000 0.4000000000 0.2000000000 2.5500000000 0.0000000000
0.0980000000 0.4000000000 0.5000000000 1.0000000000 6.3750000000 0.4000000000 0.2000000000 2.5500000000 0.0000000000
0.1000000000 0.4000000000 0.5000000000 1.0000000000 6.3750000000 0.4000000000 0.2000000000 2.5500000000 0.0000000000
0.1020000000 0.4000000000 0.5000000000 1.0000000000 6.3750000000 0.4000000000 0.2000000000 2.5500000000 0.0000000000
0.1040000000 0.4000000000 0.5000000000 1.0000000000 6.3750000000 0.4000000000 0.2000000000 2.5500000000 0.0000000000
0.1060000000 0.4000000000 0.5000000000 1.0000000000 6.3750000000 0.4000000000 0.2000000000 2.5500000000 0.0000000000
0.1080000000 0.4000000000 0.5000000000 1.0000000000 6.3750000000 0.4000000000 0.2000000000 2.5500000000 0.0000000000
0.1100000000 0.4000000000 0.5000000000 1.0000000000 6.3750000000 0.4000000000 0.2000000000 2.5500000000 0.0000000000
0.1120000000 0.4000000000 0.5000000000 1.0000000000 6.3750000000 0.4000000000 0.2000000000 2.5500000000 0.0000000002
0.1140000000 0.4000000000 0.5000000000 1.0000000000 6.3750000000 0.4000000000 0.2000000000 2.5500000000 0.0000000012
0.1160000000 0.4000000000 0.5000000000 1.0000000000 6.3750000000 0.4000000000 0.2000000000 2.5500000000 0.0000000083
0.1180000000 0.4000000000 0.5000000000 1.0000000000 6.3750000000 0.4000000000 0.2000000000 2.5500000000 0.0000000538
0.1200000000 0.4000000000 0.5000000000 1.0000000000 6.3750000000 0.4000000000 0.2000000000 2.5500000000 0.0000003503
0.1220000000 0.4000000000 0.5000000000 1.0000000000 6.3750000000 0.4000000000 0.2000000000 2.5500000000 0.0000022796
0.1240000000 0.4000000000 0.4999999999 1.0000000001 6.3750000001 0.4000000000 0.2000000000 2.5500000002 0.0000148307
0.1260000000 0.4000000002 0.4999999992 1.0000000006 6.3750000006 0.4000000002 0.1999999998 2.5500000013 0.0000961960
0.1280000000 0.4000000010 0.4999999951 1.0000000037 6.3750000041 0.4000000010 0.1999999986 2.5500000083 0.0006131675
0.1300000000 0.4000000067 0.4999999687 1.0000000234 6.3750000262 0.4000000067 0.1999999908 2.5500000531 0.0036137992
0.1320000000 0.4000000404 0.4999998110 1.0000001414 6.3750001580 0.4000000404 0.1999999446 2.5500003208 0.0168354952
0.1340000000 0.4000002148 0.4999989954 1.0000007518 6.3750008402 0.4000002148 0.1999997055 2.5500017054 0.0495821256
0.1360000000 0.4000009623 0.4999954995 1.0000033679 6.3750037638 0.4000009623 0.1999986809 2.5500076399 0.0844435343
0.1380000000 0.4000037373 0.4999825205 1.0000130805 6.3750146185 0.4000037373 0.1999948768 2.5500296725 0.1016074305
0.1400000000 0.4000133880 0.4999373833 1.0000468589 6.3750523711 0.4000133880 0.1999816465 2.5501062978 0.1074071482
0.1420000000 0.4000462011 0.4997839147 1.0001617137 6.3751807655 0.4000462011 0.1999366565 2.5503668468 0.1091571365
0.1440000000 0.4001569066 0.4992661456 1.0005492851 6.3756143237 0.4001569066 0.1997847964 2.5512461053 0.1095884495
0.1460000000 0.4005286587 0.4975275161 1.0018515750 6.3770744952 0.4005286587 0.1992740287 2.5542010937 0.1094054628
0.1480000000 0.4017654886 0.4917431444 1.0061934174 6.3819798812 0.4017654886 0.1975654247 2.5640592651 0.1083099004
0.1500000000 0.4057654338 0.4730302730 1.0203305073 6.3983341354 0.4057654338 0.1919393339 2.5962228260 0.1045754585
0.1520000000 0.4176750988 0.4173914163 1.0631902572 6.4508475815 0.4176750988 0.1743340010 2.6943584009 0.0931662165
0.1540000000 0.4466676506 0.2851524764 1.1707221885 6.5931910958 0.4466676506 0.1273683867 2.9449651768 0.0599645800
0.1560000000 0.4936588730 0.0877370245 1.3494391015 6.8377132028 0.4936588730 0.0433121606 3.3754977937 0.0085335758
0.1580000000 0.5308329390 -0.0512530030 1.4914923887 7.0256156175 0.5308329390 -0.0272067822 3.7294281864 0.0945960280
0.1600000000 0.5415858463 -0.0889794024 1.5321530748 7.0764896673 0.5415858463 -0.0481899849 3.8325266450 0.2028415086
0.1620000000 0.5405582479 -0.0848943591 1.5278313982 7.0695922700 0.5405582479 -0.0458903460 3.8215264112 0.1491562689
0.1640000000 0.5370941981 -0.0721420766 1.5141441450 7.0504541358 0.5370941981 -0.0387470908 3.7867580102 0.0558595702
0.1660000000 0.5355518577 -0.0664074135 1.5080527154 7.0419187452 0.5355518577 -0.0355646137 3.7713126655 0.1666660816
0.1680000000 0.5355026495 -0.0662244417 1.5078599137 7.0416534044 0.5355026495 -0.0354633640 3.7708240550 0.2024996368
0.1700000000 0.5358661168 -0.0675630224 1.5092849405 7.0436164622 0.5358661168 -0.0362047344 3.7744354018 0.0268829709
0.1720000000 0.5361030897 -0.0684361500 1.5102161414 7.0449058166 0.5361030897 -0.0366888315 3.7767957747 0.1318714613
0.1740000000 0.5361364151 -0.0685654620 1.5103519152 7.0451100311 0.5361364151 -0.0367604410 3.7771400363 0.2006764519
0.1760000000 0.5361036166 -0.0684466053 1.5102233166 7.0449330697 0.5361036166 -0.0366944726 3.7768140975 0.0069380252
0.1780000000 0.5360727215 -0.0683309854 1.5100990064 7.0447513169 0.5360727215 -0.0366303773 3.7764990109 0.0964356284
0.1800000000 0.5360651403 -0.0683037548 1.5100701495 7.0447144754 0.5360651403 -0.0366152619 3.7764258537 0.1898438342
0.1820000000 0.5360682522 -0.0683150672 1.5100832123 7.0447352864 0.5360682522 -0.0366215387 3.7764589322 0.0657610929
0.1840000000 0.5360737951 -0.0683319219 1.5101027098 7.0447545475 0.5360737951 -0.0366309527 3.7765083061 0.0600821026
0.1860000000 0.5360760150 -0.0683380807 1.5101104942 7.0447621095 0.5360760150 -0.0366344060 3.7765279981 0.1561338614
0.1880000000 0.5360755811 -0.0683379799 1.5101106792 7.0447686645 0.5360755811 -0.0366343223 3.7765284558 0.0410930194
0.1900000000 0.5360747814 -0.0683370881 1.5101087844 7.0447702732 0.5360747814 -0.0366337896 3.7765236842 0.1032109356
0.1920000000 0.5360749801 -0.0683383318 1.5101086946 7.0447673293 0.5360749801 -0.0366344699 3.7765235059 0.0380194217
0.1940000000 0.5360754320 -0.0683406848 1.5101103728 7.0447693794 0.5360754320 -0.0366357621 3.7765277884 0.0010054606
0.1960000000 0.5360758144 -0.0683423227 1.5101124523 7.0447741652 0.5360758144 -0.0366366663 3.7765330482 0.0163813872
0.1980000000 0.5360763645 -0.0683429297 1.5101141378 7.0447748406 0.5360763645 -0.0366370293 3.7765372855 0.0323347109
0.2000000000 0.5360766528 -0.0683432559 1.5101153382 7.0447766744 0.5360766528 -0.0366372239 3.7765402991 0.0586312991
0.2020000000 0.5360765815 -0.0683439388 1.5101161689 7.0447815315 0.5360765815 -0.0366375851 3.7765424008 0.0323994231
0.2040000000 0.5360766861 -0.0683450972 1.5101166820 7.0447826286 0.5360766861 -0.0366382132 3.7765437261 0.0453917044
0.2060000000 0.5360770846 -0.0683464264 1.5101169961 7.0447789500 0.5360770846 -0.0366389530 3.7765445610 0.0252927932
0.2080000000 0.5360772683 -0.0683475115 1.5101173781 7.0447783919 0.5360772683 -0.0366395473 3.7765455563 0.0211553099
0.2100000000 0.5360773176 -0.0683480709 1.5101181389 7.0447813303 0.5360773176 -0.0366398505 3.7765474788 0.0363197706
0.2120000000 0.5360776210 -0.0683481309 1.5101193268 7.0447828891 0.5360776210 -0.0366399034 3.7765504514 0.0077897122
0.2140000000 0.5360780129 -0.0683480052 1.5101206274 7.0447837977 0.5360780129 -0.0366398628 3.7765536993 0.0296754372
0.2160000000 0.5360782034 -0.0683480978 1.5101215957 7.0447858167 0.5360782034 -0.0366399255 3.7765561238 0.0050701853
0.2180000000 0.5360784279 -0.0683486437 1.5101219664 7.0447846338 0.5360784279 -0.0366402335 3.7765570712 0.0046086271
0.2200000000 0.5360786607 -0.0683495329 1.5101218737 7.0447812041 0.5360786607 -0.0366407260 3.7765568726 0.0467172079
0.2220000000 0.5360785857 -0.0683504261 1.5101217055 7.0447814650 0.5360785857 -0.0366411998 3.7765564845 0.0161155930
0.2240000000 0.5360784031 -0.0683509980 1.5101218211 7.0447844426 0.5360784031 -0.0366414938 3.7765567940 0.0411668902
0.2260000000 0.5360784714 -0.0683511725 1.5101223078 7.0447858270 0.5360784714 -0.0366415921 3.7765580174 0.0267657775
0.2280000000 0.5360787306 -0.0683511060 1.5101229895 7.0447855967 0.5360787306 -0.0366415741 3.7765597198 0.0217719266
0.2300000000 0.5360788603 -0.0683510740 1.5101235614 7.0447865577 0.5360788603 -0.0366415659 3.7765611486 0.0111908448
0.2320000000 0.5360789302 -0.0683512829 1.5101237898 7.0447867177 0.5360789302 -0.0366416826 3.7765617274 0.0034813534
0.2340000000 0.5360789698 -0.0683517314 1.5101236648 7.0447856461 0.5360789698 -0.0366419258 3.7765614316 0.0323673603
0.2360000000 0.5360788097 -0.0683522108 1.5101234079 7.0447865834 0.5360788097 -0.0366421718 3.7765608065 0.0023431727
0.2380000000 0.5360786572 -0.0683524394 1.5101233206 7.0447881955 0.5360786572 -0.0366422839 3.7765605963 0.0426494003
0.2400000000 0.5360787629 -0.0683523144 1.5101235344 7.0447877956 0.5360787629 -0.0366422241 3.7765611264 0.0191294992
0.2420000000 0.5360790111 -0.0683519497 1.5101239473 7.0447864356 0.5360790111 -0.0366420456 3.7765621458 0.0296328168
0.2440000000 0.5360790866 -0.0683516269 1.5101242903 7.0447870221 0.5360790866 -0.0366418777 3.7765629918 0.0260072990
0.2460000000 0.5360790253 -0.0683515789 1.5101243426 7.0447880680 0.5360790253 -0.0366418478 3.7765631206 0.0026379363
0.2480000000 0.5360789727 -0.0683518692 1.5101240592 7.0447874565 0.5360789727 -0.0366419998 3.7765624226 0.0091562195
0.2500000000 0.5360788529 -0.0683523300 1.5101236262 7.0447870423 0.5360788529 -0.0366422387 3.7765613567 0.0129395816
0.2520000000 0.5360787973 -0.0683526831 1.5101233338 7.0447864335 0.5360787973 -0.0366424241 3.7765606384 0.0370948629
0.2540000000 0.5360789525 -0.0683527482 1.5101233584 7.0447845135 0.5360789525 -0.0366424697 3.7765607027 0.0064453410
0.2560000000 0.5360791589 -0.0683525090 1.5101236984 7.0447833710 0.5360791589 -0.0366423555 3.7765615445 0.0239352412
0.2580000000 0.5360792289 -0.0683521498 1.5101241388 7.0447844808 0.5360792289 -0.0366421677 3.7765626325 0.0195076928
0.2600000000 0.5360792048 -0.0683519002 1.5101244212 7.0447860981 0.5360792048 -0.0366420323 3.7765633293 0.0087850332
0.2620000000 0.5360792266 -0.0683518923 1.5101243993 7.0447857085 0.5360792266 -0.0366420295 3.7765632743 0.0021275874
0.2640000000 0.5360792291 -0.0683520806 1.5101241253 7.0447844104 0.5360792291 -0.0366421307 3.7765625962 0.0107579264
0.2660000000 0.5360791656 -0.0683522774 1.5101238107 7.0447837922 0.5360791656 -0.0366422318 3.7765618168 0.0191003724
0.2680000000 0.5360791971 -0.0683523036 1.5101236581 7.0447826684 0.5360791971 -0.0366422481 3.7765614363 0.0025514189
0.2700000000 0.5360792176 -0.0683521073 1.5101237339 7.0447827388 0.5360792176 -0.0366421442 3.7765616186 0.0158545081
0.2720000000 0.5360791653 -0.0683518060 1.5101239222 7.0447842829 0.5360791653 -0.0366419791 3.7765620781 0.0001506833
0.2740000000 0.5360791244 -0.0683515973 1.5101240169 7.0447852473 0.5360791244 -0.0366418644 3.7765623073 0.0096088232
0.2760000000 0.5360791356 -0.0683516184 1.5101238719 7.0447844263 0.5360791356 -0.0366418765 3.7765619456 0.0093085895
0.2780000000 0.5360790907 -0.0683518496 1.5101235049 7.0447833204 0.5360790907 -0.0366419974 3.7765610363 0.0171053479
0.2800000000 0.5360789339 -0.0683521187 1.5101230947 7.0447834862 0.5360789339 -0.0366421309 3.7765600205 0.0093213162
0.2820000000 0.5360788254 -0.0683522092 1.5101228695 7.0447838668 0.5360788254 -0.0366421720 3.7765594604 0.0226085787
0.2840000000 0.5360788392 -0.0683520156 1.5101229401 7.0447840018 0.5360788392 -0.0366420692 3.7765596299 0.0056348794
0.2860000000 0.5360788939 -0.0683515944 1.5101232470 7.0447846856 0.5360788939 -0.0366418471 3.7765603818 0.0159666676
0.2880000000 0.5360790559 -0.0683511388 1.5101235852 7.0447841034 0.5360790559 -0.0366416140 3.7765612110 0.0016712909
0.2900000000 0.5360792353 -0.0683508590 1.5101237301 7.0447824035 0.5360792353 -0.0366414762 3.7765615635 0.0252041464
0.2920000000 0.5360792673 -0.0683508284 1.5101236009 7.0447813773 0.5360792673 -0.0366414620 3.7765612393 0.0245516153
0.2940000000 0.5360791552 -0.0683509654 1.5101232783 7.0447813557 0.5360791552 -0.0366415278 3.7765604377 0.0037834412
0.2960000000 0.5360790561 -0.0683510930 1.5101229435 7.0447811049 0.5360790561 -0.0366415894 3.7765596050 0.0223463104
0.2980000000 0.5360790734 -0.0683510669 1.5101227432 7.0447799416 0.5360790734 -0.0366415766 3.7765591034 0.0077886144
0.3000000000 0.5360791365 -0.0683508597 1.5101227020 7.0447789067 0.5360791365 -0.0366414698 3.7765589929 0.0030699369
0.3020000000 0.5360791908 -0.0683505742 1.5101227116 7.0447782185 0.5360791908 -0.0366413205 3.7765590067 0.0050662164
0.3040000000 0.5360792229 -0.0683503634 1.5101226170 7.0447773416 0.5360792229 -0.0366412097 3.7765587625 0.0263429538
0.3060000000 0.5360791094 -0.0683503054 1.5101223479 7.0447775726 0.5360791094 -0.0366411709 3.7765580873 0.0117471165
0.3080000000 0.5360789139 -0.0683503608 1.5101219614 7.0447783425 0.5360789139 -0.0366411872 3.7765571227 0.0131986247
0.3100000000 0.5360787960 -0.0683503938 1.5101216176 7.0447782913 0.5360787960 -0.0366411968 3.7765562642 0.0211879570
0.3120000000 0.5360787883 -0.0683502836 1.5101214578 7.0447776396 0.5360787883 -0.0366411372 3.7765558607 0.0033695642
0.3140000000 0.5360788009 -0.0683500018 1.5101215201 7.0447777449 0.5360788009 -0.0366409870 3.7765560059 0.0060974287
0.3160000000 0.5360787912 -0.0683496439 1.5101217011 7.0447786926 0.5360787912 -0.0366407945 3.7765564455 0.0015644267
0.3180000000 0.5360787974 -0.0683493662 1.5101218261 7.0447791743 0.5360787974 -0.0366406460 3.7765567478 0.0068342081
0.3200000000 0.5360787715 -0.0683492805 1.5101217616 7.0447792072 0.5360787715 -0.0366405983 3.7765565832 0.0036735884
0.3220000000 0.5360787221 -0.0683493823 1.5101214967 7.0447786288 0.5360787221 -0.0366406495 3.7765559246 0.0139885769
0.3240000000 0.5360787369 -0.0683495495 1.5101211475 7.0447768169 0.5360787369 -0.0366407402 3.7765550579 0.0084019537
0.3260000000 0.5360787884 -0.0683496289 1.5101208680 7.0447748424 0.5360787884 -0.0366407862 3.7765543621 0.0072294999
0.3280000000 0.5360787999 -0.0683495297 1.5101207520 7.0447741434 0.5360787999 -0.0366407339 3.7765540684 0.0019177710
0.3300000000 0.5360788071 -0.0683492746 1.5101207800 7.0447741620 0.5360788071 -0.0366405976 3.7765541291 0.0107744574
0.3320000000 0.5360788792 -0.0683489795 1.5101208397 7.0447734737 0.5360788792 -0.0366404443 3.7765542677 0.0040177153
0.3340000000 0.5360789792 -0.0683487697 1.5101208111 7.0447720122 0.5360789792 -0.0366403387 3.7765541889 0.0078204917
0.3360000000 0.5360790349 -0.0683486962 1.5101206530 7.0447705379 0.5360790349 -0.0366403031 3.7765537910 0.0049081196
0.3380000000 0.5360790593 -0.0683487108 1.5101204265 7.0447691616 0.5360790593 -0.0366403126 3.7765532254 0.0066650915
0.3400000000 0.5360790439 -0.0683487078 1.5101202493 7.0447685371 0.5360790439 -0.0366403099 3.7765527821 0.0083490765
0.3420000000 0.5360789833 -0.0683486086 1.5101202047 7.0447691187 0.5360789833 -0.0366402526 3.7765526670 0.0040741703
0.3440000000 0.5360789488 -0.0683484198 1.5101202805 7.0447699130 0.5360789488 -0.0366401490 3.7765528493 0.0142765950
0.3460000000 0.5360789952 -0.0683482280 1.5101203753 7.0447697317 0.5360789952 -0.0366400494 3.7765530794 0.0012453214
0.3480000000 0.5360790526 -0.0683481433 1.5101203633 7.0447689168 0.5360790526 -0.0366400079 3.7765530466 0.0139641675
0.3500000000 0.5360790361 -0.0683482131 1.5101201862 7.0447683122 0.5360790361 -0.0366400442 3.7765526062 0.0081921069
0.3520000000 0.5360789700 -0.0683483894 1.5101198909 7.0447678146 0.5360789700 -0.0366401342 3.7765518742 0.0069039125
0.3540000000 0.5360789336 -0.0683485513 1.5101196044 7.0447669682 0.5360789336 -0.0366402185 3.7765511639 0.0054850675
0.3560000000 0.5360789215 -0.0683485782 1.5101194567 7.0447664408 0.5360789215 -0.0366402321 3.7765507957 0.0184400875
0.3580000000 0.5360790094 -0.0683484291 1.5101194952 7.0447654553 0.5360790094 -0.0366401582 3.7765508866 0.0135042162
0.3600000000 0.5360791875 -0.0683481583 1.5101196659 7.0447638934 0.5360791875 -0.0366400252 3.7765513040 0.0043716232
0.3620000000 0.5360793432 -0.0683478856 1.5101198450 7.0447626637 0.5360793432 -0.0366398896 3.7765517421 0.0152831510
0.3640000000 0.5360794126 -0.0683477140 1.5101199248 7.0447621121 0.5360794126 -0.0366398024 3.7765519353 0.0050033761
0.3660000000 0.5360794540 -0.0683476736 1.5101198738 7.0447613287 0.5360794540 -0.0366397836 3.7765518064 0.0083152306
0.3680000000 0.5360795361 -0.0683477096 1.5101197495 7.0447596733 0.5360795361 -0.0366398084 3.7765514973 0.0058946308
0.3700000000 0.5360796481 -0.0683477329 1.5101196452 7.0447577158 0.5360796481 -0.0366398286 3.7765512375 0.0016949065
0.3720000000 0.5360797695 -0.0683476853 1.5101196211 7.0447560061 0.5360797695 -0.0366398114 3.7765511759 0.0001420835
0.3740000000 0.5360798921 -0.0683475814 1.5101196601 7.0447545702 0.5360798921 -0.0366397641 3.7765512698 0.0141338707
0.3760000000 0.5360799382 -0.0683474933 1.5101196844 7.0447540715 0.5360799382 -0.0366397200 3.7765513275 0.0138632557
0.3780000000 0.5360799142 -0.0683474895 1.5101196200 7.0447540869 0.5360799142 -0.0366397163 3.7765511662 0.0004594824
0.3800000000 0.5360798909 -0.0683475849 1.5101194497 7.0447536050 0.5360798909 -0.0366397658 3.7765507439 0.0093175247
0.3820000000 0.5360799101 -0.0683477189 1.5101192360 7.0447523649 0.5360799101 -0.0366398390 3.7765502146 0.0033499672
0.3840000000 0.5360799414 -0.0683477942 1.5101190798 7.0447512308 0.5360799414 -0.0366398815 3.7765498270 0.0026568232
0.3860000000 0.5360799569 -0.0683477382 1.5101190559 7.0447509128 0.5360799569 -0.0366398525 3.7765497654 0.0012445665
0.3880000000 0.5360799816 -0.0683475506 1.5101191623 7.0447510716 0.5360799816 -0.0366397536 3.7765500245 0.0018273915
0.3900000000 0.5360800022 -0.0683473070 1.5101193175 7.0447515070 0.5360800022 -0.0366396245 3.7765504036 0.0082698247
0.3920000000 0.5360799860 -0.0683471074 1.5101194160 7.0447521661 0.5360799860 -0.0366395164 3.7765506425 0.0004863076
0.3940000000 0.5360799737 -0.0683470196 1.5101193885 7.0447521939 0.5360799737 -0.0366394684 3.7765505706 0.0059230252
0.3960000000 0.5360799269 -0.0683470394 1.5101192446 7.0447521390 0.5360799269 -0.0366394759 3.7765502114 0.0135899570
0.3980000000 0.5360797972 -0.0683471013 1.5101190597 7.0447529845 0.5360797972 -0.0366395002 3.7765497510 0.0068720196
0.4000000000 0.5360796200 -0.0683471292 1.5101189203 7.0447546643 0.5360796200 -0.0366395031 3.7765494032 0.0000286474
0.4020000000 0.5360794429 -0.0683470854 1.5101188704 7.0447567551 0.5360794429 -0.0366394675 3.7765492765 0.0017111852
0.4040000000 0.5360792795 -0.0683469927 1.5101188865 7.0447589702 0.5360792795 -0.0366394066 3.7765493129 0.0076504898
0.4060000000 0.5360790670 -0.0683469100 1.5101189032 7.0447618338 0.5360790670 -0.0366393478 3.7765493512 0.0116658157
0.4080000000 0.5360787686 -0.0683468832 1.5101188663 7.0447655806 0.5360787686 -0.0366393130 3.7765492572 0.0122480313
0.4100000000 0.5360783651 -0.0683469093 1.5101187712 7.0447704392 0.5360783651 -0.0366392994 3.7765490195 0.0122444558
0.4120000000 0.5360778423 -0.0683469375 1.5101186642 7.0447768100 0.5360778423 -0.0366392788 3.7765487517 0.0081824603
0.4140000000 0.5360772311 -0.0683469055 1.5101186051 7.0447845620 0.5360772311 -0.0366392199 3.7765486015 0.0053120848
0.4160000000 0.5360765605 -0.0683467860 1.5101186201 7.0447934332 0.5360765605 -0.0366391099 3.7765486329 0.0070510367
0.4180000000 0.5360758087 -0.0683466107 1.5101186762 7.0448035595 0.5360758087 -0.0366389646 3.7765487650 0.0117045869
0.4200000000 0.5360749083 -0.0683464533 1.5101187006 7.0448154912 0.5360749083 -0.0366388187 3.7765488182 0.0127377678
0.4220000000 0.5360738231 -0.0683463832 1.5101186278 7.0448294034 0.5360738231 -0.0366387069 3.7765486311 0.0110008775
0.4240000000 0.5360725548 -0.0683464238 1.5101184432 7.0448452068 0.5360725548 -0.0366386420 3.7765481680 0.0090833085
0.4260000000 0.5360711165 -0.0683465361 1.5101181979 7.0448629664 0.5360711165 -0.0366386039 3.7765475557 0.0073509531
0.4280000000 0.5360695274 -0.0683466418 1.5101179828 7.0448828455 0.5360695274 -0.0366385520 3.7765470179 0.0072878355
0.4300000000 0.5360677798 -0.0683466717 1.5101178748 7.0449053034 0.5360677798 -0.0366384486 3.7765467451 0.0093253671
0.4320000000 0.5360658165 -0.0683466067 1.5101178935 7.0449311789 0.5360658165 -0.0366382795 3.7765467847 0.0111377109
0.4340000000 0.5360635710 -0.0683464827 1.5101179956 7.0449611469 0.5360635710 -0.0366380596 3.7765470301 0.0113343987
0.4360000000 0.5360610047 -0.0683463603 1.5101181089 7.0449953832 0.5360610047 -0.0366378186 3.7765473031 0.0100849984
0.4380000000 0.5360581210 -0.0683462833 1.5101181782 7.0450335868 0.5360581210 -0.0366375802 3.7765474667 0.0033506785
0.4400000000 0.5360551445 -0.0683462545 1.5101181927 7.0450727573 0.5360551445 -0.0366373613 3.7765474950 0.0348292559
0.4420000000 0.5360532627 -0.0683462334 1.5101181903 7.0450974673 0.5360532627 -0.0366372214 3.7765474837 0.1128365887
0.4440000000 0.5360531272 -0.0683461850 1.5101182070 7.0450993229 0.5360531272 -0.0366371862 3.7765475235 0.1398981135
0.4460000000 0.5360552457 -0.0683461071 1.5101182455 7.0450716640 0.5360552457 -0.0366372892 3.7765476218 0.0978508203
0.4480000000 0.5360621853 -0.0683460281 1.5101182791 7.0449806434 0.5360621853 -0.0366377212 3.7765477190 0.0819665418
0.4500000000 0.5360791117 -0.0683459916 1.5101182678 7.0447582205 0.5360791117 -0.0366388585 3.7765477290 0.0740128687
0.4520000000 0.5361159226 -0.0683460247 1.5101181891 7.0442743074 0.5361159226 -0.0366413921 3.7765476196 0.0691252916
0.4540000000 0.5361911121 -0.0683461180 1.5101180586 7.0432862218 0.5361911121 -0.0366465810 3.7765474723 0.0656558205
0.4560000000 0.5363384457 -0.0683462280 1.5101179255 7.0413514418 0.5363384457 -0.0366567097 3.7765474877 0.0628573373
0.4580000000 0.5366180505 -0.0683463015 1.5101178470 7.0376834014 0.5366180505 -0.0366758591 3.7765479471 0.0603743331
0.4600000000 0.5371342403 -0.0683463048 1.5101178570 7.0309224301 0.5371342403 -0.0367111405 3.7765491778 0.0580235247
0.4620000000 0.5380630943 -0.0683462407 1.5101179492 7.0187894607 0.5380630943 -0.0367745898 3.7765515755 0.0557016608
0.4640000000 0.5396932942 -0.0683461428 1.5101180837 6.9975961465 0.5396932942 -0.0368859550 3.7765557155 0.0533455170
0.4660000000 0.5424835222 -0.0683460545 1.5101182103 6.9616170653 0.5424835222 -0.0370766084 3.7765625457 0.0509121398
0.4680000000 0.5471381022 -0.0683460047 1.5101182953 6.9024138739 0.5471381022 -0.0373947033 3.7765736274 0.0483678080
0.4700000000 0.5546984325 -0.0683459961 1.5101183337 6.8083685826 0.5546984325 -0.0379114169 3.7765913810 0.0456810509
0.4720000000 0.5666398715 -0.0683460107 1.5101183442 6.6649374459 0.5666398715 -0.0387275747 3.7766192981 0.0428173837
0.4740000000 0.5849509708 -0.0683460274 1.5101183503 6.4563737299 0.5849509708 -0.0399790751 3.7766620813 0.0397341072
0.4760000000 0.6121540361 -0.0683460386 1.5101183616 6.1695674984 0.6121540361 -0.0418383034 3.7767256452 0.0363733392
0.4780000000 0.6512044022 -0.0683460561 1.5101183662 5.7997409876 0.6512044022 -0.0445072526 3.7768168630 0.0326501525
0.4800000000 0.7051846084 -0.0683460989 1.5101183412 5.3559632949 0.7051846084 -0.0481966170 3.7769428785 0.0284285791
0.4820000000 0.7766948125 -0.0683461688 1.5101182819 4.8630552076 0.7766948125 -0.0530841148 3.7771097526 0.0234639180
0.4840000000 0.8668329841 -0.0683462265 1.5101182345 4.3576100972 0.8668329841 -0.0592447635 3.7773201643 0.0172224488
0.4860000000 0.9736096930 -0.0683462134 1.5101182812 3.8799630851 0.9736096930 -0.0665425359 3.7775696681 0.0079745428
0.4880000000 1.0890155984 -0.0683461436 1.5101184110 3.4690407883 1.0890155984 -0.0744300165 3.7778395298 0.0110916401
0.4900000000 1.1921876675 -0.0683461133 1.5101184763 3.1690318244 1.1921876675 -0.0814813934 3.7780806589 0.0254911360
0.4920000000 1.2723907436 -0.0683461546 1.5101184030 2.9694241492 1.2723907436 -0.0869630145 3.7782678012 0.0312829146
0.4940000000 1.3311797795 -0.0683462174 1.5101182465 2.8383880085 1.3311797795 -0.0909811027 3.7784047233 0.0361035169
0.4960000000 1.3722248600 -0.0683462485 1.5101180760 2.7535575803 1.3722248600 -0.0937864213 3.7785001650 0.0402541938
0.4980000000 1.3996946110 -0.0683462188 1.5101179352 2.6995631324 1.3996946110 -0.0956638341 3.7785639686 0.0439416704
0.5000000000 1.4173954426 -0.0683461186 1.5101178617 2.6658792627 1.4173954426 -0.0968734770 3.7786051174 0.0472814348
0.5020000000 1.4284136211 -0.0683459719 1.5101178675 2.6453338135 1.4284136211 -0.0976263173 3.7786308514 0.0503392961
0.5040000000 1.4350565541 -0.0683458399 1.5101179148 2.6330993445 1.4350565541 -0.0980801455 3.7786464719 0.0531544349
0.5060000000 1.4389446712 -0.0683457831 1.5101179437 2.6259909053 1.4389446712 -0.0983458004 3.7786556197 0.0557470599
0.5080000000 1.4411585958 -0.0683458149 1.5101179195 2.6219603755 1.4411585958 -0.0984971587 3.7786607331 0.0581200463
0.5100000000 1.4423875555 -0.0683458899 1.5101178483 2.6197282543 1.4423875555 -0.0985812610 3.7786634327 0.0602576144
0.5120000000 1.4430541205 -0.0683459366 1.5101177593 2.6185190964 1.4430541205 -0.0986268854 3.7786647716 0.0621211911
0.5140000000 1.4434082988 -0.0683459070 1.5101176820 2.6178770108 1.4434082988 -0.0986510493 3.7786654026 0.0636415424
0.5160000000 1.4435932703 -0.0683458059 1.5101176377 2.6175417909 1.4435932703 -0.0986635455 3.7786657141 0.0647085657
0.5180000000 1.4436886234 -0.0683456846 1.5101176403 2.6173690574 1.4436886234 -0.0986698873 3.7786659313 0.0651726288
0.5200000000 1.4437374005 -0.0683456036 1.5101176931 2.6172807935 1.4437374005 -0.0986731040 3.7786661693 0.0649017293
0.5220000000 1.4437622980 -0.0683455932 1.5101177810 2.6172358507 1.4437622980 -0.0986747907 3.7786664461 0.0639662795
0.5240000000 1.4437750108 -0.0683456370 1.5101178682 2.6172129798 1.4437750108 -0.0986757228 3.7786666980 0.0629509364
0.5260000000 1.4437814525 -0.0683456886 1.5101179129 2.6172013940 1.4437814525 -0.0986762376 3.7786668301 0.0631655983
0.5280000000 1.4437845885 -0.0683457098 1.5101178956 2.6171956857 1.4437845885 -0.0986764824 3.7786667961 0.0664987885
0.5300000000 1.4437859284 -0.0683456988 1.5101178345 2.6171931525 1.4437859284 -0.0986765581 3.7786666455 0.0747139352
0.5320000000 1.4437862836 -0.0683456864 1.5101177729 2.6171924017 1.4437862836 -0.0986765646 3.7786664911 0.0765650724
0.5340000000 1.4437860314 -0.0683457057 1.5101177492 2.6171928187 1.4437860314 -0.0986765752 3.7786664331 0.0559550479
0.5360000000 1.4437851954 -0.0683457668 1.5101177720 2.6171943764 1.4437851954 -0.0986766063 3.7786664942 0.0386525488
0.5380000000 1.4437837234 -0.0683458430 1.5101178085 2.6171971108 1.4437837234 -0.0986766157 3.7786665896 0.0260923140
0.5400000000 1.4437816658 -0.0683458953 1.5101178231 2.6172008661 1.4437816658 -0.0986765506 3.7786666262 0.0150819899
0.5420000000 1.4437791988 -0.0683459121 1.5101178273 2.6172053427 1.4437791988 -0.0986764062 3.7786666328 0.0053019534
0.5440000000 1.4437765766 -0.0683459140 1.5101178686 2.6172101635 1.4437765766 -0.0986762298 3.7786667300 0.0023899088
0.5460000000 1.4437740307 -0.0683459257 1.5101179662 2.6172149443 1.4437740307 -0.0986760727 3.7786669694 0.0060493277
0.5480000000 1.4437716599 -0.0683459476 1.5101180744 2.6172194270 1.4437716599 -0.0986759423 3.7786672364 0.0064272411
0.5500000000 1.4437694626 -0.0683459602 1.5101181181 2.6172234832 1.4437694626 -0.0986758102 3.7786673418 0.0074360621
0.5520000000 1.4437674561 -0.0683459498 1.5101180647 2.6172270240 1.4437674561 -0.0986756581 3.7786672025 0.0096795520
0.5540000000 1.4437656824 -0.0683459307 1.5101179666 2.6172300652 1.4437656824 -0.0986755093 3.7786669512 0.0127868827
0.5560000000 1.4437641834 -0.0683459366 1.5101179290 2.6172327157 1.4437641834 -0.0986754154 3.7786668545 0.0151777700
0.5580000000 1.4437629617 -0.0683459844 1.5101180185 2.6172350864 1.4437629617 -0.0986754008 3.7786670799 0.0129785905
0.5600000000 1.4437619385 -0.0683460441 1.5101181914 2.6172372431 1.4437619385 -0.0986754172 3.7786675158 0.0042640699
0.5620000000 1.4437609672 -0.0683460490 1.5101183120 2.6172392116 1.4437609672 -0.0986753578 3.7786678155 0.0066556432
0.5640000000 1.4437598930 -0.0683459487 1.5101182575 2.6172410559 1.4437598930 -0.0986751396 3.7786676667 0.0089614572
0.5660000000 1.4437586842 -0.0683457616 1.5101180307 2.6172428396 1.4437586842 -0.0986747869 3.7786670784 0.0025131794
0.5680000000 1.4437574488 -0.0683455712 1.5101177657 2.6172446054 1.4437574488 -0.0986744276 3.7786663944 0.0033229163
0.5700000000 1.4437562825 -0.0683454748 1.5101176360 2.6172464866 1.4437562825 -0.0986742087 3.7786660579 0.0099171747
0.5720000000 1.4437552727 -0.0683455056 1.5101177077 2.6172484418 1.4437552727 -0.0986741840 3.7786662378 0.0128227962
0.5740000000 1.4437544315 -0.0683456110 1.5101178899 2.6172502881 1.4437544315 -0.0986742787 3.7786667018 0.0101498183
0.5760000000 1.4437537039 -0.0683456978 1.5101180145 2.6172518274 1.4437537039 -0.0986743543 3.7786670200 0.0045122017
0.5780000000 1.4437530236 -0.0683456974 1.5101179586 2.6172529628 1.4437530236 -0.0986743073 3.7786668787 0.0054104529
0.5800000000 1.4437524116 -0.0683456146 1.5101177396 2.6172536864 1.4437524116 -0.0986741459 3.7786663215 0.0146421956
0.5820000000 1.4437519639 -0.0683455247 1.5101175077 2.6172540897 1.4437519639 -0.0986739856 3.7786657320 0.0294751125
0.5840000000 1.4437517656 -0.0683455045 1.5101174148 2.6172542865 1.4437517656 -0.0986739429 3.7786654971 0.0378924379
0.5860000000 1.4437517893 -0.0683455661 1.5101174880 2.6172543745 1.4437517893 -0.0986740334 3.7786656862 0.0182824250
0.5880000000 1.4437519052 -0.0683456563 1.5101176291 2.6172544151 1.4437519052 -0.0986741714 3.7786660482 0.0107911020
0.5900000000 1.4437519479 -0.0683457008 1.5101176879 2.6172544426 1.4437519479 -0.0986742387 3.7786661997 0.0335043062
0.5920000000 1.4437517997 -0.0683456866 1.5101176148 2.6172545836 1.4437517997 -0.0986742081 3.7786660153 0.0244706467
0.5940000000 1.4437514872 -0.0683456699 1.5101174873 2.6172549278 1.4437514872 -0.0986741625 3.7786656942 0.0104102813
0.5960000000 1.4437510930 -0.0683457225 1.5101174289 2.6172555441 1.4437510930 -0.0986742116 3.7786655525 0.0005981972
0.5980000000 1.4437506986 -0.0683458542 1.5101174835 2.6172563618 1.4437506986 -0.0986743747 3.7786657009 0.0007733109
0.6000000000 1.4437502971 -0.0683459878 1.5101175581 2.6172572274 1.4437502971 -0.0986745401 3.7786658998 0.0038928023
0.6020000000 1.4437498528 -0.0683460401 1.5101175266 2.6172579812 1.4437498528 -0.0986745854 3.7786658250 0.0000637946
0.6040000000 1.4437494161 -0.0683460075 1.5101173618 2.6172584846 1.4437494161 -0.0986745084 3.7786654089 0.0122753583
0.6060000000 1.4437491053 -0.0683459812 1.5101171932 2.6172587536 1.4437491053 -0.0986744492 3.7786649840 0.0349210950
0.6080000000 1.4437490436 -0.0683460543 1.5101171906 2.6172588658 1.4437490436 -0.0986745505 3.7786649845 0.0401270497
0.6100000000 1.4437492184 -0.0683462340 1.5101173899 2.6172589067 1.4437492184 -0.0986748219 3.7786655010 0.0220231777
0.6120000000 1.4437495365 -0.0683464334 1.5101176316 2.6172587627 1.4437495365 -0.0986751315 3.7786661257 0.0084399827
0.6140000000 1.4437497691 -0.0683465271 1.5101176251 2.6172583366 1.4437497691 -0.0986752828 3.7786661192 0.0393867939
0.6160000000 1.4437497611 -0.0683464690 1.5101172556 2.6172577073 1.4437497611 -0.0986751983 3.7786651896 0.0306280565
0.6180000000 1.4437495950 -0.0683463234 1.5101166925 2.6172570231 1.4437495950 -0.0986749767 3.7786637671 0.0018399620
0.6200000000 1.4437494434 -0.0683462451 1.5101162768 2.6172565725 1.4437494434 -0.0986748534 3.7786627198 0.0160594191
0.6220000000 1.4437494068 -0.0683463890 1.5101162453 2.6172565942 1.4437494068 -0.0986750585 3.7786626552 0.0040400979
0.6240000000 1.4437493297 -0.0683467831 1.5101164627 2.6172571372 1.4437493297 -0.0986756223 3.7786632375 0.0279429693
0.6260000000 1.4437490189 -0.0683472324 1.5101164987 2.6172577931 1.4437490189 -0.0986762497 3.7786633710 0.0284884191
0.6280000000 1.4437484137 -0.0683474435 1.5101161605 2.6172583181 1.4437484137 -0.0986765132 3.7786625450 0.0128906080
0.6300000000 1.4437476704 -0.0683472715 1.5101155906 2.6172586659 1.4437476704 -0.0986762140 3.7786611016 0.0018801432
0.6320000000 1.4437470143 -0.0683469253 1.5101150433 2.6172588826 1.4437470143 -0.0986756694 3.7786596975 0.0013370284
0.6340000000 1.4437464451 -0.0683469575 1.5101144309 2.6172588554 1.4437464451 -0.0986756769 3.7786581684 0.0084852923
0.6360000000 1.4437459533 -0.0683476342 1.5101136607 2.6172584587 1.4437459533 -0.0986766203 3.7786563085 0.0344170893
0.6380000000 1.4437456874 -0.0683484612 1.5101130676 2.6172579698 1.4437456874 -0.0986777961 3.7786549068 0.0959464480
0.6400000000 1.4437461553 -0.0683485651 1.5101134089 2.6172577204 1.4437461553 -0.0986779782 3.7786557714 0.0692899299
0.6420000000 1.4437478317 -0.0683472519 1.5101153541 2.6172579628 1.4437478317 -0.0986761967 3.7786605087 0.0298760660
0.6440000000 1.4437489752 -0.0683460325 1.5101165311 2.6172578464 1.4437489752 -0.0986745143 3.7786633335 0.1675423846
0.6460000000 1.4437462273 -0.0683481294 1.5101121699 2.6172554150 1.4437462273 -0.0986773540 3.7786526311 0.1111357015
0.6480000000 1.4437341325 -0.0683584508 1.5100943467 2.6172471636 1.4437341325 -0.0986914287 3.7786090633 0.0033100596
0.6500000000 1.4437222524 -0.0683690676 1.5100768940 2.6172391853 1.4437222524 -0.0987059443 3.7785664516 0.1961620169
0.6520000000 1.4437353009 -0.0683585505 1.5100961287 2.6172481401 1.4437353009 -0.0986916524 3.7786135310 0.1462612367
0.6540000000 1.4438265135 -0.0682816316 1.5102303593 2.6173101115 1.4438265135 -0.0985868301 3.7789417331 0.0244021560
0.6560000000 1.4439518712 -0.0681753426 1.5104145859 2.6173948009 1.4439518712 -0.0984419134 3.7793921203 0.2017819050
0.6580000000 1.4439034538 -0.0682149135 1.5103441248 2.6173631911 1.4439034538 -0.0984957492 3.7792197515 0.1773865727
0.6600000000 1.4432109924 -0.0687950522 1.5093307257 2.6169021849 1.4432109924 -0.0992857756 3.7767419993 0.0496134370
0.6620000000 1.4418809719 -0.0699117711 1.5073837649 2.6160156037 1.4418809719 -0.1008044525 3.7719831212 0.1390164147
0.6640000000 1.4417490999 -0.0700237083 1.5071914390 2.6159289963 1.4417490999 -0.1009566183 3.7715132758 0.2028220554
0.6660000000 1.4465848225 -0.0659699961 1.5142785764 2.6191649325 1.4465848225 -0.0954311951 3.7888442389 0.0747511684
0.6680000000 1.4592882898 -0.0553752381 1.5329210296 2.6276781594 1.4592882898 -0.0808084365 3.8345399673 0.0656906832
0.6700000000 1.4645919254 -0.0509821204 1.5407270522 2.6312592129 1.4645919254 -0.0746680019 3.8537209969 0.2028501760
0.6720000000 1.4300044572 -0.0797818246 1.4903189729 2.6086271987 1.4300044572 -0.1140883648 3.7303485212 0.1054466016
0.6740000000 1.3052409307 -0.1886593721 1.3121524928 2.5310342759 1.3052409307 -0.2462459344 3.3036095338 0.0086017544
0.6760000000 1.1556058627 -0.3323896641 1.1051136086 2.4460081501 1.1556058627 -0.3841114445 2.8266213585 0.0527231155
0.6780000000 1.0628919501 -0.4303205259 0.9810077897 2.3999903130 1.0628919501 -0.4573842229 2.5509303840 0.0837169050
0.6800000000 1.0222680994 -0.4751098924 0.9282908882 2.3830394487 1.0222680994 -0.4856896868 2.4361052079 0.0967918124
0.6820000000 1.0074212981 -0.4916819428 0.9093764718 2.3775691503 1.0074212981 -0.4953308611 2.3952137996 0.1016137870
0.6840000000 1.0024172844 -0.4972879427 0.9030484813 2.3758246998 1.0024172844 -0.4984900290 2.3815677436 0.1032145724
0.6860000000 1.0007808836 -0.4991236002 0.9009841954 2.3752651358 1.0007808836 -0.4995133577 2.3771199413 0.1037084439
0.6880000000 1.0002512100 -0.4997180319 0.9003165538 2.3750851610 1.0002512100 -0.4998435661 2.3756818062 0.1037954266
0.6900000000 1.0000804019 -0.4999097506 0.9001013094 2.3750272427 1.0000804019 -0.4999499443 2.3752181994 0.1035993171
0.6920000000 1.0000254526 -0.4999714297 0.9000320706 2.3750086228 1.0000254526 -0.4999841553 2.3750690728 0.1028441331
0.6940000000 1.0000078548 -0.4999911831 0.9000098970 2.3750026609 1.0000078548 -0.4999951104 2.3750213159 0.1004851883
0.6960000000 1.0000022909 -0.4999974284 0.9000028866 2.3750007761 1.0000022909 -0.4999985739 2.3750062171 0.0934637736
0.6980000000 1.0000005973 -0.4999993296 0.9000007526 2.3750002023 1.0000005973 -0.4999996282 2.3750016209 0.0746579097
0.7000000000 1.0000001310 -0.4999998529 0.9000001651 2.3750000444 1.0000001310 -0.4999999184 2.3750003556 0.0406022448
0.7020000000 1.0000000245 -0.4999999725 0.9000000308 2.3750000083 1.0000000245 -0.4999999848 2.3750000664 0.0127622599
0.7040000000 1.0000000042 -0.4999999953 0.9000000053 2.3750000014 1.0000000042 -0.4999999974 2.3750000114 0.0026967218
0.7060000000 1.0000000007 -0.4999999992 0.9000000009 2.3750000002 1.0000000007 -0.4999999996 2.3750000019 0.0004790055
0.7080000000 1.0000000001 -0.4999999999 0.9000000001 2.3750000000 1.0000000001 -0.4999999999 2.3750000003 0.0000808449
0.7100000000 1.0000000000 -0.5000000000 0.9000000000 2.3750000000 1.0000000000 -0.5000000000 2.3750000001 0.0000134974
0.7120000000 1.0000000000 -0.5000000000 0.9000000000 2.3750000000 1.0000000000 -0.5000000000 2.3750000000 0.0000022490
0.7140000000 1.0000000000 -0.5000000000 0.9000000000 2.3750000000 1.0000000000 -0.5000000000 2.3750000000 0.0000003746
0.7160000000 1.0000000000 -0.5000000000 0.9000000000 2.3750000000 1.0000000000 -0.5000000000 2.3750000000 0.0000000625
0.7180000000 1.0000000000 -0.5000000000 0.9000000000 2.3750000000 1.0000000000 -0.5000000000 2.3750000000 0.0000000102
0.7200000000 1.0000000000 -0.5000000000 0.9000000000 2.3750000000 1.0000000000 -0.5000000000 2.3750000000 0.0000000020
0.7220000000 1.0000000000 -0.5000000000 0.9000000000 2.3750000000 1.0000000000 -0.5000000000 2.3750000000 0.0000000002
0.7240000000 1.0000000000 -0.5000000000 0.9000000000 2.3750000000 1.0000000000 -0.5000000000 2.3750000000 0.0000000000
0.7260000000 1.0000000000 -0.5000000000 0.9000000000 2.3750000000 1.0000000000 -0.5000000000 2.3750000000 0.0000000000
0.7280000000 1.0000000000 -0.5000000000 0.9000000000 2.3750000000 1.0000000000 -0.5000000000 2.3750000000 0.0000000000
0.7300000000 1.0000000000 -0.5000000000 0.9000000000 2.3750000000 1.0000000000 -0.5000000000 2.3750000000 0.0000000000
0.7320000000 1.0000000000 -0.5000000000 0.9000000000 2.3750000000 1.0000000000 -0.5000000000 2.3750000000 0.0000000000
0.7340000000 1.0000000000 -0.5000000000 0.9000000000 2.3750000000 1.0000000000 -0.5000000000 2.3750000000 0.0000000000
0.7360000000 1.0000000000 -0.5000000000 0.9000000000 2.3750000000 1.0000000000 -0.5000000000 2.3750000000 0.0000000000
0.7380000000 1.0000000000 -0.5000000000 0.9000000000 2.3750000000 1.0000000000 -0.5000000000 2.3750000000 0.0000000000
0.7400000000 1.0000000000 -0.5000000000 0.9000000000 2.3750000000 1.0000000000 -0.5000000000 2.3750000000 0.0000000000
0.7420000000 1.0000000000 -0.5000000000 0.9000000000 2.3750000000 1.0000000000 -0.5000000000 2.3750000000 0.0000000000
0.7440000000 1.0000000000 -0.5000000000 0.9000000000 2.3750000000 1.0000000000 -0.5000000000 2.3750000000 0.0000000000
0.7460000000 1.0000000000 -0.5000000000 0.9000000000 2.3750000000 1.0000000000 -0.5000000000 2.3750000000 0.0000000000
0.7480000000 1.0000000000 -0.5000000000 0.9000000000 2.3750000000 1.0000000000 -0.5000000000 2.3750000000 0.0000000000
0.7500000000 1.0000000000 -0.5000000000 0.9000000000 2.3750000000 1.0000000000 -0.5000000000 2.3750000000 0.0000000000
0.7520000000 1.0000000000 -0.5000000000 0.9000000000 2.3750000000 1.0000000000 -0.5000000000 2.3750000000 0.0000000000
0.7540000000 1.0000000000 -0.5000000000 0.9000000000 2.3750000000 1.0000000000 -0.5000000000 2.3750000000 0.0000000000
0.7560000000 1.0000000000 -0.5000000000 0.9000000000 2.3750000000 1.0000000000 -0.5000000000 2.3750000000 0.0000000000
0.7580000000 1.0000000000 -0.5000000000 0.9000000000 2.3750000000 1.0000000000 -0.5000000000 2.3750000000 0.0000000000
0.7600000000 1.0000000000 -0.5000000000 0.9000000000 2.3750000000 1.0000000000 -0.5000000000 2.3750000000 0.0000000000
0.7620000000 1.0000000000 -0.5000000000 0.9000000000 2.3750000000 1.0000000000 -0.5000000000 2.3750000000 0.0000000000
0.7640000000 1.0000000000 -0.5000000000 0.9000000000 2.3750000000 1.0000000000 -0.5000000000 2.3750000000 0.0000000000
0.7660000000 1.0000000000 -0.5000000000 0.9000000000 2.3750000000 1.0000000000 -0.5000000000 2.3750000000 0.0000000000
0.7680000000 1.0000000000 -0.5000000000 0.9000000000 2.3750000000 1.0000000000 -0.5000000000 2.3750000000 0.0000000000
0.7700000000 1.0000000000 -0.5000000000 0.9000000000 2.3750000000 1.0000000000 -0.5000000000 2.3750000000 0.0000000000
0.7720000000 1.0000000000 -0.5000000000 0.9000000000 2.3750000000 1.0000000000 -0.5000000000 2.3750000000 0.0000000000
0.7740000000 1.0000000000 -0.5000000000 0.9000000000 2.3750000000 1.0000000000 -0.5000000000 2.3750000000 0.0000000000
0.7760000000 1.0000000000 -0.5000000000 0.9000000000 2.3750000000 1.0000000000 -0.5000000000 2.3750000000 0.0000000000
0.7780000000 1.0000000000 -0.5000000000 0.9000000000 2.3750000000 1.0000000000 -0.5000000000 2.3750000000 0.0000000000
0.7800000000 1.0000000000 -0.5000000000 0.9000000000 2.3750000000 1.0000000000 -0.5000000000 2.3750000000 0.0000000000
0.7820000000 1.0000000000 -0.5000000000 0.9000000000 2.3750000000 1.0000000000 -0.5000000000 2.3750000000 0.0000000000
0.7840000000 1.0000000000 -0.5000000000 0.9000000000 2.3750000000 1.0000000000 -0.5000000000 2.3750000000 0.0000000000
0.7860000000 1.0000000000 -0.5000000000 0.9000000000 2.3750000000 1.0000000000 -0.5000000000 2.3750000000 0.0000000000
0.7880000000 1.0000000000 -0.5000000000 0.9000000000 2.3750000000 1.0000000000 -0.5000000000 2.3750000000 0.0000000000
0.7900000000 1.0000000000 -0.5000000000 0.9000000000 2.3750000000 1.0000000000 -0.5000000000 2.3750000000 0.0000000000
0.7920000000 1.0000000000 -0.5000000000 0.9000000000 2.3750000000 1.0000000000 -0.5000000000 2.3750000000 0.0000000000
0.7940000000 1.0000000000 -0.5000000000 0.9000000000 2.3750000000 1.0000000000 -0.5000000000 2.3750000000 0.0000000000
0.7960000000 1.0000000000 -0.5000000000 0.9000000000 2.3750000000 1.0000000000 -0.5000000000 2.3750000000 0.0000000000
0.7980000000 1.0000000000 -0.5000000000 0.9000000000 2.3750000000 1.0000000000 -0.5000000000 2.3750000000 0.0000000000
0.8000000000 1.0000000000 -0.5000000000 0.9000000000 2.3750000000 1.0000000000 -0.5000000000 2.3750000000 0.0000000000
0.8020000000 1.0000000000 -0.5000000000 0.9000000000 2.3750000000 1.0000000000 -0.5000000000 2.3750000000 0.0000000000
0.8040000000 1.0000000000 -0.5000000000 0.9000000000 2.3750000000 1.0000000000 -0.5000000000 2.3750000000 0.0000000000
0.8060000000 1.0000000000 -0.5000000000 0.9000000000 2.3750000000 1.0000000000 -0.5000000000 2.3750000000 0.0000000000
0.8080000000 1.0000000000 -0.5000000000 0.9000000000 2.3750000000 1.0000000000 -0.5000000000 2.3750000000 0.0000000000
0.8100000000 1.0000000000 -0.5000000000 0.9000000000 2.3750000000 1.0000000000 -0.5000000000 2.3750000000 0.0000000000
0.8120000000 1.0000000000 -0.5000000000 0.9000000000 2.3750000000 1.0000000000 -0.5000000000 2.3750000000 0.0000000000
0.8140000000 1.0000000000 -0.5000000000 0.9000000000 2.3750000000 1.0000000000 -0.5000000000 2.3750000000 0.0000000000
0.8160000000 1.0000000000 -0.5000000000 0.9000000000 2.3750000000 1.0000000000 -0.5000000000 2.3750000000 0.0000000000
0.8180000000 1.0000000000 -0.5000000000 0.9000000000 2.3750000000 1.0000000000 -0.5000000000 2.3750000000 0.0000000000
0.8200000000 1.0000000000 -0.5000000000 0.9000000000 2.3750000000 1.0000000000 -0.5000000000 2.3750000000 0.0000000000
0.8220000000 1.0000000000 -0.5000000000 0.9000000000 2.3750000000 1.0000000000 -0.5000000000 2.3750000000 0.0000000000
0.8240000000 1.0000000000 -0.5000000000 0.9000000000 2.3750000000 1.0000000000 -0.5000000000 2.3750000000 0.0000000000
0.8260000000 1.0000000000 -0.5000000000 0.9000000000 2.3750000000 1.0000000000 -0.5000000000 2.3750000000 0.0000000000
0.8280000000 1.0000000000 -0.5000000000 0.9000000000 2.3750000000 1.0000000000 -0.5000000000 2.3750000000 0.0000000000
0.8300000000 1.0000000000 -0.5000000000 0.9000000000 2.3750000000 1.0000000000 -0.5000000000 2.3750000000 0.0000000000
0.8320000000 1.0000000000 -0.5000000000 0.9000000000 2.3750000000 1.0000000000 -0.5000000000 2.3750000000 0.0000000000
0.8340000000 1.0000000000 -0.5000000000 0.9000000000 2.3750000000 1.0000000000 -0.5000000000 2.3750000000 0.0000000000
0.8360000000 1.0000000000 -0.5000000000 0.9000000000 2.3750000000 1.0000000000 -0.5000000000 2.3750000000 0.0000000000
0.8380000000 1.0000000000 -0.5000000000 0.9000000000 2.3750000000 1.0000000000 -0.5000000000 2.3750000000 0.0000000000
0.8400000000 1.0000000000 -0.5000000000 0.9000000000 2.3750000000 1.0000000000 -0.5000000000 2.3750000000 0.0000000000
0.8420000000 1.0000000000 -0.5000000000 0.9000000000 2.3750000000 1.0000000000 -0.5000000000 2.3750000000 0.0000000000
0.8440000000 1.0000000000 -0.5000000000 0.9000000000 2.3750000000 1.0000000000 -0.5000000000 2.3750000000 0.0000000000
0.8460000000 1.0000000000 -0.5000000000 0.9000000000 2.3750000000 1.0000000000 -0.5000000000 2.3750000000 0.0000000000
0.8480000000 1.0000000000 -0.5000000000 0.9000000000 2.3750000000 1.0000000000 -0.5000000000 2.3750000000 0.0000000000
0.8500000000 1.0000000000 -0.5000000000 0.9000000000 2.3750000000 1.0000000000 -0.5000000000 2.3750000000 0.0000000000
0.8520000000 1.0000000000 -0.5000000000 0.9000000000 2.3750000000 1.0000000000 -0.5000000000 2.3750000000 0.0000000000
0.8540000000 1.0000000000 -0.5000000000 0.9000000000 2.3750000000 1.0000000000 -0.5000000000 2.3750000000 0.0000000000
0.8560000000 1.0000000000 -0.5000000000 0.9000000000 2.3750000000 1.0000000000 -0.5000000000 2.3750000000 0.0000000000
0.8580000000 1.0000000000 -0.5000000000 0.9000000000 2.3750000000 1.0000000000 -0.5000000000 2.3750000000 0.0000000000
0.8600000000 1.0000000000 -0.5000000000 0.9000000000 2.3750000000 1.0000000000 -0.5000000000 2.3750000000 0.0000000000
0.8620000000 1.0000000000 -0.5000000000 0.9000000000 2.3750000000 1.0000000000 -0.5000000000 2.3750000000 0.0000000000
0.8640000000 1.0000000000 -0.5000000000 0.9000000000 2.3750000000 1.0000000000 -0.5000000000 2.3750000000 0.0000000000
0.8660000000 1.0000000000 -0.5000000000 0.9000000000 2.3750000000 1.0000000000 -0.5000000000 2.3750000000 0.0000000000
0.8680000000 1.0000000000 -0.5000000000 0.9000000000 2.3750000000 1.0000000000 -0.5000000000 2.3750000000 0.0000000000
0.8700000000 1.0000000000 -0.5000000000 0.9000000000 2.3750000000 1.0000000000 -0.5000000000 2.3750000000 0.0000000000
0.8720000000 1.0000000000 -0.5000000000 0.9000000000 2.3750000000 1.0000000000 -0.5000000000 2.3750000000 0.0000000000
0.8740000000 1.0000000000 -0.5000000000 0.9000000000 2.3750000000 1.0000000000 -0.5000000000 2.3750000000 0.0000000000
0.8760000000 1.0000000000 -0.5000000000 0.9000000000 2.3750000000 1.0000000000 -0.5000000000 2.3750000000 0.0000000000
0.8780000000 1.0000000000 -0.5000000000 0.9000000000 2.3750000000 1.0000000000 -0.5000000000 2.3750000000 0.0000000000
0.8800000000 1.0000000000 -0.5000000000 0.9000000000 2.3750000000 1.0000000000 -0.5000000000 2.3750000000 0.0000000000
0.8820000000 1.0000000000 -0.5000000000 0.9000000000 2.3750000000 1.0000000000 -0.5000000000 2.3750000000 0.0000000000
0.8840000000 1.0000000000 -0.5000000000 0.9000000000 2.3750000000 1.0000000000 -0.5000000000 2.3750000000 0.0000000000
0.8860000000 1.0000000000 -0.5000000000 0.9000000000 2.3750000000 1.0000000000 -0.5000000000 2.3750000000 0.0000000000
0.8880000000 1.0000000000 -0.5000000000 0.9000000000 2.3750000000 1.0000000000 -0.5000000000 2.3750000000 0.0000000000
0.8900000000 1.0000000000 -0.5000000000 0.9000000000 2.3750000000 1.0000000000 -0.5000000000 2.3750000000 0.0000000000
0.8920000000 1.0000000000 -0.5000000000 0.9000000000 2.3750000000 1.0000000000 -0.5000000000 2.3750000000 0.0000000000
0.8940000000 1.0000000000 -0.5000000000 0.9000000000 2.3750000000 1.0000000000 -0.5000000000 2.3750000000 0.0000000000
0.8960000000 1.0000000000 -0.5000000000 0.9000000000 2.3750000000 1.0000000000 -0.5000000000 2.3750000000 0.0000000000
0.8980000000 1.0000000000 -0.5000000000 0.9000000000 2.3750000000 1.0000000000 -0.5000000000 2.3750000000 0.0000000000
0.9000000000 1.0000000000 -0.5000000000 0.9000000000 2.3750000000 1.0000000000 -0.5000000000 2.3750000000 0.0000000000
0.9020000000 1.0000000000 -0.5000000000 0.9000000000 2.3750000000 1.0000000000 -0.5000000000 2.3750000000 0.0000000000
0.9040000000 1.0000000000 -0.5000000000 0.9000000000 2.3750000000 1.0000000000 -0.5000000000 2.3750000000 0.0000000000
0.9060000000 1.0000000000 -0.5000000000 0.9000000000 2.3750000000 1.0000000000 -0.5000000000 2.3750000000 0.0000000000
0.9080000000 1.0000000000 -0.5000000000 0.9000000000 2.3750000000 1.0000000000 -0.5000000000 2.3750000000 0.0000000000
0.9100000000 1.0000000000 -0.5000000000 0.9000000000 2.3750000000 1.0000000000 -0.5000000000 2.3750000000 0.0000000000
0.9120000000 1.0000000000 -0.5000000000 0.9000000000 2.3750000000 1.0000000000 -0.5000000000 2.3750000000 0.0000000000
0.9140000000 1.0000000000 -0.5000000000 0.9000000000 2.3750000000 1.0000000000 -0.5000000000 2.3750000000 0.0000000000
0.9160000000 1.0000000000 -0.5000000000 0.9000000000 2.3750000000 1.0000000000 -0.5000000000 2.3750000000 0.0000000000
0.9180000000 1.0000000000 -0.5000000000 0.9000000000 2.3750000000 1.0000000000 -0.5000000000 2.3750000000 0.0000000000
0.9200000000 1.0000000000 -0.5000000000 0.9000000000 2.3750000000 1.0000000000 -0.5000000000 2.3750000000 0.0000000000
0.9220000000 1.0000000000 -0.5000000000 0.9000000000 2.3750000000 1.0000000000 -0.5000000000 2.3750000000 0.0000000000
0.9240000000 1.0000000000 -0.5000000000 0.9000000000 2.3750000000 1.0000000000 -0.5000000000 2.3750000000 0.0000000000
0.9260000000 1.0000000000 -0.5000000000 0.9000000000 2.3750000000 1.0000000000 -0.5000000000 2.3750000000 0.0000000000
0.9280000000 1.0000000000 -0.5000000000 0.9000000000 2.3750000000 1.0000000000 -0.5000000000 2.3750000000 0.0000000000
0.9300000000 1.0000000000 -0.5000000000 0.9000000000 2.3750000000 1.0000000000 -0.5000000000 2.3750000000 0.0000000000
0.9320000000 1.0000000000 -0.5000000000 0.9000000000 2.3750000000 1.0000000000 -0.5000000000 2.3750000000 0.0000000000
0.9340000000 1.0000000000 -0.5000000000 0.9000000000 2.3750000000 1.0000000000 -0.5000000000 2.3750000000 0.0000000000
0.9360000000 1.0000000000 -0.5000000000 0.9000000000 2.3750000000 1.0000000000 -0.5000000000 2.3750000000 0.0000000000
0.9380000000 1.0000000000 -0.5000000000 0.9000000000 2.3750000000 1.0000000000 -0.5000000000 2.3750000000 0.0000000000
0.9400000000 1.0000000000 -0.5000000000 0.9000000000 2.3750000000 1.0000000000 -0.5000000000 2.3750000000 0.0000000000
0.9420000000 1.0000000000 -0.5000000000 0.9000000000 2.3750000000 1.0000000000 -0.5000000000 2.3750000000 0.0000000000
0.9440000000 1.0000000000 -0.5000000000 0.9000000000 2.3750000000 1.0000000000 -0.5000000000 2.3750000000 0.0000000000
0.9460000000 1.0000000000 -0.5000000000 0.9000000000 2.3750000000 1.0000000000 -0.5000000000 2.3750000000 0.0000000000
0.9480000000 1.0000000000 -0.5000000000 0.9000000000 2.3750000000 1.0000000000 -0.5000000000 2.3750000000 0.0000000000
0.9500000000 1.0000000000 -0.5000000000 0.9000000000 2.3750000000 1.0000000000 -0.5000000000 2.3750000000 0.0000000000
0.9520000000 1.0000000000 -0.5000000000 0.9000000000 2.3750000000 1.0000000000 -0.5000000000 2.3750000000 0.0000000000
0.9540000000 1.0000000000 -0.5000000000 0.9000000000 2.3750000000 1.0000000000 -0.5000000000 2.3750000000 0.0000000000
0.9560000000 1.0000000000 -0.5000000000 0.9000000000 2.3750000000 1.0000000000 -0.5000000000 2.3750000000 0.0000000000
0.9580000000 1.0000000000 -0.5000000000 0.9000000000 2.3750000000 1.0000000000 -0.5000000000 2.3750000000 0.0000000000
0.9600000000 1.0000000000 -0.5000000000 0.9000000000 2.3750000000 1.0000000000 -0.5000000000 2.3750000000 0.0000000000
0.9620000000 1.0000000000 -0.5000000000 0.9000000000 2.3750000000 1.0000000000 -0.5000000000 2.3750000000 0.0000000000
0.9640000000 1.0000000000 -0.5000000000 0.9000000000 2.3750000000 1.0000000000 -0.5000000000 2.3750000000 0.0000000000
0.9660000000 1.0000000000 -0.5000000000 0.9000000000 2.3750000000 1.0000000000 -0.5000000000 2.3750000000 0.0000000000
0.9680000000 1.0000000000 -0.5000000000 0.9000000000 2.3750000000 1.0000000000 -0.5000000000 2.3750000000 0.0000000000
0.9700000000 1.0000000000 -0.5000000000 0.9000000000 2.3750000000 1.0000000000 -0.5000000000 2.3750000000 0.0000000000
0.9720000000 1.0000000000 -0.5000000000 0.9000000000 2.3750000000 1.0000000000 -0.5000000000 2.3750000000 0.0000000000
0.9740000000 1.0000000000 -0.5000000000 0.9000000000 2.3750000000 1.0000000000 -0.5000000000 2.3750000000 0.0000000000
0.9760000000 1.0000000000 -0.5000000000 0.9000000000 2.3750000000 1.0000000000 -0.5000000000 2.3750000000 0.0000000000
0.9780000000 1.0000000000 -0.5000000000 0.9000000000 2.3750000000 1.0000000000 -0.5000000000 2.3750000000 0.0000000000
0.9800000000 1.0000000000 -0.5000000000 0.9000000000 2.3750000000 1.0000000000 -0.5000000000 2.3750000000 0.0000000000
0.9820000000 1.0000000000 -0.5000000000 0.9000000000 2.3750000000 1.0000000000 -0.5000000000 2.3750000000 0.0000000000
0.9840000000 1.0000000000 -0.5000000000 0.9000000000 2.3750000000 1.0000000000 -0.5000000000 2.3750000000 0.0000000000
0.9860000000 1.0000000000 -0.5000000000 0.9000000000 2.3750000000 1.0000000000 -0.5000000000 2.3750000000 0.0000000000
0.9880000000 1.0000000000 -0.5000000000 0.9000000000 2.3750000000 1.0000000000 -0.5000000000 2.3750000000 0.0000000000
0.9900000000 1.0000000000 -0.5000000000 0.9000000000 2.3750000000 1.0000000000 -0.5000000000 2.3750000000 0.0000000000
0.9920000000 1.0000000000 -0.5000000000 0.9000000000 2.3750000000 1.0000000000 -0.5000000000 2.3750000000 0.0000000000
0.9940000000 1.0000000000 -0.5000000000 0.9000000000 2.3750000000 1.0000000000 -0.5000000000 2.3750000000 0.0000000000
0.9960000000 1.0000000000 -0.5000000000 0.9000000000 2.3750000000 1.0000000000 -0.5000000000 2.3750000000 0.0000000000
0.9980000000 1.0000000000 -0.5000000000 0.9000000000 2.3750000000 1.0000000000 -0.5000000000 2.3750000000 0.0000000000
1.0000000000 1.0000000000 -0.5000000000 0.9000000000 2.3750000000 1.0000000000 -0.5000000000 2.3750000000 0.0000000000
